5.400000664790930023e+04 -2.519220485456957216e-08 9.999999999999999547e-08
5.400918385789653985e+04 4.454801802233731965e-08 9.999999999999999547e-08
5.401836092451059085e+04 1.375309989401213505e-08 9.999999999999999547e-08
5.402753784865247144e+04 -1.750475370006101365e-07 9.999999999999999547e-08
5.403671463426410628e+04 -3.588541552687682376e-08 9.999999999999999547e-08
5.404589128967983561e+04 1.529741460523755452e-07 9.999999999999999547e-08
5.405506782604963519e+04 -2.723853223979104992e-08 9.999999999999999547e-08
5.406424425694499951e+04 1.333041871417158686e-07 9.999999999999999547e-08
5.407342060100554227e+04 3.455445169048496091e-08 9.999999999999999547e-08
5.408259687884187588e+04 -3.384098208615982674e-08 9.999999999999999547e-08
5.409177311168404412e+04 -6.567668467115380013e-08 9.999999999999999547e-08
5.410094932335249905e+04 1.303742372928657835e-07 9.999999999999999547e-08
5.411012553783662588e+04 9.959519643762957354e-08 9.999999999999999547e-08
5.411930177878792892e+04 2.396765591874731515e-08 9.999999999999999547e-08
5.412847807053368160e+04 -2.429980298463979794e-08 9.999999999999999547e-08
5.413765443486705044e+04 1.337684215259362291e-08 9.999999999999999547e-08
5.414683089037137688e+04 1.760828588434167753e-08 9.999999999999999547e-08
5.415600745456003642e+04 2.525883045915823383e-08 9.999999999999999547e-08
5.416518414201811538e+04 6.463905212754961331e-08 9.999999999999999547e-08
5.417436096276936587e+04 1.386954152264283797e-07 9.999999999999999547e-08
5.418353792447235901e+04 2.954975057095030344e-07 9.999999999999999547e-08
5.419271502994275215e+04 9.366361005541392664e-08 9.999999999999999547e-08
5.420189227805428527e+04 1.517362674643290807e-07 9.999999999999999547e-08
5.421106966604761692e+04 8.428139838935890380e-08 9.999999999999999547e-08
5.422024718682729144e+04 1.438859913961613222e-07 9.999999999999999547e-08
5.422942482918700262e+04 2.530932974580578756e-08 9.999999999999999547e-08
5.423860258045629598e+04 -9.120714509365529539e-08 9.999999999999999547e-08
5.424778042520537565e+04 -2.536238877810301851e-09 9.999999999999999547e-08
5.425695834535773611e+04 1.614447331968011024e-07 9.999999999999999547e-08
5.426613632317474548e+04 1.826839047812960891e-07 9.999999999999999547e-08
5.427531433815842320e+04 1.888248572587597402e-08 9.999999999999999547e-08
5.428449236823403044e+04 1.053254461642754343e-08 9.999999999999999547e-08
5.429367039318516618e+04 1.309910613871853985e-07 9.999999999999999547e-08
5.430284839195071254e+04 8.572500891175675728e-08 9.999999999999999547e-08
5.431202634363851394e+04 1.135022185290521759e-07 9.999999999999999547e-08
5.432120422932735528e+04 1.401527435711717783e-07 9.999999999999999547e-08
5.433038203049021831e+04 5.299272715867358264e-08 9.999999999999999547e-08
5.433955972995160846e+04 7.234377767552711986e-08 9.999999999999999547e-08
5.434873731481582945e+04 2.100045144692678903e-07 9.999999999999999547e-08
5.435791477331342321e+04 -2.234144666658913922e-08 9.999999999999999547e-08
5.436709209587117221e+04 1.045624995608247665e-07 9.999999999999999547e-08
5.437626927753352356e+04 1.186636067129169894e-07 9.999999999999999547e-08
5.438544631559743721e+04 8.090320320750402882e-08 9.999999999999999547e-08
5.439462321118918044e+04 2.730328281276965085e-07 9.999999999999999547e-08
5.440379997033425752e+04 -2.102637656467306827e-08 9.999999999999999547e-08
5.441297660108544369e+04 1.963916080645648846e-08 9.999999999999999547e-08
5.442215311453642062e+04 2.387071903334498414e-07 9.999999999999999547e-08
5.443132952679274604e+04 9.026884728424881204e-08 9.999999999999999547e-08
5.444050585609986592e+04 -4.188737876282912191e-08 9.999999999999999547e-08
5.444968212250524812e+04 1.391798756104253870e-07 9.999999999999999547e-08
5.445885834949145647e+04 -1.169743485792170683e-07 9.999999999999999547e-08
5.446803455975269753e+04 4.518294964215306990e-08 9.999999999999999547e-08
5.447721077699677699e+04 9.991309590772773157e-08 9.999999999999999547e-08
5.448638702656459645e+04 1.005718224621840786e-08 9.999999999999999547e-08
5.449556333109403204e+04 -3.092692721081463829e-08 9.999999999999999547e-08
5.450473971153356251e+04 -2.828215109061329893e-07 9.999999999999999547e-08
5.451391618770541390e+04 -1.796168639720410266e-07 9.999999999999999547e-08
5.452309277548987302e+04 -2.363763629239605206e-07 9.999999999999999547e-08
5.453226948823315615e+04 -2.518295694480938467e-07 9.999999999999999547e-08
5.454144633702894498e+04 -1.911959450607999713e-07 9.999999999999999547e-08
5.455062332728329784e+04 -8.545079282914408971e-08 9.999999999999999547e-08
5.455980046085454524e+04 -1.200935158743561167e-07 9.999999999999999547e-08
5.456897773757375398e+04 -5.985985008541066633e-08 9.999999999999999547e-08
5.457815515265430440e+04 -5.541764750118718165e-08 9.999999999999999547e-08
5.458733269815605308e+04 -1.247989944451185760e-07 9.999999999999999547e-08
5.459651036371737428e+04 -8.028393521675698379e-08 9.999999999999999547e-08
5.460568813486581348e+04 9.971998436993424516e-08 9.999999999999999547e-08
5.461486599549579842e+04 -3.335960157453457747e-08 9.999999999999999547e-08
5.462404392905129498e+04 -2.296021780666103904e-08 9.999999999999999547e-08
5.463322191593531898e+04 -4.248243134555516866e-08 9.999999999999999547e-08
5.464239993514309026e+04 -4.019429857831749347e-08 9.999999999999999547e-08
5.465157796623294416e+04 -2.952981800866891298e-07 9.999999999999999547e-08
5.466075598741171416e+04 -2.240899145377702954e-08 9.999999999999999547e-08
5.466993397801246465e+04 -1.616196120671578371e-07 9.999999999999999547e-08
5.467911191866350418e+04 2.148152043123167512e-07 9.999999999999999547e-08
5.468828978886684490e+04 -1.642701077493091867e-07 9.999999999999999547e-08
5.469746757054598129e+04 -1.384282439093557342e-07 9.999999999999999547e-08
5.470664524855268974e+04 -1.636118414056670163e-08 9.999999999999999547e-08
5.471582280903393985e+04 -2.264932770127105905e-08 9.999999999999999547e-08
5.472500024078341812e+04 6.347434705895670051e-08 9.999999999999999547e-08
5.473417753619885480e+04 2.204330209969768825e-08 9.999999999999999547e-08
5.474335468897318060e+04 -5.380386518004080013e-08 9.999999999999999547e-08
5.475253169809276005e+04 -2.472225405907325981e-07 9.999999999999999547e-08
5.476170856659850688e+04 2.750192750058276404e-07 9.999999999999999547e-08
5.477088529938965075e+04 -1.340844910385334933e-07 9.999999999999999547e-08
5.478006190536367649e+04 -1.856370940372328222e-07 9.999999999999999547e-08
5.478923839769784536e+04 1.308405957269976981e-08 9.999999999999999547e-08
5.479841479170932871e+04 -8.606312101781755970e-08 9.999999999999999547e-08
5.480759110660089937e+04 -2.435668382879312425e-07 9.999999999999999547e-08
5.481676736399679794e+04 -2.173042830869446489e-08 9.999999999999999547e-08
5.482594358552125050e+04 7.969153893544951677e-08 9.999999999999999547e-08
5.483511980631364713e+04 -2.030194688935486383e-07 9.999999999999999547e-08
5.484429602862651518e+04 -2.379458001275719046e-08 9.999999999999999547e-08
5.485347228726135654e+04 2.619334161858486377e-08 9.999999999999999547e-08
5.486264860508129641e+04 -1.107776099663738930e-07 9.999999999999999547e-08
5.487182500354164222e+04 -1.957957167476300216e-07 9.999999999999999547e-08
5.488100150038101856e+04 -3.897962523555491796e-08 9.999999999999999547e-08
5.489017811187390907e+04 -7.092462788891505219e-08 9.999999999999999547e-08
5.489935485170440370e+04 -2.559791133553349850e-07 9.999999999999999547e-08
5.490853172809423268e+04 -6.858891640365822886e-08 9.999999999999999547e-08
5.491770874644943979e+04 -2.040100903714725664e-07 9.999999999999999547e-08
5.492688590913518419e+04 -4.474539412134075312e-08 9.999999999999999547e-08
5.493606321367367491e+04 -1.404448522962311953e-07 9.999999999999999547e-08
5.494524065544725454e+04 -1.277992857468734651e-07 9.999999999999999547e-08
5.495441822645944922e+04 -4.469230499833644091e-09 9.999999999999999547e-08
5.496359591381456266e+04 -1.760893480814028584e-07 9.999999999999999547e-08
5.497277370388481359e+04 -1.738284739546969842e-07 9.999999999999999547e-08
5.498195158112778154e+04 -4.472107374985328802e-08 9.999999999999999547e-08
5.499112952679119917e+04 -2.267377430327472691e-07 9.999999999999999547e-08
5.500030752161599230e+04 -1.436745409884355356e-07 9.999999999999999547e-08
5.500948554544205399e+04 -1.038138061287994495e-07 9.999999999999999547e-08
5.501866357591307315e+04 -1.724808704883020526e-07 9.999999999999999547e-08
5.502784159270002419e+04 6.514395649194548949e-08 9.999999999999999547e-08
5.503701957564280747e+04 1.227699140796727984e-08 9.999999999999999547e-08
5.504619750339874736e+04 -1.434126456343390810e-07 9.999999999999999547e-08
5.505537535721558379e+04 1.531824268466208243e-07 9.999999999999999547e-08
5.506455311991781491e+04 5.283781311845648863e-08 9.999999999999999547e-08
5.507373077534356707e+04 1.558045310616208567e-07 9.999999999999999547e-08
5.508290831099134084e+04 8.158389040249816748e-08 9.999999999999999547e-08
5.509208571661213500e+04 -6.093674339057613567e-08 9.999999999999999547e-08
5.510126298347743432e+04 2.994292692747756720e-08 9.999999999999999547e-08
5.511044010764530685e+04 1.173818133929488364e-07 9.999999999999999547e-08
5.511961708900313533e+04 4.901845276996873935e-08 9.999999999999999547e-08
5.512879392952186754e+04 -9.822808587385095185e-08 9.999999999999999547e-08
5.513797063624065049e+04 -3.520465753021896408e-08 9.999999999999999547e-08
5.514714721895797265e+04 -3.898907725766140133e-08 9.999999999999999547e-08
5.515632369000639301e+04 3.730375109435611305e-08 9.999999999999999547e-08
5.516550006684298569e+04 6.957164473510659748e-08 9.999999999999999547e-08
5.517467636912102898e+04 9.102012373797075837e-08 9.999999999999999547e-08
5.518385261728218029e+04 1.081241064525436144e-07 9.999999999999999547e-08
5.519302883452744572e+04 1.280630231832557145e-07 9.999999999999999547e-08
5.520220504507146688e+04 3.322598794934109472e-09 9.999999999999999547e-08
5.521138127234049898e+04 -1.809386956328422520e-07 9.999999999999999547e-08
5.522055754128125409e+04 2.160484984926374161e-07 9.999999999999999547e-08
5.522973387419372011e+04 2.309677188690022721e-07 9.999999999999999547e-08
5.523891029050593352e+04 1.249643529697633225e-07 9.999999999999999547e-08
5.524808680913908756e+04 3.146771155732921477e-08 9.999999999999999547e-08
5.525726344574824179e+04 9.851833853329595808e-08 9.999999999999999547e-08
5.526644021193389199e+04 1.017163788818179207e-07 9.999999999999999547e-08
5.527561711653719976e+04 1.284223416266294716e-07 9.999999999999999547e-08
5.528479416411952116e+04 -5.122587040153767909e-08 9.999999999999999547e-08
5.529397135490611981e+04 2.874688625500112826e-07 9.999999999999999547e-08
5.530314868748915615e+04 1.571104677489171855e-07 9.999999999999999547e-08
5.531232615640626318e+04 -6.998055850488635737e-08 9.999999999999999547e-08
5.532150375129583699e+04 1.402753189514852313e-07 9.999999999999999547e-08
5.533068146055735269e+04 8.640976720241472823e-08 9.999999999999999547e-08
5.533985926971836307e+04 7.135414742089527270e-08 9.999999999999999547e-08
5.534903716182860808e+04 7.777125621206372877e-08 9.999999999999999547e-08
5.535821511931839632e+04 2.867485618241664107e-07 9.999999999999999547e-08
5.536739312219656131e+04 -1.496401950956848994e-08 9.999999999999999547e-08
5.537657114855732652e+04 1.143150747297936930e-07 9.999999999999999547e-08
5.538574917818426184e+04 5.033692135174332278e-08 9.999999999999999547e-08
5.539492719041045348e+04 9.394752472692697980e-08 9.999999999999999547e-08
5.540410516366799129e+04 7.774307714990357457e-08 9.999999999999999547e-08
5.541328307858515473e+04 5.978611139167648772e-08 9.999999999999999547e-08
5.542246091595917096e+04 2.704239516990269771e-08 9.999999999999999547e-08
5.543163865793877630e+04 -1.137000902397016432e-07 9.999999999999999547e-08
5.544081629089621129e+04 7.895495382694924964e-08 9.999999999999999547e-08
5.544999380199207371e+04 2.050316180146388964e-07 9.999999999999999547e-08
5.545917118018899782e+04 1.850246608850928788e-07 9.999999999999999547e-08
5.546834841901096661e+04 2.424799510624255993e-08 9.999999999999999547e-08
5.547752551507920725e+04 1.936635258837624701e-07 9.999999999999999547e-08
5.548670246783057519e+04 -7.829398365627173477e-08 9.999999999999999547e-08
5.549587928165750782e+04 -9.110720854531596996e-08 9.999999999999999547e-08
5.550505596320494078e+04 -1.040291139881688303e-07 9.999999999999999547e-08
5.551423252193348162e+04 1.842033969867847335e-07 9.999999999999999547e-08
5.552340897321660304e+04 5.301028597127588991e-08 9.999999999999999547e-08
5.553258533411719691e+04 -1.093428496519409141e-07 9.999999999999999547e-08
5.554176162366908102e+04 -2.813046206617859827e-07 9.999999999999999547e-08
5.555093786411594920e+04 -1.612064761286642656e-09 9.999999999999999547e-08
5.556011407837722800e+04 -1.773028177958821967e-07 9.999999999999999547e-08
5.556929028999181173e+04 -9.192515689021423463e-09 9.999999999999999547e-08
5.557846652441321203e+04 -3.748744477184585530e-08 9.999999999999999547e-08
5.558764280478614091e+04 3.648921335410127833e-08 9.999999999999999547e-08
5.559681915234062762e+04 -9.193580041581903452e-08 9.999999999999999547e-08
5.560599558808147412e+04 -8.656570662772664232e-08 9.999999999999999547e-08
5.561517212946574000e+04 8.422135857852522205e-08 9.999999999999999547e-08
5.562434879096590157e+04 1.112883622826867144e-08 9.999999999999999547e-08
5.563352558480190055e+04 -9.670949638957470727e-08 9.999999999999999547e-08
5.564270251784394350e+04 -1.216995100124933990e-07 9.999999999999999547e-08
5.565187959363975096e+04 6.354706036759608551e-08 9.999999999999999547e-08
5.566105681359714799e+04 -1.406589919281491993e-07 9.999999999999999547e-08
5.567023417444997904e+04 -5.917077289326583957e-08 9.999999999999999547e-08
5.567941166899017117e+04 -3.797346279244469830e-08 9.999999999999999547e-08
5.568858928826392366e+04 1.321688116623185400e-07 9.999999999999999547e-08
5.569776701898135070e+04 -7.439107734459561702e-08 9.999999999999999547e-08
5.570694484588160412e+04 -4.582041118241766866e-08 9.999999999999999547e-08
5.571612275319699256e+04 -3.804603449775663466e-08 9.999999999999999547e-08
5.572530072161213320e+04 -6.823373985761203830e-08 9.999999999999999547e-08
5.573447873046011227e+04 -9.206681889453096963e-08 9.999999999999999547e-08
5.574365675974976330e+04 -1.329405131569942805e-07 9.999999999999999547e-08
5.575283478785685293e+04 2.076274548123992154e-07 9.999999999999999547e-08
5.576201279372027784e+04 -4.033091038846323608e-08 9.999999999999999547e-08
5.577119075751781929e+04 8.740244192858648612e-08 9.999999999999999547e-08
5.578036865858256351e+04 -1.768878613696102720e-08 9.999999999999999547e-08
5.578954647788067814e+04 -2.312128683906000766e-07 9.999999999999999547e-08
5.579872419998236728e+04 2.704682027388513503e-08 9.999999999999999547e-08
5.580790180973940733e+04 -6.917936687824254238e-08 9.999999999999999547e-08
5.581707929481921747e+04 -4.956861585886784882e-08 9.999999999999999547e-08
5.582625664632433472e+04 -3.510514579186195809e-08 9.999999999999999547e-08
