5.400000438380804553e+04 -1.928903918545886575e-07 9.999999999999999547e-08
5.400918207016042288e+04 3.437156320042190651e-08 9.999999999999999547e-08
5.401835965723269328e+04 2.067493546745571614e-08 9.999999999999999547e-08
5.402753713368914759e+04 -9.563890326530006869e-08 9.999999999999999547e-08
5.403671448971956124e+04 -8.622697405209801885e-09 9.999999999999999547e-08
5.404589171898461791e+04 1.123146066685361561e-07 9.999999999999999547e-08
5.405506881867373886e+04 -7.310381569284610514e-08 9.999999999999999547e-08
5.406424578770753578e+04 2.784870675157036774e-08 9.999999999999999547e-08
5.407342263012720650e+04 -1.624814566364228345e-07 9.999999999999999547e-08
5.408259935373871122e+04 -8.289086395888793959e-08 9.999999999999999547e-08
5.409177596819142491e+04 -1.855723644087073591e-07 9.999999999999999547e-08
5.410095248676996562e+04 4.698913895482795070e-08 9.999999999999999547e-08
5.411012892587299575e+04 -1.348216961728251054e-07 9.999999999999999547e-08
5.411930530312428164e+04 -7.700925399630068267e-08 9.999999999999999547e-08
5.412848163882066729e+04 -1.724758757760523657e-07 9.999999999999999547e-08
5.413765795463752147e+04 -1.940774690402318998e-07 9.999999999999999547e-08
5.414683427082189883e+04 -3.342784402148644310e-08 9.999999999999999547e-08
5.415601060839365527e+04 -2.947956945971531091e-07 9.999999999999999547e-08
5.416518698865641636e+04 -3.858842671586100614e-08 9.999999999999999547e-08
5.417436342984480143e+04 -9.747288089304695680e-08 9.999999999999999547e-08
5.418353994945435988e+04 -2.140638226214091184e-07 9.999999999999999547e-08
5.419271656256796996e+04 -2.410955460650757394e-07 9.999999999999999547e-08
5.420189328063600260e+04 -8.452505157760302686e-08 9.999999999999999547e-08
5.421107011345130013e+04 -4.502562869172027419e-08 9.999999999999999547e-08
5.422024706837714621e+04 -7.715629065353990322e-08 9.999999999999999547e-08
5.422942414814750373e+04 -8.669277317559803425e-08 9.999999999999999547e-08
5.423860135331300262e+04 -9.077160516279002825e-09 9.999999999999999547e-08
5.424777868192177993e+04 1.115115083014356679e-07 9.999999999999999547e-08
5.425695612789237930e+04 1.023723830913338800e-07 9.999999999999999547e-08
5.426613368406552036e+04 -2.558347919894220416e-07 9.999999999999999547e-08
5.427531134054905124e+04 5.444084146724293142e-08 9.999999999999999547e-08
5.428448908358420886e+04 -1.121887165667579788e-07 9.999999999999999547e-08
5.429366689921828220e+04 5.445372978212336534e-08 9.999999999999999547e-08
5.430284477177549707e+04 1.539495937503679903e-07 9.999999999999999547e-08
5.431202268331406958e+04 3.391062635217342125e-08 9.999999999999999547e-08
5.432120061589481338e+04 -4.235767144928396914e-08 9.999999999999999547e-08
5.433037855082697934e+04 1.881680275011538326e-07 9.999999999999999547e-08
5.433955646786242869e+04 -4.869479249083890389e-08 9.999999999999999547e-08
5.434873434873716906e+04 9.215268465894836471e-08 9.999999999999999547e-08
5.435791217570893059e+04 1.927959382543585030e-07 9.999999999999999547e-08
5.436708993057952466e+04 5.381318475824273769e-08 9.999999999999999547e-08
5.437626759798325656e+04 1.275342191040228285e-07 9.999999999999999547e-08
5.438544516413102974e+04 -4.736762566096083298e-08 9.999999999999999547e-08
5.439462261674901674e+04 1.778652691614601577e-07 9.999999999999999547e-08
5.440379994774006627e+04 -2.262785871938258758e-08 9.999999999999999547e-08
5.441297715162143868e+04 2.203857891175031380e-07 9.999999999999999547e-08
5.442215422459180263e+04 1.708821462680177629e-08 9.999999999999999547e-08
5.443133116785591119e+04 2.629831430796316278e-08 9.999999999999999547e-08
5.444050798614470841e+04 1.077573830403544128e-07 9.999999999999999547e-08
5.444968468644475070e+04 1.191027849254902493e-07 9.999999999999999547e-08
5.445886128052535787e+04 1.326681715818805250e-07 9.999999999999999547e-08
5.446803778210063319e+04 -7.386376144632069047e-08 9.999999999999999547e-08
5.447721420674341061e+04 9.516463736405900805e-08 9.999999999999999547e-08
5.448639057398719888e+04 2.694657598853040779e-07 9.999999999999999547e-08
5.449556690419713414e+04 1.416995758336439224e-07 9.999999999999999547e-08
5.450474321779629827e+04 1.086837528571900065e-07 9.999999999999999547e-08
5.451391953645154717e+04 8.053476041208497233e-08 9.999999999999999547e-08
5.452309588120737317e+04 2.458363571889299079e-07 9.999999999999999547e-08
5.453227227144145581e+04 1.211368399083056229e-07 9.999999999999999547e-08
5.454144872703640431e+04 1.540829392140948644e-07 9.999999999999999547e-08
5.455062526444393734e+04 7.949341837516186745e-08 9.999999999999999547e-08
5.455980189705754310e+04 8.993771999198178543e-08 9.999999999999999547e-08
5.456897863725909701e+04 2.315762269753290386e-07 9.999999999999999547e-08
5.457815549410467065e+04 2.187566723112000431e-07 9.999999999999999547e-08
5.458733247325306729e+04 1.651910608837663766e-07 9.999999999999999547e-08
5.459650957815496804e+04 1.459803218664167807e-07 9.999999999999999547e-08
5.460568680836999556e+04 1.410212701600021176e-07 9.999999999999999547e-08
5.461486416023081983e+04 2.171672430633746442e-07 9.999999999999999547e-08
5.462404162884467223e+04 8.651351023777761884e-08 9.999999999999999547e-08
5.463321920608032087e+04 7.676287040485375912e-08 9.999999999999999547e-08
5.464239688032700360e+04 1.141205596063528714e-07 9.999999999999999547e-08
5.465157463914469554e+04 1.459346507492929325e-07 9.999999999999999547e-08
5.466075246739709110e+04 6.551959468169508388e-08 9.999999999999999547e-08
5.466993034858923056e+04 2.865172962695107818e-07 9.999999999999999547e-08
5.467910826603275927e+04 9.655130447292762420e-09 9.999999999999999547e-08
5.468828620080953260e+04 4.895999471228207002e-08 9.999999999999999547e-08
5.469746413308491901e+04 1.215944807284863098e-07 9.999999999999999547e-08
5.470664204438687011e+04 -2.952700895928268189e-09 9.999999999999999547e-08
5.471581991611771082e+04 -3.605861530623493370e-08 9.999999999999999547e-08
5.472499772957648383e+04 1.232666487321670821e-07 9.999999999999999547e-08
5.473417546847365156e+04 1.643825367473850876e-07 9.999999999999999547e-08
5.474335311671474483e+04 -1.728834395769747674e-08 9.999999999999999547e-08
5.475253066046613822e+04 1.106347986408213398e-07 9.999999999999999547e-08
5.476170808971275983e+04 2.890819384557431863e-08 9.999999999999999547e-08
5.477088539599461365e+04 -1.156906365211756566e-07 9.999999999999999547e-08
5.478006257335370174e+04 7.454332510400836233e-08 9.999999999999999547e-08
5.478923962035113800e+04 2.662257304892568623e-07 9.999999999999999547e-08
5.479841653832088923e+04 -1.925261215936204377e-07 9.999999999999999547e-08
5.480759333188039454e+04 -1.880224457445091520e-07 9.999999999999999547e-08
5.481677001046572695e+04 -1.521851889366165046e-07 9.999999999999999547e-08
5.482594658499070647e+04 -2.558407417426521056e-07 9.999999999999999547e-08
5.483512308071081497e+04 -1.082804386083526829e-07 9.999999999999999547e-08
5.484429949258615670e+04 -1.704257294151830093e-07 9.999999999999999547e-08
5.485347585088882624e+04 -2.848704328874688852e-07 9.999999999999999547e-08
5.486265217571229732e+04 -1.421277395987061210e-07 9.999999999999999547e-08
5.487182848878204095e+04 -8.433547080422733463e-08 9.999999999999999547e-08
5.488100481090254470e+04 -2.072868508598854881e-07 9.999999999999999547e-08
5.489018116259708040e+04 -3.007478057549748339e-07 9.999999999999999547e-08
5.489935756481398130e+04 -2.588180861530509949e-07 9.999999999999999547e-08
5.490853403545654874e+04 -5.775790622288518247e-08 9.999999999999999547e-08
5.491771059013537160e+04 -2.468607386260380861e-07 9.999999999999999547e-08
5.492688724354515580e+04 -1.835212038853555910e-07 9.999999999999999547e-08
5.493606400630082499e+04 -2.217269188519252817e-07 9.999999999999999547e-08
5.494524088676334941e+04 -3.107687452435189777e-07 9.999999999999999547e-08
5.495441789119575697e+04 -3.341802466791965825e-07 9.999999999999999547e-08
5.496359502099794190e+04 -2.260158796008055400e-07 9.999999999999999547e-08
5.497277227525298804e+04 -3.007506454099255655e-07 9.999999999999999547e-08
5.498194965125446470e+04 -2.469729895101311351e-07 9.999999999999999547e-08
5.499112714232491271e+04 -2.578299876464536187e-07 9.999999999999999547e-08
5.500030473936005001e+04 -1.038901461247731406e-07 9.999999999999999547e-08
5.500948243193331291e+04 -2.917879506663443778e-07 9.999999999999999547e-08
5.501866020568741806e+04 -2.510164384247316250e-07 9.999999999999999547e-08
5.502783804551088542e+04 -1.166643001151069415e-07 9.999999999999999547e-08
5.503701593583805516e+04 -5.030497826413731075e-08 9.999999999999999547e-08
5.504619385809216328e+04 8.093116272103706493e-08 9.999999999999999547e-08
5.505537179351635859e+04 -3.322472360850438082e-07 9.999999999999999547e-08
5.506454972349142190e+04 4.484109210899139591e-08 9.999999999999999547e-08
5.507372762835497997e+04 -2.887552217863626390e-08 9.999999999999999547e-08
5.508290548955713166e+04 7.096938271063259910e-08 9.999999999999999547e-08
5.509208328982464445e+04 -2.212764447799534947e-07 9.999999999999999547e-08
5.510126101166781154e+04 -3.398488966764988854e-08 9.999999999999999547e-08
5.511043863967965444e+04 1.751241908040431943e-07 9.999999999999999547e-08
5.511961616179966950e+04 1.525717356990782244e-07 9.999999999999999547e-08
5.512879356687255495e+04 7.079234374662252803e-08 9.999999999999999547e-08
5.513797084746220207e+04 -6.229220977896481381e-08 9.999999999999999547e-08
5.514714799930110166e+04 4.320771582026223007e-08 9.999999999999999547e-08
5.515632502016521903e+04 1.436632141347649961e-07 9.999999999999999547e-08
5.516550191247519979e+04 3.840002786434500872e-08 9.999999999999999547e-08
5.517467868279584945e+04 1.334883754895174076e-07 9.999999999999999547e-08
5.518385533946363284e+04 1.979701614341212933e-07 9.999999999999999547e-08
5.519303189445164026e+04 2.709779549554311266e-08 9.999999999999999547e-08
5.520220836329989834e+04 3.399153004440206396e-07 9.999999999999999547e-08
5.521138476267475926e+04 1.801767820967507396e-07 9.999999999999999547e-08
5.522056111246629007e+04 2.870139316371396052e-07 9.999999999999999547e-08
5.522973743379303050e+04 1.095186621208216210e-07 9.999999999999999547e-08
5.523891374684230686e+04 5.986095679221637133e-08 9.999999999999999547e-08
5.524809007290207228e+04 1.415278612226664269e-07 9.999999999999999547e-08
5.525726643349482765e+04 9.754224833913965767e-08 9.999999999999999547e-08
5.526644284779510781e+04 3.765388036190979770e-07 9.999999999999999547e-08
5.527561933376565867e+04 2.560536807908358333e-07 9.999999999999999547e-08
5.528479590759176790e+04 1.635904589459266030e-07 9.999999999999999547e-08
5.529397258165201492e+04 1.036904900697025544e-07 9.999999999999999547e-08
5.530314936698072415e+04 3.976255403963817355e-07 9.999999999999999547e-08
5.531232627235720429e+04 1.828864721253375883e-07 9.999999999999999547e-08
5.532150330145157204e+04 -2.988636053221127862e-09 9.999999999999999547e-08
5.533068045606508531e+04 8.783713595032131713e-08 9.999999999999999547e-08
5.533985773528753634e+04 2.357102744050234670e-07 9.999999999999999547e-08
5.534903513454418135e+04 2.662383906175787265e-07 9.999999999999999547e-08
5.535821264748607791e+04 6.994283054324443358e-08 9.999999999999999547e-08
5.536739026514894795e+04 9.142101713602454849e-08 9.999999999999999547e-08
5.537656797469541198e+04 6.828519886847797778e-08 9.999999999999999547e-08
5.538574576261326001e+04 2.156761368682174485e-07 9.999999999999999547e-08
5.539492361437235377e+04 2.310126849846143158e-08 9.999999999999999547e-08
5.540410151231519558e+04 1.671597869000074868e-07 9.999999999999999547e-08
5.541327943873532786e+04 1.519077466191462150e-07 9.999999999999999547e-08
5.542245737505560828e+04 -3.162567729027067464e-08 9.999999999999999547e-08
5.543163530107364204e+04 1.168910655784673425e-07 9.999999999999999547e-08
5.544081319867235288e+04 3.196734736288642345e-08 9.999999999999999547e-08
5.544999104974170041e+04 2.799291220521290519e-08 9.999999999999999547e-08
5.545916883549364866e+04 1.312556065663208363e-08 9.999999999999999547e-08
5.546834653959276329e+04 2.075005167245149428e-07 9.999999999999999547e-08
5.547752414791559568e+04 1.818712278696281110e-07 9.999999999999999547e-08
5.548670164719332388e+04 1.779065736752457509e-08 9.999999999999999547e-08
5.549587902816307178e+04 9.799615366084355003e-08 9.999999999999999547e-08
5.550505628386793251e+04 -1.275419252599020815e-08 9.999999999999999547e-08
5.551423340914721484e+04 1.972231462522972258e-07 9.999999999999999547e-08
5.552341040409173002e+04 -1.426123571409185204e-07 9.999999999999999547e-08
5.553258727210086363e+04 -4.296190100494084513e-08 9.999999999999999547e-08
5.554176401876909949e+04 -1.606846142582396349e-07 9.999999999999999547e-08
5.555094065411719930e+04 -1.202590554467437973e-08 9.999999999999999547e-08
5.556011719107544923e+04 4.789973284039833774e-09 9.999999999999999547e-08
5.556929364424838423e+04 -6.526713710211400935e-08 9.999999999999999547e-08
5.557847003236620367e+04 -1.474827541436638343e-07 9.999999999999999547e-08
5.558764637539607793e+04 -5.399593810527340646e-08 9.999999999999999547e-08
5.559682269293821446e+04 -1.207640012420642673e-07 9.999999999999999547e-08
5.560599900693617383e+04 -2.517928869259171523e-08 9.999999999999999547e-08
5.561517533874696528e+04 -3.196447290948553792e-07 9.999999999999999547e-08
5.562435170831865980e+04 -2.025098413190606986e-07 9.999999999999999547e-08
5.563352813575399341e+04 -1.718692375844997983e-07 9.999999999999999547e-08
5.564270463845166523e+04 -1.989752822354179421e-07 9.999999999999999547e-08
5.565188123090784211e+04 -1.216167766680940652e-07 9.999999999999999547e-08
5.566105792654299148e+04 8.546200122196850915e-08 9.999999999999999547e-08
5.567023473591476068e+04 -4.265340968050435029e-08 9.999999999999999547e-08
5.567941166531825729e+04 -1.882284221446835558e-07 9.999999999999999547e-08
5.568858871965808794e+04 -6.355918606551273757e-08 9.999999999999999547e-08
5.569776589973121736e+04 -9.950238904739957476e-08 9.999999999999999547e-08
5.570694320302717097e+04 -8.350986373468164085e-09 9.999999999999999547e-08
5.571612062590216374e+04 2.200816466485614856e-09 9.999999999999999547e-08
5.572529816096877039e+04 -1.821882563293278844e-07 9.999999999999999547e-08
5.573447579759397922e+04 -1.103885612577989566e-07 9.999999999999999547e-08
5.574365352415551752e+04 -8.845905545764505816e-08 9.999999999999999547e-08
5.575283132656128146e+04 -4.210157006841719768e-08 9.999999999999999547e-08
5.576200918861181708e+04 -1.379782430938631896e-07 9.999999999999999547e-08
5.577118709394836333e+04 1.691038123551382795e-08 9.999999999999999547e-08
5.578036502424415085e+04 1.740361972929299177e-07 9.999999999999999547e-08
5.578954295960612217e+04 2.330526728179516762e-08 9.999999999999999547e-08
5.579872088182582957e+04 -3.941451276589578946e-08 9.999999999999999547e-08
5.580789877198344766e+04 -2.033289972587991342e-07 9.999999999999999547e-08
5.581707661110618938e+04 -9.612629285163102299e-08 9.999999999999999547e-08
5.582625438219140051e+04 -1.532148850077000776e-07 9.999999999999999547e-08
