1.000000000000000000e+00 5.005522099830720322e+02 4.949515050153914686e+00 -2.645434605861874879e+05 -1.142828300134366602e+13 6.648173663654869977e-06 6.569729683367475889e-08 1.218792355524543777e-06 3.662391881156452200e+03 4.954059142515228942e+00 5.003683867296531140e-01 -1.649314019150736887e-02 -1.802061985839803704e+00
1.000000000000000000e+00 4.990615904275372827e+02 -2.871748615703587149e+01 -2.669714279524364392e+05 -1.163902214213029492e+13 6.689210652448419604e-06 -3.846794848456148637e-07 1.215497933765703667e-06 -3.815490530954692986e+03 -5.108239194486509760e+00 4.505469243133997659e-01 1.700620516576439867e-02 -1.287219700048355842e+00
1.000000000000000000e+00 4.852580405734897226e+02 -6.166776611283805920e+01 -2.693993928151142900e+05 -1.185168638126061523e+13 6.563345927888378068e-06 -8.335711017981584473e-07 1.163808087691699161e-06 4.827494298412011062e+02 6.397536039296435328e-01 -9.937342468939860396e-01 -2.129945146172825855e-03 -8.021258388029515185e-01
1.000000000000000000e+00 4.594014219503616800e+02 -9.311604307142259529e+01 -2.718273499099863693e+05 -1.206627524542552734e+13 6.269623018336634118e-06 -1.270005157518940330e-06 1.068554224373354116e-06 3.359283510398443468e+03 4.407095888220180946e+00 6.377765508404382722e-01 -1.467217391637984716e-02 -1.705337045179290634e+00
1.000000000000000000e+00 4.219747581358683988e+02 -1.222401435356973280e+02 -2.742552939752506791e+05 -1.228278824483628125e+13 5.810284986768776890e-06 -1.682118904681210497e-06 9.385967300812648674e-07 -4.209415979148417136e+03 -5.467470083586197127e+00 2.948811139721688734e-01 1.820215991620735899e-02 -1.467760746988055143e+00
1.000000000000000000e+00 3.739021255888036421e+02 -1.482610642244737278e+02 -2.766832199435465154e+05 -1.250122489058519141e+13 5.193937236060597074e-06 -2.058248252511379370e-06 7.867941732078602605e-07 1.233202272460851418e+03 1.585990616387318308e+00 -9.608221285797220457e-01 -5.280176544236609044e-03 -7.545220979358366886e-01
1.000000000000000000e+00 3.163439097227129650e+02 -1.705351470155619609e+02 -2.791111234273498412e+05 -1.272158473966437695e+13 4.432947261886400250e-06 -2.388244936845049423e-06 6.280867631071993435e-07 2.926264546582069215e+03 3.726694333652018187e+00 7.588116118542724831e-01 -1.240696852063035566e-02 -1.561070847008308116e+00
1.000000000000000000e+00 2.506456834157561673e+02 -1.884453218249842053e+02 -2.815390001461249776e+05 -1.294386734498762891e+13 3.542866073726834798e-06 -2.662022644103678599e-06 4.780907957474467412e-07 -4.499569453292559956e+03 -5.675006841319618189e+00 1.277662480833113845e-01 1.889310028265938843e-02 -1.632028210007079094e+00
1.000000000000000000e+00 1.785251529179693648e+02 -2.014833431569757067e+02 -2.839668465183671797e+05 -1.316807231072318164e+13 2.545206328036466760e-06 -2.870744939516987789e-06 3.522032349884763015e-07 2.007410764468967500e+03 2.507595507710058236e+00 -8.988580898454381352e-01 -8.348403634005213680e-03 -7.693324905293263960e-01
1.000000000000000000e+00 1.018294455365577704e+02 -2.093303323793628294e+02 -2.863946601450635353e+05 -1.339419934028681641e+13 1.464179214390409642e-06 -3.008048956912783844e-06 2.632976479150695680e-07 2.356623275304679737e+03 2.915929340800993419e+00 8.604015432195915025e-01 -9.707762294764159250e-03 -1.381652784879075835e+00
1.000000000000000000e+00 2.246932808331592213e+01 -2.117414531381951690e+02 -2.888224392713021953e+05 -1.362224819024413672e+13 3.258194146554404808e-07 -3.068489501518876567e-06 2.202671148101387989e-07 -4.662729919136369972e+03 -5.715204016533944831e+00 -4.837144892967176757e-02 1.902693889108082043e-02 -1.760579009835108844e+00
1.000000000000000000e+00 -5.742079224946212435e+01 -2.086223897479162872e+02 -2.912501829474433325e+05 -1.385221868819536719e+13 -8.396365376762271166e-07 -3.048701775602562625e-06 2.274671234712464666e-07 2.784360937600349644e+03 3.381115228518491111e+00 -8.067398106010654768e-01 -1.125654441221011354e-02 -8.501949060154396776e-01
1.000000000000000000e+00 -1.357524209380115678e+02 -2.000907270835016618e+02 -2.936778914048338775e+05 -1.408411077200482422e+13 -2.001588414533178583e-06 -2.948397515836831702e-06 2.841339252513584442e-07 1.649082443121446204e+03 1.984071762981024500e+00 9.379528792901064005e-01 -6.605421023956246918e-03 -1.185648045163638198e+00
1.000000000000000000e+00 -2.105480485039060170e+02 -1.863470081804777010e+02 -2.961055656256903312e+05 -1.431792445288705859e+13 -3.130067714282913122e-06 -2.768578334354177534e-06 3.843538848991882908e-07 -4.672038707049924597e+03 -5.569791326704615742e+00 -2.290438812781411260e-01 1.854284902944857566e-02 -1.833401520882528724e+00
1.000000000000000000e+00 -2.797915106634687845e+02 -1.677411079009238506e+02 -2.985332075466101523e+05 -1.455365983822611523e+13 -4.193562522229530009e-06 -2.512580444386339443e-06 5.174847389376483537e-07 3.531003619331009304e+03 4.171424425729496122e+00 -6.844817704004850789e-01 -1.388765704735862340e-02 -9.931032433228161871e-01
1.000000000000000000e+00 -3.416997025076624936e+02 -1.448126345562985477e+02 -3.009608204133685213e+05 -1.479131717023323828e+13 -5.163099621246664423e-06 -2.186775692307768456e-06 6.697356762864605591e-07 8.147380417134671688e+02 9.538795078455128973e-01 9.860020299315859216e-01 -3.175710977701431091e-03 -9.986383656781937512e-01
1.000000000000000000e+00 -3.947634216583659850e+02 -1.181474503702554415e+02 -3.033884077698694309e+05 -1.503089673095499609e+13 -6.013008660186065542e-06 -1.798502963052460846e-06 8.257091876427853142e-07 -4.503640487134396608e+03 -5.225928782659917893e+00 -4.072422956664112359e-01 1.739808156011559553e-02 -1.834419530281521604e+00
1.000000000000000000e+00 -4.375876532633934630e+02 -8.843680636068837941e+01 -3.058159737349101924e+05 -1.527239887109796680e+13 -6.718636854792493764e-06 -1.357003719717701954e-06 9.693332465026205439e-07 4.204224921745493702e+03 4.835532191705441463e+00 -5.346140404144210656e-01 -1.609861372681116107e-02 -1.182590614817103702e+00
1.000000000000000000e+00 -4.691423015302132740e+02 -5.650255132989756390e+01 -3.082435233536244486e+05 -1.551582404768809766e+13 -7.260298828282926957e-06 -8.738760554638273775e-07 1.086097005284264792e-06 -1.184672109786017273e+02 -1.350668499484415364e-01 9.997168505420631623e-01 4.495966905733180625e-04 -8.500152544071780669e-01
1.000000000000000000e+00 -4.887622484535551166e+02 -2.314570128983223185e+01 -3.106710617604752188e+05 -1.576117274281540625e+13 -7.623499878390775818e-06 -3.607937175530045447e-07 1.164568252467316194e-06 -4.145114176295921425e+03 -4.685031199704530636e+00 -5.740951257788340367e-01 1.559734367095862856e-02 -1.758027932861586429e+00
1.000000000000000000e+00 -4.959663771006287334e+02 1.079362822594394267e+01 -3.130985943950415240e+05 -1.600844548605383008e+13 -7.796313519224158610e-06 1.695650702377616313e-07 1.196919358063149748e-06 4.758262368375496408e+03 5.331903622018981714e+00 -3.628510881902377583e-01 -1.775113472801810588e-02 -1.391596945065505242e+00
1.000000000000000000e+00 -4.906798415828913562e+02 4.441734464466151877e+01 -3.155261269564413233e+05 -1.625764285097383594e+13 -7.773014627182962255e-06 7.031949441291912385e-07 1.180533146777091452e-06 -1.107176842197792894e+03 -1.230101032475743095e+00 9.766137716856783113e-01 4.095167280905472745e-03 -7.655376291916315967e-01
1.000000000000000000e+00 -4.731924759186647975e+02 7.691931034986741622e+01 -3.179536646699320991e+05 -1.650876538001221875e+13 -7.553663036745147958e-06 1.227120009102358981e-06 1.117800538336571463e-06 -3.601556780848439303e+03 -3.967668309162006857e+00 -7.205374379073413715e-01 1.320911300920343291e-02 -1.613664111040176596e+00
1.000000000000000000e+00 -4.439589284175050352e+02 1.075171386184206739e+02 -3.203812125972012873e+05 -1.676181361506142578e+13 -7.141110893900002717e-06 1.728353445063185102e-06 1.014887269756107240e-06 5.154425224410881128e+03 5.630896216094817497e+00 -1.776046024196419326e-01 -1.874653395004280063e-02 -1.586891704118099211e+00
1.000000000000000000e+00 -4.038004956172756010e+02 1.354337026631268373e+02 -3.228087758793287212e+05 -1.701678812243670312e+13 -6.544374181098380140e-06 2.193612467823388938e-06 8.822047408584104400e-07 -2.099649776944693258e+03 -2.274713408504848822e+00 9.175785334680597316e-01 7.572871848592811587e-03 -7.592853161890191771e-01
1.000000000000000000e+00 -3.538321210369608139e+02 1.600387267954520780e+02 -3.252363589273718535e+05 -1.727368940721303906e+13 -5.777664084891511832e-06 2.611632106575755727e-06 7.333001044723359473e-07 -2.895910838983825215e+03 -3.111554525977498376e+00 -8.392192521469534761e-01 1.035894609679919448e-02 -1.424711891891970339e+00
1.000000000000000000e+00 -2.952533289053896510e+02 1.807689613402785085e+02 -3.276639655390236876e+05 -1.753251792281566016e+13 -4.857126649603828663e-06 2.971942253742370740e-06 5.826754017436002388e-07 5.368765516770763497e+03 5.721480563886795601e+00 1.155160705734475934e-02 -1.904809358405959094e-02 -1.738034650881791876e+00
1.000000000000000000e+00 -2.295427283531954856e+02 1.971088913302997412e+02 -3.300915991907260031e+05 -1.779327410008091797e+13 -3.804117765402360653e-06 3.264588961874352859e-06 4.449993791482326170e-07 -3.045444951927615421e+03 -3.219255029137355173e+00 8.267121458231397879e-01 1.071742228864755800e-02 -8.296620507276711853e-01
1.000000000000000000e+00 -1.583650512988463106e+02 2.087215518304637385e+02 -3.325192622961338493e+05 -1.805595826545154688e+13 -2.643821293706481010e-06 3.482346037475800557e-06 3.336273752189084761e-07 -2.063665610745652884e+03 -2.163928979642876005e+00 -9.257341782677758202e-01 7.204110521345521122e-03 -1.221896866215099298e+00
1.000000000000000000e+00 -8.336225254113091410e+01 2.153572554996342774e+02 -3.349469568299759412e+05 -1.832057070501016406e+13 -1.401849592036988630e-06 3.619289853365479207e-06 2.590939000123223558e-07 5.394240128100801485e+03 5.611267206570142108e+00 1.956617222418149393e-01 -1.868115308964572382e-02 -1.824998505688912864e+00
1.000000000000000000e+00 -6.350056271973002708e+00 2.168349453071760138e+02 -3.373746843038744992e+05 -1.858711166007506641e+13 -1.075588145525827525e-07 3.670536836848818547e-06 2.285836925914409126e-07 -3.903501925200149799e+03 -4.028464841718877310e+00 7.101543915948345109e-01 1.341143011111053072e-02 -9.614658660973756099e-01
1.000000000000000000e+00 7.078809036664907239e+01 2.131627440446551986e+02 -3.398024449983971426e+05 -1.885558124013778516e+13 1.207654316724483986e-06 3.634340574755045687e-06 2.451009195480485177e-07 -1.144401537356705603e+03 -1.171777597825507389e+00 -9.788105259715069728e-01 3.901032328413784039e-03 -1.034873625446634415e+00
1.000000000000000000e+00 1.463035321303981107e+02 2.044366259250754752e+02 -3.422302385335318977e+05 -1.912597948174608984e+13 2.513790804126859771e-06 3.510467087014852546e-06 3.071174015173743501e-07 5.237397133082014079e+03 5.320966128354120528e+00 3.677212157510394430e-01 -1.771466297398795881e-02 -1.840972995324921424e+00
1.000000000000000000e+00 2.183803513798408176e+02 1.908236651504393535e+02 -3.446580640249130083e+05 -1.939830636347070312e+13 3.778835152012010256e-06 3.299958652064695633e-06 4.087903406775235613e-07 -4.645567657267889444e+03 -4.683259766288230708e+00 5.745334421780476930e-01 1.559136550359887380e-02 -1.131999411766233088e+00
1.000000000000000000e+00 2.852520106840145786e+02 1.726735833100645152e+02 -3.470859196584888850e+05 -1.967256175569066016e+13 4.970746921589368025e-06 3.007119718185928106e-06 5.405701711098885099e-07 -1.741212082964645163e+02 -1.741892860895538908e-01 -9.995410185383091228e-01 5.798477837291022121e-04 -8.862748027343096968e-01
1.000000000000000000e+00 3.453932578702737146e+02 1.504083693252776470e+02 -3.495138030126978992e+05 -1.994874545368406250e+13 6.060858284414700282e-06 2.637692444807881260e-06 6.901739790317103988e-07 4.911729016791713548e+03 4.876294457775921742e+00 5.231805256265606996e-01 -1.623424324768179064e-02 -1.790269085113082248e+00
1.000000000000000000e+00 3.973123781404214014e+02 1.245070666365181182e+02 -3.519417112515812623e+05 -2.022685719741651953e+13 7.020350234449760356e-06 2.198632096587861586e-06 8.431503713121706032e-07 -5.255019887158270649e+03 -5.177745652841664992e+00 4.256240737398011564e-01 1.723760620637020471e-02 -1.317476762593948747e+00
1.000000000000000000e+00 4.396770322008210883e+02 9.560900819408652751e+01 -3.543696403976345900e+05 -2.050689658573968359e+13 7.822511845426053067e-06 1.699977376930824745e-06 9.846284439718328889e-07 8.192398652244311279e+02 8.011483571721262908e-01 -9.901538163230486633e-01 -2.667263657737766608e-03 -7.899570693409410094e-01
1.000000000000000000e+00 4.714908366395845860e+02 6.439465822024574493e+01 -3.567975862006475800e+05 -2.078886317311115234e+13 8.446000568748273618e-06 1.152814873583025965e-06 1.101289086401362701e-06 4.430772045679324037e+03 4.300719612201842068e+00 6.595845062186066476e-01 -1.431802358531842484e-02 -1.683873860785607190e+00
1.000000000000000000e+00 4.918786389748582906e+02 3.157044972960889595e+01 -3.592255442770721857e+05 -2.107275648486408984e+13 8.871174378386349402e-06 5.690308352194723962e-07 1.181579198311131903e-06 -5.722082157400627693e+03 -5.513147902321565041e+00 2.676476029796993061e-01 1.835423162521598872e-02 -1.496907244305847762e+00
1.000000000000000000e+00 5.002173859262206861e+02 -2.036295965909325822e+00 -3.616535095316539519e+05 -2.135857594836364453e+13 9.082541861773485911e-06 -3.695059242292022210e-08 1.217108255563072504e-06 1.816245694884574505e+03 1.737111187767998999e+00 -9.528064796150849114e-01 -5.783290382600717559e-03 -7.525300286633301861e-01
1.000000000000000000e+00 4.962902539465896439e+02 -3.560505167021640460e+01 -3.640814767102030455e+05 -2.164632095591452344e+13 9.071733274411941029e-06 -6.504261976770277209e-07 1.204215234011859562e-06 3.803207912994359504e+03 3.611052872898373511e+00 7.757014810302124141e-01 -1.202197346902660578e-02 -1.535534377524303995e+00
1.000000000000000000e+00 4.800595923573902724e+02 -6.833787492445775058e+01 -3.665094405150214443e+05 -2.193599087794765625e+13 8.833570097061147158e-06 -1.256708221259412350e-06 1.143560624460405438e-06 -6.037713220360487867e+03 -5.691280420339097645e+00 1.033179602344660997e-01 1.894727999262967380e-02 -1.652853216196512820e+00
1.000000000000000000e+00 4.517941092198453816e+02 -9.937231781847950174e+01 -3.689373953577966895e+05 -2.222758503307258984e+13 8.368530116453304913e-06 -1.839525946952473322e-06 1.040678196736073265e-06 2.802203038100033609e+03 2.622487751587997185e+00 -8.887873076410592876e-01 -8.730905423975058796e-03 -7.759723002333513975e-01
1.000000000000000000e+00 4.121913543219936287e+02 -1.279156941713255975e+02 -3.713653360610711388e+05 -2.252110277200526172e+13 7.685217865682768300e-06 -2.383488256030868306e-06 9.058402363488887676e-07 3.031788400658360388e+03 2.817159559299818650e+00 8.703943221570463740e-01 -9.378937486127718326e-03 -1.360080191300465646e+00
1.000000000000000000e+00 3.621290887443234396e+02 -1.532586809200233233e+02 -3.737932580078446772e+05 -2.281654349746081250e+13 6.795960057242771584e-06 -2.874381229653720916e-06 7.519977361024979781e-07 -6.188347596451094432e+03 -5.709629938241675084e+00 -6.545909220156792552e-02 1.900838324894217959e-02 -1.770208817878210272e+00
1.000000000000000000e+00 3.027779303511056810e+02 -1.746931176721303700e+02 -3.762211564081063261e+05 -2.311390657625174219e+13 5.719043133190306578e-06 -3.297667245112644238e-06 5.941937036405341379e-07 3.760911437846321860e+03 3.445631109513509038e+00 -7.983585696016465283e-01 -1.147133202556844048e-02 -8.591406530160762278e-01
1.000000000000000000e+00 2.356854204483221338e+02 -1.916476633816386368e+02 -3.786490272044038866e+05 -2.341319145059133984e+13 4.480489926226149125e-06 -3.641063012835461883e-06 4.485902099096734549e-07 2.116783147752997138e+03 1.925820764138895358e+00 9.416538819848819797e-01 -6.411491956165577336e-03 -1.174104982015105714e+00
1.000000000000000000e+00 1.624992649060826579e+02 -2.036918426047463981e+02 -3.810768672960030963e+05 -2.371439766889728906e+13 3.108994323411188816e-06 -3.894700301496075315e-06 3.299672120579715510e-07 -6.153615963712550183e+03 -5.559744375000550853e+00 -2.363819210306466467e-01 1.850940150446958934e-02 -1.834922600232154366e+00
1.000000000000000000e+00 8.506075139974966248e+01 -2.104525742492042468e+02 -3.835046740626574028e+05 -2.401752482993587500e+13 1.637780961074837780e-06 -4.049605566254369307e-06 2.503536822858380220e-07 4.667574310217636594e+03 4.188142439266195005e+00 -6.813564202149555715e-01 -1.394331494274455435e-02 -9.969880698515385387e-01
1.000000000000000000e+00 5.453720006419644939e+00 -2.117434320393656151e+02 -3.859324460585556808e+05 -2.432257267219639453e+13 1.056720351376961933e-07 -4.100237951149953908e-06 2.179596453070089018e-07 1.063255044077271577e+03 9.475321774525840013e-01 9.861889411790359938e-01 -3.154579501809161735e-03 -9.976123103382847912e-01
1.000000000000000000e+00 -7.429494210030634349e+01 -2.075500714912611784e+02 -3.883601827622350538e+05 -2.462954104682678516e+13 -1.448604691460977099e-06 -4.044319012694901922e-06 2.361106823131477368e-07 -5.909011062911600675e+03 -5.230195190713761377e+00 -4.055659427364906033e-01 1.741228509738211236e-02 -1.834781026535419635e+00
1.000000000000000000e+00 -1.521312220910033943e+02 -1.979388259319322003e+02 -3.907878841856681975e+05 -2.493842987140551562e+13 -2.984801034875477516e-06 -3.881145296296547907e-06 3.029227569150448295e-07 5.484371265928694811e+03 4.821659201254877125e+00 -5.384276258609477228e-01 -1.605242763857442703e-02 -1.177774344655037497e+00
1.000000000000000000e+00 -2.259431697862301860e+02 -1.831734272293363404e+02 -3.932155516320383176e+05 -2.524923922937322656e+13 -4.460523636272302970e-06 -3.613940333523302372e-06 4.113458783417896167e-07 -1.097651412430042939e+02 -9.585624147184401700e-02 9.998551594371235529e-01 3.190572744693509792e-04 -8.543323163572269507e-01
1.000000000000000000e+00 -2.938633678338208028e+02 -1.636773153983160398e+02 -3.956431875522279297e+05 -2.556196935660732812e+13 -5.837206880228496628e-06 -3.249226647816428322e-06 5.501764056393161191e-07 -5.433772163431827721e+03 -4.713712902529501925e+00 -5.668787209470158572e-01 1.569283003631182297e-02 -1.763111375052566210e+00
1.000000000000000000e+00 -3.541714678181761542e+02 -1.399323758829951601e+02 -3.980707949425953557e+05 -2.587662056767658203e+13 -7.078314082013930836e-06 -2.794900459334583299e-06 7.051700296543583165e-07 6.162157854182628398e+03 5.310304972379343624e+00 -3.723999424145059689e-01 -1.767922864780651498e-02 -1.380537704138435018e+00
1.000000000000000000e+00 -4.052590477973441239e+02 -1.125832806097210153e+02 -4.004983775684134453e+05 -2.619319328722965625e+13 -8.148720517519788758e-06 -2.262364001105120917e-06 8.603342194932735345e-07 -1.363257786190770275e+03 -1.167101182967884343e+00 9.789725258928003715e-01 3.885429264565107808e-03 -7.683803632586722054e-01
1.000000000000000000e+00 -4.459115679685222062e+02 -8.238089955349772708e+01 -4.029259399482060107e+05 -2.651168805098175781e+13 -9.020485418128273517e-06 -1.665480601207026940e-06 1.000124300373571195e-06 -4.721526749231761642e+03 -4.015832030140443543e+00 -7.123409598320156189e-01 1.336945899993461154e-02 -1.624033697840562729e+00
1.000000000000000000e+00 -4.751761449478286750e+02 -5.007625381789023322e+01 -4.053534867597818957e+05 -2.683210543006602734e+13 -9.670401037205843446e-06 -1.018482488088590829e-06 1.110486093762188464e-06 6.648955667870160141e+03 5.618592311070222500e+00 -1.891324610058350841e-01 -1.870557242921551747e-02 -1.575956831329848207e+00
1.000000000000000000e+00 -4.923085700515836720e+02 -1.651884636567149300e+01 -4.077810234800238395e+05 -2.715444611687274219e+13 -1.007906740354246553e-05 -3.379827587766406566e-07 1.180162492174799477e-06 -2.639067821831355559e+03 -2.215765646751961526e+00 9.219735742179576699e-01 7.376624062306594808e-03 -7.574468110943280985e-01
1.000000000000000000e+00 -4.970224090419499134e+02 1.740883231454657576e+01 -4.102085557766097481e+05 -2.747871084672303516e+13 -1.023614964419897588e-05 3.583126800348105306e-07 1.202892478660699022e-06 -3.788298338005231017e+03 -3.160345684304961988e+00 -8.336318800992540412e-01 1.052138143395339731e-02 -1.435506810488264007e+00
1.000000000000000000e+00 -4.893152293063060370e+02 5.089364581480183602e+01 -4.126360888602159685e+05 -2.780490031132337109e+13 -1.013705687631211952e-05 1.053703912054862928e-06 1.177058435412088749e-06 6.902563482044803095e+03 5.721839677175144523e+00 2.814324404723567152e-03 -1.904928990308770581e-02 -1.732330866401592395e+00
1.000000000000000000e+00 -4.693995777400433553e+02 8.309181360269722916e+01 -4.150636280927887419e+05 -2.813301523941117188e+13 -9.781676923601099598e-06 1.730456701568191973e-06 1.105258167997553673e-06 -3.868684400172249752e+03 -3.186698124872111570e+00 8.305558407006741195e-01 1.060903442995016384e-02 -8.258558009032145319e-01
1.000000000000000000e+00 -4.379222392549579581e+02 1.131946515950047711e+02 -4.174911787396578584e+05 -2.846305636355452734e+13 -9.179103068207446453e-06 2.371160936856487124e-06 9.950790775356346524e-07 -2.673583344573195063e+03 -2.188471817515057261e+00 -9.239702650540493334e-01 7.285818645285130346e-03 -1.226912728118493279e+00
1.000000000000000000e+00 -3.957566879228701850e+02 1.405205776522420535e+02 -4.199187455374155543e+05 -2.879502436050579297e+13 -8.343522993333132666e-06 2.960690497132331561e-06 8.576994376309113591e-07 6.900945435273329167e+03 5.613613061845584618e+00 1.935955254101975331e-01 -1.868896313517818403e-02 -1.824399134624145713e+00
1.000000000000000000e+00 -3.439288162527282111e+02 1.644088778293020709e+02 -4.223463329278808087e+05 -2.912891988137844922e+13 -7.292782051630345066e-06 3.484029421068862417e-06 7.065582295399195825e-07 -4.986494483186193065e+03 -4.031184699714238207e+00 7.096828297473368741e-01 1.342048502216919813e-02 -9.620416226770363011e-01
1.000000000000000000e+00 -2.838171013839408374e+02 1.842824603050981693e+02 -4.247739447859884240e+05 -2.946474351272852344e+13 -6.052744921525578317e-06 3.927622076301447512e-06 5.567173759195306347e-07 -1.433200367269063236e+03 -1.151501083515495516e+00 -9.795452597795353267e-01 3.833527533379778047e-03 -1.031419413735481072e+00
1.000000000000000000e+00 -2.169243294092699159e+02 1.997268745875622358e+02 -4.272015839963334147e+05 -2.980249571522525391e+13 -4.652614393310868871e-06 4.281117831553537265e-06 4.226668175160731998e-07 6.645667950401823873e+03 5.306798161578464956e+00 3.739224529798637064e-01 -1.766749423628531310e-02 -1.840214321628442118e+00
1.000000000000000000e+00 -1.448081884254902150e+02 2.103768995329913878e+02 -4.296292531047118828e+05 -3.014217691114765234e+13 -3.123510044877733070e-06 4.535025315787366488e-06 3.170034160340194339e-07 -5.940885641931745340e+03 -4.715175039527711220e+00 5.665042988423896198e-01 1.569761757197928043e-02 -1.142196253539679018e+00
1.000000000000000000e+00 -6.927189119121121053e+01 2.159774242211142337e+02 -4.320569542098697857e+05 -3.048378746776633984e+13 -1.502636680942263897e-06 4.682062191831275797e-06 2.499243018415553325e-07 -1.277114776731958727e+02 -1.007500467908126751e-01 -9.998494760571807749e-01 3.353526866930489105e-04 -8.772097908264901989e-01
1.000000000000000000e+00 7.874448423334851732e+00 2.164496402108636914e+02 -4.344846882118582143e+05 -3.082732758891086328e+13 1.717712834838254090e-07 4.718665210187238362e-06 2.278798570540091340e-07 6.157478087833567770e+03 4.828394121928415217e+00 5.365784022833707256e-01 -1.607477183835169868e-02 -1.782591894039303515e+00
1.000000000000000000e+00 8.487321283803281347e+01 2.117712022677478956e+02 -4.369124554263722384e+05 -3.117279739788121484e+13 1.861748489647922742e-06 4.642470458332615657e-06 2.528878324842998826e-07 -6.699581947296777798e+03 -5.222129938343682554e+00 4.087264966983331083e-01 1.738537055273360957e-02 -1.337738882292818454e+00
1.000000000000000000e+00 1.598332643268376501e+02 2.020374633957023320e+02 -4.393402554537581163e+05 -3.152019691633520312e+13 3.525527523247129015e-06 4.453697607657248994e-06 3.225100368982865591e-07 1.188358863031982764e+03 9.207954167811941426e-01 -9.869709706475982003e-01 -3.065594995342021522e-03 -7.819679483681925003e-01
1.000000000000000000e+00 2.309734035360884548e+02 1.875157280409616476e+02 -4.417680869871556060e+05 -3.186952603377083984e+13 5.122857264638604916e-06 4.156424163357614993e-06 4.302363959299773438e-07 5.467096948848702596e+03 4.211173545067725676e+00 6.770024575497723962e-01 -1.401990491934108386e-02 -1.665391792915561497e+00
1.000000000000000000e+00 2.966700742797343651e+02 1.685197514173021318e+02 -4.441959482873737579e+05 -3.222078457282191016e+13 6.616133734252856948e-06 3.755893106309249706e-06 5.660344110286948889e-07 -7.247934596267587949e+03 -5.550173152392916975e+00 2.431543019124482452e-01 1.847749721410404250e-02 -1.522386601214742230e+00
1.000000000000000000e+00 3.552741070653577253e+02 1.454722879504774369e+02 -4.466238369845500565e+05 -3.257397225861225781e+13 7.966386938629533863e-06 3.259942865837358849e-06 7.167699165775410424e-07 2.473225431953812404e+03 1.882854571968926027e+00 -9.443121717283653460e-01 -6.268502405631490651e-03 -7.521863219816459223e-01
1.000000000000000000e+00 4.053564422971818999e+02 1.189476937433437200e+02 -4.490517495747128851e+05 -3.292908864242071484e+13 9.138805079732071905e-06 2.680033605505306397e-06 8.679480184786613857e-07 4.605309356543015383e+03 3.485679275146033707e+00 7.930250604680845194e-01 -1.160457823948616261e-02 -1.507733917778758093e+00
1.000000000000000000e+00 4.457421304335205718e+02 8.954112965665410684e+01 -4.514796822615712299e+05 -3.328613322130917578e+13 1.010363938552496493e-05 2.028376642624204099e-06 1.005248418658760192e-06 -7.582294102161346927e+03 -5.705836881031033592e+00 7.488258714211509792e-02 1.899574346325945060e-02 -1.675927746947239338e+00
1.000000000000000000e+00 4.753276204061999692e+02 5.793153010264012437e+01 -4.539076309447782696e+05 -3.364510543522352734e+13 1.083219518853357330e-05 1.319381239070473612e-06 1.115129636621184380e-06 3.698428326066566115e+03 2.767199361250162415e+00 -8.752827429798368808e-01 -9.212682495877113492e-03 -7.859749600843196626e-01
1.000000000000000000e+00 4.933258496913675231e+02 2.491217769055377929e+01 -4.563355907545404625e+05 -3.400600459642622266e+13 1.130249064858302268e-05 5.704056986561567151e-07 1.186741615693923569e-06 3.595875994942979560e+03 2.675141203980063054e+00 8.839742402295354129e-01 -8.906129480124105879e-03 -1.329317763366063332e+00
1.000000000000000000e+00 4.992808851812799844e+02 -8.744778176053152663e+00 -4.587635567861634772e+05 -3.436882999650414062e+13 1.149978690217822560e-05 -2.012915432865863814e-07 1.212926661927794263e-06 -7.701720364430639165e+03 -5.697214900545920280e+00 -9.279195555994113054e-02 1.896705369524092841e-02 -1.784478045872455843e+00
1.000000000000000000e+00 4.928802774145999024e+02 -4.222647877197164945e+01 -4.611915237680092687e+05 -3.473358085621598047e+13 1.141244503879866514e-05 -9.771337304269080928e-07 1.190270071628784555e-06 4.844559297867473106e+03 3.563493065381707847e+00 -7.823960098078764913e-01 -1.186372046796170011e-02 -8.766459003342002010e-01
1.000000000000000000e+00 4.741934798101740398e+02 -7.466063087399173526e+01 -4.636194860551864258e+05 -3.510025632308192578e+13 1.103756314860711228e-05 -1.736765396134329772e-06 1.120684223122502530e-06 2.453524228404510723e+03 1.794620249932292744e+00 9.495372650358260280e-01 -5.974699645147320964e-03 -1.148485023345842126e+00
1.000000000000000000e+00 4.436571919419159826e+02 -1.052535143847308916e+02 -4.660474384167732205e+05 -3.546885558972804688e+13 1.038086619817978146e-05 -2.461243328573171827e-06 1.011102017517748206e-06 -7.600806495064985029e+03 -5.528611792508039358e+00 -2.577213993649898338e-01 1.840575721568058626e-02 -1.838661685500059706e+00
1.000000000000000000e+00 4.018738637568937406e+02 -1.332289009558785722e+02 -4.684753758763674414e+05 -3.583937787113120312e+13 9.452190648886931441e-06 -3.131648674495500267e-06 8.717739559280316677e-07 5.893619055533288702e+03 4.263106441623944143e+00 -6.670049354465822367e-01 -1.419288634908116506e-02 -1.014905968670316350e+00
1.000000000000000000e+00 3.498345011273835325e+02 -1.578184047288472129e+02 -4.709032933596298681e+05 -3.621182235142153125e+13 8.270853107558041528e-06 -3.728869614380026931e-06 7.163236757596462934e-07 1.187196267934977641e+03 8.540192865069460293e-01 9.887943256942220982e-01 -2.843257241817325354e-03 -9.826958966276944096e-01
1.000000000000000000e+00 2.888645101601770193e+02 -1.783970433819609980e+02 -4.733311864713897812e+05 -3.658618830362732031e+13 6.864600215881014988e-06 -4.236825655752779597e-06 5.604812286691816059e-07 -7.266404556743413195e+03 -5.198511063014762179e+00 -4.178230396714706085e-01 1.730680367691100202e-02 -1.831963498862727580e+00
1.000000000000000000e+00 2.204009174796973980e+02 -1.944182459121038846e+02 -4.757590514347843127e+05 -3.696247508291141406e+13 5.264491146480570940e-06 -4.641003554865034186e-06 4.198624270472463513e-07 6.820417716424964965e+03 4.852859052752754643e+00 -5.297968771115263431e-01 -1.615629846793037103e-02 -1.188668071932550196e+00
1.000000000000000000e+00 1.461932762658938429e+02 -2.054067917805287493e+02 -4.781868849094705656e+05 -3.734068210063199219e+13 3.509788944448089712e-06 -4.928335681937438515e-06 3.089017424632232997e-07 -1.913862807788713951e+02 -1.354371276445754668e-01 9.997153204740560906e-01 4.508294139361245564e-04 -8.499748839321680238e-01
1.000000000000000000e+00 6.820823980630346739e+01 -2.110845019140856209e+02 -4.806146848339446005e+05 -3.772080895829160156e+13 1.645848365151597916e-06 -5.090274527489185902e-06 2.390928886180529950e-07 -6.680092485285137627e+03 -4.701781253474868194e+00 -5.698972163540746427e-01 1.565310750863123726e-02 -1.761006213692027700e+00
1.000000000000000000e+00 -1.161166552569886790e+01 -2.112930846005810110e+02 -4.830424499125631410e+05 -3.810285537167907812e+13 -2.816020148447574268e-07 -5.121042765490365783e-06 2.175428417485414750e-07 7.586973162328727085e+03 5.311462923803433434e+00 -3.718951991630908283e-01 -1.768308369264096763e-02 -1.381124330686358093e+00
1.000000000000000000e+00 -9.116440114804392181e+01 -2.059816105461014217e+02 -4.854701824242840521e+05 -3.848682161924538281e+13 -2.221998626578353630e-06 -5.017401221314797788e-06 2.465424049375726379e-07 -1.656516746971235079e+03 -1.153505341882743895e+00 9.794645806926676190e-01 3.840166222845520574e-03 -7.690281786298428512e-01
1.000000000000000000e+00 -1.683110290257441477e+02 -1.953160667586625436e+02 -4.878978768785715802e+05 -3.887270674861938281e+13 -4.122849156335547607e-06 -4.781396058251188012e-06 3.231439960964439757e-07 -5.827379676984964135e+03 -4.036339148167082058e+00 -7.087919589633366879e-01 1.343773100234169592e-02 -1.628430463033286646e+00
1.000000000000000000e+00 -2.411184218453682888e+02 -1.795833390197916799e+02 -4.903255378969385056e+05 -3.926051140936724219e+13 -5.935685034474170215e-06 -4.418128841413465589e-06 4.394835001041522888e-07 8.143050390572159813e+03 5.610534804183184399e+00 -1.963025292373474229e-01 -1.867874776235705844e-02 -1.569065465790848490e+00
1.000000000000000000e+00 -3.076744795554500911e+02 -1.591690872525873601e+02 -4.927531677644743468e+05 -3.965023588970475000e+13 -7.611615495193530178e-06 -3.935283020579841553e-06 5.834807790175894344e-07 -3.162309398852971299e+03 -2.167386765234048163e+00 9.254793492224897555e-01 7.215561993125352465e-03 -7.561456885088063684e-01
1.000000000000000000e+00 -3.662141755800153078e+02 -1.346506296169935410e+02 -4.951807698464588029e+05 -4.004188065979094531e+13 -9.104474080031965146e-06 -3.345491880135599988e-06 7.403123782669081683e-07 -4.708727460215746760e+03 -3.210424925273357655e+00 -8.277664416389940438e-01 1.068810502611054931e-02 -1.446602900540539416e+00
1.000000000000000000e+00 -4.153384187042065605e+02 -1.066827340371031880e+02 -4.976083481250609038e+05 -4.043544630071477344e+13 -1.037637610181765520e-05 -2.663603738671780992e-06 8.943179740191135497e-07 8.435747122063305142e+03 5.721649896829418935e+00 -8.617102851087521387e-03 -1.904865906323431266e-02 -1.724668391885540109e+00
1.000000000000000000e+00 -4.538082178151749986e+02 -7.596938246907930647e+01 -5.000359068332466413e+05 -4.083093344715299219e+13 -1.139277419036580407e-05 -1.906020681301653207e-06 1.029782718238892156e-06 -4.639165037192280579e+03 -3.130315016704614539e+00 8.370792489500067379e-01 1.042132480782444887e-02 -8.195138679302286233e-01
1.000000000000000000e+00 -4.806534758395475819e+02 -4.334600546058339887e+01 -5.024634511831322452e+05 -4.122834290789034375e+13 -1.212530038154305758e-05 -1.092801743737919025e-06 1.132869738638978476e-06 -3.351960096057197916e+03 -2.250138035407298620e+00 -9.194350352786571090e-01 7.491118069551643693e-03 -1.239584618294224727e+00
1.000000000000000000e+00 -4.953533732357752228e+02 -9.654951975225667837e+00 -5.048909866549703875e+05 -4.162767555245637500e+13 -1.255650241433636234e-05 -2.445882313304573415e-07 1.193862829204064706e-06 8.423252223042773039e+03 5.625533382537017957e+00 1.827214337835136870e-01 -1.872864944006142826e-02 -1.821095364922794557e+00
1.000000000000000000e+00 -4.975987214736569513e+02 2.428001036977762084e+01 -5.073185185122504481e+05 -4.202893223184487500e+13 -1.267406451093704600e-05 6.180411677140215558e-07 1.207067130674699263e-06 -6.005618157432086264e+03 -3.990493021480161051e+00 7.166725195415738492e-01 1.328501489293216868e-02 -9.535300464393783315e-01
1.000000000000000000e+00 -4.873797975800056292e+02 5.757442092357581487e+01 -5.097460523539148853e+05 -4.243211386958925781e+13 -1.247318421351485508e-05 1.472554138797297889e-06 1.171434029002869330e-06 -1.813171949883096886e+03 -1.198682069314611187e+00 -9.778149456074518575e-01 3.990602987954038235e-03 -1.039482261133843011e+00
1.000000000000000000e+00 -4.651291671852151239e+02 8.940841206641464112e+01 -5.121735934772265609e+05 -4.283722135651531250e+13 -1.196042740568173623e-05 2.297647421450390075e-06 1.091172153679517701e-06 8.088808453302286580e+03 5.320554129988217085e+00 3.679032559159438609e-01 -1.771329132724515018e-02 -1.840952130469328374e+00
1.000000000000000000e+00 -4.314556823650730735e+02 1.190414093875041317e+02 -5.146011468375624972e+05 -4.324425554278782812e+13 -1.114712535093517289e-05 3.073665700338448518e-06 9.743036278202532171e-07 -7.183750935370414481e+03 -4.701558920989865165e+00 5.699503098227307607e-01 1.565228689887881303e-02 -1.137820855379693796e+00
1.000000000000000000e+00 -3.872209247130693939e+02 1.457312270270001022e+02 -5.170287173955519102e+05 -4.365321729517396094e+13 -1.005146640823516127e-05 3.780551063451456596e-06 8.323975430109763262e-07 -1.687748285029753958e+02 -1.099075389732871860e-01 -9.998200099063065949e-01 3.658399582407696293e-04 -8.783249964176108593e-01
1.000000000000000000e+00 -3.336552660033798361e+02 1.688543096363813163e+02 -5.194563094183714711e+05 -4.406410737852561719e+13 -8.701676854030824534e-06 4.400975958949206416e-06 6.798979198590321369e-07 7.445734367721134731e+03 4.824666689190300062e+00 5.376015083647661674e-01 -1.606236234650554665e-02 -1.781982388207084878e+00
1.000000000000000000e+00 -2.720741043771366776e+02 1.879061169111835738e+02 -5.218839263280282612e+05 -4.447692642717098438e+13 -7.128810515983136282e-06 4.920425493551290948e-06 5.315482704837717402e-07 -8.114241401810663774e+03 -5.231886797584330395e+00 4.048974986275942767e-01 1.741785313970043228e-02 -1.342300012021434119e+00
1.000000000000000000e+00 -2.039554542055402635e+02 2.024179492734107555e+02 -5.243115712648656918e+05 -4.489167503805929688e+13 -5.368843050266780912e-06 5.325081807322832022e-06 4.013872764979757402e-07 1.499036277594124613e+03 9.617977472419098062e-01 -9.857758207217861557e-01 -3.202100767277657901e-03 -7.794362532214693662e-01
1.000000000000000000e+00 -1.310400679426853117e+02 2.120709434060722458e+02 -5.267392466904273024e+05 -4.530835370132385156e+13 -3.465418822130593614e-06 5.604858690388917060e-06 3.019967078795752088e-07 6.532484569930473299e+03 4.170822018002354525e+00 6.845896632905179580e-01 -1.388556580183107798e-02 -1.656956396343880922e+00
1.000000000000000000e+00 -5.503987199008901854e+01 2.166823629389863868e+02 -5.291669541362832533e+05 -4.572696275418183594e+13 -1.462264957096806973e-06 5.753128827366411723e-06 2.427950868999253296e-07 -8.763942699050314332e+03 -5.568327863306910430e+00 2.301276738094196750e-01 1.853793852285322633e-02 -1.535641798906230537e+00
1.000000000000000000e+00 2.227541159032788087e+01 2.161211107834808161e+02 -5.315946947629604256e+05 -4.614750247428867188e+13 5.945143167169557193e-07 5.764553180034741725e-06 2.293030977865427839e-07 3.117068515256505634e+03 1.970896745472404010e+00 -9.388088431641544718e-01 -6.561614324050805622e-03 -7.527473842497343082e-01
1.000000000000000000e+00 9.898842458527950328e+01 2.104167113867646322e+02 -5.340224686155853560e+05 -4.656997294844234375e+13 2.653993680951416066e-06 5.638032561357557079e-06 2.627233385255753126e-07 5.400788998520315545e+03 3.398420698922593797e+00 8.045099050881284741e-01 -1.131407608487091168e-02 -1.488351275732879841e+00
1.000000000000000000e+00 1.733269800593226080e+02 1.997332448539550285e+02 -5.364502748937474098e+05 -4.699437411544272656e+13 4.668222896365248745e-06 5.376103866759337422e-06 3.398676937299111947e-07 -9.124089384789018368e+03 -5.713759045784152057e+00 5.333108407758829772e-02 1.902211960381820430e-02 -1.692567504873476514e+00
1.000000000000000000e+00 2.435656112156767392e+02 1.842840046172769348e+02 -5.388781125210244209e+05 -4.742070586297464062e+13 6.589651649979057467e-06 4.982714532735235976e-06 4.534796432909485483e-07 4.629978956397872935e+03 2.885584709091958633e+00 -8.635273346551087803e-01 -9.606813586780581227e-03 -7.955564328570924326e-01
1.000000000000000000e+00 3.079446204644892759e+02 1.644366952473961305e+02 -5.413059795568838017e+05 -4.784896792254296875e+13 8.368957999223164851e-06 4.466109691784523614e-06 5.926167791373040781e-07 4.102364601364665759e+03 2.544610726463664818e+00 8.956678376636293404e-01 -8.471567110025729139e-03 -1.301355255544585310e+00
1.000000000000000000e+00 3.649598069822978346e+02 1.406763556986546178e+02 -5.437338731605501380e+05 -4.827915985962998438e+13 9.962936664515240775e-06 3.837914711450214770e-06 7.440293008193066748e-07 -9.201888586803492217e+03 -5.680755927312560516e+00 -1.197088687002766383e-01 1.891226110380981457e-02 -1.797130646050035141e+00
1.000000000000000000e+00 4.132513284338580206e+02 1.135184831937508392e+02 -5.461617900800707284e+05 -4.871128115736394531e+13 1.133160725000476191e-05 3.110825954920494266e-06 8.932069184032776596e-07 6.001710594053776731e+03 3.687703177382658737e+00 -7.646130793035407214e-01 -1.227724326840194322e-02 -8.967739969583391479e-01
1.000000000000000000e+00 4.515307684224965215e+02 8.361055362138839087e+01 -5.485897263588628266e+05 -4.914533116231057812e+13 1.243629346406685700e-05 2.301423748142247180e-06 1.025500151300468404e-06 2.679417445835609215e+03 1.638636541546126146e+00 9.581116899894612793e-01 -5.455399357705410963e-03 -1.118744383818393473e+00
1.000000000000000000e+00 4.788631210265185132e+02 5.168424021836025872e+01 -5.510176775031640427e+05 -4.958130911181405469e+13 1.324746758939226844e-05 1.428931760274212097e-06 1.128249254405873626e-06 -9.009451699564608134e+03 -5.484177156540198439e+00 -2.852486295645880188e-01 1.825782843280619738e-02 -1.841951147665037203e+00
1.000000000000000000e+00 4.945401367696052262e+02 1.846610632374935790e+01 -5.534456389755784767e+05 -5.001921422107811719e+13 1.374144665549459249e-05 5.127883175442474255e-07 1.191265687020710879e-06 7.210474324348490882e+03 4.368750435356886008e+00 -6.457880200100583057e-01 -1.454459801278553885e-02 -1.041589816831226978e+00
1.000000000000000000e+00 4.980112502280821332e+02 -1.522514602695738262e+01 -5.558736056842588587e+05 -5.045904559025465625e+13 1.389860296531823352e-05 -4.246443409378422277e-07 1.207511680423150023e-06 1.160863555710916216e+03 7.001066636540907995e-01 9.924818289770198643e-01 -2.330852846632686711e-03 -9.589791463916819136e-01
1.000000000000000000e+00 4.891507618407657105e+02 -4.853721352421834467e+01 -5.583015720086159417e+05 -5.090080220693307031e+13 1.371094936437732291e-05 -1.359663727974031886e-06 1.175185431096005017e-06 -8.554385523553379244e+03 -5.135358287017902867e+00 -4.410320250719781399e-01 1.709655805961258004e-02 -1.825506908967318376e+00
1.000000000000000000e+00 4.681086628697377137e+02 -8.067515934761348717e+01 -5.607295327228637179e+05 -5.134448311317698438e+13 1.317819867178256552e-05 -2.269765984047645728e-06 1.097316256193373340e-06 8.239401569006889986e+03 4.923633058935516615e+00 -5.094610148063860589e-01 -1.639191986157412587e-02 -1.214236186626276748e+00
1.000000000000000000e+00 4.352364400769231452e+02 -1.108080317552339267e+02 -5.631574825165760703e+05 -5.179008731890671094e+13 1.230583394049430881e-05 -3.131042196262779620e-06 9.809734742726750773e-07 -4.343455336739655195e+02 -2.583702773534838348e-01 9.989755049872199866e-01 8.600967196738723347e-04 -8.369866156501147847e-01
1.000000000000000000e+00 3.913304202609658660e+02 -1.381366581830009750e+02 -5.655854162282506004e+05 -5.223761384470793750e+13 1.111214126578150559e-05 -3.920080349518120455e-06 8.376030979386198081e-07 -7.834967685367915692e+03 -4.639493897393165867e+00 -5.852815520846447184e-01 1.544574205181125856e-02 -1.749801371298836283e+00
1.000000000000000000e+00 3.374506827254942891e+02 -1.619819644406204588e+02 -5.680133292125278385e+05 -5.268706179054646094e+13 9.623316739283080626e-06 -4.616501804990730345e-06 6.813832256057830116e-07 9.066739632738561340e+03 5.344655241610023033e+00 -3.570749540518083909e-01 -1.779358732170626539e-02 -1.398246423509237779e+00
1.000000000000000000e+00 2.748313710675715242e+02 -1.816919634609577372e+02 -5.704412170173032209e+05 -5.313843027765876562e+13 7.871058572633935526e-06 -5.200372306738970522e-06 5.277392506079478578e-07 -2.088095473822905205e+03 -1.225357820781179496e+00 9.767958789685982079e-01 4.079376262362092997e-03 -7.657425073620441891e-01
1.000000000000000000e+00 2.050938706588459866e+02 -1.967138170299868705e+02 -5.728690757438058499e+05 -5.359171851668907031e+13 5.898804494866376384e-06 -5.654289824491669327e-06 3.925405632826862055e-07 -6.842273592128363816e+03 -3.997291563952157123e+00 -7.155190051440016852e-01 1.330773434136799799e-02 -1.620048927271244610e+00
1.000000000000000000e+00 1.300290616893525169e+02 -2.066715563470840209e+02 -5.752969026754240040e+05 -5.404692592803500000e+13 3.755678487005232429e-06 -5.965688416972350436e-06 2.897307729630410798e-07 9.658633113105159282e+03 5.617493697800394870e+00 -1.901266103843476385e-01 -1.870191497990118454e-02 -1.575005424114710451e+00
1.000000000000000000e+00 5.148929085219800328e+01 -2.112665512446509695e+02 -5.777246957823443227e+05 -5.450405205306751562e+13 1.493460652746076113e-06 -6.124060837434719833e-06 2.297366967985255377e-07 -3.771132797000919709e+03 -2.183579075736875375e+00 9.243160650228302577e-01 7.269469131116457726e-03 -7.565604449365157524e-01
1.000000000000000000e+00 -2.842470554833577268e+01 -2.103460537628229474e+02 -5.801524536228926154e+05 -5.496309653816017969e+13 -8.279308203935223350e-07 -6.123000897192867543e-06 2.188755642586745586e-07 -5.569343654851920292e+03 -3.210553074779570526e+00 -8.277512603447663153e-01 1.068853166085909599e-02 -1.446631312908479128e+00
1.000000000000000000e+00 -1.076099440882848057e+02 -2.039621262938025552e+02 -5.825801760590677150e+05 -5.542405927316653125e+13 -3.147487762142567726e-06 -5.962014861065442043e-06 2.584312226985370646e-07 9.968862722151083290e+03 5.721483915624493655e+00 -1.150079006698401241e-02 -1.904810672208151132e-02 -1.722699979835765172e+00
1.000000000000000000e+00 -1.840749608914740634e+02 -1.922589612051897632e+02 -5.850078636729846476e+05 -5.588694028509182031e+13 -5.406452139775484027e-06 -5.643338699116164342e-06 3.444133626427359768e-07 -5.432426167869391975e+03 -3.104220352503993752e+00 8.400420747608952077e-01 1.033445092658561749e-02 -8.166848994515397697e-01
1.000000000000000000e+00 -2.557621357426217799e+02 -1.755318111323700521e+02 -5.874355181219871156e+05 -5.635173980907857812e+13 -7.543143913725261994e-06 -5.173731144024958263e-06 4.678617385185471779e-07 -4.025347416617880299e+03 -2.290161249938436505e+00 -9.164117035296914793e-01 7.624363503259965272e-03 -1.247860549456878854e+00
1.000000000000000000e+00 -3.208008945437934472e+02 -1.542644295810804635e+02 -5.898631422395487316e+05 -5.681845831210778125e+13 -9.500419286521693095e-06 -4.565673789824046028e-06 6.161100010394536098e-07 9.947773287112007893e+03 5.635089530588140327e+00 1.734944974647178451e-01 -1.876046475501216143e-02 -1.818096651590052737e+00
1.000000000000000000e+00 -3.776029012668454357e+02 -1.290023429803365786e+02 -5.922907392987140920e+05 -5.728709635517917188e+13 -1.122861540212251921e-05 -3.833719743485459538e-06 7.742949486505389151e-07 -6.997105239311954392e+03 -3.946515264601152762e+00 7.240722800469746590e-01 1.313860481083610303e-02 -9.445747294482113032e-01
1.000000000000000000e+00 -4.246721151541503900e+02 -1.004025960914078723e+02 -5.947183131267541321e+05 -5.775765461732392188e+13 -1.268005096657307809e-05 -2.996015634092653494e-06 9.261801290161188688e-07 -2.248462665926345380e+03 -1.262727441425815389e+00 -9.753497027104924832e-01 4.203823521617647274e-03 -1.050567879509955116e+00
1.000000000000000000e+00 -4.608430137391260928e+02 -6.925511293604169794e+01 -5.971458685490355128e+05 -5.823013398436827344e+13 -1.381622451662013522e-05 -2.075009525460808126e-06 1.056351204506775345e-06 9.558283327786521113e+03 5.344910509778758367e+00 3.569570795393841589e-01 -1.779437989443925089e-02 -1.842056471905792581e+00
1.000000000000000000e+00 -4.853364742875336333e+02 -3.634820563326398002e+01 -5.995734107090603793e+05 -5.870453541973950000e+13 -1.460969797279702319e-05 -1.093485836700885739e-06 1.152115918717973169e-06 -8.375728424396580522e+03 -4.663668766748712891e+00 5.793803777238375474e-01 1.552614331458756700e-02 -1.125840630802629194e+00
1.000000000000000000e+00 -4.975456215694578646e+02 -2.515927327988940920e+00 -6.020009448995667044e+05 -5.918085993251875000e+13 -1.503785952914293225e-05 -7.599466175784538171e-08 1.203988551353187018e-06 -3.096737667386813087e+02 -1.716967196674974161e-01 -9.995541912190574196e-01 5.715494918686735842e-04 -8.859625983667400728e-01
1.000000000000000000e+00 -4.972498405801598551e+02 3.134719543331810598e+01 -6.044284767921254970e+05 -5.965910862335646094e+13 -1.508952301787517823e-05 9.506735912060013562e-07 1.207314013631855213e-06 8.791894342341429365e+03 4.854006353458543366e+00 5.294732221220964652e-01 -1.616004093326288416e-02 -1.786733451743586443e+00
1.000000000000000000e+00 -4.846263716146850697e+02 6.441944290151310781e+01 -6.068560116388527676e+05 -6.013928252775382812e+13 -1.476551651469522505e-05 1.961509628080750583e-06 1.162525293849247561e-06 -9.482444072532816790e+03 -5.213222093748600905e+00 4.121850860805659211e-01 1.735571451333432769e-02 -1.333609191081795542e+00
1.000000000000000000e+00 -4.600148112755895227e+02 9.589879497845852541e+01 -6.092835546057103202e+05 -6.062138268072418750e+13 -1.407172091436827102e-05 2.931706076076887978e-06 1.074006040643055663e-06 1.695327660362586357e+03 9.281439350169290448e-01 -9.867607075608982869e-01 -3.090059827689682886e-03 -7.815064145831305265e-01
1.000000000000000000e+00 -4.241120921064079994e+02 1.249878612875266128e+02 -6.117111110773753608e+05 -6.110541017736011719e+13 -1.302515697921580297e-05 3.836206941039411899e-06 9.507499058846618959e-07 7.676128159417414281e+03 4.184921027328445398e+00 6.819565422857656323e-01 -1.393250450504245411e-02 -1.659910775095645219e+00
1.000000000000000000e+00 -3.779488378110517601e+02 1.510197126804657444e+02 -6.141386856182209449e+05 -6.159136596529609375e+13 -1.165347399598138943e-05 4.653587838500983501e-06 8.054870056531902347e-07 -1.025389204930577216e+04 -5.567044737242254016e+00 2.310739103638396186e-01 1.853366669163563837e-02 -1.534686040769748905e+00
1.000000000000000000e+00 -3.226434994839003707e+02 1.733939817485216679e+02 -6.165662822083149804e+05 -6.207925088898026562e+13 -9.987542319785041542e-06 5.364158620996108690e-06 6.523148119489022423e-07 3.663959224362977693e+03 1.981002442126665875e+00 -9.381589461433501587e-01 -6.595258429619187124e-03 -7.528494001983112582e-01
1.000000000000000000e+00 -2.595892157315448117e+02 1.915596336189458100e+02 -6.189939044860569993e+05 -6.256906573641064062e+13 -8.067313992530499034e-06 5.949468795833430392e-06 5.060258512789331077e-07 6.269718263132417633e+03 3.375889612959107833e+00 8.074020896507795308e-01 -1.123906537399634031e-02 -1.483345208281281469e+00
1.000000000000000000e+00 -1.904080181383852732e+02 2.051314801042364309e+02 -6.214215553018833743e+05 -6.306081114720253906e+13 -5.940561390474038016e-06 6.395970444235514315e-06 3.807729482406044081e-07 -1.065956496015160701e+04 -5.716008754692958327e+00 4.537424621394037239e-02 1.902960996730233140e-02 -1.698521367753333733e+00
1.000000000000000000e+00 -1.167047185601666968e+02 2.138142711903406905e+02 -6.238492368734873598e+05 -6.355448764109096875e+13 -3.655308242905390984e-06 6.692743150768533672e-06 2.883159992540313438e-07 5.505296549130908716e+03 2.940049310050028453e+00 -8.578974563901151651e-01 -9.788138323427378676e-03 -8.003977673171916996e-01
1.000000000000000000e+00 -4.025408967479194899e+01 2.173847483915396026e+02 -6.262769509881869890e+05 -6.405009565681541406e+13 -1.265704663606466153e-06 6.830984823541006732e-06 2.374214789763602727e-07 4.648079982389140241e+03 2.472152281731966106e+00 9.018445812789135374e-01 -8.230338347979744215e-03 -1.285978163429223109e+00
1.000000000000000000e+00 3.705756172640781188e+01 2.157995859669835284e+02 -6.287046982480938314e+05 -6.454763539542020312e+13 1.169713462907574119e-06 6.807460560218813722e-06 2.328940255574086711e-07 -1.070079974119323560e+04 -5.668299274996322801e+00 -1.365583468927693001e-01 1.887079209235917668e-02 -1.804326251195823128e+00
1.000000000000000000e+00 1.134731693745543168e+02 2.091083887826075056e+02 -6.311324784499121597e+05 -6.504710689384319531e+13 3.595585802768226580e-06 6.621857131604079863e-06 2.750135392056657923e-07 7.151994414092847364e+03 3.773164432060015283e+00 -7.517696993264048055e-01 -1.256176255772584530e-02 -9.116614881446696295e-01
1.000000000000000000e+00 1.871735624365881279e+02 1.974367088928422049e+02 -6.335602911453574197e+05 -6.554851013768517969e+13 5.953719887631132817e-06 6.276299704791101811e-06 3.597144469560441461e-07 2.886737186335537444e+03 1.516823001575837049e+00 9.642189705072045092e-01 -5.049858356754242418e-03 -1.096092955775697542e+00
1.000000000000000000e+00 2.563442772541119439e+02 1.810863648875321701e+02 -6.359881348213852616e+05 -6.605184488996056250e+13 8.185186549161709829e-06 5.778599360758255679e-06 4.789013483979331138e-07 -1.040039274076687616e+04 -5.442939421709918513e+00 -3.084315138008553725e-01 1.812054232379035554e-02 -1.843346808042437335e+00
1.000000000000000000e+00 3.194084131832545950e+02 1.604386568733617651e+02 -6.384160073022017023e+05 -6.655711077069780469e+13 1.023778632292338850e-05 5.139260197650950329e-06 6.213070034056971011e-07 8.563021714458231145e+03 4.463482772036146073e+00 -6.256883050484373099e-01 -1.485998232344343077e-02 -1.067019990044432154e+00
1.000000000000000000e+00 3.748295191175279797e+02 1.359385881477795408e+02 -6.408439059202971403e+05 -6.706430729010900781e+13 1.205985223309261478e-05 4.371020414027727511e-06 7.731510682870754744e-07 1.048412626465254789e+03 5.443133887675941640e-01 9.954605426060705309e-01 -1.812187523944871039e-03 -9.360655992497675104e-01
1.000000000000000000e+00 4.211854214422025393e+02 1.081874187687673867e+02 -6.432718269637105986e+05 -6.757343373051425781e+13 1.360265877106755750e-05 3.491878398289481308e-06 9.196238822094570322e-07 -9.788638984826045998e+03 -5.061927157386530318e+00 -4.662405719714580177e-01 1.685209396070784862e-02 -1.816789612672796039e+00
1.000000000000000000e+00 4.573901125362199878e+02 7.783705338275079555e+01 -6.456997664240361191e+05 -6.808448929994444531e+13 1.482768473328236852e-05 2.521766302490188648e-06 1.046879965631460462e-06 9.717426860301215129e+03 5.005280985440036190e+00 -4.845503934996878703e-01 -1.666374266117326072e-02 -1.245321367658210665e+00
1.000000000000000000e+00 4.824879295194107840e+02 4.557435914181707659e+01 -6.481277201227184851e+05 -6.859747315769966406e+13 1.570012070771885704e-05 1.482070926197499450e-06 1.142363712756753144e-06 -8.223312387869356144e+02 -4.219046580820875469e-01 9.972733664636042050e-01 1.404532984582696625e-03 -8.210147477292697449e-01
1.000000000000000000e+00 4.957320684840378249e+02 1.220500230792146468e+01 -6.505556830803459743e+05 -6.911238427966689062e+13 1.619151293225133480e-05 3.983915900081224172e-07 1.196100226691610709e-06 -8.890957338659645757e+03 -4.543736154536671457e+00 -6.077940385024073189e-01 1.512694768371015616e-02 -1.731939293468227392e+00
1.000000000000000000e+00 4.967890842395648292e+02 -2.146011161079386653e+01 -6.529836499897151953e+05 -6.962922155603264062e+13 1.628659488560456556e-05 -7.031081053350093216e-07 1.202671346040662420e-06 1.060354817561545315e+04 5.397833544447666831e+00 -3.317433225004207120e-01 -1.797062800028350477e-02 -1.427034506731415187e+00
1.000000000000000000e+00 4.855176657245111187e+02 -5.462129391789276411e+01 -6.554116156898572808e+05 -7.014798389145221875e+13 1.597625973485405790e-05 -1.796238244292103420e-06 1.160964197764180015e-06 -2.696080632112681997e+03 -1.367135141533471598e+00 9.710323413345340882e-01 4.551378851243686671e-03 -7.602696542713281991e-01
1.000000000000000000e+00 4.620456844886192016e+02 -8.641501893959649294e+01 -6.578395746180620044e+05 -7.066867008789631250e+13 1.526022217870320316e-05 -2.852312116929067772e-06 1.074555869393127001e-06 -7.721272117640392935e+03 -3.900176651842828690e+00 -7.317058096141872969e-01 1.298442066708501742e-02 -1.599041171204752976e+00
1.000000000000000000e+00 4.269471656843060146e+02 -1.160334308026448156e+02 -6.602675215218638768e+05 -7.119127899659376562e+13 1.415304904726381222e-05 -3.844066474914300391e-06 9.520181050257455456e-07 1.120718781212724207e+04 5.639173095323188001e+00 -1.693936494507413681e-01 -1.877408886533529428e-02 -1.594569761565398869e+00
1.000000000000000000e+00 3.809962748399801171e+02 -1.427397812184611610e+02 -6.626954515966480831e+05 -7.171580954904467188e+13 1.267624607470885807e-05 -4.746208770953859709e-06 8.050806377285713542e-07 -4.549333649752401470e+03 -2.280323065906558089e+00 9.171531597739212005e-01 7.591547415050054794e-03 -7.594748739683773175e-01
1.000000000000000000e+00 3.252338682023404886e+02 -1.657990844938755117e+02 -6.651233598435592139e+05 -7.224226061931492188e+13 1.086060221876874173e-05 -5.533146258064156284e-06 6.480562019430135634e-07 -6.283107464885255467e+03 -3.137323536369281296e+00 -8.362837715865039101e-01 1.044473619029763316e-02 -1.430411089318484263e+00
1.000000000000000000e+00 2.611073962121600402e+02 -1.845989143360197602e+02 -6.675512419849087019e+05 -7.277063122284609375e+13 8.751041113378162204e-06 -6.183033104355425767e-06 4.971134501413654086e-07 1.150296710011300638e+04 5.721860870771863006e+00 7.158738655844154586e-04 -1.904936064152300615e-02 -1.730941189256460566e+00
1.000000000000000000e+00 1.901939714200138951e+02 -1.986577467595304540e+02 -6.699790946618043818e+05 -7.330092056255932812e+13 6.397553709519918204e-06 -6.678125523098788609e-06 3.676349441987848203e-07 -6.350875942639159803e+03 -3.147095794024436621e+00 8.351552260146872797e-01 1.047719106699355161e-02 -8.213684601074368041e-01
1.000000000000000000e+00 1.142506972649842112e+02 -2.075542893242282503e+02 -6.724069150084994035e+05 -7.383312793902190625e+13 3.856976317936433085e-06 -7.002477224921952001e-06 2.727738606790580019e-07 -4.578934085519970722e+03 -2.260455268986302890e+00 -9.186617239690019199e-01 7.525466242877090588e-03 -1.241714179684291208e+00
1.000000000000000000e+00 3.531706263861278927e+01 -2.110426188990127514e+02 -6.748347010461948812e+05 -7.436725283919721875e+13 1.196569487684887196e-06 -7.145874672782494201e-06 2.224487700509791495e-07 1.145299643838507836e+04 5.632641007502448005e+00 1.759063034000553638e-01 -1.875231287478361722e-02 -1.818897687829001963e+00
1.000000000000000000e+00 -4.458703058919849127e+01 -2.090450400086908758e+02 -6.772624519220775692e+05 -7.490329499283540625e+13 -1.516077808054495714e-06 -7.103701224260772278e-06 2.219662222837272400e-07 -8.049707457530225838e+03 -3.944033985708997658e+00 7.244851011832136312e-01 1.313034417506657794e-02 -9.440769085899179958e-01
1.000000000000000000e+00 -1.234206643982606408e+02 -2.015720646266808274e+02 -6.796901672748102574e+05 -7.544125423608432812e+13 -4.211674596463520585e-06 -6.874310624179155071e-06 2.715006075610190319e-07 -2.625769535051365892e+03 -1.281713317649153971e+00 -9.745929952051579637e-01 4.267031497980799948e-03 -1.053884891727577378e+00
1.000000000000000000e+00 -1.990423558812834415e+02 -1.888258801109616627e+02 -6.821178480186462402e+05 -7.598113068812318750e+13 -6.816490890140460582e-06 -6.462621957349410085e-06 3.659434800207566258e-07 1.101525790284719005e+04 5.356841446148466801e+00 3.514519231471322502e-01 -1.783410102362893712e-02 -1.842497064722347755e+00
1.000000000000000000e+00 -2.695170175736006968e+02 -1.711722688167426156e+02 -6.845454963052314706e+05 -7.652292474767948438e+13 -9.262846170368810051e-06 -5.879271900528596741e-06 4.956318370182912977e-07 -9.570620211739838851e+03 -4.637031848518444299e+00 5.858741035520665941e-01 1.543746392180656360e-02 -1.117586786449209724e+00
1.000000000000000000e+00 -3.330657447221265102e+02 -1.490481138898008737e+02 -6.869731146993817529e+05 -7.706663691300693750e+13 -1.148750335912641599e-05 -5.137526162993797685e-06 6.474177447076843065e-07 -4.701066224095771418e+02 -2.269280785828615976e-01 -9.992177457463692347e-01 7.554266060253440711e-04 -8.929545704896363345e-01
1.000000000000000000e+00 -3.879852699742924074e+02 -1.230527780407907272e+02 -6.894007066719543654e+05 -7.761226789449740625e+13 -1.342897619521716467e-05 -4.256483635163562763e-06 8.057046178231389826e-07 1.016052381475392576e+04 4.886588691452375954e+00 5.202385687530856062e-01 -1.626851516502058823e-02 -1.791879751795401043e+00
1.000000000000000000e+00 -4.329360452721291495e+02 -9.390137995173571994e+01 -6.918282765250193188e+05 -7.815981860136475000e+13 -1.503758157500244412e-05 -3.259553428967605264e-06 9.545513120046437811e-07 -1.082205874784873959e+04 -5.185651166811154233e+00 4.226742284472184696e-01 1.726392527035991095e-02 -1.321029267862218859e+00
1.000000000000000000e+00 -4.668613498730889546e+02 -6.232480694625785134e+01 -6.942558288539221976e+05 -7.870929002296556250e+13 -1.627284164033942530e-05 -2.171042361952407530e-06 1.079058266081857673e-06 1.805239066779743553e+03 8.618619676260144136e-01 -9.885952728375774212e-01 -2.869392595439791780e-03 -7.857917815279746865e-01
1.000000000000000000e+00 -4.888880626799769402e+02 -2.915469317458112286e+01 -6.966833689165994292e+05 -7.926068331399423438e+13 -1.710018537380915657e-05 -1.019135053341853293e-06 1.166602035739030583e-06 8.890663153948482432e+03 4.229144669606287543e+00 6.735721184873979528e-01 -1.407973475783010943e-02 -1.669128190112763477e+00
1.000000000000000000e+00 -4.985833528082312114e+02 4.733388303875418757e+00 -6.991109023174163885e+05 -7.981399972492026562e+13 -1.750007018952127734e-05 1.660374401439502064e-07 1.209082242244943245e-06 -1.171567419212658206e+04 -5.552733477753564628e+00 2.413622954869386605e-01 1.848602113617368176e-02 -1.524222443237407409e+00
1.000000000000000000e+00 -4.958336153065446297e+02 3.851784444125225093e+01 -7.015384343072216725e+05 -8.036924044298779688e+13 -1.746398613153714487e-05 1.355817593107208302e-06 1.202954279667278811e-06 4.088889192636782354e+03 1.930953260859467502e+00 -9.413407828013368173e-01 -6.428633605491606076e-03 -7.524202077921025023e-01
1.000000000000000000e+00 -4.807248469745616717e+02 7.134502873309467930e+01 -7.039659702473914949e+05 -8.092640669750514062e+13 -1.699042246510715947e-05 2.520015453426826737e-06 1.148811817156805176e-06 7.248840853657512525e+03 3.410888617080489738e+00 8.028966932312321392e-01 -1.135558440183216493e-02 -1.491121410696759186e+00
1.000000000000000000e+00 -4.537714734334231252e+02 1.023874554061795976e+02 -7.063935156481119338e+05 -8.148549976911514062e+13 -1.609310468065316336e-05 3.628952425253525864e-06 1.052484353694850534e-06 -1.218822540682096769e+04 -5.714492055712832475e+00 5.087574882996048764e-02 1.902456013476213487e-02 -1.694415772578242052e+00
1.000000000000000000e+00 -4.157595456614183149e+02 1.309318817663102550e+02 -7.088210753133097896e+05 -8.204652079243535938e+13 -1.479567534210464857e-05 4.656609850621043251e-06 9.239738139194801474e-07 6.260712580802010962e+03 2.924857372355016860e+00 -8.594821215870650510e-01 -9.737560993672619153e-03 -7.990195577664381821e-01
1.000000000000000000e+00 -3.676170873694369448e+02 1.562874504101565947e+02 -7.112486538814014057e+05 -8.260947087887153125e+13 -1.312722984142886846e-05 5.577420451214784605e-06 7.758802193701644990e-07 5.315115959084382666e+03 2.474246619693541760e+00 9.016691385851420826e-01 -8.237310820438135256e-03 -1.286421077757367248e+00
1.000000000000000000e+00 -3.106266287551950427e+02 1.778409695448795276e+02 -7.136762554387348937e+05 -8.317435102585987500e+13 -1.113001816068689964e-05 6.368261463121100456e-06 6.229210604863605504e-07 -1.221568394107154381e+04 -5.666342829920539614e+00 -1.390161941785440503e-01 1.886427894189681570e-02 -1.805328488858013891e+00
1.000000000000000000e+00 -2.462435696909194860e+02 1.951322895608722945e+02 -7.161038831504399423e+05 -8.374116202834221875e+13 -8.853130562263492997e-06 7.011210237738214273e-06 4.799202770236389138e-07 8.214291087936670010e+03 3.796779950559736605e+00 -7.481292268563202175e-01 -1.264038380039356028e-02 -9.159288124218523119e-01
1.000000000000000000e+00 -1.759688794407613557e+02 2.077553936172845113e+02 -7.185315398713870673e+05 -8.430990461848964062e+13 -6.348010649839026814e-06 7.490071520383515028e-06 3.602934309720256358e-07 3.190174121602065952e+03 1.469350574316828695e+00 9.664616320785468506e-01 -4.891813425189377694e-03 -1.087407433147568048e+00
1.000000000000000000e+00 -1.015549664777628749e+02 2.154105804600690988e+02 -7.209592279455402168e+05 -8.488057941722720312e+13 -3.675934921909067707e-06 7.792298073325032819e-06 2.755505775693337557e-07 -1.181337875074965268e+04 -5.421959256078880074e+00 -3.195188950639742953e-01 1.805069638648658381e-02 -1.843560213001107284e+00
1.000000000000000000e+00 -2.480910314950572015e+01 2.179679642356620377e+02 -7.233869486007953528e+05 -8.545318678923429688e+13 -9.010267314318092595e-07 7.911360195551995169e-06 2.337690407741214297e-07 9.873130434216289359e+03 4.515578759153394905e+00 -6.141645387935511513e-01 -1.503342102131054701e-02 -1.081642575209185608e+00
1.000000000000000000e+00 5.252346964485891334e+01 2.153621140514091508e+02 -7.258147023811115650e+05 -8.602772694095739062e+13 1.913969930911253916e-06 7.843012151427072157e-06 2.387124744725731007e-07 9.746934243036437238e+02 4.442304397283488582e-01 9.969772017330318370e-01 -1.478992490372976537e-03 -9.219450786108080997e-01
1.000000000000000000e+00 1.285564910593450065e+02 2.076425192479600526e+02 -7.282424892618112499e+05 -8.660419994532217188e+13 4.700304200596553986e-06 7.587175406672364490e-06 2.897919819863040524e-07 -1.102420597076133890e+04 -5.006965471714531546e+00 -4.840281298142735666e-01 1.666911749410758883e-02 -1.809540653992306014e+00
1.000000000000000000e+00 2.014679003371413728e+02 1.950270605591298647e+02 -7.306703082121988991e+05 -8.718260563510379688e+13 7.390660653819104279e-06 7.149968947683418639e-06 3.821513493780782256e-07 1.119445049274045959e+04 5.066666165781062325e+00 -4.646553188390264433e-01 -1.686810648533508539e-02 -1.269922827744790705e+00
1.000000000000000000e+00 2.696028952080383760e+02 1.777908350308850345e+02 -7.330981577574814437e+05 -8.776294373347889062e+13 9.922991556833360966e-06 6.539722477580503386e-06 5.071014204768025195e-07 -1.247169732318218394e+03 -5.625258736229152845e-01 9.951512463471705594e-01 1.872687001559405215e-03 -8.085058758190352135e-01
1.000000000000000000e+00 3.312736213244266992e+02 1.563157073896473150e+02 -7.355260358385816216e+05 -8.834521381858882812e+13 1.223322173123161627e-05 5.768839969636181221e-06 6.525156628488182373e-07 -9.901303533212716502e+03 -4.450531795661169632e+00 -6.285050240718390580e-01 1.481665380209671451e-02 -1.713915909245257607e+00
1.000000000000000000e+00 3.849690888497690366e+02 1.311346672750396749e+02 -7.379539391462099738e+05 -8.892941516072337500e+13 1.426300572368216240e-05 4.855507116171902280e-06 8.043501976089122387e-07 1.216253430785716409e+04 5.448178587144865581e+00 -3.055735645692082003e-01 -1.813823601167112443e-02 -1.456101101764034844e+00
1.000000000000000000e+00 4.294425378044931563e+02 1.028148911654253368e+02 -7.403818641324542696e+05 -8.951554696197551562e+13 1.596308310716869542e-05 3.819439306195847866e-06 9.482521143330214089e-07 -3.414869864586024960e+03 -1.524453685046952112e+00 9.638514737437744451e-01 5.075120960261288693e-03 -7.558020196830382842e-01
1.000000000000000000e+00 4.635131919836594534e+02 7.200602524231494783e+01 -7.428098068956199568e+05 -9.010360832735685938e+13 1.728604622005326029e-05 2.683701989883675320e-06 1.070092627511938848e-06 -8.492483187572515817e+03 -3.778267098130954516e+00 -7.509891663697857433e-01 1.257856082223157701e-02 -1.572402853115554944e+00
1.000000000000000000e+00 4.862766242219631749e+02 3.947496770128773136e+01 -7.452377627895058831e+05 -9.069359816829451562e+13 1.819425128394902758e-05 1.476061517022131483e-06 1.157745867006280951e-06 1.277569628630805892e+04 5.664550546612155735e+00 -1.411819136886586779e-01 -1.885857376283142303e-02 -1.620232157392516248e+00
1.000000000000000000e+00 4.971726491625224753e+02 5.983197683429656522e+00 -7.476657269314860459e+05 -9.128551532374646875e+13 1.866253537279084377e-05 2.244546701478277116e-07 1.202504189662537501e-06 -5.489560640256629085e+03 -2.425751916803674302e+00 9.056854640231728482e-01 8.075706420995481735e-03 -7.652873574037185600e-01
