5.400000028949444823e+04 1.406797923335931792e-07 9.999999999999999547e-08
5.400917831013478281e+04 -1.259948758910688741e-07 9.999999999999999547e-08
5.401835632420548791e+04 2.337301093680103128e-07 9.999999999999999547e-08
5.402753431063662720e+04 4.539382987321355555e-08 9.999999999999999547e-08
5.403671224763127975e+04 1.969180628978424867e-07 9.999999999999999547e-08
5.404589011432308325e+04 8.903499739335169004e-08 9.999999999999999547e-08
5.405506789266238047e+04 2.012588763685827500e-07 9.999999999999999547e-08
5.406424556451469834e+04 3.957514749684242103e-08 9.999999999999999547e-08
5.407342311488218547e+04 1.012577783607898139e-07 9.999999999999999547e-08
5.408260053376773431e+04 -4.497398557136082836e-08 9.999999999999999547e-08
5.409177781279518967e+04 5.443557281221780764e-10 9.999999999999999547e-08
5.410095494771425001e+04 1.118527936403511436e-07 9.999999999999999547e-08
5.411013193868628150e+04 -1.078238798936941239e-07 9.999999999999999547e-08
5.411930878953565843e+04 3.431374944606218266e-08 9.999999999999999547e-08
5.412848550684889051e+04 -1.108418647580873580e-07 9.999999999999999547e-08
5.413766210365935694e+04 4.150858505439726457e-08 9.999999999999999547e-08
5.414683859409349679e+04 3.145290427566208130e-08 9.999999999999999547e-08
5.415601499389347009e+04 -1.816135101068602441e-07 9.999999999999999547e-08
5.416519132392654865e+04 3.998379467701295019e-08 9.999999999999999547e-08
5.417436760419606435e+04 1.059270421338043385e-07 9.999999999999999547e-08
5.418354385726897453e+04 -2.875500677471846262e-08 9.999999999999999547e-08
5.419272010628743737e+04 6.334585900240547593e-08 9.999999999999999547e-08
5.420189637219037104e+04 -7.557045909535923899e-08 9.999999999999999547e-08
5.421107267605930247e+04 7.326714335488234878e-10 9.999999999999999547e-08
5.422024903875117889e+04 -1.702206550328805322e-09 9.999999999999999547e-08
5.422942547897031909e+04 1.711124081005286246e-07 9.999999999999999547e-08
5.423860201233188855e+04 1.404900070518700030e-07 9.999999999999999547e-08
5.424777865321850550e+04 -1.230025036421294074e-07 9.999999999999999547e-08
5.425695541269794194e+04 1.267895671182719549e-07 9.999999999999999547e-08
5.426613229852339282e+04 -2.981577686192770334e-09 9.999999999999999547e-08
5.427530931796832010e+04 9.303025049493671697e-08 9.999999999999999547e-08
5.428448647266559419e+04 3.823688833938183338e-08 9.999999999999999547e-08
5.429366376122500515e+04 8.712045438818079459e-08 9.999999999999999547e-08
5.430284118136062898e+04 -7.973670789601897073e-08 9.999999999999999547e-08
5.431201872538361931e+04 -3.802677356899088574e-08 9.999999999999999547e-08
5.432119638469049823e+04 -2.284856969949745648e-08 9.999999999999999547e-08
5.433037414767063456e+04 -3.748806888657754042e-08 9.999999999999999547e-08
5.433955199858933338e+04 -3.890264104172217191e-08 9.999999999999999547e-08
5.434872992097507813e+04 2.127440890643125524e-08 9.999999999999999547e-08
5.435790789684010088e+04 -5.132035080792133131e-08 9.999999999999999547e-08
5.436708590540059959e+04 -1.283106132251921685e-07 9.999999999999999547e-08
5.437626392593779747e+04 -1.189035913522253128e-08 9.999999999999999547e-08
5.438544193661719328e+04 -3.154987689183192985e-09 9.999999999999999547e-08
5.439461991461589787e+04 -2.072552021773756642e-07 9.999999999999999547e-08
5.440379783891102852e+04 -5.973724407655575017e-08 9.999999999999999547e-08
5.441297568995142501e+04 6.268412979002556404e-08 9.999999999999999547e-08
5.442215344783914043e+04 -1.466748585055605043e-07 9.999999999999999547e-08
5.443133109619549941e+04 -6.541883597840780571e-08 9.999999999999999547e-08
5.444050862139733363e+04 -9.406906563712450236e-08 9.999999999999999547e-08
5.444968601248542836e+04 -1.795297558881175970e-07 9.999999999999999547e-08
5.445886326254364394e+04 4.838914127474606118e-08 9.999999999999999547e-08
5.446804036877377803e+04 -8.140803602411432161e-08 9.999999999999999547e-08
5.447721733131443034e+04 -7.083884329947771279e-08 9.999999999999999547e-08
5.448639415400057624e+04 -1.066037116886331838e-07 9.999999999999999547e-08
5.449557084681712149e+04 -2.738158275587664026e-08 9.999999999999999547e-08
5.450474742079948919e+04 6.171525913167107999e-08 9.999999999999999547e-08
5.451392389104225731e+04 4.106393325496177247e-08 9.999999999999999547e-08
5.452310027587705554e+04 -1.950360410912651035e-08 9.999999999999999547e-08
5.453227659344038693e+04 5.226273445292558737e-08 9.999999999999999547e-08
5.454145286643755389e+04 1.996606612357857605e-08 9.999999999999999547e-08
5.455062911743944278e+04 -3.260424697426979396e-08 9.999999999999999547e-08
5.455980536735509668e+04 -2.267306030179770663e-08 9.999999999999999547e-08
5.456898163865027163e+04 -2.111728826444510715e-07 9.999999999999999547e-08
5.457815795290779351e+04 -1.664677418856259312e-07 9.999999999999999547e-08
5.458733432935547171e+04 -1.553312927105291179e-07 9.999999999999999547e-08
5.459651078672808944e+04 -1.021735689730110261e-07 9.999999999999999547e-08
5.460568734109382058e+04 -5.959637469155989083e-08 9.999999999999999547e-08
5.461486400421006692e+04 1.288209414390168956e-07 9.999999999999999547e-08
5.462404078757578100e+04 -7.555429375609742915e-08 9.999999999999999547e-08
5.463321770022309647e+04 -4.970486657909408987e-08 9.999999999999999547e-08
5.464239474616777443e+04 -1.195147792115242316e-07 9.999999999999999547e-08
5.465157192733994452e+04 -3.971993540206323684e-08 9.999999999999999547e-08
5.466074924285942689e+04 4.506705908670678384e-08 9.999999999999999547e-08
5.466992668741903617e+04 -1.376709744761982179e-07 9.999999999999999547e-08
5.467910425495317031e+04 7.247192780385060072e-08 9.999999999999999547e-08
5.468828193629082671e+04 4.643439486089155501e-08 9.999999999999999547e-08
5.469745971760498651e+04 -1.291512108668067828e-07 9.999999999999999547e-08
5.470663758371963195e+04 6.530228493202744519e-08 9.999999999999999547e-08
5.471581551850987307e+04 5.097727507240457365e-08 9.999999999999999547e-08
5.472499350212782156e+04 -2.411163394441132829e-07 9.999999999999999547e-08
5.473417151502893103e+04 1.344750312701767738e-07 9.999999999999999547e-08
5.474334953544085147e+04 6.368931997685140169e-08 9.999999999999999547e-08
5.475252754057802667e+04 -8.432703442796279002e-08 9.999999999999999547e-08
5.476170550928196462e+04 1.107025352791108055e-07 9.999999999999999547e-08
5.477088342098672001e+04 1.192126416728393427e-07 9.999999999999999547e-08
5.478006125435894501e+04 -6.670844008893371689e-09 9.999999999999999547e-08
5.478923899141595030e+04 -4.462559101934798352e-08 9.999999999999999547e-08
5.479841661653123447e+04 1.719985626073355965e-07 9.999999999999999547e-08
5.480759411492713116e+04 1.631470946338704839e-07 9.999999999999999547e-08
5.481677147834283096e+04 -1.032440503352969373e-07 9.999999999999999547e-08
5.482594870040112437e+04 -7.109601915137028637e-08 9.999999999999999547e-08
5.483512578873971506e+04 2.335179655326328121e-07 9.999999999999999547e-08
5.484430272237163445e+04 8.627145916772889789e-08 9.999999999999999547e-08
5.485347951878477761e+04 1.353584565638616537e-07 9.999999999999999547e-08
5.486265618623951741e+04 1.767104440929494728e-07 9.999999999999999547e-08
5.487183273839999310e+04 2.778953907773319558e-07 9.999999999999999547e-08
5.488100919017973501e+04 1.022006165247486367e-07 9.999999999999999547e-08
5.489018555925972760e+04 7.165358374615488046e-08 9.999999999999999547e-08
5.489936186642001849e+04 -3.807841867884033417e-08 9.999999999999999547e-08
5.490853813345920207e+04 3.271665050894727371e-07 9.999999999999999547e-08
5.491771438170935289e+04 1.569179805918259002e-07 9.999999999999999547e-08
5.492689063415782584e+04 4.774000843062210587e-08 9.999999999999999547e-08
5.493606691264033725e+04 1.485403460042559069e-07 9.999999999999999547e-08
5.494524323694145278e+04 4.489931744943154165e-08 9.999999999999999547e-08
5.495441962807482196e+04 1.569901997698267532e-07 9.999999999999999547e-08
5.496359610360692022e+04 5.708525403972098756e-08 9.999999999999999547e-08
5.497277267782393028e+04 -7.878778148740310334e-08 9.999999999999999547e-08
5.498194936418962607e+04 6.644162644077929646e-08 9.999999999999999547e-08
5.499112617327230691e+04 1.862203363066733447e-08 9.999999999999999547e-08
5.500030311139394325e+04 -5.906942661951878047e-08 9.999999999999999547e-08
5.500948018429524382e+04 1.163289131001075659e-07 9.999999999999999547e-08
5.501865739258328540e+04 -7.109349987771909506e-08 9.999999999999999547e-08
5.502783473339125339e+04 -1.067655750207223019e-07 9.999999999999999547e-08
5.503701220338734856e+04 8.177350600299547535e-08 9.999999999999999547e-08
5.504618979452962230e+04 5.009405971819064063e-08 9.999999999999999547e-08
5.505536749634809530e+04 -3.429887838363866781e-08 9.999999999999999547e-08
5.506454529589016602e+04 3.130762616177664047e-08 9.999999999999999547e-08
5.507372317728099733e+04 2.463452672066216858e-07 9.999999999999999547e-08
5.508290112288922683e+04 -9.549329500793203168e-08 9.999999999999999547e-08
5.509207911403575417e+04 5.186636873180462414e-08 9.999999999999999547e-08
5.510125713017599628e+04 1.141096429528778327e-07 9.999999999999999547e-08
5.511043514889021753e+04 3.995881187997195751e-08 9.999999999999999547e-08
5.511961314845216111e+04 -3.625992298162115889e-08 9.999999999999999547e-08
5.512879110730390676e+04 2.322285713615778313e-08 9.999999999999999547e-08
5.513796900425662170e+04 1.649567728733104829e-07 9.999999999999999547e-08
5.514714682017466112e+04 -2.003893417199921679e-07 9.999999999999999547e-08
5.515632453614001861e+04 3.363900398648444015e-08 9.999999999999999547e-08
5.516550213612947846e+04 -2.572746966439777770e-08 9.999999999999999547e-08
5.517467960830027005e+04 -2.308941766649284399e-07 9.999999999999999547e-08
5.518385694380170025e+04 -7.730455912526347212e-08 9.999999999999999547e-08
5.519303413654150791e+04 -1.858721831850520958e-08 9.999999999999999547e-08
5.520221118468162604e+04 -1.829939130385645625e-08 9.999999999999999547e-08
5.521138809056968603e+04 -2.137328845530045988e-07 9.999999999999999547e-08
5.522056485988344502e+04 -2.477434446636325260e-08 9.999999999999999547e-08
5.522974150334628939e+04 -3.623724951876042382e-08 9.999999999999999547e-08
5.523891803427975537e+04 -1.103544902763170638e-07 9.999999999999999547e-08
5.524809446742844739e+04 -7.532126094336210678e-08 9.999999999999999547e-08
5.525727082272576081e+04 -1.509414583733260610e-07 9.999999999999999547e-08
5.526644711976238614e+04 3.704296256818748156e-08 9.999999999999999547e-08
5.527562338077987806e+04 -1.383103960452454986e-08 9.999999999999999547e-08
5.528479962838304345e+04 1.458069881521257105e-08 9.999999999999999547e-08
5.529397588441698463e+04 -3.363546965549128622e-08 9.999999999999999547e-08
5.530315216945558495e+04 -1.271135383619338440e-07 9.999999999999999547e-08
5.531232850584022526e+04 -1.568999604373383797e-07 9.999999999999999547e-08
5.532150491275033710e+04 -4.242080669561261028e-08 9.999999999999999547e-08
5.533068140623314684e+04 -4.145655470561865467e-08 9.999999999999999547e-08
5.533985800173384632e+04 -2.117598193457651656e-08 9.999999999999999547e-08
5.534903471193326550e+04 -2.651972716828407978e-09 9.999999999999999547e-08
5.535821154546576872e+04 -8.237333771146293917e-08 9.999999999999999547e-08
5.536738851071368117e+04 1.555544237281179028e-07 9.999999999999999547e-08
5.537656561045864510e+04 1.320101319419557748e-07 9.999999999999999547e-08
5.538574284454929148e+04 1.682158732200699509e-07 9.999999999999999547e-08
5.539492021178318828e+04 1.264979611931464246e-07 9.999999999999999547e-08
5.540409770685154217e+04 -4.075199784116846395e-08 9.999999999999999547e-08
5.541327532074986811e+04 1.276177783311015134e-07 9.999999999999999547e-08
5.542245304343190946e+04 2.865189185447779353e-08 9.999999999999999547e-08
5.543163086013228167e+04 2.555821840487193211e-07 9.999999999999999547e-08
5.544080875550020573e+04 1.192071832465950926e-07 9.999999999999999547e-08
5.544998671180824749e+04 1.496887689696716085e-08 9.999999999999999547e-08
5.545916470955617842e+04 -7.124066744684293269e-08 9.999999999999999547e-08
5.546834272760427120e+04 9.870365475742240404e-08 9.999999999999999547e-08
5.547752074443495076e+04 -1.403346864833925095e-07 9.999999999999999547e-08
5.548669873772967549e+04 4.199401917060746525e-09 9.999999999999999547e-08
5.549587668562134058e+04 7.986326675697869785e-08 9.999999999999999547e-08
5.550505456830215553e+04 7.087491824846543995e-08 9.999999999999999547e-08
5.551423236539011850e+04 -1.320793925479625082e-08 9.999999999999999547e-08
5.552341005865202897e+04 2.110204860079549785e-08 9.999999999999999547e-08
5.553258763453758002e+04 1.367047983909531529e-07 9.999999999999999547e-08
5.554176508019422181e+04 -1.521538047585487398e-08 9.999999999999999547e-08
5.555094238726289768e+04 2.967580323616945826e-07 9.999999999999999547e-08
5.556011955146420951e+04 -1.003554931547337183e-07 9.999999999999999547e-08
5.556929657062852493e+04 9.441123233473211328e-08 9.999999999999999547e-08
5.557847344826501649e+04 7.313134768205026162e-08 9.999999999999999547e-08
5.558765019194450724e+04 -3.696133075400735716e-08 9.999999999999999547e-08
5.559682681194233010e+04 4.065623080241044171e-08 9.999999999999999547e-08
5.560600332138439990e+04 -1.885153211240949630e-08 9.999999999999999547e-08
5.561517973789602547e+04 -1.830745838548164779e-07 9.999999999999999547e-08
5.562435607951429847e+04 7.617924892105142070e-08 9.999999999999999547e-08
5.563353236755395483e+04 1.670322344829513047e-07 9.999999999999999547e-08
5.564270862461099750e+04 -1.311094721922533721e-08 9.999999999999999547e-08
5.565188487184768019e+04 -1.142312325465605759e-07 9.999999999999999547e-08
5.566106113139438821e+04 -4.244746900842106604e-08 9.999999999999999547e-08
5.567023742554012279e+04 -2.375144079413206705e-07 9.999999999999999547e-08
5.567941377451557491e+04 4.482394917936669620e-08 9.999999999999999547e-08
5.568859019678101322e+04 -5.259300388071545474e-08 9.999999999999999547e-08
5.569776671024734242e+04 -2.888957797558633044e-08 9.999999999999999547e-08
5.570694332740058599e+04 -1.376483010133374828e-07 9.999999999999999547e-08
5.571612006126374763e+04 -2.548692642454445077e-07 9.999999999999999547e-08
5.572529692101651017e+04 1.108583644259566392e-08 9.999999999999999547e-08
5.573447391255899856e+04 -1.112740251590023571e-07 9.999999999999999547e-08
5.574365103893960622e+04 4.231349298595329341e-08 9.999999999999999547e-08
5.575282830068748444e+04 -1.960429648532721711e-07 9.999999999999999547e-08
5.576200569342009840e+04 -7.872836861712914725e-08 9.999999999999999547e-08
5.577118321273732727e+04 -1.578230642910295261e-07 9.999999999999999547e-08
5.578036084961556480e+04 -7.574218958258220848e-08 9.999999999999999547e-08
5.578953859206138441e+04 -2.864307245475851320e-07 9.999999999999999547e-08
5.579871642550603428e+04 -9.930915483160505825e-08 9.999999999999999547e-08
5.580789433497348364e+04 -8.166206278394290936e-08 9.999999999999999547e-08
5.581707230112597608e+04 -5.765842343538000224e-08 9.999999999999999547e-08
5.582625030458875699e+04 -1.176154568179959409e-07 9.999999999999999547e-08
