1.000000000000000000e+00 4.916569047900953819e+02 -6.023353220412849041e+00 -2.492974327434360981e+06 -1.076965221227004531e+14 6.627572973357369955e-06 -7.995085264323579264e-08 1.211307051204882667e-06 -1.032480629088758633e+03 -2.811192574499741248e+00 -9.505315051464884313e-01 6.549464244314001649e-02 5.565790787904543180e+00 5.478496064941433819e-01
1.000000000000000000e+00 4.925531204162087420e+02 -2.412806551103877339e+01 -2.515854890643584076e+06 -1.096824752820296406e+14 6.700592893159543110e-06 -3.232027545055866275e-07 1.218446099334932172e-06 -2.743288982359273177e+03 -7.446935100655291961e+00 -5.707083702192992103e-01 1.728954666617602554e-01 8.697776420431301503e+00 1.450580582097223958e+00
1.000000000000000000e+00 4.812968102485195345e+02 -4.163051394824025664e+01 -2.538735437474898063e+06 -1.116865708518450156e+14 6.607010515759974625e-06 -5.627249606908880799e-07 1.169043273298751173e-06 -3.346988065763286613e+03 -9.058606515240786194e+00 4.018819101673649918e-02 2.103426945345134025e-01 3.248686333910387969e+00 1.770045640067470005e+00
1.000000000000000000e+00 4.580877175663294452e+02 -5.811614422749186559e+01 -2.561615915401488543e+06 -1.137088041299082500e+14 6.345081863280224325e-06 -7.926432535013054687e-07 1.067696212801646786e-06 -2.597640216435087950e+03 -7.009569223934436266e+00 6.348581572403850792e-01 1.628267294099780549e-01 -2.859540370011321109e+00 1.374287616256052891e+00
1.000000000000000000e+00 4.233432460011731564e+02 -7.314869787672178347e+01 -2.584496270084243733e+06 -1.157491700850399531e+14 5.916203642981164506e-06 -1.006582721255621548e-06 9.238604739893679774e-07 -7.873460429884853511e+02 -2.118297400883454529e+00 9.727805005727736543e-01 4.950444793000608606e-02 -7.576663056247530115e-01 4.190706065215484832e-01
1.000000000000000000e+00 3.779173190910881317e+02 -8.632300103220397602e+01 -2.607376449503834359e+06 -1.178076637233308906e+14 5.328133563240550323e-06 -1.198387390105023226e-06 7.518007120874286074e-07 1.361778722780890803e+03 3.652923853934942677e+00 9.161482591472159820e-01 -8.384705478057662142e-02 6.510446909095131574e+00 -7.118983726614495078e-01
1.000000000000000000e+00 3.229047671062616018e+02 -9.731633969065389067e+01 -2.630256408662966918e+06 -1.198842805259897188e+14 4.592478305662751657e-06 -1.362858649732831027e-06 5.684770166784965723e-07 2.975141414394069216e+03 7.957163754412206025e+00 4.865207629190272387e-01 -1.830042417546564881e-01 8.329274672804665158e+00 -1.558384919865507534e+00
1.000000000000000000e+00 2.595852178585898287e+02 -1.058177689643214734e+02 -2.653136102352863178e+06 -1.219790158120590469e+14 3.724037593527344228e-06 -1.494806892796167644e-06 3.920185400866387487e-07 3.381660655108543324e+03 9.017810613681367826e+00 -1.417569799680097331e-01 -2.073573412853198239e-01 2.014940809077490069e+00 -1.770975663465175653e+00
1.000000000000000000e+00 1.896116090892263344e+02 -1.115820379659427601e+02 -2.676015493184294552e+06 -1.240918654824091875e+14 2.743646258983097526e-06 -1.589827022624141931e-06 2.405842242436909794e-07 2.403589894397118314e+03 6.390806002995050861e+00 -7.119610807723184553e-01 -1.468742972583002016e-01 -3.155414268303276870e+00 -1.258098949627802998e+00
1.000000000000000000e+00 1.147765784840706971e+02 -1.144731578003839161e+02 -2.698894556234718766e+06 -1.262228264854220469e+14 1.674995948374013508e-06 -1.644964547135693154e-06 1.296534511558877032e-07 4.394200363277504380e+02 1.164938652309389866e+00 -9.913782831080710789e-01 -2.639066244512341952e-02 4.100521508046208186e-01 -2.267207947732100271e-01
1.000000000000000000e+00 3.694143586659322409e+01 -1.143902671747319602e+02 -2.721773270622603595e+06 -1.283718960716296719e+14 5.436761552767492588e-07 -1.657707799606660927e-06 7.041639259265845056e-08 -1.706790552851741950e+03 -4.511646860916489921e+00 -8.674367134688920622e-01 1.048539604121096341e-01 7.470625415620923526e+00 9.034294287265276502e-01
1.000000000000000000e+00 -4.180231854595405849e+01 -1.113186007650546259e+02 -2.744651625752052292e+06 -1.305390724037426875e+14 -6.203862557058505867e-07 -1.626754169413902558e-06 6.895033391352952912e-08 -3.164710100515515023e+03 -8.341116436503327236e+00 -3.921542103645798694e-01 1.936538313344703666e-01 7.733259905422631419e+00 1.673401316330836330e+00
1.000000000000000000e+00 -1.193941729439377042e+02 -1.053613359472698505e+02 -2.767529622025382705e+06 -1.327243546657765781e+14 -1.786693176625075587e-06 -1.552531814393600496e-06 1.253467915701169924e-07 -3.347965947015500205e+03 -8.798534800210397577e+00 2.413726326888609441e-01 2.043198517811415094e-01 8.370535405498740200e-01 1.770702106465777970e+00
1.000000000000000000e+00 -1.938759438774310411e+02 -9.665835896328722754e+01 -2.790407268976618536e+06 -1.349277429261479688e+14 -2.925270887866816384e-06 -1.436064590826187662e-06 2.337484606233982604e-07 -2.178502596512427317e+03 -5.708607043662571989e+00 7.775418009314606360e-01 1.326622495550646430e-01 -3.223339399748777367e+00 1.153027202404238505e+00
1.000000000000000000e+00 -2.632412336104311521e+02 -8.543232507995666936e+01 -2.813284583025769796e+06 -1.371492379549152812e+14 -4.004443338621305041e-06 -1.279684336219299729e-06 3.826851503824546226e-07 -1.158472464528980765e+02 -3.026942514327247702e-01 9.998221755231244678e-01 7.507768523173096592e-03 1.440552000670260568e+00 6.544201750459040234e-02
1.000000000000000000e+00 -3.257001048155684657e+02 -7.200835362965135289e+01 -2.836161596664706711e+06 -1.393888421539919688e+14 -4.994861378045967316e-06 -1.087378684385018539e-06 5.566474007876933030e-07 2.014373335920538921e+03 5.248176554005660854e+00 8.172212184925597978e-01 -1.206301700697936796e-01 8.064636349305249752e+00 -1.054512496268973143e+00
1.000000000000000000e+00 -3.797276118925465767e+02 -5.672543481722526337e+01 -2.859038345110284630e+06 -1.416465582983575000e+14 -5.870386929692028528e-06 -8.635048385684439665e-07 7.379974657638595861e-07 3.342086102873970958e+03 8.682398680534490154e+00 3.024789542700805356e-01 -1.996774928973693297e-01 6.977447545287539299e+00 -1.750536976606995143e+00
1.000000000000000000e+00 -4.239039815105360276e+02 -3.997944077569530918e+01 -2.881914867607252672e+06 -1.439223896769907812e+14 -6.605766413666006292e-06 -6.134579857162151523e-07 9.080667814367426026e-07 3.312434024074025729e+03 8.580775156853615471e+00 -3.354680953452996439e-01 -1.972918529981531610e-01 -2.440630247588400636e-01 -1.734579181228358857e+00
1.000000000000000000e+00 -4.571596250745573116e+02 -2.223438357765884987e+01 -2.904791216177207883e+06 -1.462163409896135938e+14 -7.180544200028153195e-06 -3.438800474961857508e-07 1.049594972848146637e-06 1.928683381379612683e+03 4.981968477958772290e+00 -8.365576731069335192e-01 -1.144216096759381324e-01 -3.010067563917367739e+00 -1.008863196729893108e+00
1.000000000000000000e+00 -4.787841384751783380e+02 -3.930250044149679045e+00 -2.927667440687923227e+06 -1.485284168823913750e+14 -7.579421625663944025e-06 -6.126449893195312721e-08 1.148644406432087007e-06 -2.442067960583443949e+02 -6.290165426055635001e-01 -9.972193425595405891e-01 1.504157492401200086e-02 2.721950107041149369e+00 1.330004937061718406e-01
1.000000000000000000e+00 -4.882456202813324921e+02 1.447267702289601843e+01 -2.950543597398211248e+06 -1.508586228131744062e+14 -7.789596497920941895e-06 2.273619934099102880e-07 1.195311903581679437e-06 -2.321062177815321775e+03 -5.961545874096302988e+00 -7.536442457018822649e-01 1.384463466801202081e-01 8.570378173699110036e+00 1.227647398181955563e+00
1.000000000000000000e+00 -4.854080508147505952e+02 3.248600803840448492e+01 -2.973419744000856299e+06 -1.532069645660004375e+14 -7.804368464080893483e-06 5.143035595034441825e-07 1.185541747882689062e-06 -3.464128715217553690e+03 -8.872324487554914541e+00 -2.057749499820541172e-01 2.059981252825577591e-01 6.046029407369218234e+00 1.831825645488268872e+00
1.000000000000000000e+00 -4.704992897042420736e+02 4.968372342564173039e+01 -2.996295932696050499e+06 -1.555734475374973125e+14 -7.622865310448987654e-06 7.926214152702513782e-07 1.121097282437871817e-06 -3.214028228605799541e+03 -8.208576090454533514e+00 4.249998062370814456e-01 1.906372856502696334e-01 -1.180122146654055237e+00 1.700019752427586628e+00
1.000000000000000000e+00 -4.439112915665546666e+02 6.565271825706345510e+01 -3.019172216039477382e+06 -1.579580773270338125e+14 -7.247006447506543083e-06 1.055376841684331305e-06 1.008316549381782254e-06 -1.663554057648556181e+03 -4.236753984158728059e+00 8.846978974526998885e-01 9.855477805649369427e-02 -2.655029800898668579e+00 8.813443379887723195e-01
1.000000000000000000e+00 -4.063973302961816785e+02 7.998550298283292648e+01 -3.042048646026960108e+06 -1.603608596416250625e+14 -6.684848517249876898e-06 1.295520819375768541e-06 8.585956897433698302e-07 5.756589572653986124e+02 1.461985961150682245e+00 9.873534590690985491e-01 -3.327233255935879014e-02 3.769780316192880232e+00 -2.983799080064690190e-01
1.000000000000000000e+00 -3.590086000229341039e+02 9.236519689612677553e+01 -3.064925269287850242e+06 -1.627817997831456250e+14 -5.949758132703979606e-06 1.507284426258958509e-06 6.871412637607588561e-07 2.602824923488167769e+03 6.591858824628313407e+00 6.899079389047396704e-01 -1.515836477123043424e-01 8.764396982607555842e+00 -1.363181475922025321e+00
1.000000000000000000e+00 -3.028846210522793854e+02 1.025093863673211985e+02 -3.087802124750362244e+06 -1.652209023772140000e+14 -5.057096648096923390e-06 1.685311007156381123e-06 5.106168879698428639e-07 3.584547587154270786e+03 9.052857286026142702e+00 1.117378407973600996e-01 -2.081833363919682045e-01 5.019186772771012883e+00 -1.877409036065198711e+00
1.000000000000000000e+00 -2.394430639643285303e+02 1.101631373070479185e+02 -3.110679248269993812e+06 -1.676781718416472188e+14 -4.027467666781970019e-06 1.824561427444500248e-06 3.462043268079035049e-07 3.105777126566576499e+03 7.821919647038985346e+00 -5.120434032905863964e-01 -1.798233169936397924e-01 -1.990730312401912672e+00 -1.626174716322578817e+00
1.000000000000000000e+00 -1.702960738207623592e+02 1.151771815884661549e+02 -3.133556667438384145e+06 -1.701536118105200938e+14 -2.885471291135947823e-06 1.921635272125689521e-06 2.097689068221419382e-07 1.355557484485912482e+03 3.404521478197421125e+00 -9.269856791996651246e-01 -7.806114832993464592e-02 -1.979706781433095752e+00 -7.078823105150755524e-01
1.000000000000000000e+00 -9.704009519076898016e+01 1.174453188947195201e+02 -3.156434401584044099e+06 -1.726472251014874375e+14 -1.656237262434616186e-06 1.973783168916257125e-06 1.141843170124481521e-07 -9.503333870818711375e+02 -2.380194895981464942e+00 -9.646904020717212980e-01 5.552481006239644301e-02 5.025111886569794351e+00 5.049109767266081183e-01
1.000000000000000000e+00 -2.144757032802040797e+01 1.168988275348586257e+02 -3.179312468839540146e+06 -1.751590144617376875e+14 -3.687108207175869180e-07 1.978838404484039079e-06 6.867496390692803262e-08 -2.873871487530962895e+03 -7.178034929646525342e+00 -6.112053327832366323e-01 1.666562417226297443e-01 8.791658998017986448e+00 1.519664167377055675e+00
1.000000000000000000e+00 5.463018691513808278e+01 1.135782111479340841e+02 -3.202190873275569174e+06 -1.776889811353979688e+14 9.459201374965685223e-07 1.936462991509264703e-06 7.762277034780535258e-08 -3.639517486637099864e+03 -9.065400698731123086e+00 -1.064528087649965760e-02 2.104963649453459318e-01 3.858436344785889371e+00 1.924711622623738627e+00
1.000000000000000000e+00 1.294675568465899005e+02 1.075649229096354134e+02 -3.225069611426368821e+06 -1.802371255371489688e+14 2.257743574938338745e-06 1.847041805040531358e-06 1.401790671537294975e-07 -2.936959950860892604e+03 -7.295405764888635680e+00 5.943210339267459563e-01 1.694560178165792075e-01 -2.613464842808730371e+00 1.553709538236362375e+00
1.000000000000000000e+00 2.012675192785771685e+02 9.897790342504077898e+01 -3.247948677593198605e+06 -1.828034478193341875e+14 3.534739566197355679e-06 1.711647657753114809e-06 2.505010481402146210e-07 -1.038501449210219562e+03 -2.572586651551198589e+00 9.593868540986942861e-01 6.001869976358199105e-02 -1.239929432502142159e+00 5.518079344247655005e-01
1.000000000000000000e+00 2.682697294846763612e+02 8.803972082873094962e+01 -3.270828052607963327e+06 -1.853879465893690938e+14 4.744647523671099102e-06 1.533215963507124112e-06 3.981988232757838931e-07 1.300723619083233871e+03 3.213384070459275765e+00 9.358461081203953702e-01 -7.370604206177384932e-02 6.000082478637212446e+00 -6.795004423225733392e-01
1.000000000000000000e+00 3.289452514674855479e+02 7.500321786900398990e+01 -3.293707715022415388e+06 -1.879906201336002812e+14 5.858457016922414472e-06 1.315321488283414418e-06 5.694979538665802410e-07 3.131069065406829395e+03 7.714151678431891312e+00 5.315556467174714639e-01 -1.774143247453466576e-01 8.544939986048296632e+00 -1.640051249171795344e+00
1.000000000000000000e+00 3.817938590068202984e+02 6.014983091131838933e+01 -3.316587635891550686e+06 -1.906114658086443750e+14 6.846915772059826438e-06 1.062167111453877301e-06 7.479588932584060782e-07 3.692662358331203450e+03 9.073111284277366906e+00 -8.983731610068337869e-02 -2.086331155672492277e-01 2.644937183173791340e+00 -1.933885995475250752e+00
1.000000000000000000e+00 4.254616954877084254e+02 4.385062576438070892e+01 -3.339467775989215355e+06 -1.932504796894041250e+14 7.682672015462274970e-06 7.796864991826660114e-07 9.162563920309994090e-07 2.742379766201064740e+03 6.719988443861686811e+00 -6.744978906329581747e-01 -1.544544436076485394e-01 -3.034492476929500082e+00 -1.435567904906715819e+00
1.000000000000000000e+00 4.589214915253801337e+02 2.648822064104323459e+01 -3.362348094252346084e+06 -1.959076575123123750e+14 8.343641555470716653e-06 4.742009501089551744e-07 1.058509230158378994e-06 6.664232429026451427e+02 1.628615347002899227e+00 -9.834542390256665323e-01 -3.709315850967899453e-02 -1.441849335586644354e-01 -3.456922880893338323e-01
1.000000000000000000e+00 4.812631181914057947e+02 8.455876308693182963e+00 -3.385228545837886166e+06 -1.985829944400772188e+14 8.809375949194323536e-06 1.524100402273074976e-07 1.160745307913460749e-06 -1.684185091783751432e+03 -4.104769868052281723e+00 -8.916267916333752153e-01 9.543255799997450717e-02 7.061749109700078186e+00 8.917884292028450677e-01
1.000000000000000000e+00 4.918167011076448603e+02 -9.786450000153205764e+00 -3.408109078932406381e+06 -2.012764846698569375e+14 9.063403769280032403e-06 -1.775847341968707324e-07 1.212428830121217405e-06 -3.353885701249744670e+03 -8.152315833226825958e+00 -4.378593655888690650e-01 1.892691494442687028e-01 8.057157957499065049e+00 1.773418991589757354e+00
1.000000000000000000e+00 4.903113620912309329e+02 -2.779443767448238845e+01 -3.430989641884511802e+06 -2.039881222537302500e+14 9.096324264773348258e-06 -5.077433694147575286e-07 1.208314345145935502e-06 -3.669538429731072029e+03 -8.895718766646007580e+00 1.930974295759258497e-01 2.065725898391581050e-01 1.411574832871568708e+00 1.940739983275965974e+00
1.000000000000000000e+00 4.766537745977852865e+02 -4.513995675058947654e+01 -3.453870180261373520e+06 -2.067179007469981250e+14 8.901918537751278481e-06 -8.301070651715348728e-07 1.148184781887181496e-06 -2.499845386282000163e+03 -6.043975936472671506e+00 7.460440438799704754e-01 1.404368137573109299e-01 -3.222665832796993257e+00 1.322926307520960520e+00
1.000000000000000000e+00 4.510481183676410524e+02 -6.135970496851397371e+01 -3.476750637166131753e+06 -2.094658132354012188e+14 8.479514510149267740e-06 -1.135857284082955498e-06 1.037501618968079209e-06 -3.049785284087068362e+02 -7.353970958006739167e-01 9.970946485403338055e-01 1.751300930434128086e-02 8.895393757324123740e-01 1.654140502223792886e-01
1.000000000000000000e+00 4.141241914268069308e+02 -7.604043508460962641e+01 -3.499630960189302452e+06 -2.122318531684744062e+14 7.836595315536025862e-06 -1.416882397261888114e-06 8.873150079974697843e-07 2.035115303452200806e+03 4.894268764430325547e+00 8.433129927704170470e-01 -1.124729789792578288e-01 7.774041854074621227e+00 -1.065157100373719912e+00
1.000000000000000000e+00 3.666946967952357568e+02 -8.881742186834652841e+01 -3.522511100590357091e+06 -2.150160142774270000e+14 6.984439646356949450e-06 -1.665779429639316988e-06 7.120853978487167405e-07 3.563326359378301277e+03 8.546801356150353968e+00 3.458269789262730654e-01 -1.965614722411428983e-01 7.357631688977191331e+00 -1.866442649151652811e+00
1.000000000000000000e+00 3.098611269993310771e+02 -9.932621628820326976e+01 -3.545391008764228784e+06 -2.178182900326435625e+14 5.940264792190109644e-06 -1.874972889614495786e-06 5.290278465464653587e-07 3.640708084062962826e+03 8.709357866018457628e+00 -2.929430150395676002e-01 -2.002522671974694413e-01 2.356447464373620515e-01 -1.906520269912740595e+00
1.000000000000000000e+00 2.451042344764575773e+02 -1.072878059149419130e+02 -3.568270643879319075e+06 -2.206386748321630312e+14 4.729150886516180505e-06 -2.038332892211585360e-06 3.568961130761882922e-07 2.225978074833043593e+03 5.311002027284622784e+00 -8.118062424060514815e-01 -1.220026108596401343e-01 -3.120775453116897413e+00 -1.164602727784804781e+00
1.000000000000000000e+00 1.740131218190382185e+02 -1.125007185097186664e+02 -3.591149971973440610e+06 -2.234771637994886250e+14 3.379014925052004010e-06 -2.151076225192991884e-06 2.131670100370568730e-07 -1.011647774255152399e+02 -2.407372231104733251e-01 -9.992655112501555026e-01 6.070709466173522181e-03 2.209747839520388446e+00 5.810182789905637968e-02
1.000000000000000000e+00 9.837198814979555550e+01 -1.147926508539951413e+02 -3.614028965725550428e+06 -2.263337527822351250e+14 1.922372951560166855e-06 -2.208882811606471510e-06 1.125035347136769699e-07 -2.389176946451596905e+03 -5.670528965927772447e+00 -7.804625200190854484e-01 1.317012675482530093e-01 8.408420173079466764e+00 1.263801772845069005e+00
1.000000000000000000e+00 2.021567897693845950e+01 -1.141015132151822087e+02 -3.636907607893886045e+06 -2.292084388118251562e+14 3.975531236339574775e-07 -2.209482846367287895e-06 6.530477951548480351e-08 -3.712562485673683113e+03 -8.788471851922118105e+00 -2.457577072421404107e-01 2.040483364527989341e-01 6.453558533900793037e+00 1.963169180191142393e+00
1.000000000000000000e+00 -5.846476656018522533e+01 -1.104562205453516697e+02 -3.659785891502609011e+06 -2.321012201671250312e+14 -1.156976313689079561e-06 -2.152349626867442146e-06 7.638938638523202100e-08 -3.539596925482752795e+03 -8.357198535491466629e+00 3.880748516287082506e-01 1.940846648636664062e-01 -7.992026717954491266e-01 1.872184196101288611e+00
1.000000000000000000e+00 -1.356452358743106572e+02 -1.039247693699817319e+02 -3.682663816897249781e+06 -2.350120960393273125e+14 -2.701103273364853276e-06 -2.037736881552396609e-06 1.446666903262420401e-07 -1.933621736790948034e+03 -4.553535325580516435e+00 8.653451895087136414e-01 1.058937329797384752e-01 -2.840447984406829107e+00 1.024135288810772204e+00
1.000000000000000000e+00 -2.092317222492251574e+02 -9.468827698754540734e+01 -3.705541393638293259e+06 -2.379410668041596250e+14 -4.192313660601338838e-06 -1.868163336838637314e-06 2.629385161731255545e-07 4.704731639903189944e+02 1.105058514551686022e+00 9.929563729850940934e-01 -2.502725543324275589e-02 3.298002384917083862e+00 -2.426761353869533178e-01
1.000000000000000000e+00 -2.773591914518474368e+02 -8.300838480091277916e+01 -3.728418646617862862e+06 -2.408881348487965000e+14 -5.591673479531086491e-06 -1.647834519527741853e-06 4.189149483554015642e-07 2.705443443893673248e+03 6.338186862872520422e+00 7.179927350457147028e-01 -1.457421875325679295e-01 8.696123094215028715e+00 -1.416847041464025292e+00
1.000000000000000000e+00 -3.383023306374751655e+02 -6.917102304307476857e+01 -3.751295603346944321e+06 -2.438533029798476250e+14 -6.862160113374356129e-06 -1.381568583018755742e-06 5.965981263692325806e-07 3.853889015405764439e+03 9.005438369587789538e+00 1.509310270127594000e-01 -2.070959435225764866e-01 5.456646070433951223e+00 -2.018506724960850818e+00
1.000000000000000000e+00 -3.904353817862553342e+02 -5.355390289468381582e+01 -3.774172301455962006e+06 -2.468365754148341875e+14 -7.967929072627428626e-06 -1.076167349485736125e-06 7.776347764029421719e-07 3.432918154702727406e+03 8.001125414772332078e+00 -4.775892634147159699e-01 -1.839484670895566165e-01 -1.684703532083019706e+00 -1.797516177604598475e+00
1.000000000000000000e+00 -4.325120316997212058e+02 -3.658342246764817673e+01 -3.797048786645152606e+06 -2.498379575525798750e+14 -8.880122152172908014e-06 -7.396009687605784081e-07 9.437863942508574411e-07 1.608267092565135499e+03 3.738786442001754917e+00 -9.113200254234861131e-01 -8.576823989908212431e-02 -2.253478015772068410e+00 -8.402688763311979558e-01
1.000000000000000000e+00 -4.635424499142746981e+02 -1.867712065248885978e+01 -3.819925104128364008e+06 -2.528574548724532812e+14 -9.574562293068374300e-06 -3.798671461267473596e-07 1.078336820895603999e-06 -8.734855731033860593e+02 -2.025423939611641355e+00 -9.744557253427252874e-01 4.732009147981578595e-02 4.569556360736926059e+00 4.647823593591435820e-01
1.000000000000000000e+00 -4.827359776256118380e+02 -3.080822044653250269e-01 -3.842801310509289615e+06 -2.558950745141318125e+14 -1.003072136919341263e-05 -6.303496341362382836e-09 1.167557505571385513e-06 -3.003358506323284018e+03 -6.946370517196796435e+00 -6.429516786211887380e-01 1.612820485212546617e-01 8.823890711368626683e+00 1.588179280077390843e+00
1.000000000000000000e+00 -4.897492824199390498e+02 1.804278096100849638e+01 -3.865677462056571618e+06 -2.589508237519148125e+14 -1.023703039947673242e-05 3.713607958725065467e-07 1.203209087512950456e-06 -3.924458129349070532e+03 -9.053653384465677689e+00 -5.205076830872659710e-02 2.102202581398855685e-01 4.348034547136300887e+00 2.075365841494022145e+00
1.000000000000000000e+00 -4.845224140608796120e+02 3.594088635238830420e+01 -3.888553610895895865e+06 -2.620247094802130625e+14 -1.018770902906588341e-05 7.441214709011279198e-07 1.182417125383003599e-06 -3.266180787580852666e+03 -7.515893053729127971e+00 5.598348609959229449e-01 1.745700288244841913e-01 -2.367961323543889218e+00 1.727800418584392927e+00
1.000000000000000000e+00 -4.672055324993209524e+02 5.293281932542164725e+01 -3.911429813033818267e+06 -2.651167392848352500e+14 -9.881391080205350217e-06 1.102370364902567062e-06 1.107292154333799686e-06 -1.283204321877541133e+03 -2.945338330572332186e+00 9.462756491472239517e-01 6.864759115553313584e-02 -1.608133360382013599e+00 6.811616517275281835e-01
1.000000000000000000e+00 -4.383777162766826905e+02 6.859392598148664888e+01 -3.934306122275718488e+06 -2.682269206290681250e+14 -9.325909311450958161e-06 1.436880896796227601e-06 9.857716236213764118e-07 1.238132338058750975e+03 2.834707320586038914e+00 9.505269249874733761e-01 -6.496716715261471875e-02 5.540935924754984754e+00 -6.462745214895869728e-01
1.000000000000000000e+00 -3.988492163025507011e+02 8.257551246586339744e+01 -3.957182586556047667e+06 -2.713552603416618125e+14 -8.534329407214382579e-06 1.739820039058847621e-06 8.301444845889061226e-07 3.278568207753214665e+03 7.487380897877518038e+00 5.692656366985630045e-01 -1.721968958508063863e-01 8.680649698566481831e+00 -1.717290935353187553e+00
1.000000000000000000e+00 -3.495824962272968719e+02 9.453680880478732718e+01 -3.980059252580112778e+06 -2.745017652338391562e+14 -7.523393648699447279e-06 2.003352800671093664e-06 6.556286866910349951e-07 3.995304741763246966e+03 9.101289033049468458e+00 -4.376598692696825887e-02 -2.092847501578751490e-01 3.203385125539983225e+00 -2.092419945581847074e+00
1.000000000000000000e+00 -2.918920200533616480e+02 1.041909386187337958e+02 -4.002936160405436996e+06 -2.776664413426910000e+14 -6.317939391998472652e-06 2.220626796425407234e-06 4.795715180302150943e-07 3.081737018868817813e+03 7.002588305345615716e+00 -6.389719696637190527e-01 -1.609612406116279482e-01 -2.869848918540746308e+00 -1.613327568205202400e+00
1.000000000000000000e+00 -2.272253694091795921e+02 1.113438199073033275e+02 -4.025813339342937805e+06 -2.808492933329406250e+14 -4.946352033831856388e-06 2.386638889394840685e-06 3.189312901318487039e-07 9.073750140620406910e+02 2.056660342209577497e+00 -9.737204557305190189e-01 -4.697095319892446996e-02 -6.320609782275166122e-01 -4.719737870721383843e-01
1.000000000000000000e+00 -1.570884666335052771e+02 1.158229053991899349e+02 -4.048690818059199024e+06 -2.840503258718655625e+14 -3.439010347771922694e-06 2.496755581708712979e-06 1.888236273863365919e-07 -1.638533925355285646e+03 -3.704645319439451967e+00 -9.126398311605177227e-01 8.616977477706252997e-02 6.628249787211310640e+00 8.680165855757309146e-01
1.000000000000000000e+00 -8.323578522140496716e+01 1.175224404162661500e+02 -4.071568619071069174e+06 -2.872695428498789375e+14 -1.832510233890612780e-06 2.547707241210337854e-06 1.017930936772498750e-07 -3.523075433770341533e+03 -7.945683573494474849e+00 -4.819083762457001541e-01 1.844714501908955584e-01 8.324989206354484139e+00 1.862876659367303844e+00
1.000000000000000000e+00 -7.440546613974316159e+00 1.164342988350187795e+02 -4.094446752389737405e+06 -2.905069464542279375e+14 -1.647307359667139773e-07 2.538301003893269773e-06 6.612456174665424958e-08 -3.988189577919319618e+03 -8.972344018324182713e+00 1.434809482154214000e-01 2.083478741670628520e-01 2.010117382630137506e+00 2.109226475171421367e+00
1.000000000000000000e+00 6.857072802849026516e+01 1.125738564770991559e+02 -4.117325222826983314e+06 -2.937625381619883125e+14 1.526611405069886674e-06 2.467855225688621071e-06 8.512336346278565614e-08 -2.843092983987991829e+03 -6.380352080683369564e+00 7.111153142432361518e-01 1.482357542007897988e-01 -3.161019483546372744e+00 1.504401124845694326e+00
1.000000000000000000e+00 1.429326069715309586e+02 1.060259102445172346e+02 -4.140204028188531287e+06 -2.970363184602186875e+14 3.199835320016244883e-06 2.337226032631251970e-06 1.569433400331020943e-07 -5.363978865320527802e+02 -1.200789118108180009e+00 9.915982474795667079e-01 2.827664962538345775e-02 3.138209038168552345e-01 2.876818932341168034e-01
1.000000000000000000e+00 2.138759962183978303e+02 9.696812964478186814e+01 -4.163083155243712943e+06 -3.003282862366808750e+14 4.814505648563152792e-06 2.149369423480771937e-06 2.748120375257307332e-07 2.010015782284468742e+03 4.488568851829347395e+00 8.701374906297628664e-01 -1.031198091436348746e-01 7.399691617201573202e+00 -1.051714689292628346e+00
1.000000000000000000e+00 2.797825464575758474e+02 8.559437023009864731e+01 -4.185962588871126994e+06 -3.036384400628862500e+14 6.332723563211724757e-06 1.907688691534825200e-06 4.277785317011940979e-07 3.757467378620694035e+03 8.370183956135488046e+00 3.943902497036192445e-01 -1.925017330185832265e-01 7.743762908677174650e+00 -1.968154206714191501e+00
1.000000000000000000e+00 3.390017300779867355e+02 7.216175399191462247e+01 -4.208842306207737885e+06 -3.069667773331413125e+14 7.715056984712169067e-06 1.617099328555564720e-06 6.011410849835082818e-07 3.976949614775231566e+03 8.837386369597068025e+00 -2.425159959607576243e-01 -2.032004471727821560e-01 8.215411623260568952e-01 -2.082644619044318635e+00
1.000000000000000000e+00 3.900890294105212774e+02 5.700708517858316782e+01 -4.231722272783113644e+06 -3.103132936668979375e+14 8.925970831863946003e-06 1.284437435473534926e-06 7.782210292541498703e-07 2.566933563645690356e+03 5.690166194281783163e+00 -7.802511625365367021e-01 -1.307373116867571183e-01 -3.193585851359511452e+00 -1.343239613282000589e+00
1.000000000000000000e+00 4.318472768537040452e+02 4.046784080831036334e+01 -4.254602450763877481e+06 -3.136779840784018750e+14 9.934905503255031146e-06 9.167184679146221697e-07 9.422559473548832302e-07 1.044219152317163406e+02 2.309091451566715747e-01 -9.992933286179646046e-01 -4.823754143386652787e-03 1.594285485373199363e+00 -4.968210046884117409e-02
1.000000000000000000e+00 4.631443039018694208e+02 2.292979223045205472e+01 -4.277482799951070920e+06 -3.170608431112126250e+14 1.071221223141490184e-05 5.222222278895780412e-07 1.077172751729675662e-06 -2.402405074197781232e+03 -5.299531147840368384e+00 -8.115240104178111924e-01 1.231043059634341630e-01 8.155433881997293355e+00 1.271002177504203301e+00
1.000000000000000000e+00 4.831512409445875278e+02 4.836310046216992120e+00 -4.300363270864470862e+06 -3.204618637981120000e+14 1.123473447421839103e-05 1.107353392561288046e-07 1.169688781163392509e-06 -3.937291818692962352e+03 -8.664292740704526707e+00 -2.946424029047595705e-01 2.011619259115030589e-01 6.922701661797699302e+00 2.081970324866505351e+00
1.000000000000000000e+00 4.913652352671011840e+02 -1.339236010088717421e+01 -4.323243814780000597e+06 -3.238810391282323750e+14 1.148652664878771708e-05 -3.082718075560848960e-07 1.210632083251056457e-06 -3.882257902587337412e+03 -8.522494952522452039e+00 3.414317347240909961e-01 1.979185885877656759e-01 -2.954445347883561945e-01 2.053375984340753746e+00
1.000000000000000000e+00 4.874223417277986528e+02 -3.131188801561842538e+01 -4.346124377419795841e+06 -3.273183610996163125e+14 1.145465865769564619e-05 -7.245666950552191476e-07 1.195129475047267069e-06 -2.253310372018674116e+03 -4.934609490168945456e+00 8.395442904274728058e-01 1.147235700577249190e-01 -3.020155237328425279e+00 1.193122793362533463e+00
1.000000000000000000e+00 4.713299929267207062e+02 -4.845151809740897164e+01 -4.369004901980044320e+06 -3.307738211556665000e+14 1.113479377959867874e-05 -1.127085552400205996e-06 1.124361341249558179e-06 3.049672086486691569e+02 6.662494438322640322e-01 9.976862830427145612e-01 -1.488847497506490952e-02 2.716519966993727664e+00 -1.552139544076881483e-01
1.000000000000000000e+00 4.434612080842879323e+02 -6.439490094804703801e+01 -4.391885335713200271e+06 -3.342474111770187500e+14 1.053128092995307727e-05 -1.505807424762826525e-06 1.005370136477378901e-06 2.761990927834974627e+03 6.019500165882907261e+00 7.503344919229344434e-01 -1.384021266025225461e-01 8.564251420999871911e+00 -1.446334825289848691e+00
1.000000000000000000e+00 4.043539211939423126e+02 -7.873309308855711208e+01 -4.414765627348904498e+06 -3.377391231030146250e+14 9.652590472444568502e-06 -1.850682539910822149e-06 8.493202046905470877e-07 4.107915582650271062e+03 8.931341162112595100e+00 1.968764334085316148e-01 -2.053954461950193433e-01 5.950623383741339367e+00 -2.151591922112647826e+00
1.000000000000000000e+00 3.549286116811950933e+02 -9.106765481786264615e+01 -4.437645723703661934e+06 -3.412489484161388750e+14 8.516638380836597297e-06 -2.151710019562733649e-06 6.715209415423620710e-07 3.776745408936865260e+03 8.191668559415607120e+00 -4.370288244297723668e-01 -1.883345660729107696e-01 -1.298135351690741901e+00 -1.977605388388529173e+00
1.000000000000000000e+00 2.964436591866110575e+02 -1.010885590451064502e+02 -4.460525579947119579e+06 -3.447768797215034375e+14 7.149946118767274356e-06 -2.400794580399831934e-06 4.899551934576762082e-07 1.897138512984203999e+03 4.105023938391693328e+00 -8.921134188030520606e-01 -9.421111543547330824e-02 -2.521091540668592312e+00 -9.916302244695572865e-01
1.000000000000000000e+00 2.302734728756531695e+02 -1.085247448668786774e+02 -4.483405157122844830e+06 -3.483229103947397500e+14 5.582470891497643598e-06 -2.590620049496411294e-06 3.228517075392487101e-07 -7.590159709482470589e+02 -1.638445676560673414e+00 -9.832275727076721372e-01 3.837239999703257604e-02 4.064533459950361305e+00 4.048574110890507116e-01
1.000000000000000000e+00 1.581046368013330152e+02 -1.131491600331367380e+02 -4.506284418390464038e+06 -3.518870340184030000e+14 3.852456781892160101e-06 -2.714794090927407678e-06 1.874177010590988040e-07 -3.107719506159772664e+03 -6.692523465326405407e+00 -6.749109107611690472e-01 1.553943445241453281e-01 8.814729551458174939e+00 1.643430653261211960e+00
1.000000000000000000e+00 8.185013740847938379e+01 -1.148497292951639963e+02 -4.529163343156020157e+06 -3.554692466083950000e+14 2.004527256205257063e-06 -2.769586421667458893e-06 9.765861172988545137e-08 -4.201347155952173125e+03 -9.026223448359385060e+00 -9.358010070038541572e-02 2.095800174431135254e-01 4.829443084482297976e+00 2.221757339220194361e+00
1.000000000000000000e+00 3.408536050512683602e+00 -1.135729720578448649e+02 -4.552041915521289222e+06 -3.590695448561183125e+14 8.389744082054188073e-08 -2.752632321332112249e-06 6.272594349328900644e-08 -3.600378926346493699e+03 -7.716806341044463835e+00 5.254611277382186252e-01 1.792302437825666894e-01 -2.094808889457253187e+00 1.904522765134475160e+00
1.000000000000000000e+00 -7.515739938669962328e+01 -1.093266902513815353e+02 -4.574920154526862316e+06 -3.626879309422844375e+14 -1.859215931915000782e-06 -2.663033814642121075e-06 8.636225266609906353e-08 -1.538145156841018661e+03 -3.288978499312710468e+00 9.324193084135452558e-01 7.660397549385407345e-02 -1.922785607496914073e+00 8.159280428066679747e-01
1.000000000000000000e+00 -1.517341912459844195e+02 -1.022410499631258602e+02 -4.597798007852800190e+06 -3.663243957368651875e+14 -3.772314659471928001e-06 -2.502892231583840839e-06 1.661611369764233363e-07 1.165966092081020633e+03 2.487289796728199498e+00 9.622191073679400297e-01 -5.694799299271863929e-02 5.106934278396509264e+00 -6.079980949150454173e-01
1.000000000000000000e+00 -2.244012602127842513e+02 -9.250190814186711918e+01 -4.620675519095941447e+06 -3.699789453040845000e+14 -5.606674360568426226e-06 -2.275742526079302586e-06 2.939018389118976202e-07 3.418579424900340655e+03 7.275541428821132861e+00 6.014410424222036422e-01 -1.673221032260917285e-01 8.760384636504616296e+00 -1.790597338128280924e+00
1.000000000000000000e+00 -2.912519301545722215e+02 -8.034901822731728771e+01 -4.643552708849197254e+06 -3.736515821443446875e+14 -7.312969482340910595e-06 -1.986542752169664964e-06 4.563507012089961503e-07 4.290571268087325734e+03 9.109957437251383183e+00 -4.234049834856784544e-03 -2.094872573161721263e-01 3.679473503503024379e+00 -2.247090927318042830e+00
1.000000000000000000e+00 -3.505113992291512091e+02 -6.612756181544149570e+01 -4.666429611176882870e+06 -3.773423110020496250e+14 -8.844258652813316490e-06 -1.642987242401007074e-06 6.367217283273276452e-07 3.412004054061852003e+03 7.227610592900435726e+00 -6.080805364340855501e-01 -1.661419154501218853e-01 -2.692218682578037203e+00 -1.786315921263358808e+00
1.000000000000000000e+00 -4.007581674054293330e+02 -5.021207007006067613e+01 -4.689306263258064166e+06 -3.810511372358518125e+14 -1.016168081238092248e-05 -1.253671305955656609e-06 8.169078729941326435e-07 1.138707712875886045e+03 2.406488726255422872e+00 -9.639923320276625462e-01 -5.504218982010019440e-02 -1.010649658260863726e+00 -5.931825923894262775e-01
1.000000000000000000e+00 -4.407248696797066145e+02 -3.300213767148193966e+01 -4.712182709170941263e+06 -3.847780674490308125e+14 -1.122959901253902576e-05 -8.280015595330676851e-07 9.785435666254585429e-07 -1.598934678806695274e+03 -3.371250488951083035e+00 -9.281838838981518736e-01 7.845345144984172681e-02 6.247276140772832775e+00 8.474537720964377963e-01
1.000000000000000000e+00 -4.693999342993172945e+02 -1.496804977306264028e+01 -4.735059000719634816e+06 -3.885231096525206875e+14 -1.201829856196338812e-05 -3.773614875933805996e-07 1.105086322275776302e-06 -3.690655850828255097e+03 -7.763453170746669407e+00 -5.168131749617107529e-01 1.802411631245789958e-01 8.503095709021087245e+00 1.951492364647112066e+00
1.000000000000000000e+00 -4.862119575802518057e+02 3.430044753089264375e+00 -4.757935192247470841e+06 -3.922862724402555625e+14 -1.250888866077299099e-05 8.689309581354059925e-08 1.184435121907940406e-06 -4.296946037043117030e+03 -9.017885524149347631e+00 1.029251952335923787e-01 2.094021081360388226e-01 2.502817050080552885e+00 2.272482222505174398e+00
1.000000000000000000e+00 -4.907991190180688363e+02 2.174401207116493850e+01 -4.780811336934742518e+06 -3.960675643858073750e+14 -1.268761376730443713e-05 5.534880489383853727e-07 1.209075900626254261e-06 -3.172408278634396538e+03 -6.642470780378873840e+00 6.812526281816393414e-01 1.543136999264440867e-01 -3.064392206176849154e+00 1.678526373211479683e+00
1.000000000000000000e+00 -4.830903545109712809e+02 3.949401458358405392e+01 -4.803687492088319734e+06 -3.998669949184063125e+14 -1.254809164647823539e-05 1.010120046900143981e-06 1.176826473153035879e-06 -7.570692362555606678e+02 -1.581518415096305308e+00 9.850953412163016010e-01 3.708413485167539464e-02 -1.403430408236050475e-01 4.043093272839914931e-01
1.000000000000000000e+00 -4.634529078507029567e+02 5.624877464461929577e+01 -4.826563712144076824e+06 -4.036845731687715000e+14 -1.209534398961076270e-05 1.445499917168707559e-06 1.091585628229353882e-06 1.986731965093463032e+03 4.140743350796396882e+00 8.907258030671346694e-01 -9.509904942460249699e-02 7.049152612048861677e+00 -1.039205425002443617e+00
1.000000000000000000e+00 -4.324331971606080742e+02 7.162064249540468097e+01 -4.849440046424401924e+06 -4.075203075808375000e+14 -1.133927245560975248e-05 1.849254860928565552e-06 9.618694425826368643e-07 3.944481374556908122e+03 8.202223774305135606e+00 4.347862043511035446e-01 -1.886400845263640491e-01 8.029546632226553626e+00 -2.066124757012778090e+00
1.000000000000000000e+00 -3.908265302331136013e+02 8.522171710967913327e+01 -4.872316547315768898e+06 -4.113742072723646875e+14 -1.029660617997768808e-05 2.210816708867449104e-06 8.005181509514566349e-07 4.303717598281119535e+03 8.928744956331682303e+00 -1.982572228095034195e-01 -2.053048101473305964e-01 1.347731503030526357e+00 -2.253807065636070028e+00
1.000000000000000000e+00 -3.397980630314954738e+02 9.674054123253914383e+01 -4.895193258610933088e+06 -4.152462800692880000e+14 -8.994257362634456191e-06 2.521420715943903428e-06 6.238835835665492358e-07 2.905311045612679209e+03 6.013765654660455873e+00 -7.504590293685571289e-01 -1.381909005163374227e-01 -3.202954757291992305e+00 -1.520511975007769356e+00
1.000000000000000000e+00 -2.806053003315338970e+02 1.059285080891706343e+02 -4.918070215924977325e+06 -4.191365325425656250e+14 -7.462170440996078371e-06 2.773796158506070696e-06 4.490025592497603458e-07 3.196220512530293263e+02 6.600853083279052402e-01 -9.969772372541382266e-01 -1.473482947148329475e-02 1.045069284698043610e+00 -1.624972609441358018e-01
1.000000000000000000e+00 -2.146686179073608400e+02 1.125558245925978298e+02 -4.940947452822740190e+06 -4.230449710250273750e+14 -5.735263353018863748e-06 2.961046113919980262e-06 2.924601856111220911e-07 -2.397151787985477313e+03 -4.939358811049180176e+00 -8.386675994370829113e-01 1.147601585101559185e-01 7.867345986800962088e+00 1.268470469724154226e+00
1.000000000000000000e+00 -1.436761647171918241e+02 1.164842423454544189e+02 -4.963824995650704950e+06 -4.269716007141629375e+14 -3.856343909529799381e-06 3.078581126879769485e-06 1.693452173936748197e-07 -4.145981027526762773e+03 -8.523467146981603904e+00 -3.410470178383633311e-01 1.978896290807919400e-01 7.334906722518357292e+00 2.192291583063344262e+00
1.000000000000000000e+00 -6.929782600094151235e+01 1.176450200060642430e+02 -4.986702860169388354e+06 -4.309164250614964375e+14 -1.868562679452259506e-06 3.123589833332105429e-06 9.127494082339431817e-08 -4.224651592092723149e+03 -8.665548140761469398e+00 2.942582604852150840e-01 2.012362343835204237e-01 2.356295807372738305e-01 2.234422542960581737e+00
1.000000000000000000e+00 6.735631768143108822e+00 1.159953141355793065e+02 -5.009581060690205544e+06 -4.348794473169566875e+14 1.824543887442721592e-07 3.093918116675005004e-06 6.558380902338153271e-08 -2.595683772716247404e+03 -5.312210696906007890e+00 8.110176623975132726e-01 1.234744027060586113e-01 -3.145527727836906706e+00 1.374097935721005248e+00
1.000000000000000000e+00 8.253806500946900826e+01 1.115877695810284820e+02 -5.032459598726619035e+06 -4.388606685437568125e+14 2.245996884880216622e-06 2.989949517604874173e-06 9.461721427861832081e-08 9.882199957916441235e+01 2.017891056799765714e-01 1.000131891346327517e+00 -4.154375335520165552e-03 2.103921235337180118e+00 -4.633678695136946024e-02
1.000000000000000000e+00 1.563559924171182729e+02 1.045411988004203465e+02 -5.055338467131678015e+06 -4.428600882925751875e+14 4.274047434326142396e-06 2.813874188191104432e-06 1.755401528553653073e-07 2.777097366699029863e+03 5.657934860647648279e+00 7.835365903636696272e-01 -1.300725642099158919e-01 8.361340635245989361e+00 -1.454062681787294142e+00
1.000000000000000000e+00 2.264780024403000880e+02 9.499751788549619391e+01 -5.078217657599352300e+06 -4.468777058874385625e+14 6.218876129813808072e-06 2.568564826549561278e-06 3.007905424339651970e-07 4.341600525425331398e+03 8.825547081945900985e+00 2.476902916184849646e-01 -2.029661484462851884e-01 6.469259167344200812e+00 -2.274029522609184450e+00
1.000000000000000000e+00 2.911492127806640156e+02 8.318885643412477293e+01 -5.101097150081233121e+06 -4.509135185500948750e+14 8.030707060528193467e-06 2.259413455290275776e-06 4.583514636068834743e-07 4.136142205325869327e+03 8.389080210283969663e+00 -3.894136092701403484e-01 -1.928788606674178840e-01 -8.133794850342640492e-01 -2.165858152648235446e+00
1.000000000000000000e+00 3.488570119735724120e+02 6.940200421573128153e+01 -5.123976918475983664e+06 -4.549675223638120000e+14 9.665608287360619551e-06 1.893416419106673321e-06 6.332070856620948481e-07 2.235696218682471681e+03 4.524399544766080972e+00 -8.673194870739067142e-01 -1.038772195669403209e-01 -2.781162900287021511e+00 -1.169058979262685760e+00
1.000000000000000000e+00 3.982281824962037149e+02 5.393537547160021717e+01 -5.146856930493060499e+06 -4.590397122250670625e+14 1.108277859272533153e-05 1.478028350018344620e-06 8.086696279133179585e-07 -5.799748772840625861e+02 -1.171085939844872748e+00 -9.912791447323332505e-01 2.756871737494124425e-02 3.447478411056236869e+00 3.109576454337968920e-01
1.000000000000000000e+00 4.379514547724787121e+02 3.716357437613803683e+01 -5.169737146556943655e+06 -4.631300816226764375e+14 1.224246876813975058e-05 1.022946454556494439e-06 9.675863334987070951e-07 -3.160495600981239022e+03 -6.367491141817724909e+00 -7.121310100439233182e-01 1.478571761775009097e-01 8.744553926150285150e+00 1.671450469286285934e+00
1.000000000000000000e+00 4.670563563326235794e+02 1.949611442155549668e+01 -5.192617522713118233e+06 -4.672386231318770625e+14 1.311384936736694627e-05 5.390156332464856408e-07 1.094732960865494031e-06 -4.462675313332132646e+03 -8.971068295279847504e+00 -1.444352942694730191e-01 2.082953455393082298e-01 5.401314054705384393e+00 2.359907368020595531e+00
1.000000000000000000e+00 4.847953559112875155e+02 1.333923167998872561e+00 -5.215498012395047583e+06 -4.713653287163520625e+14 1.367189783611966512e-05 3.704192615187654578e-08 1.177605760539381151e-06 -3.962321153838862756e+03 -7.947607121300842792e+00 4.816989565763185599e-01 1.845838654607650231e-01 -1.712194354033723442e+00 2.095903497918150560e+00
1.000000000000000000e+00 4.905704164694583937e+02 -1.686905448487053860e+01 -5.238378564385661855e+06 -4.755101893477841250e+14 1.389545604426280678e-05 -4.704945350314884095e-07 1.207223209003136007e-06 -1.852395145291247218e+03 -3.707322102071722636e+00 9.131434954758924638e-01 8.629176935425413031e-02 -2.270338336839656357e+00 9.819897416096897702e-01
1.000000000000000000e+00 4.841980462222381334e+02 -3.465266173897829560e+01 -5.261259122793119401e+06 -4.796731949829938750e+14 1.377486317901697071e-05 -9.707183799789462014e-07 1.180450172948584628e-06 1.028306647840672440e+03 2.053484437743662294e+00 9.745251937376162576e-01 -4.693255092157401498e-02 4.551192615240982953e+00 -5.352659910823757139e-01
1.000000000000000000e+00 4.657695362611301562e+02 -5.159384402759062027e+01 -5.284139633454480208e+06 -4.838543357181398125e+14 1.330821886805178691e-05 -1.451573842344200502e-06 1.099762179658688990e-06 3.513838421001362349e+03 7.001559052644998005e+00 6.394192758744854377e-01 -1.610160635009061925e-01 8.805995902745195281e+00 -1.840435065023116046e+00
1.000000000000000000e+00 4.355726318341763772e+02 -6.724775214840524029e+01 -5.307020042626372539e+06 -4.880536015547498750e+14 1.249930545093026070e-05 -1.900183145344890203e-06 9.724909433713425009e-07 4.577767716627283335e+03 9.101500988786003887e+00 4.323208661503080696e-02 -2.092966096118363262e-01 4.242864509731145262e+00 -2.397547322079817800e+00
1.000000000000000000e+00 3.943337942990641523e+02 -8.119918539460130091e+01 -5.329900297485626303e+06 -4.922709824938645000e+14 1.136469152409679635e-05 -2.304293098966858315e-06 8.111763555631973429e-07 3.769207984643928285e+03 7.477523157645431517e+00 -5.705754608776942849e-01 -1.718952662421608379e-01 -2.439950283855830904e+00 -1.973424501023289590e+00
1.000000000000000000e+00 3.430470183550121419e+02 -9.310307880046458706e+01 -5.352780350327567197e+06 -4.965064693185273750e+14 9.929048701629556060e-06 -2.653447059362236187e-06 6.317787922546440133e-07 1.415579903345735374e+03 2.802157470639557335e+00 -9.510031203833215763e-01 -6.416935503993277667e-02 -1.414378128519727884e+00 -7.383015641267024476e-01
1.000000000000000000e+00 2.828801942309466995e+02 -1.026262385494595861e+02 -5.375660153990103863e+06 -5.007600527615600625e+14 8.222595305459763626e-06 -2.937360012233885944e-06 4.520760049363343262e-07 -1.516271222724549034e+03 -2.994936425389921997e+00 -9.437025663326085168e-01 6.974560112866509676e-02 5.798731231112266293e+00 8.042116675656385549e-01
1.000000000000000000e+00 2.153879721848093709e+02 -1.095008004425664865e+02 -5.398539668527796865e+06 -5.050317247564315000e+14 6.287417706470859473e-06 -3.147462413499669248e-06 2.906443343480781964e-07 -3.832716211555056816e+03 -7.553913713727026469e+00 -5.533287726756336289e-01 1.753778214398693802e-01 8.652805840346735167e+00 2.026625850919167693e+00
1.000000000000000000e+00 1.423039552141459296e+02 -1.135574512261809019e+02 -5.421418864416935481e+06 -5.093214790680832500e+14 4.171617715062630461e-06 -3.277898946550558053e-06 1.641021187749276270e-07 -4.601383225707390011e+03 -9.049205861511781634e+00 6.075970223786619773e-02 2.101259810899758773e-01 3.014846072800239085e+00 2.433447349100928303e+00
1.000000000000000000e+00 6.542847724285432776e+01 -1.146639151198954636e+02 -5.444297719592943788e+06 -5.136293107752540625e+14 1.926119591075358500e-06 -3.323805442135780115e-06 8.533757483467714143e-08 -3.512387978818955162e+03 -6.892603732863001653e+00 6.502759080341367071e-01 1.601142373607779834e-01 -2.927515396163683281e+00 1.858289553359205870e+00
1.000000000000000000e+00 -1.318463226982597725e+01 -1.127764023942470999e+02 -5.467176218868006952e+06 -5.179552161897083125e+14 -3.897675356159725043e-07 -3.282829069566764177e-06 6.265784791545951642e-08 -9.933808108348042651e+02 -1.945169319420701148e+00 9.771621001460676359e-01 4.549815011080853705e-02 -5.573890340583237402e-01 5.291957624233799562e-01
1.000000000000000000e+00 -9.146494949945501673e+01 -1.079613859677519798e+02 -5.490054357659854926e+06 -5.222991935929808125e+14 -2.715225556778159661e-06 -3.155818788545727971e-06 9.854420882275722019e-08 1.950205395833332886e+03 3.810525351087758139e+00 9.083586858823383681e-01 -8.748275360743840157e-02 6.694590473870857039e+00 -1.019722978885092113e+00
1.000000000000000000e+00 -1.674443293971992830e+02 -1.003273788284697190e+02 -5.512932141821073368e+06 -5.266612432458118750e+14 -4.991460752650229412e-06 -2.944889981215969194e-06 1.894105239483500964e-07 4.122289434365144189e+03 8.037257308116227961e+00 4.704064416814702776e-01 -1.848465308258454010e-01 8.251607531235672255e+00 -2.159266148961785703e+00
1.000000000000000000e+00 -2.390799225509774431e+02 -9.007129085092795151e+01 -5.535809585506169125e+06 -5.310413670202960000e+14 -7.156469408526695246e-06 -2.654816400877917637e-06 3.258126349273565023e-07 4.622674219340633499e+03 8.993517649482088316e+00 -1.592276384677071832e-01 -2.067973824072372180e-01 1.818136434957332792e+00 -2.420878519524834793e+00
1.000000000000000000e+00 -3.044994429813527859e+02 -7.748785849945825532e+01 -5.558686715448258445e+06 -5.354395692566965625e+14 -9.152363700983599077e-06 -2.293363089768173517e-06 4.936700038138557888e-07 3.234644441351887963e+03 6.279597070726848251e+00 -7.237733793615840350e-01 -1.443131793124380891e-01 -3.169610063639412889e+00 -1.693031461406065974e+00
1.000000000000000000e+00 -3.621028358588775973e+02 -6.289471083320734124e+01 -5.581563564857582562e+06 -5.398558556330210625e+14 -1.092854564265655369e-05 -1.869119040041384398e-06 6.760925257933239267e-07 5.254221600934293974e+02 1.017851787147746823e+00 -9.933316362237409880e-01 -2.299511061982567606e-02 5.981175411142557463e-01 -2.703482784042751108e-01
1.000000000000000000e+00 -4.103738818025600494e+02 -4.667394693708733655e+01 -5.604440170492037199e+06 -5.442902326216898750e+14 -1.243616624433794792e-05 -1.392751795985545466e-06 8.543655811215783489e-07 -2.397240603502657905e+03 -4.634049888945995122e+00 -8.595662042164655681e-01 1.076885140904313282e-01 7.595060732629660194e+00 1.268774868454168203e+00
1.000000000000000000e+00 -4.481117923051915568e+02 -2.927266744204123938e+01 -5.627316582045063376e+06 -5.487427093344992500e+14 -1.363522442631320716e-05 -8.770626343142623715e-07 1.010323436968706034e-06 -4.351292575089014463e+03 -8.393484065727571775e+00 -3.782956361852884974e-01 1.948700040943887879e-01 7.639677868617279266e+00 2.300833927701201986e+00
1.000000000000000000e+00 -4.744948817272687052e+02 -1.112527824877013849e+01 -5.650192848355717957e+06 -5.532132948735383125e+14 -1.449670737847217505e-05 -3.346887500427168838e-07 1.128648072332531138e-06 -4.554069539226500638e+03 -8.765980886876256761e+00 2.554120836405021633e-01 2.035650707171878793e-01 6.863679636510393589e-01 2.408610981265533635e+00
1.000000000000000000e+00 -4.888685160841608308e+02 7.306144042300930508e+00 -5.673069024871650152e+06 -5.577019997951250000e+14 -1.499632023779227600e-05 2.206852259011440484e-07 1.197575294258330368e-06 -2.920197624967585853e+03 -5.609083993557010039e+00 7.863109657614757442e-01 1.303553813781112569e-01 -3.202381731512045970e+00 1.545658432976917185e+00
1.000000000000000000e+00 -4.909532797987398567e+02 2.553493122168072205e+01 -5.695945167945995927e+06 -5.622088350101698125e+14 -1.512100074948500240e-05 7.744037620348891158e-07 1.210729268034501327e-06 -9.293210045657706075e+01 -1.781255600193707156e-01 1.000186644140429904e+00 4.627792566287958730e-03 1.608689138654137762e+00 5.498923244564287577e-02
1.000000000000000000e+00 -4.808651946158507826e+02 4.312518807756418227e+01 -5.718821332038055174e+06 -5.667338112329395000e+14 -1.486977651962252980e-05 1.313120230717965543e-06 1.167590055771684366e-06 2.796090338054751555e+03 5.348037187841620188e+00 8.093716168785014542e-01 -1.229317297527528358e-01 8.149014621991003793e+00 -1.463811099779155134e+00
1.000000000000000000e+00 -4.588822019535941195e+02 5.964837191136702188e+01 -5.741697568437967449e+06 -5.712769387197690000e+14 -1.424675960443463221e-05 1.823500426392921485e-06 1.072383137650767812e-06 4.567846504556595391e+03 8.718452021244958772e+00 2.897367640865134986e-01 -2.005060273346118416e-01 6.873498469819971923e+00 -2.392565385217988005e+00
1.000000000000000000e+00 -4.256335182739971970e+02 7.468643772423715177e+01 -5.764573932842193171e+06 -5.758382287699702500e+14 -1.326714891528784137e-05 2.292323575538192585e-06 9.347712072864778549e-07 4.483397863663745738e+03 8.539289579501698313e+00 -3.479594234535527963e-01 -1.963367731398742988e-01 -3.678976133730233467e-01 -2.347747848758885425e+00
1.000000000000000000e+00 -3.820848415156175406e+02 8.790159381116288273e+01 -5.787450473064559512e+06 -5.804176912784047500e+14 -1.195698446741889985e-05 2.708638199393447616e-06 7.688932700744928436e-07 2.567409672014002354e+03 4.879756199027734276e+00 -8.437842512470782319e-01 -1.120663176478034900e-01 -2.957547009946156713e+00 -1.342877550145928911e+00
1.000000000000000000e+00 -3.292938433081124003e+02 9.898721649633199604e+01 -5.810327229110384360e+06 -5.850153347191661250e+14 -1.034567359141583338e-05 3.062292465464550537e-06 5.908286781631031549e-07 -3.960735300304601765e+02 -7.512234940435361663e-01 -9.961940460582373591e-01 1.786537936585361544e-02 2.890969361103910451e+00 2.145275945767425307e-01
1.000000000000000000e+00 -2.685912841066395913e+02 1.076703429399733807e+02 -5.833204239484113641e+06 -5.896311673898033750e+14 -8.471760461845446002e-06 3.344030584562935623e-06 4.177811522817904671e-07 -3.198969376365274002e+03 -6.054742913639896251e+00 -7.445571722698753891e-01 1.406064837935493139e-01 8.624705201367975249e+00 1.691936213434880987e+00
1.000000000000000000e+00 -2.015439320370509790e+02 1.137751477679488659e+02 -5.856081535798708908e+06 -5.942651963113131250e+14 -6.381920817285501203e-06 3.547492491238003441e-06 2.664286745956768648e-07 -4.710795785954206622e+03 -8.897624366705809251e+00 -1.919963339013582848e-01 2.065864201802364852e-01 5.915406620284619166e+00 2.491071792300819432e+00
1.000000000000000000e+00 -1.297089494459902426e+02 1.171675644810027279e+02 -5.878959139579448849e+06 -5.989174265495993750e+14 -4.123300179529930802e-06 3.667539550925963010e-06 1.509736361047108372e-07 -4.325036072431012144e+03 -8.152026085776128639e+00 4.380717043720320225e-01 1.893255869615312614e-01 -1.296756379202827825e+00 2.287693026651545392e+00
1.000000000000000000e+00 -5.481516304401612416e+01 1.177580047437806314e+02 -5.901837071723215282e+06 -6.035878631103098750e+14 -1.749292747634468945e-06 3.700365441237332775e-06 8.239799574201497295e-08 -2.188297774390391169e+03 -4.116045316653785591e+00 8.916016947271812043e-01 9.575863984645791027e-02 -2.567016506045101121e+00 1.159493992768559245e+00
1.000000000000000000e+00 2.128690905733883554e+01 1.155593113383401231e+02 -5.924715339164577425e+06 -6.082765081984228750e+14 6.819533435532043569e-07 3.645351370643314597e-06 6.713961467907322942e-08 8.532441229104446165e+02 1.601573202065380785e+00 9.847295492643551862e-01 -3.649647942156988845e-02 3.960933528142076554e+00 -4.428348058546824895e-01
1.000000000000000000e+00 9.686624497578709736e+01 1.106256208086190895e+02 -5.947593941526191309e+06 -6.129833625337316250e+14 3.115217288311632607e-06 3.503192424513300930e-06 1.064465242378520205e-07 3.573025419965140827e+03 6.692851698366371060e+00 6.780874100223766021e-01 -1.539092141983488538e-01 8.792378096639463791e+00 -1.871344684962013893e+00
1.000000000000000000e+00 1.701259348704970193e+02 1.030561221851226748e+02 -5.970472875810408965e+06 -6.177084262926470000e+14 5.492294594023573347e-06 3.276042205283167512e-06 1.965620218586609165e-07 4.851421037798909310e+03 9.068751733077675681e+00 9.498550468416736003e-02 -2.085476495696463595e-01 4.843096629879064530e+00 -2.540920148465587669e+00
1.000000000000000000e+00 2.392618608696442664e+02 9.304820139728394679e+01 -5.993352128782546148e+06 -6.224516975157078750e+14 7.753857943657996375e-06 2.969236148337924781e-06 3.288641734474173526e-07 4.148582394314068551e+03 7.738976890597454528e+00 -5.269807607952845530e-01 -1.779139675786960140e-01 -2.102784679868256124e+00 -2.172153328508029002e+00
1.000000000000000000e+00 3.026968038647279968e+02 8.083139502937758891e+01 -6.016231677994680591e+06 -6.272131722804630000e+14 9.847068447729884607e-06 2.589235709561642098e-06 4.908525830766376129e-07 1.746311668264269201e+03 3.250968023621444658e+00 -9.336102256791491971e-01 -7.452022719372021486e-02 -1.836396659679913501e+00 -9.116906302532857831e-01
1.000000000000000000e+00 3.588893660484121142e+02 6.667217574776333322e+01 -6.039111498401744291e+06 -6.319928460496872500e+14 1.171947636712606277e-05 2.143801831522111629e-06 6.669549388872170827e-07 -1.369259012207158321e+03 -2.543814764125072347e+00 -9.596153854438089770e-01 5.930923269120438185e-02 5.239910900577560149e+00 7.270875245064907233e-01
1.000000000000000000e+00 4.063999864308823931e+02 5.092219747420201514e+01 -6.061991553194026463e+06 -6.367907117350581250e+14 1.332120712554624895e-05 1.643574616605284935e-06 8.400354538330324123e-07 -3.928539893442071843e+03 -7.283527967619468413e+00 -5.958231569162661945e-01 1.691035744027930554e-01 8.774283316308208569e+00 2.077334463181270685e+00
1.000000000000000000e+00 4.441149716683218571e+02 3.394812668913328224e+01 -6.084871804102431983e+06 -6.416067618237407500e+14 1.461239543249007675e-05 1.099851898887589568e-06 9.937160344108514717e-07 -4.899707321157544357e+03 -9.065532551626770186e+00 9.198017246931727842e-03 2.105009275603716146e-01 3.636209806166052605e+00 2.591165150331943945e+00
1.000000000000000000e+00 4.710468566012283418e+02 1.613681897196218529e+01 -6.107752206932943314e+06 -6.464409874273387500e+14 1.555679356085446757e-05 5.247667359191019728e-07 1.112958294609437969e-06 -3.890958072511575665e+03 -7.184459423558259950e+00 6.105704421159147133e-01 1.668828943514457652e-01 -2.705301100728125796e+00 2.058441557817149992e+00
1.000000000000000000e+00 4.864055394958361944e+02 -2.061991588924751539e+00 -6.130632713072009385e+06 -6.512933785782533750e+14 1.612420755744225191e-05 -6.730683197001770165e-08 1.185480720670711885e-06 -1.297546491001912727e+03 -2.390983799490862705e+00 9.650768990069306108e-01 5.581535169476713881e-02 -1.043028365876637942e+00 6.898651763560373906e-01
1.000000000000000000e+00 4.898058674159499901e+02 -2.020917052195710895e+01 -6.153513269818842411e+06 -6.561639242830253750e+14 1.629752643247236188e-05 -6.621228742835778944e-07 1.204032222125357517e-06 1.845136021756484979e+03 3.393126470475851697e+00 9.281460662213492085e-01 -7.785352178084742336e-02 6.220082081666790330e+00 -9.642083019554605894e-01
1.000000000000000000e+00 4.810529543314017928e+02 -3.787096111978615909e+01 -6.176393823530687019e+06 -6.610526131793981250e+14 1.606580293326825018e-05 -1.245398300968441510e-06 1.166325920705003057e-06 4.259177883475937051e+03 7.816587253118129297e+00 5.132222129210546324e-01 -1.797709948043878236e-01 8.476218434495690346e+00 -2.230963594529854266e+00
1.000000000000000000e+00 4.602123281174170302e+02 -5.458195718411965203e+01 -6.199274318568030372e+06 -6.659594333059595000e+14 1.542672266465489462e-05 -1.801593974010061895e-06 1.075531089421884376e-06 4.942974817267870094e+03 9.053183512714953807e+00 -1.114081118220789646e-01 -2.081732202523872977e-01 2.397917476440593720e+00 -2.588667060750521554e+00
1.000000000000000000e+00 4.277910008916729225e+02 -6.992056275154351397e+01 -6.222154700416738167e+06 -6.708843727674937500e+14 1.439285726422147017e-05 -2.316395334282833808e-06 9.406598279208652241e-07 3.602386526646001585e+03 6.584556639979616932e+00 -6.903840948179952308e-01 -1.513358547975647284e-01 -3.080968338441771870e+00 -1.885688138027996841e+00
1.000000000000000000e+00 3.844983919659911749e+02 -8.350250769680950214e+01 -6.245034919696514495e+06 -6.758274206070251250e+14 1.298386431411073287e-05 -2.776523483472042745e-06 7.746567402105143253e-07 7.861589333638892185e+02 1.434074312137218143e+00 -9.871052193894479521e-01 -3.260311377315863735e-02 9.317178874522237531e-02 -4.070633851591867192e-01
1.000000000000000000e+00 3.313063932461470813e+02 -9.494773565406848093e+01 -6.267914925595574081e+06 -6.807885653999892500e+14 1.122864829647475457e-05 -3.168652889270011590e-06 5.937664123380237014e-07 -2.349888111444889546e+03 -4.277946299941081776e+00 -8.816905843662172781e-01 9.944204814434182138e-02 7.248655702891097619e+00 1.244073900725120696e+00
1.000000000000000000e+00 2.695942068403954295e+02 -1.039552380387917196e+02 -6.290794672659020871e+06 -6.857677967285825000e+14 9.170449747123314067e-06 -3.481920486563541663e-06 4.166093415827669938e-07 -4.532447418281956743e+03 -8.234733007253840498e+00 -4.186508817526422011e-01 1.911828549381569819e-01 7.939554288852045616e+00 2.396604980741523505e+00
1.000000000000000000e+00 2.008784248618608501e+02 -1.102918627921308996e+02 -6.313674127106310800e+06 -6.907651065853620000e+14 6.857882284584542224e-06 -3.707597632533979912e-06 2.612378854456293071e-07 -4.884858797157627123e+03 -8.857254473216020330e+00 2.135790626374085566e-01 2.056810548655391979e-01 1.181397661602516136e+00 2.583517729169479971e+00
1.000000000000000000e+00 1.268569327259556161e+02 -1.137591064814852473e+02 -6.336553256896365434e+06 -6.957804872377513750e+14 4.346521828977967088e-06 -3.838011072729971160e-06 1.435091384587868618e-07 -3.262754065456014814e+03 -5.904233944824571090e+00 7.595483827765240337e-01 1.371972564585936805e-01 -3.218723650077357945e+00 1.726754005762987321e+00
1.000000000000000000e+00 4.951654579139476198e+01 -1.142637125842776697e+02 -6.359432041190269403e+06 -7.008139333205313750e+14 1.702720015857206969e-06 -3.868954507995845594e-06 7.572640173638217267e-08 -3.067772426923536386e+02 -5.540337372663231008e-01 9.985172450756188978e-01 1.331909747781302202e-02 1.126402336684322103e+00 1.679677825334308927e-01
1.000000000000000000e+00 -2.916255409900050211e+01 -1.117974838047396133e+02 -6.382310469319607131e+06 -7.058654416520570000e+14 -1.006417207307002924e-06 -3.799066692348312715e-06 6.497840695260684755e-08 2.797896279824827161e+03 5.042899043263710190e+00 8.326760441606777530e-01 -1.158991792926321179e-01 7.909619098206746024e+00 -1.464522204799215244e+00
1.000000000000000000e+00 -1.071732527373753499e+02 -1.063995215423414322e+02 -6.405188535875551403e+06 -7.109350101844217500e+14 -3.711871207423770837e-06 -3.628595473415367027e-06 1.125629907446317762e-07 4.783615029017517372e+03 8.604828257195181962e+00 3.280601007506751543e-01 -1.978952196523922624e-01 7.219226139422348254e+00 -2.505610622893793327e+00
1.000000000000000000e+00 -1.823970521095621109e+02 -9.821964722195394870e+01 -6.428066249606350437e+06 -7.160226400064930000e+14 -6.339758701353479408e-06 -3.361597219051750221e-06 2.135853374770620002e-07 4.823396592254724965e+03 8.659204629284403154e+00 -3.102990923426129921e-01 -1.990975228197337799e-01 5.241863836715409536e-02 -2.525835652910766616e+00
1.000000000000000000e+00 -2.529060047349497893e+02 -8.748686643507340932e+01 -6.450943629385901615e+06 -7.211283344987171250e+14 -8.821794912075654589e-06 -3.004921078248395201e-06 3.576363772196841936e-07 2.891421827600586312e+03 5.180566432338635785e+00 -8.218955000101545449e-01 -1.189973953827548891e-01 -3.071600402838160271e+00 -1.512641205815789647e+00
1.000000000000000000e+00 -3.169206579045887224e+02 -7.446549971636714815e+01 -6.473820700830308720e+06 -7.262520986141326250e+14 -1.109393929585675913e-05 -2.566745072973743090e-06 5.300970729947873448e-07 -2.199900885497629872e+02 -3.933791848767801413e-01 -9.986780684773048922e-01 9.597083460674461428e-03 2.418004546103737162e+00 1.222349145401650378e-01
1.000000000000000000e+00 -3.727253617379276420e+02 -5.951153190980249974e+01 -6.496697496662138961e+06 -7.313939389871100000e+14 -1.309351227207277847e-05 -2.058546761868148178e-06 7.132206363237437292e-07 -3.240864316532189605e+03 -5.783800179350065740e+00 -7.702940539826493849e-01 1.343262431823841196e-01 8.485312652736412886e+00 1.714244246127589744e+00
1.000000000000000000e+00 -4.189530149020609429e+02 -4.303157534510404503e+01 -6.519574060820820741e+06 -7.365538648902716250e+14 -1.476927280909459678e-05 -1.493734564111717089e-06 8.884636095055396157e-07 -4.952903137666651673e+03 -8.821818689310056527e+00 -2.307345581291201930e-01 2.048234816838907790e-01 6.316804725076551108e+00 2.619061607690540416e+00
1.000000000000000000e+00 -4.545134237171104132e+02 -2.543596170779771981e+01 -6.542450438272373751e+06 -7.417318859683681250e+14 -1.607909958612410971e-05 -8.860445643565544402e-07 1.038237937677246403e-06 -4.671342884586413675e+03 -8.304004665958210296e+00 4.017590571196892890e-01 1.928508430038907151e-01 -9.284901035458867913e-01 2.470813506216676725e+00
1.000000000000000000e+00 -4.784905959246401608e+02 -7.191192307258114980e+00 -6.565326682153834030e+06 -7.469280138679672500e+14 -1.698651617397800375e-05 -2.513762281796449351e-07 1.147322565661075142e-06 -2.502697381442382266e+03 -4.440208842718669224e+00 8.724802431905921418e-01 1.032682201412623291e-01 -2.768134207029509852e+00 1.325671430318236199e+00
1.000000000000000000e+00 -4.903973632119194690e+02 1.122571562456269767e+01 -6.588202848796444945e+06 -7.521422611334876250e+14 -1.746986939617222272e-05 3.937748371113688265e-07 1.205415491861479841e-06 6.952888640514032659e+02 1.231150705156928371e+00 9.911597438901321722e-01 -2.794028154868884173e-02 3.472203195994380653e+00 -3.593760216988916012e-01
1.000000000000000000e+00 -4.900642231133451219e+02 2.937168746455138191e+01 -6.611078990957166068e+06 -7.573746396690425000e+14 -1.751862086618644589e-05 1.033875410778359450e-06 1.207429916515169216e-06 3.636743015262313293e+03 6.427041468605389163e+00 7.084066046440327113e-01 -1.477886455951249733e-01 8.734325633992229498e+00 -1.904613435244430830e+00
1.000000000000000000e+00 -4.775163596614725066e+02 4.678512956428864555e+01 -6.633955163806472905e+06 -7.626251621009598750e+14 -1.712913201002078863e-05 1.652522305606282229e-06 1.153147448258416180e-06 5.115703087001049425e+03 9.023146579092054864e+00 1.376278733716034819e-01 -2.075022740039970393e-01 5.323936578156763133e+00 -2.679380803110267717e+00
1.000000000000000000e+00 -4.532010068778729988e+02 6.303169003083120714e+01 -6.656831422910217196e+06 -7.678938413217471250e+14 -1.631296838314812711e-05 2.234053003098698196e-06 1.048414587975310653e-06 4.511720013842741537e+03 7.942379912184017066e+00 -4.892370352008040824e-01 -1.825961598847232747e-01 -1.777343227167135220e+00 -2.362367104037931487e+00
1.000000000000000000e+00 -4.178405937845570861e+02 7.774199940629411287e+01 -6.679707818703011610e+06 -7.731806892122407500e+14 -1.509185644440442631e-05 2.764904489853995632e-06 9.040543605546511357e-07 2.065057975482690381e+03 3.628258590929540617e+00 -9.166906352862079777e-01 -8.321989708427793286e-02 -2.157088430306953963e+00 -1.078761538622811766e+00
1.000000000000000000e+00 -3.722993659449584243e+02 9.055678644639280606e+01 -6.702584397205803543e+06 -7.784857167879560000e+14 -1.349301978399504910e-05 3.231694175079907877e-06 7.342057801065717791e-07 -1.222219046148079997e+03 -2.143256365549497389e+00 -9.713962345868749626e-01 5.004487115621902155e-02 4.729197952877074229e+00 6.499781590946263066e-01
1.000000000000000000e+00 -3.177945211803792631e+02 1.011707511952386938e+02 -6.725461203070015647e+06 -7.838089348911416250e+14 -1.155694500710875876e-05 3.622797072720092601e-06 5.557044387364289053e-07 -4.013464683606554445e+03 -7.024335222701825643e+00 -6.325612662800410568e-01 1.630903480408620321e-01 8.828762890029148380e+00 2.122299829544032956e+00
1.000000000000000000e+00 -2.557242002414769502e+02 1.093622140459303722e+02 -6.748338267422962002e+06 -7.891503513426418750e+14 -9.331323423493549023e-06 3.929443962020458425e-06 3.857811512661186380e-07 -5.186155072098505116e+03 -9.059278267401968066e+00 -3.830401855948489809e-02 2.103518626327510743e-01 4.200966867264752658e+00 2.742600329733081654e+00
1.000000000000000000e+00 -1.875357774847292944e+02 1.149352551845706358e+02 -6.771215622730643488e+06 -7.945099743761795000e+14 -6.866340660885531778e-06 4.143686303672312707e-06 2.403957993176501827e-07 -4.269432638547110400e+03 -7.443585596144931316e+00 5.714893215305620888e-01 1.728929558237682629e-01 -2.441540431379824128e+00 2.258549125577475891e+00
1.000000000000000000e+00 -1.149302667158704594e+02 1.177617847618613069e+02 -6.794093291877786629e+06 -7.998878100723890000e+14 -4.222216415665774604e-06 4.259933767650444921e-06 1.335252142557972614e-07 -1.620513577116915258e+03 -2.819877289417305199e+00 9.509087919386813859e-01 6.574313405896449469e-02 -1.478806990802880916e+00 8.604727689493812948e-01
1.000000000000000000e+00 -3.967486075555651581e+01 1.178038857867429812e+02 -6.816971289573244750e+06 -8.052838626528742500e+14 -1.462451409791724236e-06 4.275806495322699384e-06 7.528744956944788107e-08 1.707232603759730409e+03 2.965086279049846230e+00 9.457058094498260736e-01 -6.797634194904422777e-02 5.708565711156198930e+00 -8.914098198791348127e-01
1.000000000000000000e+00 3.651908065580349216e+01 1.150533411020842038e+02 -6.839849623416560702e+06 -8.106981347006281250e+14 1.350644203138894957e-06 4.189987722429215995e-06 7.098337351848006128e-08 4.365837057324708439e+03 7.567995187428905979e+00 5.562799844068506694e-01 -1.740519742928863245e-01 8.650703820967251545e+00 -2.286808999537974341e+00
1.000000000000000000e+00 1.117945112629851110e+02 1.095725569454762223e+02 -6.862728294726932421e+06 -8.161306273290128750e+14 4.148507273810176621e-06 4.003737197525904579e-06 1.209152929690030396e-07 5.255931929070147817e+03 9.093547038538577709e+00 -6.006764911900647208e-02 -2.091054957435418971e-01 3.020801758615268007e+00 -2.752619135182816201e+00
1.000000000000000000e+00 1.843452665285392129e+02 1.015109296583132874e+02 -6.885607292578776367e+06 -8.215813387335257500e+14 6.863550127696148272e-06 3.721534220847961198e-06 2.202864752731223002e-07 3.997282246938232674e+03 6.902719603576457530e+00 -6.519147310639767934e-01 -1.586617775084984416e-01 -2.922875085361856584e+00 -2.092575619772237161e+00
1.000000000000000000e+00 2.525250232592591146e+02 9.104218331768319672e+01 -6.908486606002732180e+06 -8.270502670645405000e+14 9.433262267793426334e-06 3.348825714857812203e-06 3.597778845646811417e-07 1.102644129707042111e+03 1.900483851640782484e+00 -9.775436426376827859e-01 -4.336717840426694559e-02 -4.490668221884758227e-01 -5.730554083883104832e-01
1.000000000000000000e+00 3.146484389341145516e+02 7.840431832181215555e+01 -6.931366212503165007e+06 -8.325374076687710000e+14 1.179285600772975993e-05 2.893515345979852783e-06 5.259469413025930332e-07 -2.240762564908785862e+03 -3.854780122148850907e+00 -9.050637641504502007e-01 8.964491638822300046e-02 6.802458212335243282e+00 1.186823560449124626e+00
1.000000000000000000e+00 3.691929733958083375e+02 6.391073585454595474e+01 -6.954246082180806436e+06 -8.380427540371943750e+14 1.388283144006067890e-05 2.366414589743061131e-06 7.027518255786274951e-07 -4.674505332045580872e+03 -8.026310217104448697e+00 -4.653513133136036872e-01 1.863431365094678771e-01 8.242437459749984541e+00 2.471709248775900480e+00
1.000000000000000000e+00 4.148929095386106951e+02 4.788556433151170921e+01 -6.977126178716129623e+06 -8.435662980134833750e+14 1.565262422928305933e-05 1.778886129540172607e-06 8.734959131420589436e-07 -5.219713292576344429e+03 -8.945507665042681467e+00 1.626416746775563860e-01 2.077262127211632614e-01 1.793051461130582780e+00 2.760560203549547786e+00
1.000000000000000000e+00 4.505425565084205459e+02 3.070223360073897467e+01 -7.000006464774266817e+06 -8.491080310797918750e+14 1.705331560018051511e-05 1.144288081763604502e-06 1.021536340949765959e-06 -3.654183814729984533e+03 -6.250695465649292792e+00 7.250050449419893628e-01 1.452296093864580417e-01 -3.181072279850993390e+00 1.933666091373894558e+00
1.000000000000000000e+00 4.751991061275066386e+02 1.278922424462879626e+01 -7.022886892146746628e+06 -8.546679419532755000e+14 1.804537278731920661e-05 4.782190121036792343e-07 1.132223779110904466e-06 -5.953182639142726202e+02 -1.016408543143477505e+00 9.940973982863811065e-01 2.401194726257370807e-02 5.471159625376893487e-01 3.203115093007312120e-01
1.000000000000000000e+00 4.882580989511166649e+02 -5.436416753852309824e+00 -7.045767412532781251e+06 -8.602460191756363750e+14 1.860168680014448656e-05 -2.039426257774177493e-07 1.194648547059387376e-06 2.730580560600710669e+03 4.653254234445155291e+00 8.596283475758186299e-01 -1.069170174679468233e-01 7.565325832412226781e+00 -1.428924594385353020e+00
