1.000000000000000000e+00 1.740632343681944860e+02 1.527954717099567858e+02 -4.744198144926002715e+05 -2.049494154696335938e+13 6.307697910774637059e-06 2.028127452318869535e-06 1.210460927742949250e-06
1.000000000000000000e+00 1.801635952064590072e+02 7.611758277826545793e+01 -4.787736103204061510e+05 -2.087283567361757422e+13 6.588677667591149060e-06 1.019617153646357941e-06 1.203496974007687491e-06
1.000000000000000000e+00 1.818184429211273425e+02 -2.430585599094940985e+00 -4.831274142587680253e+05 -2.125418264401832812e+13 6.709661844831278533e-06 -3.285447582308307756e-08 1.197020581098452914e-06
1.000000000000000000e+00 1.789625129543825039e+02 -8.098058151875815724e+01 -4.874812264584426302e+05 -2.163898249084226172e+13 6.663785081307201096e-06 -1.104487301052579744e-06 1.191440316510290196e-06
1.000000000000000000e+00 1.716038354849324321e+02 -1.575415320256725238e+02 -4.918350471606328501e+05 -2.202723525534559375e+13 6.446848734296628199e-06 -2.167886184055339514e-06 1.186709749059046143e-06
1.000000000000000000e+00 1.599130826384557906e+02 -2.300948279725368195e+02 -4.961888763351902599e+05 -2.241894095502905859e+13 6.060829077075014908e-06 -3.194300882204546684e-06 1.183073529670708595e-06
1.000000000000000000e+00 1.441677720415644615e+02 -2.968383268820102217e+02 -5.005427135600021575e+05 -2.281409957156734375e+13 5.512014457420470699e-06 -4.157029049898606235e-06 1.180661520914259564e-06
1.000000000000000000e+00 1.247179456481334796e+02 -3.560022186653698668e+02 -5.048965582622064394e+05 -2.321271107143492969e+13 4.809859341564013931e-06 -5.028946963967296840e-06 1.178953484424929845e-06
1.000000000000000000e+00 1.020649018344996790e+02 -4.059552513877816864e+02 -5.092504097784872865e+05 -2.361477541090042969e+13 3.970167470873759023e-06 -5.784042715447838243e-06 1.177764915290007003e-06
1.000000000000000000e+00 7.679022405520484540e+01 -4.454370795922957882e+02 -5.136042669932657154e+05 -2.402029250182571484e+13 3.012559097807458223e-06 -6.400839391513983022e-06 1.177296895251447448e-06
1.000000000000000000e+00 4.951488756033848659e+01 -4.733619271140340743e+02 -5.179581289718698827e+05 -2.442926226959926172e+13 1.958986611809013062e-06 -6.859775747102990906e-06 1.177200455668792852e-06
1.000000000000000000e+00 2.096716767875417986e+01 -4.889167864638830565e+02 -5.223119945082697668e+05 -2.484168461083296484e+13 8.365093216917210815e-07 -7.144747554704742309e-06 1.177143591447037488e-06
1.000000000000000000e+00 -8.101074406727168054e+00 -4.917619380527377757e+02 -5.266658620346289827e+05 -2.525755938361099219e+13 -3.258958327746996106e-07 -7.246228438302014892e-06 1.177232810513838075e-06
1.000000000000000000e+00 -3.695781329497824430e+01 -4.818026213366694037e+02 -5.310197303147662897e+05 -2.567688647311850391e+13 -1.499056294442159279e-06 -7.158165859061604978e-06 1.177196580585047577e-06
1.000000000000000000e+00 -6.482887453133720612e+01 -4.592642503720597347e+02 -5.353735978712936630e+05 -2.609966573710211719e+13 -2.651102073655914486e-06 -6.879256953228061455e-06 1.176789119207883615e-06
1.000000000000000000e+00 -9.098617227629264903e+01 -4.248494937371380615e+02 -5.397274632871286012e+05 -2.652589703455029297e+13 -3.751033384433981710e-06 -6.415515563344024598e-06 1.176484016151043253e-06
1.000000000000000000e+00 -1.147855383765756585e+02 -3.794699624283438197e+02 -5.440813253863916034e+05 -2.695558024385699219e+13 -4.770369423611155273e-06 -5.776478546930618563e-06 1.176519880421578877e-06
1.000000000000000000e+00 -1.356029339078538385e+02 -3.242993168800883268e+02 -5.484351827821492916e+05 -2.738871521860676172e+13 -5.680615715190734689e-06 -4.976147925119871028e-06 1.176728657897201837e-06
1.000000000000000000e+00 -1.529180672538024055e+02 -2.608926236923708757e+02 -5.527890343588244868e+05 -2.782530183530333594e+13 -6.456828288576338871e-06 -4.034996481778321376e-06 1.177420579165703309e-06
1.000000000000000000e+00 -1.663395225179895931e+02 -1.908885069987485110e+02 -5.571428793023469625e+05 -2.826533999750476953e+13 -7.078855580403102464e-06 -2.975557220120409728e-06 1.178880974666234259e-06
1.000000000000000000e+00 -1.755336088864228827e+02 -1.160558457893142190e+02 -5.614967168890994508e+05 -2.870882961543676953e+13 -7.528501138626725290e-06 -1.823207853518416324e-06 1.181003822384007781e-06
1.000000000000000000e+00 -1.802990330740946376e+02 -3.839303069748580555e+01 -5.658505464859186905e+05 -2.915577060635138281e+13 -7.792847089993662171e-06 -6.078215258888018084e-07 1.184089213947968319e-06
1.000000000000000000e+00 -1.805772409419100768e+02 4.017896757097683036e+01 -5.702043678817426553e+05 -2.960616292932526953e+13 -7.864924722839974168e-06 6.409899989517358715e-07 1.188472238096030474e-06
1.000000000000000000e+00 -1.763731885666759922e+02 1.177579908258670969e+02 -5.745581808353709057e+05 -3.006000653961208984e+13 -7.740474717676115593e-06 1.892981373310048368e-06 1.193756205581419682e-06
1.000000000000000000e+00 -1.678226549948965101e+02 1.923653023744355153e+02 -5.789119854071058799e+05 -3.051730142348794922e+13 -7.421029291873062510e-06 3.115740081563444730e-06 1.199608683242959510e-06
1.000000000000000000e+00 -1.551901569498361937e+02 2.622444126305409782e+02 -5.832657820793562569e+05 -3.097804761225754297e+13 -6.914036828334454743e-06 4.279516285594285045e-06 1.206102060718944455e-06
1.000000000000000000e+00 -1.387843335437763415e+02 3.257798752646540379e+02 -5.876195711837809067e+05 -3.144224512262305078e+13 -6.229278007330458220e-06 5.356023147792408058e-06 1.212876299129012819e-06
1.000000000000000000e+00 -1.190221568474283202e+02 3.813984766046464756e+02 -5.919733533535476308e+05 -3.190989400484375000e+13 -5.381842593949808224e-06 6.316886197443892952e-06 1.219477845311775599e-06
1.000000000000000000e+00 -9.641803550844517190e+01 4.278520869840368164e+02 -5.963271294328728691e+05 -3.238099433410734375e+13 -4.391813239981026241e-06 7.138388217019563975e-06 1.225861102956481165e-06
1.000000000000000000e+00 -7.149713696329503421e+01 4.641117339216128244e+02 -6.006809002961305669e+05 -3.285554619157809766e+13 -3.280450520362649378e-06 7.799887024835155854e-06 1.231534202260368147e-06
1.000000000000000000e+00 -4.485999090126166067e+01 4.892653566939086431e+02 -6.050346669985954650e+05 -3.333354968112641016e+13 -2.073196456587107511e-06 8.282218158993653602e-06 1.235782499740610700e-06
1.000000000000000000e+00 -1.716529975992487067e+01 5.027840068323253035e+02 -6.093884307161483448e+05 -3.381500492335447266e+13 -7.989996961969178525e-07 8.572304713741450835e-06 1.238640047848755803e-06
1.000000000000000000e+00 1.095632032251209687e+01 5.043929367338274687e+02 -6.137421926548166666e+05 -3.429991204596344922e+13 5.136315810842677529e-07 8.661177071880667481e-06 1.240128232516732364e-06
1.000000000000000000e+00 3.883588150464854039e+01 4.939677813406129872e+02 -6.180959539000270888e+05 -3.478827116690398047e+13 1.833538718642919131e-06 8.542332360188142117e-06 1.239870169786643603e-06
1.000000000000000000e+00 6.578843595204652672e+01 4.717858229644895687e+02 -6.224497158085639821e+05 -3.528008243833004688e+13 3.127914346374274952e-06 8.216201846728203885e-06 1.238004189392844454e-06
1.000000000000000000e+00 9.119723658355499651e+01 4.383752040001842261e+02 -6.268034795864544576e+05 -3.577534599948953906e+13 4.366305256905016194e-06 7.687751211513019534e-06 1.234756896507146727e-06
1.000000000000000000e+00 1.144453594287141556e+02 3.944093744305542941e+02 -6.311572465301820775e+05 -3.627406200385286719e+13 5.517429310346459046e-06 6.964769410389778727e-06 1.229938407997024647e-06
1.000000000000000000e+00 1.349427611457597607e+02 3.409441017894167203e+02 -6.355110176950218156e+05 -3.677623058108546094e+13 6.550488580085933059e-06 6.062171334273120422e-06 1.223936908579235957e-06
1.000000000000000000e+00 1.522066907864031009e+02 2.792435930916847724e+02 -6.398647941060988232e+05 -3.728185186068628125e+13 7.439144193523625780e-06 4.999117836300930509e-06 1.217511731473767425e-06
1.000000000000000000e+00 1.657911368958587275e+02 2.106704339451958390e+02 -6.442185766980877379e+05 -3.779092596479364062e+13 8.158222975939643398e-06 3.797158926522702885e-06 1.210800178605027508e-06
1.000000000000000000e+00 1.753170962258251393e+02 1.369069577703891696e+02 -6.485723663755075540e+05 -3.830345301494841406e+13 8.685278060318569215e-06 2.484310652301557042e-06 1.204003355446486553e-06
1.000000000000000000e+00 1.805467872396548330e+02 5.975594144446081657e+01 -6.529261638016758952e+05 -3.881943310687919531e+13 9.004401547086567114e-06 1.091608994720144311e-06 1.197691353901848113e-06
1.000000000000000000e+00 1.813091198690298143e+02 -1.897640419409878376e+01 -6.572799693384014536e+05 -3.933886630232722656e+13 9.102717492468448640e-06 -3.489685269187470785e-07 1.191994745523690695e-06
1.000000000000000000e+00 1.775299795326825176e+02 -9.727555386504614887e+01 -6.616337832871922292e+05 -3.986175265691532812e+13 8.972023299301635794e-06 -1.800708129764358003e-06 1.187028192730075288e-06
1.000000000000000000e+00 1.692967131742309448e+02 -1.731422662714510352e+02 -6.659876056480477564e+05 -4.038809219065334375e+13 8.612231408994449613e-06 -3.226199245064953700e-06 1.183315838183532162e-06
1.000000000000000000e+00 1.567758601092326955e+02 -2.447130135610312891e+02 -6.703414364511200693e+05 -4.091788492723217188e+13 8.027425341555711129e-06 -4.589602480838998588e-06 1.180868481663707814e-06
1.000000000000000000e+00 1.402389892114956922e+02 -3.100671565008404968e+02 -6.746952752742941957e+05 -4.145113083486673438e+13 7.227322911939055479e-06 -5.853092345684053213e-06 1.179228536853633916e-06
1.000000000000000000e+00 1.201140893034498305e+02 -3.674651894460135395e+02 -6.790491214542594971e+05 -4.198782985060528906e+13 6.230116414681268924e-06 -6.981348795051705061e-06 1.178398408925679281e-06
1.000000000000000000e+00 9.689190643429714100e+01 -4.154585795888944517e+02 -6.834029741166409804e+05 -4.252798188312347656e+13 5.057843449957893093e-06 -7.943767728538157199e-06 1.178373474144557963e-06
1.000000000000000000e+00 7.114441288245612327e+01 -4.526957124124525080e+02 -6.877568323870701715e+05 -4.307158683832446094e+13 3.737461525250965999e-06 -8.710904157416988014e-06 1.178711604272072905e-06
1.000000000000000000e+00 4.356269531292225849e+01 -4.781558330153111456e+02 -6.921106952102690702e+05 -4.361864459653557031e+13 2.302986119594325704e-06 -9.259061297338140318e-06 1.179334248539092442e-06
1.000000000000000000e+00 1.485206819626058206e+01 -4.912269437598538389e+02 -6.964645612294562161e+05 -4.416915499649489062e+13 7.901089382026419235e-07 -9.572009991301889671e-06 1.180256960511805569e-06
1.000000000000000000e+00 -1.425467245428201934e+01 -4.914926612347308037e+02 -7.008184291179978754e+05 -4.472311787648513281e+13 -7.630689351512110688e-07 -9.637058426063052483e-06 1.180934263703695153e-06
1.000000000000000000e+00 -4.296820346804593527e+01 -4.789426357619487362e+02 -7.051722973382057389e+05 -4.528053304347689844e+13 -2.314426833985010861e-06 -9.449322758219794109e-06 1.181203428480545041e-06
1.000000000000000000e+00 -7.055275624897558373e+01 -4.540026843720042962e+02 -7.095261645031487569e+05 -4.584140031904414844e+13 -3.823696533177086151e-06 -9.012572607840852316e-06 1.181461230064626292e-06
1.000000000000000000e+00 -9.631045473478874897e+01 -4.172922961015395344e+02 -7.138800294369470794e+05 -4.640571954780068750e+13 -5.251697270936281096e-06 -8.334653329877355466e-06 1.181675131786954750e-06
1.000000000000000000e+00 -1.195532134357876402e+02 -3.698055811520433167e+02 -7.182338906923636096e+05 -4.697349053513659375e+13 -6.558857044327921639e-06 -7.431240143769741752e-06 1.181839951638426766e-06
1.000000000000000000e+00 -1.397090618074058170e+02 -3.128956825830465505e+02 -7.225877470030684490e+05 -4.754471310565842969e+13 -7.711097359352247132e-06 -6.325751167012067738e-06 1.182400610592534899e-06
1.000000000000000000e+00 -1.562955605428103922e+02 -2.480087954149506686e+02 -7.269415973439385416e+05 -4.811938711188938281e+13 -8.678550215143402406e-06 -5.044156407948144826e-06 1.183373296574465454e-06
1.000000000000000000e+00 -1.688865723557958347e+02 -1.768471320261264452e+02 -7.312954408406001749e+05 -4.869751242317843750e+13 -9.433850829542302511e-06 -3.618368781214441312e-06 1.184663171712858041e-06
1.000000000000000000e+00 -1.772086727954743139e+02 -1.013255759364409130e+02 -7.356492768598886905e+05 -4.927908893841720312e+13 -9.957648749130076183e-06 -2.085507874715520662e-06 1.186809036001388679e-06
1.000000000000000000e+00 -1.810996063618656819e+02 -2.329946673974614413e+01 -7.400031049495425541e+05 -4.986411657886899219e+13 -1.023651355056061763e-05 -4.823935185781532670e-07 1.190062525045942172e-06
1.000000000000000000e+00 -1.804689351193031825e+02 5.527140015164712850e+01 -7.443569246271520387e+05 -5.045259526027583594e+13 -1.026088230061470287e-05 1.151075048578969033e-06 1.194105886794639191e-06
1.000000000000000000e+00 -1.753839483470218852e+02 1.323740239806369061e+02 -7.487107358324116794e+05 -5.104452495440502344e+13 -1.003009209942796354e-05 2.772929143654959442e-06 1.198939860320670404e-06
1.000000000000000000e+00 -1.660146290480761593e+02 2.062039651898611226e+02 -7.530645388366816333e+05 -5.163990567831923438e+13 -9.549476717793432636e-06 4.344613531460795176e-06 1.204516662382001645e-06
1.000000000000000000e+00 -1.525909873675141739e+02 2.749862714203398468e+02 -7.574183339716187911e+05 -5.223873745825914062e+13 -8.828068898782747234e-06 5.827318644638055059e-06 1.210339786009610636e-06
1.000000000000000000e+00 -1.354815680224031382e+02 3.370240134553537814e+02 -7.617721216593328863e+05 -5.284102033406596094e+13 -7.883268281622373558e-06 7.183033000017599594e-06 1.216269216436080553e-06
1.000000000000000000e+00 -1.151290304008549157e+02 3.909405261114474683e+02 -7.661259025932928780e+05 -5.344675438478105469e+13 -6.737301928980251818e-06 8.379783141896118875e-06 1.222310625690944292e-06
1.000000000000000000e+00 -9.200752551061735574e+01 4.354803222808822625e+02 -7.704796774669620208e+05 -5.405593969164442969e+13 -5.414839099016613572e-06 9.387537057298770936e-06 1.227808297073417478e-06
1.000000000000000000e+00 -6.669729399705028072e+01 4.695541236586244622e+02 -7.748334473959221505e+05 -5.466857639766085156e+13 -3.947458668168530225e-06 1.017925418756658800e-05 1.232203830727926303e-06
1.000000000000000000e+00 -3.981453573485867992e+01 4.924591273068118653e+02 -7.791872134957463713e+05 -5.528466464937202344e+13 -2.369651557513546206e-06 1.073578854576723994e-05 1.235502015680502957e-06
1.000000000000000000e+00 -1.197083689860012079e+01 5.036607407393950098e+02 -7.835409767915635603e+05 -5.590420458395176562e+13 -7.164522396872091680e-07 1.104133925638765961e-05 1.237406111704348807e-06
1.000000000000000000e+00 1.615401472972062180e+01 5.028373848119209129e+02 -7.878947384290990885e+05 -5.652719635912941406e+13 9.721867375163252857e-07 1.108454063910857274e-05 1.237625730937302698e-06
1.000000000000000000e+00 4.388581528331259562e+01 4.900787863830138349e+02 -7.922484997349850601e+05 -5.715364016236972656e+13 2.655746474516486878e-06 1.086298725818941875e-05 1.236451538245564915e-06
1.000000000000000000e+00 7.059366984921197741e+01 4.656503608720174157e+02 -7.966022619152511470e+05 -5.778353616784857812e+13 4.295446478817619545e-06 1.037823307277081154e-05 1.233827809238736154e-06
1.000000000000000000e+00 9.561810306332537834e+01 4.300396454511605384e+02 -8.009560262663800968e+05 -5.841688456676103125e+13 5.849918481939120792e-06 9.636938980599419336e-06 1.229480265275448686e-06
1.000000000000000000e+00 1.183476122544195022e+02 3.841319063457731886e+02 -8.053097940245523350e+05 -5.905368554557010156e+13 7.279867895722076601e-06 8.654964745274726294e-06 1.223910865526200127e-06
1.000000000000000000e+00 1.382527668714486140e+02 3.289574198025427449e+02 -8.096635660641376162e+05 -5.969393924130912500e+13 8.550262457709001073e-06 7.451886374935690703e-06 1.217642939439356212e-06
1.000000000000000000e+00 1.548145734492581482e+02 2.657376211515327782e+02 -8.140173436213165987e+05 -6.033764584742182812e+13 9.626014599846573804e-06 6.052135486006378389e-06 1.210772486289583465e-06
1.000000000000000000e+00 1.676028858965997301e+02 1.960360414471662693e+02 -8.183711276006131666e+05 -6.098480551184262500e+13 1.047690023971044225e-05 4.488571667854438903e-06 1.203808956745329598e-06
1.000000000000000000e+00 1.763048674011644721e+02 1.214874821153301525e+02 -8.227249188160946360e+05 -6.163541837182145312e+13 1.107949513818499317e-05 2.796456855949162795e-06 1.197242936658272557e-06
1.000000000000000000e+00 1.806518958899408460e+02 4.383977668449092846e+01 -8.270787177501743427e+05 -6.228948451723470312e+13 1.141275217726126718e-05 1.014465120620435630e-06 1.191021049802102429e-06
1.000000000000000000e+00 1.804976683465821168e+02 -3.492105853483419509e+01 -8.314325250058659585e+05 -6.294700405774985156e+13 1.146303512646850655e-05 -8.123372157953140047e-07 1.185490563597932297e-06
1.000000000000000000e+00 1.758372395206941974e+02 -1.128587970980110669e+02 -8.357863405831715791e+05 -6.360797701316192969e+13 1.122553746301566204e-05 -2.639080433853488530e-06 1.181270908981243571e-06
1.000000000000000000e+00 1.667292181442464880e+02 -1.880507327103259740e+02 -8.401401646931433352e+05 -6.427240343555750000e+13 1.069952452491127979e-05 -4.420269189344099291e-06 1.178279123111186397e-06
1.000000000000000000e+00 1.533698326686200915e+02 -2.584839873967349035e+02 -8.444939971850300208e+05 -6.494028332204831250e+13 9.893216837982590807e-06 -6.107340758502009108e-06 1.176326140003849155e-06
1.000000000000000000e+00 1.360980831143214971e+02 -3.223530423452953642e+02 -8.488478374558151700e+05 -6.561161659935240625e+13 8.824352989586379937e-06 -7.655676273677532376e-06 1.175537985593025183e-06
1.000000000000000000e+00 1.153097118069397311e+02 -3.780204972826579706e+02 -8.532016849627860356e+05 -6.628640320164551562e+13 7.514820449672471728e-06 -9.023790296997756804e-06 1.175625643020857522e-06
1.000000000000000000e+00 9.152371001027903219e+01 -4.239214816593379851e+02 -8.575555388918748358e+05 -6.696464301900300000e+13 5.995106328623328662e-06 -1.017113974938404643e-05 1.176222904579129270e-06
1.000000000000000000e+00 6.537149754886075925e+01 -4.588543633702017814e+02 -8.619093981576521182e+05 -6.764633589632309375e+13 4.303789955318747255e-06 -1.106517846393480575e-05 1.177459726773262911e-06
1.000000000000000000e+00 3.750207879326141125e+01 -4.819194611996842355e+02 -8.662632617349935463e+05 -6.833148168457525781e+13 2.481454153050721927e-06 -1.168009302430431553e-05 1.179144756207812125e-06
1.000000000000000000e+00 8.641047621406963586e+00 -4.924121952916739247e+02 -8.706171337244005408e+05 -6.902008104416806250e+13 5.746383755794686303e-07 -1.199438405971650493e-05 1.180667831296369275e-06
1.000000000000000000e+00 -2.043259696345679899e+01 -4.900880082445131052e+02 -8.749710017339192564e+05 -6.971213202048731250e+13 -1.365583453237439967e-06 -1.199747011076700962e-05 1.181977383861110089e-06
1.000000000000000000e+00 -4.898547440117840068e+01 -4.750592276119540429e+02 -8.793248698640489019e+05 -7.040763526072065625e+13 -3.290165106168681650e-06 -1.168743087957193952e-05 1.183192764319314868e-06
1.000000000000000000e+00 -7.627260048516740198e+01 -4.476633138049039076e+02 -8.836787367881601676e+05 -7.110659055165642188e+13 -5.148301542652368039e-06 -1.106796688250839986e-05 1.184076315228738255e-06
1.000000000000000000e+00 -1.015648248479828482e+02 -4.086931706803788984e+02 -8.880326009987147991e+05 -7.180899764661760938e+13 -6.889270717645830245e-06 -1.015425887025958554e-05 1.184841783446574957e-06
1.000000000000000000e+00 -1.242430822335898171e+02 -3.592461701261284475e+02 -8.923864613801343367e+05 -7.251485635784671875e+13 -8.468884444845775351e-06 -8.969475758209266897e-06 1.185890325152717606e-06
1.000000000000000000e+00 -1.437352034568148440e+02 -3.005707364520015403e+02 -8.967403166359388269e+05 -7.322416646450467188e+13 -9.845343228095514927e-06 -7.541110973070502353e-06 1.187008502832795970e-06
1.000000000000000000e+00 -1.595392059269320555e+02 -2.342696740416111822e+02 -9.010941656505513238e+05 -7.393692777132750000e+13 -1.098091731131720196e-05 -5.906200577370019741e-06 1.188243561134823774e-06
1.000000000000000000e+00 -1.713061835559989277e+02 -1.621143066268133452e+02 -9.054480077305019367e+05 -7.465314014911748438e+13 -1.184779618779216398e-05 -4.106830713632555875e-06 1.190158226332773763e-06
1.000000000000000000e+00 -1.787656227163379583e+02 -8.588665418610624158e+01 -9.098018422124772333e+05 -7.537280347147412500e+13 -1.242315304017259210e-05 -2.186222890460485385e-06 1.192827100111230762e-06
1.000000000000000000e+00 -1.817416487228788071e+02 -7.572990659578227479e+00 -9.141556685839133570e+05 -7.609591763499054688e+13 -1.269040953532076973e-05 -1.936910343945703945e-07 1.196181002528952160e-06
1.000000000000000000e+00 -1.802230693005425621e+02 7.083569813747693900e+01 -9.185094865734548075e+05 -7.682248257498264062e+13 -1.264430738945827259e-05 1.820362018241672732e-06 1.200474377729260319e-06
1.000000000000000000e+00 -1.742768714916846307e+02 1.474872246729050005e+02 -9.228632961811012356e+05 -7.755249827151220312e+13 -1.228508444930589932e-05 3.808147117255394133e-06 1.205466463898511733e-06
1.000000000000000000e+00 -1.640597622562434594e+02 2.204702973949668205e+02 -9.272170975877571618e+05 -7.828596473518909375e+13 -1.161942204254588160e-05 5.719439361618058540e-06 1.210675365809779387e-06
1.000000000000000000e+00 -1.498780315100333382e+02 2.880118390670819508e+02 -9.315708911250779638e+05 -7.902288200277254688e+13 -1.066485382924179092e-05 7.506684974392742469e-06 1.216214636891429165e-06
1.000000000000000000e+00 -1.320923058096870761e+02 3.485958490281017816e+02 -9.359246774563847575e+05 -7.976325016860556250e+13 -9.443205420462763992e-06 9.128197972295483170e-06 1.221989017767744291e-06
1.000000000000000000e+00 -1.111285835631866945e+02 4.007555749008823796e+02 -9.402784570640852908e+05 -8.050706929815512500e+13 -7.981477289833256630e-06 1.054284931175957079e-05 1.227335159673075507e-06
1.000000000000000000e+00 -8.753143835589571609e+01 4.432625852318554962e+02 -9.446322309130050708e+05 -8.125433954141043750e+13 -6.315792338034418021e-06 1.171509393903847394e-05 1.231960177601585545e-06
1.000000000000000000e+00 -6.186358991625939296e+01 4.752189577960151041e+02 -9.489859999981180299e+05 -8.200506105663118750e+13 -4.484313236764483383e-06 1.261756363509662996e-05 1.235679088414885034e-06
1.000000000000000000e+00 -3.471940830716750526e+01 4.958397719382816149e+02 -9.533397654048504774e+05 -8.275923402093704688e+13 -2.528255968583353226e-06 1.322546676189784292e-05 1.237933024691846962e-06
1.000000000000000000e+00 -6.773651156021775144e+00 5.046348473992454160e+02 -9.576935283090806333e+05 -8.351685863066618750e+13 -4.955076874769524953e-07 1.352152671748852147e-05 1.238629399209202220e-06
1.000000000000000000e+00 2.132156163633868928e+01 5.014758766990730692e+02 -9.620472898263876559e+05 -8.427793507532137500e+13 1.566810408710246480e-06 1.349796841197155278e-05 1.238025632868546168e-06
1.000000000000000000e+00 4.891962971255137660e+01 4.863702321933816393e+02 -9.664010511326474370e+05 -8.504246355855570312e+13 3.611117102328853793e-06 1.315062279401652077e-05 1.235823533504155085e-06
1.000000000000000000e+00 7.533445884947310844e+01 4.596378795558209163e+02 -9.707548136449473677e+05 -8.581044433039571875e+13 5.586042595845649743e-06 1.248381447504647237e-05 1.231863906724969731e-06
1.000000000000000000e+00 9.994441996732085443e+01 4.219542031905913859e+02 -9.751085786296157166e+05 -8.658187761858996875e+13 7.444105962832457881e-06 1.151172046553229102e-05 1.226612352683978210e-06
1.000000000000000000e+00 1.221713731265327709e+02 3.741140692170669126e+02 -9.794623470816293266e+05 -8.735676360650035938e+13 9.140253014684901093e-06 1.025212108597138141e-05 1.220264446730019770e-06
1.000000000000000000e+00 1.414389959959190435e+02 3.172044713495909605e+02 -9.838161202070161235e+05 -8.813510251845851562e+13 1.062879709910375174e-05 8.731224912680120968e-06 1.213015665731828886e-06
1.000000000000000000e+00 1.572760970740800133e+02 2.526213396905300783e+02 -9.881698990007502725e+05 -8.891689454463923438e+13 1.187122021016967615e-05 6.984311412196543498e-06 1.205605041367340314e-06
1.000000000000000000e+00 1.692909475602398288e+02 1.818212422854002455e+02 -9.925236842769011855e+05 -8.970213984567348438e+13 1.283440182335128303e-05 5.049024062124304310e-06 1.198350296724683428e-06
1.000000000000000000e+00 1.771315385314677542e+02 1.064879676669821862e+02 -9.968774770304454723e+05 -9.049083861761750000e+13 1.348772479799630610e-05 2.970053436576839833e-06 1.191202015365597978e-06
1.000000000000000000e+00 1.805858378976765835e+02 2.852074465849339546e+01 -1.001231277653340134e+06 -9.128299094972782812e+13 1.381080884038551420e-05 7.989456000096570402e-07 1.184722788494966388e-06
1.000000000000000000e+00 1.795488747712840052e+02 -5.022709931351823087e+01 -1.005585086477244622e+06 -9.207859692146156250e+13 1.379121499807686969e-05 -1.413119411859759271e-06 1.179419107051989452e-06
1.000000000000000000e+00 1.739816519587265589e+02 -1.277887331764589334e+02 -1.009938903773515718e+06 -9.287765660223643750e+13 1.342145406854019440e-05 -3.610851329278784345e-06 1.175241593901694090e-06
1.000000000000000000e+00 1.640048586630096850e+02 -2.021230259615062153e+02 -1.014292729602453066e+06 -9.368017002334440625e+13 1.270635673478696050e-05 -5.735893044525461306e-06 1.172378249144381181e-06
1.000000000000000000e+00 1.498546477603466656e+02 -2.713825229591696484e+02 -1.018646563632402220e+06 -9.448613714355601562e+13 1.165989820764374156e-05 -7.734412681178013882e-06 1.170958217066546338e-06
1.000000000000000000e+00 1.318358932360612528e+02 -3.337562660432139978e+02 -1.023000405471400009e+06 -9.529555790935414062e+13 1.030173773434803383e-05 -9.552722776965608735e-06 1.170506554063903882e-06
1.000000000000000000e+00 1.104060886043750997e+02 -3.875261854503309564e+02 -1.027354254335529287e+06 -9.610843219264432812e+13 8.663916644978120603e-06 -1.113892341150700395e-05 1.170852691246603372e-06
1.000000000000000000e+00 8.611662508111876946e+01 -4.313253499091545109e+02 -1.031708109320267104e+06 -9.692475984018504688e+13 6.786484522321347913e-06 -1.245041329350839266e-05 1.172190222125164021e-06
1.000000000000000000e+00 5.955809960410721970e+01 -4.639687454289363018e+02 -1.036061969581392710e+06 -9.774454070724401562e+13 4.713327112605124923e-06 -1.344919836401977262e-05 1.174124347209853075e-06
1.000000000000000000e+00 3.143418773059129023e+01 -4.845076730281944037e+02 -1.040415833882726729e+06 -9.856777457214403125e+13 2.498102263568911068e-06 -1.410358606061873448e-05 1.176195443066602568e-06
1.000000000000000000e+00 2.489665525187849671e+00 -4.924570035097298728e+02 -1.044769700777032995e+06 -9.939446116912923438e+13 1.986838615309537683e-07 -1.439497211957280561e-05 1.178411118793528954e-06
1.000000000000000000e+00 -2.654908592357952202e+01 -4.875957875535906396e+02 -1.049123568877378013e+06 -1.002246002393753281e+14 -2.127537550985338192e-06 -1.431227029036474570e-05 1.180507622529453062e-06
1.000000000000000000e+00 -5.490543787230927109e+01 -4.700014530025712816e+02 -1.053477436887280783e+06 -1.010581915370130000e+14 -4.418161788077457972e-06 -1.385308119450022944e-05 1.182198603039614672e-06
1.000000000000000000e+00 -8.183090089366190512e+01 -4.402331603963099838e+02 -1.057831303329353919e+06 -1.018952347772094219e+14 -6.612029222515532930e-06 -1.302930071634623020e-05 1.183845906845834477e-06
1.000000000000000000e+00 -1.066611218469231375e+02 -3.990930797114540951e+02 -1.062185166967418045e+06 -1.027357297171058906e+14 -8.653810820726494992e-06 -1.186031900190604697e-05 1.185635928732475996e-06
1.000000000000000000e+00 -1.287447369016532264e+02 -3.476365156901237583e+02 -1.066539026414539898e+06 -1.035796760806411250e+14 -1.048835196993519380e-05 -1.037347060698513931e-05 1.187299238217920017e-06
1.000000000000000000e+00 -1.475194649135872567e+02 -2.873167146337072495e+02 -1.070892880374235101e+06 -1.044270736049953125e+14 -1.206691843120165152e-05 -8.608527352641860334e-06 1.189055958442339117e-06
1.000000000000000000e+00 -1.625562058837851680e+02 -2.197143359071916393e+02 -1.075246728092739591e+06 -1.052779221295123594e+14 -1.335096634687842002e-05 -6.609802226548037135e-06 1.191279846260284418e-06
1.000000000000000000e+00 -1.734797516658536267e+02 -1.465367324033413752e+02 -1.079600568755980814e+06 -1.061322214792883125e+14 -1.430582518831761766e-05 -4.426205244486041097e-06 1.193901163478351058e-06
1.000000000000000000e+00 -1.800375099582839482e+02 -6.974289661005801122e+01 -1.083954401640339987e+06 -1.069899714946932812e+14 -1.490647748089674613e-05 -2.115109884284976765e-06 1.197164380556686902e-06
1.000000000000000000e+00 -1.821282831229682699e+02 8.740764195944780823e+00 -1.088308226384012029e+06 -1.078511720855138438e+14 -1.514015505564952903e-05 2.661480305786955416e-07 1.201418669075918197e-06
1.000000000000000000e+00 -1.797141952373227127e+02 8.701234363545121653e+01 -1.092662042655333644e+06 -1.087158231663870469e+14 -1.499924007607620290e-05 2.660043039994898961e-06 1.206271799301625761e-06
1.000000000000000000e+00 -1.728824443865611329e+02 1.630716973431909480e+02 -1.097015850544764195e+06 -1.095839247352320000e+14 -1.448654481999581616e-05 5.005107790743403800e-06 1.211420154186724609e-06
1.000000000000000000e+00 -1.618607242523926004e+02 2.351019263300432840e+02 -1.101369650414105272e+06 -1.104554768446802969e+14 -1.361681701819951047e-05 7.244546979065071721e-06 1.217054941085598700e-06
1.000000000000000000e+00 -1.469232619746470050e+02 3.014383999401654819e+02 -1.105723442534717033e+06 -1.113304795302985625e+14 -1.240903748585568331e-05 9.325390646725603000e-06 1.222892673112684574e-06
1.000000000000000000e+00 -1.284490185520753585e+02 3.604406516543418775e+02 -1.110077227328710258e+06 -1.122089328589906250e+14 -1.089143241928910462e-05 1.119460825124675669e-05 1.228454724419430442e-06
1.000000000000000000e+00 -1.069279187810119822e+02 4.107627506818499228e+02 -1.114431005760906963e+06 -1.130908370091460781e+14 -9.102177865876449905e-06 1.280755355899934671e-05 1.233666420647513376e-06
1.000000000000000000e+00 -8.286436233522070438e+01 4.512944384487733487e+02 -1.118784778585076099e+06 -1.139761921192126250e+14 -7.081338568132389139e-06 1.412630149958247512e-05 1.238073234917085695e-06
1.000000000000000000e+00 -5.683512678493342207e+01 4.810287265135145276e+02 -1.123138546826342586e+06 -1.148649983855324688e+14 -4.875859505756500522e-06 1.511563116494657259e-05 1.241013449710851051e-06
1.000000000000000000e+00 -2.948979712891844684e+01 4.993193438294969724e+02 -1.127492311720885802e+06 -1.157572560510361875e+14 -2.539723230356363911e-06 1.575120997327868202e-05 1.242554624638266547e-06
1.000000000000000000e+00 -1.453908351144855171e+00 5.057947228997112461e+02 -1.131846074143079808e+06 -1.166529652879965000e+14 -1.256971460890603171e-07 1.601708954037575408e-05 1.242742719235398754e-06
1.000000000000000000e+00 2.661170501921336040e+01 5.002246843945740693e+02 -1.136199835479856003e+06 -1.175521263775185781e+14 2.309555697616730616e-06 1.590163503749957778e-05 1.241164398184518184e-06
1.000000000000000000e+00 5.401466195029157547e+01 4.827653707901143889e+02 -1.140553596967395162e+06 -1.184547395737931094e+14 4.705744878634165160e-06 1.540542731897420067e-05 1.237877800543553938e-06
1.000000000000000000e+00 8.012714854660242736e+01 4.538478953520625510e+02 -1.144907359932328109e+06 -1.193608051537910312e+14 7.007305508261350205e-06 1.453793134917435863e-05 1.233134382007936797e-06
1.000000000000000000e+00 1.043244326765618553e+02 4.140449374590416483e+02 -1.149261125460084062e+06 -1.202703233482071562e+14 9.158108103090072526e-06 1.331337411686054058e-05 1.226837632105517838e-06
1.000000000000000000e+00 1.259923397925085169e+02 3.643026070382319404e+02 -1.153614894756693160e+06 -1.211832944165163906e+14 1.110212245827825362e-05 1.175831456811285703e-05 1.219373172160303961e-06
1.000000000000000000e+00 1.446214589053234079e+02 3.058041120641317434e+02 -1.157968668907578103e+06 -1.220997185965840938e+14 1.279176771568012591e-05 9.907454135033176345e-06 1.211499519031096927e-06
1.000000000000000000e+00 1.597426762429196572e+02 2.398333355523027137e+02 -1.162322448877566028e+06 -1.230195961041907656e+14 1.418236307177352184e-05 7.799344685186611746e-06 1.203377044360054797e-06
1.000000000000000000e+00 1.709376622839859863e+02 1.679915655926392617e+02 -1.166676235691778362e+06 -1.239429271709875938e+14 1.523312933382197718e-05 5.483524268944222818e-06 1.195155818260077483e-06
1.000000000000000000e+00 1.779288532490172088e+02 9.203542280505452311e+01 -1.171030029923082562e+06 -1.248697119354275312e+14 1.591532198693821332e-05 3.015400376649778088e-06 1.187480901618122640e-06
1.000000000000000000e+00 1.805098375709769130e+02 1.373348678952278945e+01 -1.175383832114190329e+06 -1.257999505313250781e+14 1.620621534013898043e-05 4.516296720323908074e-07 1.180644305594904765e-06
1.000000000000000000e+00 1.785566347622160777e+02 -6.493320134644024222e+01 -1.179737642657060409e+06 -1.267336430618269375e+14 1.609023720344860821e-05 -2.143256713106024256e-06 1.174771556533284013e-06
1.000000000000000000e+00 1.721095477606873487e+02 -1.419576271832879968e+02 -1.184091461672297446e+06 -1.276707895728070781e+14 1.556650911487385486e-05 -4.702901921705143903e-06 1.170390229396993831e-06
1.000000000000000000e+00 1.612948072277336564e+02 -2.154561017878059204e+02 -1.188445289129750803e+06 -1.286113900778931875e+14 1.464200654536038719e-05 -7.164071838620291820e-06 1.167549963799559418e-06
1.000000000000000000e+00 1.463328494431628144e+02 -2.834792963096580820e+02 -1.192799124788212823e+06 -1.295554445447695625e+14 1.333245598345498961e-05 -9.460423941788079886e-06 1.165794228986517830e-06
1.000000000000000000e+00 1.276077600429441645e+02 -3.442150189840252210e+02 -1.197152968044669367e+06 -1.305029528614736875e+14 1.166884172937643336e-05 -1.152925919991488092e-05 1.165189051948705560e-06
1.000000000000000000e+00 1.055768641898587532e+02 -3.961316773699994656e+02 -1.201506818145351717e+06 -1.314539148811432188e+14 9.689380604084962785e-06 -1.331642824441476711e-05 1.165809407601946983e-06
1.000000000000000000e+00 8.077267475873112801e+01 -4.377870642494984281e+02 -1.205860674366644584e+06 -1.324083304611469844e+14 7.439823183510884782e-06 -1.477005109514440259e-05 1.167190170166534029e-06
1.000000000000000000e+00 5.385834425362361344e+01 -4.680312243460915056e+02 -1.210214535472363932e+06 -1.333661993435882344e+14 4.978704839680363707e-06 -1.584744061966466522e-05 1.169157107070410788e-06
1.000000000000000000e+00 2.552554965576027612e+01 -4.861228609578660667e+02 -1.214568400346935494e+06 -1.343275212933275469e+14 2.368089422408633462e-06 -1.651923622678019789e-05 1.171657205847014547e-06
1.000000000000000000e+00 -3.509084018831633234e+00 -4.915169388065232852e+02 -1.218922267633576877e+06 -1.352922960181423750e+14 -3.267162946752826771e-07 -1.676240929651168801e-05 1.174122254582809442e-06
1.000000000000000000e+00 -3.245859910296216810e+01 -4.840496792229648690e+02 -1.223276135824747616e+06 -1.362605231879210625e+14 -3.032880457687372267e-06 -1.656671422557227024e-05 1.176348329745456487e-06
1.000000000000000000e+00 -6.057368788771164247e+01 -4.640088970934277199e+02 -1.227630003593819914e+06 -1.372322025082176094e+14 -5.680054816713604549e-06 -1.593733651528230790e-05 1.178682530039774533e-06
1.000000000000000000e+00 -8.714555786329366072e+01 -4.318887457718547012e+02 -1.231983869614155730e+06 -1.382073336803762031e+14 -8.200706961475740553e-06 -1.488671416184929636e-05 1.181033750431046417e-06
1.000000000000000000e+00 -1.114623207230244049e+02 -3.885495191960446846e+02 -1.236337732498826459e+06 -1.391859163879583438e+14 -1.052606923892013476e-05 -1.344019099807891154e-05 1.183261005075479809e-06
1.000000000000000000e+00 -1.329141337996187815e+02 -3.352395079387209762e+02 -1.240691590891046915e+06 -1.401679503169378281e+14 -1.259609772481203713e-05 -1.163699838146413560e-05 1.185695398506567172e-06
1.000000000000000000e+00 -1.509870140185264518e+02 -2.733221421396564210e+02 -1.245045443735539680e+06 -1.411534352173500938e+14 -1.435905361448829074e-05 -9.520986729340098569e-06 1.188387258230664087e-06
1.000000000000000000e+00 -1.652136124988945483e+02 -2.044192929254691364e+02 -1.249399290067484602e+06 -1.421423708564661562e+14 -1.576696485684713668e-05 -7.145704905524209574e-06 1.191254281413851399e-06
1.000000000000000000e+00 -1.752694790701138743e+02 -1.304002829232596810e+02 -1.253753129163261736e+06 -1.431347570535703750e+14 -1.678492260972088451e-05 -4.574172139093049130e-06 1.194781386390676166e-06
1.000000000000000000e+00 -1.809527035122323468e+02 -5.309962678287332949e+01 -1.258106960480157519e+06 -1.441305936671015938e+14 -1.738936240327372716e-05 -1.869093272791737764e-06 1.199235295332085530e-06
1.000000000000000000e+00 -1.821269489662898593e+02 2.553917300486327946e+01 -1.262460783505610656e+06 -1.451298805607101250e+14 -1.756277452892236101e-05 9.020833500889297419e-07 1.204244179989994858e-06
1.000000000000000000e+00 -1.788083227384057068e+02 1.034863849645925598e+02 -1.266814598088867730e+06 -1.461326176798927500e+14 -1.730221905412269187e-05 3.667906160926271152e-06 1.209755975605350213e-06
1.000000000000000000e+00 -1.711309385787643009e+02 1.788995517630566781e+02 -1.271168404380680062e+06 -1.471388050394671562e+14 -1.661623552107550350e-05 6.362595043499019921e-06 1.215849875972135314e-06
1.000000000000000000e+00 -1.592849047207061517e+02 2.499655395542733345e+02 -1.275522202622256242e+06 -1.481484426757418438e+14 -1.551899738957004951e-05 8.920518617617661145e-06 1.222088118899539470e-06
1.000000000000000000e+00 -1.435969337589354780e+02 3.149213986288463047e+02 -1.279875993205555016e+06 -1.491615306609282812e+14 -1.403828570480054496e-05 1.127695909923671326e-05 1.228285494498882774e-06
1.000000000000000000e+00 -1.244850793312185147e+02 3.723095549074662927e+02 -1.284229776763743488e+06 -1.501780691248951250e+14 -1.221127616646932192e-05 1.337731205916279426e-05 1.234449745833677058e-06
1.000000000000000000e+00 -1.023958194883618376e+02 4.207999398900357733e+02 -1.288583553929982241e+06 -1.511980581995175938e+14 -1.007849831686778141e-05 1.517085976868987747e-05 1.239893570209844313e-06
1.000000000000000000e+00 -7.788173201461239614e+01 4.592057685769584054e+02 -1.292937325699249748e+06 -1.522214981038750938e+14 -7.691553971959348856e-06 1.661141961792223445e-05 1.244043476206840176e-06
1.000000000000000000e+00 -5.154896131765302414e+01 4.867188499672090529e+02 -1.297291093247424113e+06 -1.532483891029415625e+14 -5.108088025434894169e-06 1.766597222475132243e-05 1.246969500180941896e-06
1.000000000000000000e+00 -2.399636870605921146e+01 5.027112475608327031e+02 -1.301644857509176480e+06 -1.542787314082420938e+14 -2.385827557321875063e-06 1.830766891223630690e-05 1.248404359105003093e-06
1.000000000000000000e+00 4.108037059039332028e+00 5.067487110705855571e+02 -1.305998619630237110e+06 -1.553125252844653438e+14 4.098057880487490843e-07 1.851643228728949489e-05 1.247998682738723521e-06
1.000000000000000000e+00 3.208444262875716646e+01 4.988075207158404396e+02 -1.310352380907085724e+06 -1.563497710359082188e+14 3.211320255481445015e-06 1.828702403619518344e-05 1.245966040780324511e-06
1.000000000000000000e+00 5.929869358855125938e+01 4.790560756006051406e+02 -1.314706142515602056e+06 -1.573904689421043750e+14 5.954904964787579864e-06 1.762126105336136143e-05 1.242240244634313987e-06
1.000000000000000000e+00 8.508680919997244985e+01 4.478688962654435954e+02 -1.319059905872870004e+06 -1.584346193442595312e+14 8.572900334082485184e-06 1.652864921873689754e-05 1.236576638650162485e-06
1.000000000000000000e+00 1.088156513176340496e+02 4.060252027392784839e+02 -1.323413672124619130e+06 -1.594822225226731250e+14 1.099988133907031018e-05 1.503386165932249435e-05 1.229502308532509443e-06
1.000000000000000000e+00 1.299363914484662246e+02 3.544695561597526421e+02 -1.327767442295972491e+06 -1.605332787321144688e+14 1.317813141585677490e-05 1.316809337373410542e-05 1.221582698120303458e-06
1.000000000000000000e+00 1.479097118687762986e+02 2.943263255104586165e+02 -1.332121217442205641e+06 -1.615877882379194375e+14 1.505017167956530194e-05 1.096970111720191307e-05 1.212910547699954039e-06
1.000000000000000000e+00 1.622684181967170218e+02 2.270776376963410428e+02 -1.336474998769350117e+06 -1.626457513454638125e+14 1.656516853962958745e-05 8.490966885749497679e-06 1.203936654406030966e-06
1.000000000000000000e+00 1.726656411807324218e+02 1.543015026297046575e+02 -1.340828787001023069e+06 -1.637071682461488438e+14 1.768399032187285003e-05 5.788491788587465631e-06 1.195213807698341832e-06
