5.399999738090168103e+04 7.357206294698041822e-08 9.999999999999999547e-08
5.400917486617081158e+04 6.513163023260776587e-08 9.999999999999999547e-08
5.401835243040548812e+04 -5.769822590719188125e-08 9.999999999999999547e-08
5.402753006319244741e+04 1.147938823260972929e-07 9.999999999999999547e-08
5.403670775321319525e+04 -2.992622738273726749e-09 9.999999999999999547e-08
5.404588548640838417e+04 -2.702433359928727616e-08 9.999999999999999547e-08
5.405506324823209434e+04 1.254236872532252127e-07 9.999999999999999547e-08
5.406424102294332260e+04 8.178919609218937354e-08 9.999999999999999547e-08
5.407341879341987806e+04 9.870711350207126008e-08 9.999999999999999547e-08
5.408259654319408583e+04 2.688243534320138641e-07 9.999999999999999547e-08
5.409177425684742047e+04 2.082666692227947702e-07 9.999999999999999547e-08
5.410095191882732615e+04 2.187064311840896424e-07 9.999999999999999547e-08
5.411012951547603734e+04 1.299247312555504728e-07 9.999999999999999547e-08
5.411930703486191487e+04 -6.477619755954401959e-08 9.999999999999999547e-08
5.412848446634899301e+04 1.381866662781413715e-07 9.999999999999999547e-08
5.413766180316558894e+04 3.270290426369659075e-08 9.999999999999999547e-08
5.414683904086918483e+04 2.010987932167044161e-07 9.999999999999999547e-08
5.415601617659401381e+04 8.519783184633102366e-08 9.999999999999999547e-08
5.416519321097683860e+04 8.420367525701693080e-08 9.999999999999999547e-08
5.417437014769879170e+04 4.915106883610340621e-08 9.999999999999999547e-08
5.418354699198444723e+04 1.374217404041396763e-07 9.999999999999999547e-08
5.419272375232190097e+04 5.879368778626700850e-08 9.999999999999999547e-08
5.420190043911098473e+04 1.179043845227215794e-07 9.999999999999999547e-08
5.421107706290345232e+04 -1.293402696473934079e-08 9.999999999999999547e-08
5.422025363720073074e+04 7.455033103649143882e-09 9.999999999999999547e-08
5.422943017651836999e+04 -6.833794933745129535e-08 9.999999999999999547e-08
5.423860669494120521e+04 -9.241281509659257904e-08 9.999999999999999547e-08
5.424778320792938030e+04 -4.360412515785889799e-08 9.999999999999999547e-08
5.425695973020746897e+04 4.718963557140433878e-09 9.999999999999999547e-08
5.426613627556934080e+04 -2.654865596108052937e-07 9.999999999999999547e-08
5.427531285900485818e+04 -2.428843661174607294e-07 9.999999999999999547e-08
5.428448949369750335e+04 -1.937173066284238137e-07 9.999999999999999547e-08
5.429366619071075547e+04 -1.876600352126303321e-07 9.999999999999999547e-08
5.430284296057136089e+04 -5.073205939099236345e-08 9.999999999999999547e-08
5.431201981225627242e+04 -1.391020422924336423e-07 9.999999999999999547e-08
5.432119675240631477e+04 -1.871933540419852405e-07 9.999999999999999547e-08
5.433037378696523956e+04 -2.379922314823633949e-07 9.999999999999999547e-08
5.433955091836525389e+04 -2.900490928958741061e-07 9.999999999999999547e-08
5.434872814644851314e+04 -2.314433771758508767e-07 9.999999999999999547e-08
5.435790547027740831e+04 -1.795592313444395332e-07 9.999999999999999547e-08
5.436708288609771262e+04 -3.234793035013639316e-07 9.999999999999999547e-08
5.437626038753015018e+04 -2.575135254629492022e-07 9.999999999999999547e-08
5.438543796636517800e+04 -3.832859474883612411e-07 9.999999999999999547e-08
5.439461561193196394e+04 -1.173290851713016357e-07 9.999999999999999547e-08
5.440379331108612678e+04 -1.999442472199046585e-07 9.999999999999999547e-08
5.441297105131873104e+04 -3.484005625086299408e-07 9.999999999999999547e-08
5.442214881737415271e+04 -2.807672836523934412e-07 9.999999999999999547e-08
5.443132659228868579e+04 -2.580643945547369389e-07 9.999999999999999547e-08
5.444050435998765897e+04 -9.869095855537902909e-08 9.999999999999999547e-08
5.444968210393667687e+04 -8.943822910511113094e-08 9.999999999999999547e-08
5.445885980816988740e+04 7.602022182714028196e-08 9.999999999999999547e-08
5.446803745843164506e+04 -1.263176222247108911e-07 9.999999999999999547e-08
5.447721504081754392e+04 -1.994567767252375954e-07 9.999999999999999547e-08
5.448639254297954903e+04 1.098115253591198492e-08 9.999999999999999547e-08
5.449556995599116635e+04 -1.221076691753618806e-07 9.999999999999999547e-08
5.450474727358651580e+04 -4.191094459908853573e-08 9.999999999999999547e-08
5.451392449071244482e+04 -3.269832364053638623e-08 9.999999999999999547e-08
5.452310160625110439e+04 -1.149904857761333366e-07 9.999999999999999547e-08
5.453227862082922366e+04 -1.614194043643847404e-07 9.999999999999999547e-08
5.454145553812829166e+04 -5.290178783968240304e-08 9.999999999999999547e-08
5.455063236512333970e+04 -1.763324273541318962e-08 9.999999999999999547e-08
5.455980911036543694e+04 8.511546267528507919e-08 9.999999999999999547e-08
5.456898578311704478e+04 -8.594974234047407734e-09 9.999999999999999547e-08
5.457816239602376299e+04 2.318637013367396868e-07 9.999999999999999547e-08
5.458733896220632596e+04 2.416777782033107415e-08 9.999999999999999547e-08
5.459651549584273016e+04 9.227212305577914798e-08 9.999999999999999547e-08
5.460569201238147798e+04 2.047613669010137156e-07 9.999999999999999547e-08
5.461486852603211446e+04 4.457558869700814183e-08 9.999999999999999547e-08
5.462404505130420148e+04 3.807425665828262690e-07 9.999999999999999547e-08
5.463322160336275556e+04 2.334721003545441754e-07 9.999999999999999547e-08
5.464239819620127673e+04 2.567471960190811764e-07 9.999999999999999547e-08
5.465157484208525420e+04 2.902618749363536055e-07 9.999999999999999547e-08
5.466075155280205945e+04 1.797250593199226818e-07 9.999999999999999547e-08
5.466992833837493527e+04 8.597889912744090726e-08 9.999999999999999547e-08
5.467910520684943913e+04 2.774990739973844344e-07 9.999999999999999547e-08
5.468828216570438235e+04 1.900591291662232671e-07 9.999999999999999547e-08
5.469745921946990711e+04 3.543561237606825139e-07 9.999999999999999547e-08
5.470663636957167910e+04 1.962510461881337034e-07 9.999999999999999547e-08
5.471581361701602873e+04 4.808273727242903501e-07 9.999999999999999547e-08
5.472499095965545712e+04 2.891484209709052203e-07 9.999999999999999547e-08
5.473416839273992809e+04 2.449052282540694266e-07 9.999999999999999547e-08
5.474334591045539128e+04 2.489803601373962936e-07 9.999999999999999547e-08
5.475252350345300511e+04 2.578476509734217986e-07 9.999999999999999547e-08
5.476170116026022879e+04 1.499727428422649784e-07 9.999999999999999547e-08
5.477087886901514139e+04 2.230013691207694693e-07 9.999999999999999547e-08
5.478005661564462207e+04 1.423232542324439906e-07 9.999999999999999547e-08
5.478923438429660746e+04 1.736499995177667755e-07 9.999999999999999547e-08
5.479841215918040689e+04 1.744762526346123780e-07 9.999999999999999547e-08
5.480758992329645116e+04 1.119739608220054740e-07 9.999999999999999547e-08
5.481676766023420350e+04 3.638473923902993700e-07 9.999999999999999547e-08
5.482594535521869693e+04 -6.751618247084422017e-08 9.999999999999999547e-08
5.483512300441082334e+04 1.053532482043808347e-07 9.999999999999999547e-08
5.484430057122009021e+04 3.655871004161267418e-08 9.999999999999999547e-08
5.485347805651526869e+04 3.694104162443987812e-08 9.999999999999999547e-08
5.486265545111265965e+04 2.290659357452841438e-07 9.999999999999999547e-08
5.487183274850496673e+04 -3.075343312046683882e-08 9.999999999999999547e-08
5.488100994565687142e+04 -1.016812274773817856e-07 9.999999999999999547e-08
5.489018704077958682e+04 -4.733057486118924873e-08 9.999999999999999547e-08
5.489936403529335075e+04 -9.857402302832865676e-08 9.999999999999999547e-08
5.490854093426322652e+04 -7.062015737545481188e-08 9.999999999999999547e-08
5.491771774416351400e+04 -1.412357872756689140e-07 9.999999999999999547e-08
5.492689447361294151e+04 -2.595273390335581523e-07 9.999999999999999547e-08
5.493607113368759019e+04 -8.764731346301953707e-08 9.999999999999999547e-08
5.494524773602400819e+04 -2.644516807016177936e-07 9.999999999999999547e-08
5.495442429421481211e+04 -5.955813027690968650e-08 9.999999999999999547e-08
5.496360082350645098e+04 -1.089186795158170825e-07 9.999999999999999547e-08
5.497277733808851917e+04 1.082588179849012655e-08 9.999999999999999547e-08
5.498195385246083606e+04 -1.805019501445605335e-07 9.999999999999999547e-08
5.499113038203949691e+04 -3.370303532582832199e-07 9.999999999999999547e-08
5.500030694093950297e+04 -1.868438610025706134e-07 9.999999999999999547e-08
5.500948354307955742e+04 -2.483111779164015701e-07 9.999999999999999547e-08
5.501866020118066081e+04 -1.868727740770244738e-07 9.999999999999999547e-08
5.502783692590824649e+04 -1.395518823423917078e-07 9.999999999999999547e-08
5.503701372699966305e+04 -6.668957318210469511e-08 9.999999999999999547e-08
5.504619061314721330e+04 -2.451723158484778245e-07 9.999999999999999547e-08
5.505536759056868323e+04 -8.951597056757769592e-08 9.999999999999999547e-08
5.506454466315935133e+04 -1.436537953208924445e-07 9.999999999999999547e-08
5.507372183302530902e+04 -1.206627884214593997e-07 9.999999999999999547e-08
5.508289909938044730e+04 -1.839123715071304395e-08 9.999999999999999547e-08
5.509207645996900828e+04 -1.754791837837679849e-07 9.999999999999999547e-08
5.510125391096434760e+04 -1.435199327877337808e-07 9.999999999999999547e-08
5.511043144428837695e+04 -1.799907500132151763e-07 9.999999999999999547e-08
5.511960905059821380e+04 -3.517519733118124884e-07 9.999999999999999547e-08
5.512878671883104835e+04 -8.433477591711208401e-08 9.999999999999999547e-08
5.513796443617418845e+04 2.448161325368325040e-08 9.999999999999999547e-08
5.514714218810533202e+04 -1.587040407825185529e-07 9.999999999999999547e-08
5.515631995966105023e+04 -2.476912266334410067e-07 9.999999999999999547e-08
5.516549773329564778e+04 -1.787904759910675688e-07 9.999999999999999547e-08
5.517467549276104546e+04 -1.967573676233863391e-07 9.999999999999999547e-08
5.518385322293598438e+04 -8.841017556086986240e-08 9.999999999999999547e-08
5.519303090722527850e+04 -5.502784102563372541e-08 9.999999999999999547e-08
5.520220853155522491e+04 -8.147300295246183954e-08 9.999999999999999547e-08
5.521138608295380254e+04 -1.792449757798150173e-09 9.999999999999999547e-08
5.522056355035024899e+04 -2.152639856739837518e-08 9.999999999999999547e-08
5.522974092573970847e+04 -6.388321399644227542e-08 9.999999999999999547e-08
5.523891820377368276e+04 -4.214636664285508278e-08 9.999999999999999547e-08
5.524809538038406026e+04 -1.852002464360188219e-07 9.999999999999999547e-08
5.525727245467842295e+04 -7.368515545507647870e-08 9.999999999999999547e-08
5.526644942992270080e+04 -1.129459782716008339e-07 9.999999999999999547e-08
5.527562631023432186e+04 -6.073716533959476482e-08 9.999999999999999547e-08
5.528480310321036086e+04 1.245221340933136936e-07 9.999999999999999547e-08
5.529397981820267159e+04 2.522826068921316251e-08 9.999999999999999547e-08
5.530315646514396212e+04 -1.044040820362087322e-07 9.999999999999999547e-08
5.531233305729748827e+04 -9.294763371877696376e-08 9.999999999999999547e-08
5.532150960881326318e+04 7.351921815250418737e-08 9.999999999999999547e-08
5.533068613371990068e+04 1.029813104126483729e-08 9.999999999999999547e-08
5.533986264675013081e+04 -2.887576562480463328e-08 9.999999999999999547e-08
5.534903916303592996e+04 1.316239490542251582e-07 9.999999999999999547e-08
5.535821569703308342e+04 6.129746758084237101e-08 9.999999999999999547e-08
5.536739226336994034e+04 -6.734356793041692364e-08 9.999999999999999547e-08
5.537656887594940054e+04 1.006171850619562809e-07 9.999999999999999547e-08
5.538574554602686112e+04 -1.045607522007883191e-07 9.999999999999999547e-08
5.539492228487036482e+04 1.717748782722399581e-07 9.999999999999999547e-08
5.540409910251442489e+04 1.768779070852164222e-07 9.999999999999999547e-08
5.541327600625677587e+04 1.925335411988205742e-07 9.999999999999999547e-08
5.542245300223668892e+04 2.889772109097192897e-07 9.999999999999999547e-08
5.543163009413547843e+04 2.319241823555802535e-07 9.999999999999999547e-08
5.544080728272951092e+04 -1.126911281372180413e-08 9.999999999999999547e-08
5.544998456804885791e+04 4.919752779690680102e-08 9.999999999999999547e-08
5.545916194748106500e+04 -9.189255405330715609e-08 9.999999999999999547e-08
5.546833941510649311e+04 -2.358243773566896759e-07 9.999999999999999547e-08
5.547751696362266375e+04 2.307809390822980693e-08 9.999999999999999547e-08
5.548669458329372719e+04 3.248685190845985648e-08 9.999999999999999547e-08
5.549587226193296374e+04 1.392461892511391004e-07 9.999999999999999547e-08
5.550504998738314316e+04 2.646035396659415914e-07 9.999999999999999547e-08
5.551422774468452553e+04 5.947625237047319616e-09 9.999999999999999547e-08
5.552340551741850504e+04 -1.888545217698869091e-08 9.999999999999999547e-08
5.553258328937522310e+04 5.659632444027438198e-08 9.999999999999999547e-08
5.554176104462744843e+04 4.920602317860846562e-09 9.999999999999999547e-08
5.555093876621730305e+04 -8.278627692853393425e-08 9.999999999999999547e-08
5.556011643980729423e+04 3.437810193088586818e-08 9.999999999999999547e-08
5.556929405061201396e+04 -3.018838000084165289e-09 9.999999999999999547e-08
5.557847158553848567e+04 2.135415121240726819e-08 9.999999999999999547e-08
5.558764903523854446e+04 1.671144928161305729e-07 9.999999999999999547e-08
5.559682639161247062e+04 8.736899003468041058e-08 9.999999999999999547e-08
5.560600364921529399e+04 -4.733631402816104168e-08 9.999999999999999547e-08
5.561518080518743227e+04 3.372309597772820546e-07 9.999999999999999547e-08
5.562435785977386695e+04 1.047903223150770831e-07 9.999999999999999547e-08
5.563353481502942304e+04 5.247303609605387469e-08 9.999999999999999547e-08
5.564271167727557622e+04 4.006508340511735473e-08 9.999999999999999547e-08
5.565188845408257475e+04 6.356089449805569904e-08 9.999999999999999547e-08
5.566106515392653819e+04 1.760857580587256958e-07 9.999999999999999547e-08
5.567024178892522468e+04 2.118739882687497283e-07 9.999999999999999547e-08
5.567941837181857409e+04 1.139574896774626220e-07 9.999999999999999547e-08
5.568859491655663442e+04 2.356939006289193699e-07 9.999999999999999547e-08
5.569777143791218987e+04 9.994919351602488827e-08 9.999999999999999547e-08
5.570694795051326946e+04 2.198676424958270863e-07 9.999999999999999547e-08
5.571612446860225464e+04 2.409589346067590876e-07 9.999999999999999547e-08
5.572530100788683922e+04 2.059693259506532577e-09 9.999999999999999547e-08
5.573447758251178311e+04 -1.141237980050546379e-08 9.999999999999999547e-08
5.574365420521564374e+04 1.086426623636422361e-07 9.999999999999999547e-08
5.575283088826949097e+04 2.692168657716323122e-09 9.999999999999999547e-08
5.576200764229069318e+04 -2.017339958306842123e-07 9.999999999999999547e-08
5.577118447588688286e+04 1.200767754194698547e-07 9.999999999999999547e-08
5.578036139779169753e+04 -4.634010124082096870e-08 9.999999999999999547e-08
5.578953841276420280e+04 -8.860361478990434017e-08 9.999999999999999547e-08
5.579871552338040783e+04 -2.314851124384864514e-07 9.999999999999999547e-08
5.580789273146637424e+04 -9.147983166157250759e-08 9.999999999999999547e-08
5.581707003586526116e+04 -1.213769105427600580e-07 9.999999999999999547e-08
5.582624743305873562e+04 -1.294891422240584402e-07 9.999999999999999547e-08
