1.000000000000000000e+00 2.961226741597723731e+02 1.935393607029621990e+02 -9.598711880779067287e+05 -4.146632672029463281e+13 7.709371405484811980e-07 4.040992153843483266e+02 5.746503324456251782e+00 -1.135724149147124828e-01 -2.991020243461732786e-01 -3.177432819912797157e+01
1.000000000000000000e+00 3.359916322011893612e+02 1.382328252997997424e+02 -9.686804148389846087e+05 -4.223093448992056250e+13 8.511559621392194168e-07 -4.090623849330007147e+02 -5.776846153799723993e+00 4.960071535400245590e-02 3.006768411285560272e-01 -3.229988355359630248e+01
1.000000000000000000e+00 3.675679503959578938e+02 7.952468331691619596e+01 -9.774897173970111180e+05 -4.300253407040911719e+13 9.382728440601607701e-07 4.123535070454967126e+02 5.783321046849747127e+00 1.447164564026109934e-02 -3.010179892709399230e-01 -3.269615376279067931e+01
1.000000000000000000e+00 3.900471646111515156e+02 1.879501808861558487e+01 -9.862990857565737097e+05 -4.378112475468925000e+13 1.023568979880783030e-06 -4.139497709318612237e+02 -5.766098825951925910e+00 -7.853949633451950962e-02 3.001178319774350789e-01 -3.295729133886005258e+01
1.000000000000000000e+00 4.027303069670407467e+02 -4.244330286967673516e+01 -9.951085090533444891e+05 -4.456670572615776562e+13 1.098080245630006098e-06 4.138150074097644051e+02 5.725160879771137523e+00 1.421871390602380547e-01 -2.979904211089041133e-01 -3.307890613740942598e+01
1.000000000000000000e+00 4.052364023765063052e+02 -1.025838671836418996e+02 -1.003917973792129895e+06 -4.535927589601589844e+13 1.154109108727201392e-06 -4.119315196468592717e+02 -5.660742960570180671e+00 -2.053155928916636508e-01 2.946345614502482446e-01 -3.305912086508346448e+01
1.000000000000000000e+00 3.974761695094420020e+02 -1.601433156776312217e+02 -1.012727466010677745e+06 -4.615883409008525000e+13 1.185837311019525879e-06 4.082853951806023929e+02 5.573126177007658555e+00 2.675133611640795328e-01 -2.900767737587958695e-01 -3.289860416480183858e+01
1.000000000000000000e+00 3.795199180829368970e+02 -2.136229085718067040e+02 -1.021536970599614899e+06 -4.696537898442347656e+13 1.189245033843429636e-06 -4.028640016859211528e+02 -5.462601532207578714e+00 -3.286878220139112239e-01 2.843218877707250347e-01 -3.259948489249154591e+01
1.000000000000000000e+00 3.517926398809734678e+02 -2.615619004252212108e+02 -1.030346471123800031e+06 -4.777890908420763281e+13 1.163621453704648790e-06 3.956762227863657699e+02 5.329742170575259230e+00 3.884374825720860458e-01 -2.774085086571658754e-01 -3.216744953538763241e+01
1.000000000000000000e+00 3.150131013925849857e+02 -3.027508197935146654e+02 -1.039155951776345843e+06 -4.859942290124971875e+13 1.111735435200922130e-06 -3.867149541678882656e+02 -5.174892255966755172e+00 -4.466763811384205085e-01 2.693472645899512852e-01 -3.160846542557057859e+01
1.000000000000000000e+00 2.700439984097754973e+02 -3.360871851711996214e+02 -1.047965397757415543e+06 -4.942691899221944531e+13 1.038501073559276019e-06 3.760120155036738652e+02 4.998904451748208189e+00 5.030174705537036051e-01 -2.601884116751712606e-01 -3.093288782406574455e+01
1.000000000000000000e+00 2.180621509085679577e+02 -3.606284361992765071e+02 -1.056774794138517464e+06 -5.026139585460646875e+13 9.512103546228688203e-07 -3.635669560398471276e+02 -4.802183101172199819e+00 -5.573817314145242952e-01 2.499484270690905674e-01 -3.015017091759461465e+01
1.000000000000000000e+00 1.604607279696435853e+02 -3.757856216541634922e+02 -1.065584127809931058e+06 -5.110285211299853906e+13 8.590118999434932913e-07 3.494339223734253892e+02 4.585838647392942669e+00 6.094021627894299353e-01 -2.386884928142399553e-01 -2.927468941958974114e+01
1.000000000000000000e+00 9.868274013291124902e+01 -3.811563181627412860e+02 -1.074393387318775291e+06 -5.195128651063310938e+13 7.712003194703510589e-07 -3.336208389542500186e+02 -4.350350418465298574e+00 -6.590071449699855810e-01 2.264312138726328472e-01 -2.831885544301189483e+01
1.000000000000000000e+00 3.437081092500578450e+01 -3.765637313283883145e+02 -1.083202562455881154e+06 -5.280669787568646875e+13 6.967804552487078050e-07 3.162030365239442631e+02 4.097058944185103968e+00 7.058547117182858432e-01 -2.132478260830984185e-01 -2.730015469100791137e+01
1.000000000000000000e+00 -3.075509420852248965e+01 -3.622184812442371253e+02 -1.092011646721272264e+06 -5.366908536854744531e+13 6.436923579960655247e-07 -2.971988829866070319e+02 -3.826537499992343605e+00 -7.498822110897771509e-01 1.991674115121025435e-01 -2.623325311331360510e+01
1.000000000000000000e+00 -9.506728519508220643e+01 -3.385188190747192039e+02 -1.100820635850701714e+06 -5.453844835052250781e+13 6.173692521046369067e-07 2.767033981342306674e+02 3.540325708987082987e+00 7.907770166404513024e-01 -1.842703425572865816e-01 -2.513763680567584302e+01
1.000000000000000000e+00 -1.568850869324430732e+02 -3.060730501567512079e+02 -1.109629527093400247e+06 -5.541478632056167188e+13 6.204193061336809268e-07 -2.547473593175933786e+02 -3.239107987519294962e+00 -8.284885284228533653e-01 1.685923302718911887e-01 -2.402934527248092778e+01
1.000000000000000000e+00 -2.146011678878809334e+02 -2.658299097297732487e+02 -1.118438321060572285e+06 -5.629809910735206250e+13 6.526785630189506354e-07 2.314429147925476116e+02 2.924580019835151035e+00 8.627382890899630841e-01 -1.522214219507501964e-01 -2.292857963955136924e+01
1.000000000000000000e+00 -2.668361687212136530e+02 -2.188507347846279458e+02 -1.127247021285639843e+06 -5.718838683802628906e+13 7.109863903054669971e-07 -2.068355435913403824e+02 -2.597558490803228537e+00 -8.934906289250559297e-01 1.352002567421279056e-01 -2.185175980184967059e+01
1.000000000000000000e+00 -3.122810404906265376e+02 -1.663244106477654327e+02 -1.136055632783536101e+06 -5.808564980242292969e+13 7.894087499779086309e-07 1.810514508232056130e+02 2.259847717910705711e+00 9.205051992909583092e-01 -1.176228981545819202e-01 -2.081845203769677966e+01
1.000000000000000000e+00 -3.498124073541384860e+02 -1.096778342192822322e+02 -1.144864163701766403e+06 -5.898988862910347656e+13 8.802968542219561803e-07 -1.541522688251450575e+02 -1.912407076394168737e+00 -9.437655648058070890e-01 9.953865002634634807e-02 -1.984435505315095583e+01
1.000000000000000000e+00 -3.786206811418458074e+02 -5.033480650567943115e+01 -1.153672624022842385e+06 -5.990110416302567188e+13 9.751459812292797746e-07 1.262748307969840766e+02 1.557100073578453481e+00 9.630722123177996030e-01 -8.104580701229743833e-02 -1.894708705017877293e+01
1.000000000000000000e+00 -3.980319315294701141e+02 1.026317361836718689e+01 -1.162481023875129409e+06 -6.081929729606971875e+13 1.064709894760011795e-06 -9.749763671214861915e+01 -1.195030486963934990e+00 -9.784323860406336504e-01 6.219966897409150153e-02 -1.814050812583055716e+01
1.000000000000000000e+00 -4.076095999985934100e+02 7.055350944874528807e+01 -1.171289376218283083e+06 -6.174446925074106250e+13 1.140247181679887354e-06 6.796398422172246967e+01 8.280652430455395230e-01 9.896891238516374312e-01 -4.310057326553554113e-02 -1.743910116611419170e+01
1.000000000000000000e+00 -4.072547695273731847e+02 1.290924612303240337e+02 -1.180097694985406008e+06 -6.267662139404872656e+13 1.194997903650293356e-06 -3.776994230375834860e+01 -4.574549691518150496e-01 -9.968771188914671288e-01 2.380928431165098974e-02 -1.685386710338614691e+01
1.000000000000000000e+00 -3.970091277502619960e+02 1.845193261963656255e+02 -1.188905993696150603e+06 -6.361575509294405469e+13 1.223991419149863795e-06 7.060901776985766709e+00 8.501465300289580418e-02 9.998822398767417408e-01 -4.425892981774839224e-03 -1.639520284153162066e+01
1.000000000000000000e+00 -3.771489376456968898e+02 2.354529459693138449e+02 -1.197714287190307863e+06 -6.456187189957703125e+13 1.224640164368658701e-06 2.405032884487985356e+01 2.878732596443247527e-01 -9.987703622965257155e-01 -1.498466943308245439e-02 -1.607037188910191716e+01
1.000000000000000000e+00 -3.482619890630679720e+02 2.807226738995573783e+02 -1.206522589601609390e+06 -6.551497333648165625e+13 1.197495416046583918e-06 -5.542015153518985926e+01 -6.594921442840726566e-01 9.934687198264742225e-01 3.432454517921677828e-02 -1.588506311031511764e+01
1.000000000000000000e+00 -3.110376008048531844e+02 3.193143851274880944e+02 -1.215330914170427481e+06 -6.647506087328743750e+13 1.145190269107609629e-06 8.692061200068994253e+01 1.028350227655859372e+00 -9.840771579390300561e-01 -5.352614349748557876e-02 -1.584217561598753932e+01
1.000000000000000000e+00 -2.663598476302877316e+02 3.502655151142236036e+02 -1.224139275285138283e+06 -6.744213614810977344e+13 1.072543260094512056e-06 -1.184135074815847162e+02 -1.392869547113054995e+00 9.705615463012553512e-01 7.249569915622812444e-02 -1.594242709623044263e+01
1.000000000000000000e+00 -2.153660377255577600e+02 3.728853611621101436e+02 -1.232947685600216268e+06 -6.841620065226788281e+13 9.869322064362968961e-07 1.497575261656264729e+02 1.751471919694796542e+00 -9.530577565402220674e-01 -9.116429018891314406e-02 -1.618403010734217062e+01
1.000000000000000000e+00 -1.592294068111232548e+02 3.866830270989850078e+02 -1.241756155735211447e+06 -6.939725568976534375e+13 8.965823916015257315e-07 -1.808235306905133939e+02 -2.102756680155329239e+00 9.315662045050010498e-01 1.094442243347544808e-01 -1.656283988281287023e+01
1.000000000000000000e+00 -9.925522053089787278e+01 3.912617417868349321e+02 -1.250564695794455241e+06 -7.038530254029023438e+13 8.097961409665922159e-07 2.114598501623335096e+02 2.445094329773905617e+00 -9.062596170999889233e-01 -1.272670001830528141e-01 -1.707239847246940911e+01
1.000000000000000000e+00 -3.692351924378696992e+01 3.865294534362425338e+02 -1.259373314394705929e+06 -7.138034234694860938e+13 7.349409690759683831e-07 -2.415483961884657731e+02 -2.777278194321093352e+00 8.771683088216535307e-01 1.445520460898825355e-01 -1.770415383765367778e+01
1.000000000000000000e+00 2.633170715285502439e+01 3.726087840552697230e+02 -1.268182017910307739e+06 -7.238237602420154688e+13 6.791203806919870713e-07 2.709306151697733753e+02 3.097665970933410673e+00 -8.445017819842493001e-01 -1.612330062049497914e-01 -1.844732945703027838e+01
1.000000000000000000e+00 8.902341640823196656e+01 3.497302660057760590e+02 -1.276990812046516454e+06 -7.339140442982060938e+13 6.474039821073731578e-07 -2.995011016222151170e+02 -3.405256218317065819e+00 8.083149667154423401e-01 1.772373899458732360e-01 -1.928970854579667815e+01
1.000000000000000000e+00 1.495831274958489416e+02 3.184336320664452842e+02 -1.285799699137937510e+06 -7.440742804956462500e+13 6.428410560472171868e-07 3.270982367246574540e+02 3.698434092477131507e+00 -7.688531539886209742e-01 -1.925026180345314475e-01 -2.021685844803799625e+01
1.000000000000000000e+00 2.065824087829622329e+02 2.794582741936271759e+02 -1.294608679033057764e+06 -7.543044708689143750e+13 6.659609793987955723e-07 -3.536303632927085232e+02 -3.976407017655291476e+00 7.261898999694030854e-01 2.069650159995960748e-01 -2.121386473987177723e+01
1.000000000000000000e+00 2.586311939641952335e+02 2.336328935600887178e+02 -1.303417750831904355e+06 -7.646046165696917188e+13 7.143980028747644317e-07 3.789367654970646413e+02 4.237627510741017289e+00 -6.806045612340938522e-01 -2.205672399868796041e-01 -2.226355669026620987e+01
1.000000000000000000e+00 3.043613697564679796e+02 1.820658559692345193e+02 -1.312226910930880113e+06 -7.749747155277259375e+13 7.832710993368144606e-07 -4.029390566935775269e+02 -4.481497488057505585e+00 6.321846490638574068e-01 2.332543631003406170e-01 -2.334938594508818355e+01
1.000000000000000000e+00 3.426448897301177681e+02 1.260135602025600861e+02 -1.321036153206689749e+06 -7.854147625623453125e+13 8.658093157669560921e-07 4.254819907591006540e+02 4.706581640982184567e+00 -5.812405332388340673e-01 -2.449758796422204232e-01 -2.445256420629034011e+01
1.000000000000000000e+00 3.724867048989357272e+02 6.676366765894094613e+01 -1.329845469779215986e+06 -7.959247501957340625e+13 9.536174122678200861e-07 -4.464997634380588920e+02 -4.912459666531608704e+00 5.278687914941242454e-01 2.556855082887555808e-01 -2.555602714396041719e+01
1.000000000000000000e+00 3.930141556979906454e+02 5.812289770606765771e+00 -1.338654850405794336e+06 -8.065046678534062500e+13 1.037582128918710987e-06 4.658467619808766358e+02 5.097846930434882573e+00 -4.724077107792285513e-01 -2.653407922181193479e-01 -2.664058531461160939e+01
1.000000000000000000e+00 4.036842268976461696e+02 -5.529024945639782374e+01 -1.347464282469492871e+06 -8.171545017563173438e+13 1.109358592150959539e-06 -4.834685217372860961e+02 -5.262478343546322712e+00 4.149587988133771610e-01 2.739037265954995526e-01 -2.768973721776663766e+01
1.000000000000000000e+00 4.041622610611838695e+02 -1.150615552243217650e+02 -1.356273753963304684e+06 -8.278742384698460938e+13 1.161513506075303441e-06 4.992330823673885334e+02 5.405255392131057768e+00 -3.558850714513849822e-01 -2.813409437014002257e-01 -2.868513002824772329e+01
1.000000000000000000e+00 3.943064960183307903e+02 -1.719220290850365700e+02 -1.365083250243761810e+06 -8.386638609390189062e+13 1.188005095455538610e-06 -5.130956379342695755e+02 -5.526041411185594221e+00 2.952907037116316302e-01 2.876221117006737549e-01 -2.961179301693665167e+01
1.000000000000000000e+00 3.743542197734861361e+02 -2.243658642387200359e+02 -1.373892755027846200e+06 -8.495233496168218750e+13 1.185913396613787437e-06 5.249421423911765032e+02 5.623960813325548536e+00 -2.335582733492403418e-01 -2.927241033723039232e-01 -3.045342915515600524e+01
1.000000000000000000e+00 3.447739108046527008e+02 -2.710793328324187996e+02 -1.382702252885898808e+06 -8.604526855018576562e+13 1.155365756657445228e-06 -5.347359350387854420e+02 -5.698981034942302237e+00 1.707927159977136178e-01 2.966237193583137755e-01 -3.119744353540141546e+01
1.000000000000000000e+00 3.062342125065510459e+02 -3.107791660609031510e+02 -1.391511727947000414e+06 -8.714518485506356250e+13 1.099029605127426272e-06 5.423843600028220635e+02 5.750476519941025266e+00 -1.073928637684437581e-01 -2.993088087548267939e-01 -3.183065915117408906e+01
1.000000000000000000e+00 2.597613256778216169e+02 -3.423862579237896284e+02 -1.400321164885942824e+06 -8.825208189041121875e+13 1.022704768933500509e-06 -5.478578273710036228e+02 -5.778499822468170954e+00 4.346313784614302955e-02 3.007629302636395385e-01 -3.234355342981168491e+01
1.000000000000000000e+00 2.065572929627686847e+02 -3.651236483928763050e+02 -1.409130550019107526e+06 -8.936595782993265625e+13 9.342700960390702863e-07 5.510884967710965157e+02 5.782701037931637700e+00 2.058605113889594440e-02 -3.009857003057324065e-01 -3.272697623805995448e+01
1.000000000000000000e+00 1.479513331156366007e+02 -3.783439282503986192e+02 -1.417939870000018505e+06 -9.048681084696067188e+13 8.424632642839135022e-07 -5.520532895587037956e+02 -5.763204707141526661e+00 -8.465133496386159639e-02 2.999672147584805937e-01 -3.297500275650497059e+01
1.000000000000000000e+00 8.553092350244152442e+01 -3.816891732079708959e+02 -1.426749112976121018e+06 -9.161463926435298438e+13 7.568801484922249204e-07 5.507121087944453848e+02 5.719956066058669464e+00 1.483166748693044157e-01 -2.977194966297165846e-01 -3.308318541250065437e+01
1.000000000000000000e+00 2.093270086261079044e+01 -3.751539634962338141e+02 -1.435558270379110705e+06 -9.274944179175718750e+13 6.866249280192258737e-07 -5.470485188713186062e+02 -5.653145955457921090e+00 -2.114798572260619958e-01 2.942391644741013668e-01 -3.304953799281271642e+01
1.000000000000000000e+00 -4.421213159179171015e+01 -3.588904737576480102e+02 -1.444367336194537347e+06 -9.389121744367356250e+13 6.388080905564063551e-07 5.410525499907190579e+02 5.563027836311984053e+00 2.737241908465712359e-01 -2.895511458041848396e-01 -3.287470143896891273e+01
1.000000000000000000e+00 -1.081592239156408652e+02 -3.333465851344283237e+02 -1.453176305572011508e+06 -9.503996536779132812e+13 6.183730672442720259e-07 -5.327152602890438402e+02 -5.449860593746855386e+00 -3.349502748670512564e-01 2.836587541699603365e-01 -3.256077491129289569e+01
1.000000000000000000e+00 -1.692688469340608606e+02 -2.992917455821200861e+02 -1.461985177438535262e+06 -9.619568519350796875e+13 6.276312910118721599e-07 5.220582299863318667e+02 5.314208624755234922e+00 3.947479197902968862e-01 -2.765999843789481716e-01 -3.211354481778308667e+01
1.000000000000000000e+00 -2.260470873497492903e+02 -2.576002483448480120e+02 -1.470793952395688277e+06 -9.735837676851581250e+13 6.656400671323311119e-07 -5.090814544854852102e+02 -5.156406485026451492e+00 -4.530216357216660938e-01 2.683851170566358690e-01 -3.153911021568004003e+01
1.000000000000000000e+00 -2.770233556595156870e+02 -2.093732320250938415e+02 -1.479602633977238089e+06 -9.852804033293171875e+13 7.284593664990412954e-07 4.938384093075569581e+02 4.977321127068781159e+00 5.093749445084574390e-01 -2.590650044182788991e-01 -3.084809744359542805e+01
1.000000000000000000e+00 -3.209580098522146727e+02 -1.559385823982757131e+02 -1.488411228878336027e+06 -9.970467656162748438e+13 8.100179839110350600e-07 -4.763399269324220882e+02 -4.777374774296193394e+00 -5.637182920472388892e-01 2.486571942367492294e-01 -3.005027949915897167e+01
1.000000000000000000e+00 -3.568558282669544610e+02 -9.862366158868692878e+01 -1.497219745306928409e+06 -1.008882863545866719e+14 9.025427629746858359e-07 4.566705896939823788e+02 4.557717434862033734e+00 6.156759904562976171e-01 -2.372247985704122597e-01 -2.916046009234321090e+01
1.000000000000000000e+00 -3.838306660508173422e+02 -3.887481626801258017e+01 -1.506028192153802374e+06 -1.020788707303919531e+14 9.969057028243939512e-07 -4.348536821287011094e+02 -4.318867943142949528e+00 -6.651682688437949853e-01 2.247925940629358077e-01 -2.819149231729000959e+01
1.000000000000000000e+00 -4.012946731267446125e+02 2.175374206305549407e+01 -1.514836581557144644e+06 -1.032764311786176719e+14 1.084047941212456263e-06 4.110026875134547026e+02 4.062226577776395509e+00 7.118470434196879637e-01 -2.114348281772085447e-01 -2.716136339644334896e+01
1.000000000000000000e+00 -4.089410348716584735e+02 8.182429535601396253e+01 -1.523644926111197798e+06 -1.044809692898810156e+14 1.155868093278825251e-06 -3.851555120181009784e+02 -3.788423255149729663e+00 -7.556448924380294585e-01 1.971836089352380916e-01 -2.608520664885919516e+01
1.000000000000000000e+00 -4.065963592526733237e+02 1.398869316580512248e+02 -1.532453239425047766e+06 -1.056924868347277812e+14 1.205450924493715177e-06 3.574509433627614499e+02 3.499063337821830100e+00 7.962478003640395263e-01 -1.821226759257200678e-01 -2.498293986302811476e+01
1.000000000000000000e+00 -3.943938926114977903e+02 1.944923213009325025e+02 -1.541261536327305483e+06 -1.069109857960511562e+14 1.228438845545746027e-06 -3.279431721607878671e+02 -3.194897390882828869e+00 -8.336043118483442704e-01 1.662912117152207381e-01 -2.387098027633673780e+01
1.000000000000000000e+00 -3.727305925891749894e+02 2.444042850308805725e+02 -1.550069830457344884e+06 -1.081364680378439531e+14 1.223292007032076627e-06 2.967917056618981633e+02 2.877682880520551656e+00 8.674393491530003608e-01 -1.497804786999193949e-01 -2.276977625718893350e+01
1.000000000000000000e+00 -3.421122408099239465e+02 2.884566594360761655e+02 -1.558878135742509505e+06 -1.093689355077623125e+14 1.190399995920784689e-06 -2.640679977216720431e+02 -2.548294330129598606e+00 -8.977212334613116074e-01 1.326360977897747540e-01 -2.169590529889677910e+01
1.000000000000000000e+00 -3.033173817163605008e+02 3.255657570689577938e+02 -1.567686466739294818e+06 -1.106083902864113281e+14 1.132906145900378596e-06 2.299473023021240010e+02 2.208586792322988490e+00 9.242167247308177291e-01 -1.149548316478999355e-01 -2.066893180569133293e+01
1.000000000000000000e+00 -2.573352619889384982e+02 3.549276124337281431e+02 -1.576494836879700189e+06 -1.118548343409915312e+14 1.056731506169442506e-06 -1.945194942944941374e+02 -1.859564386617908127e+00 -9.469169159840569172e-01 9.678822515798433945e-02 -1.970445535630389955e+01
1.000000000000000000e+00 -2.052080642356623343e+02 3.758599441412191027e+02 -1.585303257937050425e+06 -1.131082694446159062e+14 9.690373249154952664e-07 1.579693462592360049e+02 1.503115501676075327e+00 9.656325448650950882e-01 -7.823598403279953539e-02 -1.881980765919130505e+01
1.000000000000000000e+00 -1.481910021089636871e+02 3.878159542118239074e+02 -1.594111741225715959e+06 -1.143686973418818438e+14 8.780655090690096154e-07 -1.204053630919523243e+02 -1.140371161302301095e+00 -9.803804175639981855e-01 5.935468421003872036e-02 -1.802851130546186553e+01
1.000000000000000000e+00 -8.767524660517526058e+01 3.905654536911116566e+02 -1.602920296366762836e+06 -1.156361195689577344e+14 7.926354986893875790e-07 8.201628297152612390e+01 7.731979008221117056e-01 9.910149805739133511e-01 -4.024480791775452565e-02 -1.734454463115498157e+01
1.000000000000000000e+00 -2.502958226107004336e+01 3.840227888011339132e+02 -1.611728931082899449e+06 -1.169105374171228125e+14 7.206209243094002975e-07 -4.292886496677488140e+01 -4.028463364791594614e-01 -9.975812454982844191e-01 2.096693416590006756e-02 -1.677838757446188822e+01
1.000000000000000000e+00 3.824092884525131808e+01 3.682629299773593630e+02 -1.620537652552847518e+06 -1.181919521228006875e+14 6.686411476514089036e-07 3.330355934765544923e+00 3.110922894615670078e-02 9.999758006343938410e-01 -1.620197277386080771e-03 -1.633982370815596497e+01
1.000000000000000000e+00 1.005855438041944154e+02 3.436857389649957781e+02 -1.629346465124961687e+06 -1.194803645300815938e+14 6.417500191764060482e-07 3.663491575463078931e+01 3.406523936773993011e-01 -9.982738133995844310e-01 -1.773179762649304200e-02 -1.603553044881081036e+01
1.000000000000000000e+00 1.605651051163848422e+02 3.108297027128073751e+02 -1.638155370167705929e+06 -1.207757750574541875e+14 6.424534335864569705e-07 -7.678676070540637966e+01 -7.107702370884322329e-01 9.924111208009508411e-01 3.699349051702000013e-02 -1.587058660799540988e+01
1.000000000000000000e+00 2.166940875061128224e+02 2.703883387092575958e+02 -1.646964368647031952e+06 -1.220781840680787500e+14 6.704832634517615651e-07 1.169647011795192242e+02 1.077787758807760010e+00 -9.824944578816280361e-01 -5.609934394150616066e-02 -1.584736029703587512e+01
1.000000000000000000e+00 2.675436187899941842e+02 2.233557894830276211e+02 -1.655773458501612535e+06 -1.233875914769982656e+14 7.231137291508278172e-07 -1.569991128544976391e+02 -1.440190690798447415e+00 9.684949353015888107e-01 7.495869103674081269e-02 -1.596608183936435310e+01
1.000000000000000000e+00 3.118940230660516590e+02 1.708249425910350396e+02 -1.664582635172007140e+06 -1.247039968184223438e+14 7.952120706867939837e-07 1.967159313782529466e+02 1.796451314668554344e+00 -9.505517922200918957e-01 -9.350544647814738874e-02 -1.622458137734487238e+01
1.000000000000000000e+00 3.485755390936608933e+02 1.139999885058599745e+02 -1.673391893077465007e+06 -1.260273994582666719e+14 8.793245430426941438e-07 -2.359591483176649547e+02 -2.145233285311156202e+00 9.286668317765701675e-01 1.116550663489191270e-01 -1.661842563172687193e+01
1.000000000000000000e+00 3.765797790488601322e+02 5.432148144876803997e+01 -1.682201223244279856e+06 -1.273577982309931875e+14 9.668461062479864330e-07 2.745436516948093981e+02 2.484960541571357595e+00 -9.030123521467273706e-01 -1.293420163498525954e-01 -1.714097387033648801e+01
1.000000000000000000e+00 3.951996616575083294e+02 -6.751796628583226045e+00 -1.691010614660268649e+06 -1.286951916323244375e+14 1.049190223812951573e-06 -3.123294002567380971e+02 -2.814491003528525770e+00 8.736156996702764133e-01 1.464889174378194714e-01 -1.778361188958571759e+01
1.000000000000000000e+00 4.038625840317096731e+02 -6.773657654520400229e+01 -1.699820055939471349e+06 -1.300395780658662031e+14 1.117801142200863941e-06 3.491232507427731662e+02 3.132226260774100712e+00 -8.406825586377406623e-01 -1.630318495732811512e-01 -1.853557318356837769e+01
1.000000000000000000e+00 4.022412172049411652e+02 -1.270191646757638040e+02 -1.708629533573474037e+06 -1.313909555726841719e+14 1.165217614479723067e-06 -3.848014635178266190e+02 -3.437215832114448144e+00 8.042614406963886076e-01 1.789008429071970163e-01 -1.938476267818624166e+01
1.000000000000000000e+00 3.903691335290058078e+02 -1.830858316106546226e+02 -1.717439032346306369e+06 -1.327493218870270781e+14 1.186502997706955253e-06 4.191672332869648585e+02 3.727875999048187339e+00 -7.645909413473636063e-01 -1.940350495206522585e-01 -2.031690015252554815e+01
1.000000000000000000e+00 3.684563159244588064e+02 -2.345180293004683278e+02 -1.726248537100886926e+06 -1.341146747040317500e+14 1.179071693352206870e-06 -4.521129979497375757e+02 -4.003440772863965158e+00 7.217364781649074912e-01 2.083720882071876390e-01 -2.131728117025999225e+01
1.000000000000000000e+00 3.369873439931339476e+02 -2.798971615026765676e+02 -1.735058031519788550e+06 -1.354870114895412500e+14 1.143282343743151060e-06 4.834424597091229430e+02 4.262375050054204806e+00 -6.759693347658410900e-01 -2.218553292576126157e-01 -2.236893629241124515e+01
1.000000000000000000e+00 2.968026254359223230e+02 -3.180357930320183186e+02 -1.743867499850958819e+06 -1.368663297463887031e+14 1.083014502563338459e-06 -5.130634297004783093e+02 -4.504084089060317098e+00 6.273682685035799622e-01 2.344299704830608844e-01 -2.345552514058716298e+01
1.000000000000000000e+00 2.488882209319108938e+02 -3.479600381295911120e+02 -1.752676927912299754e+06 -1.382526271751231719e+14 1.004285352941898813e-06 5.407848938276580384e+02 4.727119483503058994e+00 -5.762368843190701639e-01 -2.460448534900595008e-01 -2.455839305745186962e+01
1.000000000000000000e+00 1.944545914248564600e+02 -3.688103011155914714e+02 -1.761486312018752098e+06 -1.396459030956652656e+14 9.148247264041851963e-07 -5.665274793529022190e+02 -4.931029226828285594e+00 5.226678662931639741e-01 2.566520376431612460e-01 -2.566051999036378817e+01
1.000000000000000000e+00 1.349838358321186433e+02 -3.800575742582748831e+02 -1.770295617048063083e+06 -1.410461518068074062e+14 8.241142610744709621e-07 5.901141850709518621e+02 5.114522917821204828e+00 -4.669885680169315600e-01 -2.662087555872039157e-01 -2.674286987539155191e+01
1.000000000000000000e+00 7.199607268914999736e+01 -3.814558822272401812e+02 -1.779104843834138708e+06 -1.424533732539809062e+14 7.416730491057696319e-07 -6.114781023817047299e+02 -5.277282031172209287e+00 4.093005887995673220e-01 2.746742508813234673e-01 -2.778882790051155638e+01
1.000000000000000000e+00 7.115443614786617132e+00 -3.729258283850143130e+02 -1.787913983561805449e+06 -1.438675658324043750e+14 6.759161181246950886e-07 6.304563389244057134e+02 5.418168536171510397e+00 -3.499661362279707921e-01 -2.820130500882808144e-01 -2.877994051432767009e+01
1.000000000000000000e+00 -5.790351875049208985e+01 -3.547459424916476110e+02 -1.796723029984855559e+06 -1.452887283248086250e+14 6.338373620908841763e-07 -6.469952404354642113e+02 -5.536998334973484148e+00 2.890904342682322770e-01 2.881924206063584681e-01 -2.970107719522853884e+01
1.000000000000000000e+00 -1.214170729121000392e+02 -3.274667490026464520e+02 -1.805531980189788155e+06 -1.467168600357447188e+14 6.199623545078379848e-07 6.609548653307305131e+02 5.632855023915702475e+00 -2.270608722598483897e-01 -2.931870235693455617e-01 -3.053575461009295466e+01
1.000000000000000000e+00 -1.818221531690768131e+02 -2.917758091241882994e+02 -1.814340832459582249e+06 -1.481519604559253438e+14 6.356745803437184704e-07 -6.722926609392941373e+02 -5.705663954750513689e+00 1.639876373264862464e-01 2.969715753746767217e-01 -3.127118872650996551e+01
1.000000000000000000e+00 -2.375311930263293334e+02 -2.486661811007507481e+02 -1.823149588157489197e+06 -1.495940295761084062e+14 6.794208536220620047e-07 6.808975886759512832e+02 5.754772875316454872e+00 -1.002778089983907828e-01 -2.995324106859961755e-01 -3.189406131751986706e+01
1.000000000000000000e+00 -2.872029800768632981e+02 -1.993191890339583381e+02 -1.831958252145334147e+06 -1.510430679682854688e+14 7.470413855292032023e-07 -6.867378045125839208e+02 -5.780206845608321764e+00 3.604521056964549164e-02 3.008518001854794677e-01 -3.239472976553101802e+01
1.000000000000000000e+00 -3.296510525325219874e+02 -1.449614691643830042e+02 -1.840766830637620296e+06 -1.524990764439962812e+14 8.319361431873166330e-07 6.897362962183551645e+02 5.781611888307657487e+00 2.828928678131881203e-02 -3.009289882330266619e-01 -3.276405305304118798e+01
1.000000000000000000e+00 -3.638076307228228643e+02 -8.702202000496333767e+01 -1.849575331907245563e+06 -1.539620561771810938e+14 9.257541127305067059e-07 -6.898721179994990962e+02 -5.759107850807260398e+00 -9.261148107009259389e-02 2.997540020051523424e-01 -3.299616254836675466e+01
1.000000000000000000e+00 -3.889335771004509752e+02 -2.699926971328117986e+01 -1.858383766585839912e+06 -1.554320087625798438e+14 1.019639797862037284e-06 6.871062720323774329e+02 5.712662531138893662e+00 1.564939312059522303e-01 -2.973398498733484940e-01 -3.308683665369883187e+01
1.000000000000000000e+00 -4.044979531223128220e+02 3.367568486327932220e+01 -1.867192145843029954e+06 -1.569089359190721875e+14 1.104604046702251767e-06 -6.814290163950106489e+02 -5.642486494341864223e+00 -2.198245791680119576e-01 2.936843766471441408e-01 -3.303436587659039247e+01
1.000000000000000000e+00 -4.101306332741491474e+02 9.348202013226067209e+01 -1.876000482726004440e+06 -1.583928397180119062e+14 1.172295154018729784e-06 6.728418611920533294e+02 5.548879691141543447e+00 2.821777985281669343e-01 -2.888147226029638692e-01 -3.283983928472738256e+01
1.000000000000000000e+00 -4.058110445830690196e+02 1.509444969179364477e+02 -1.884808791869428940e+06 -1.598837225414550312e+14 1.216746513856621350e-06 -6.613469369651538727e+02 -5.432142337332463988e+00 -3.434459542057893278e-01 2.827365630292160703e-01 -3.250582359144156186e+01
1.000000000000000000e+00 -3.917214214578892779e+02 2.047546446016070831e+02 -1.893617086893518222e+06 -1.613815866449593438e+14 1.234246424989910070e-06 6.469870337392117108e+02 5.292902470011105365e+00 4.032137707486292966e-01 -2.754909953042181670e-01 -3.203870628672016352e+01
1.000000000000000000e+00 -3.681945221308856731e+02 2.536077674587922388e+02 -1.902425381716278614e+06 -1.628864343782719375e+14 1.223031193909956008e-06 -6.297766838441782511e+02 -5.131547853775596302e+00 -4.613819338491742528e-01 2.670912741776622079e-01 -3.144515223509899826e+01
1.000000000000000000e+00 -3.358860688450188263e+02 2.963345693952491047e+02 -1.911233691135209985e+06 -1.643982682865820625e+14 1.184443306375910057e-06 6.097990428588776695e+02 4.949017023840736051e+00 5.175529476340401391e-01 -2.575917827826488815e-01 -3.073642449963753975e+01
1.000000000000000000e+00 -2.956081720555565653e+02 3.320035550221040239e+02 -1.920042028698929353e+06 -1.659170907461678750e+14 1.122427521376200399e-06 -5.870820675807211728e+02 -4.745787451621938935e+00 -5.716381410485151804e-01 2.470131251215373358e-01 -2.992283604261933050e+01
1.000000000000000000e+00 -2.482782589283452808e+02 3.597508525397041126e+02 -1.928850407767632278e+06 -1.674429041435624375e+14 1.042683011219477758e-06 5.617464340632899393e+02 4.523075641784292777e+00 6.232656168464179025e-01 -2.354217121865232465e-01 -2.901972285885548075e+01
1.000000000000000000e+00 -1.950799485682096019e+02 3.789079526242890097e+02 -1.937658840551872272e+06 -1.689757107071583750e+14 9.529799191729617173e-07 -5.338345686672590773e+02 -4.281451418690163990e+00 -6.723599730973577326e-01 2.228451144897993785e-01 -2.804034643874233623e+01
1.000000000000000000e+00 -1.372824069266232527e+02 3.890855279256968515e+02 -1.946467337289126590e+06 -1.705155123583813125e+14 8.619633025524967589e-07 5.035002551349126634e+02 4.022365312694783590e+00 7.185812832661169214e-01 -2.093600805601848192e-01 -2.700300719822642748e+01
1.000000000000000000e+00 -7.619320978281828616e+01 3.899960920587253099e+02 -1.955275907326010056e+06 -1.720623108943357188e+14 7.778585377738994264e-07 -4.708013786943702144e+02 -3.746482122099413559e+00 -7.618699491983196292e-01 1.950006206525251584e-01 -2.592301667212127825e+01
1.000000000000000000e+00 -1.331005800972798347e+01 3.815793814213447490e+02 -1.964084559006034164e+06 -1.736161079644306562e+14 7.085187104957988508e-07 4.359196604835742050e+02 3.455437950671244263e+00 8.019222833905703673e-01 -1.798520171430733616e-01 -2.482034472519017498e+01
1.000000000000000000e+00 4.987038648489978243e+01 3.640677384197202855e+02 -1.972893298297503497e+06 -1.751769048227405000e+14 6.605870967945583714e-07 -3.989296698865536541e+02 -3.149997521179919602e+00 -8.386966216154272402e-01 1.639542166457649275e-01 -2.371133159278090830e+01
1.000000000000000000e+00 1.118955449149942325e+02 3.378004815343405198e+02 -1.981702128939374816e+06 -1.767447023446068125e+14 6.383870479110176268e-07 3.600343198582390869e+02 2.831923294308227312e+00 8.719292759124666059e-01 -1.473987442886934007e-01 -2.261621225506312882e+01
1.000000000000000000e+00 1.712133569880504353e+02 3.033470101976288902e+02 -1.990511052953243023e+06 -1.783195011095327500e+14 6.438450100801645637e-07 -3.193259506851375704e+02 -2.502084289327861644e+00 -9.015983870052534099e-01 1.302309028184534256e-01 -2.155127445703377020e+01
1.000000000000000000e+00 2.263714642009974796e+02 2.615520794301036176e+02 -1.999320069584541488e+06 -1.799013012038308125e+14 6.764656748661996080e-07 2.770219257399580215e+02 2.162312118911486447e+00 9.274817405291118089e-01 -1.125462936717846890e-01 -2.053565930383106419e+01
1.000000000000000000e+00 2.760554091403971597e+02 2.133394599502044287e+02 -2.008129176668020431e+06 -1.814901024564337812e+14 7.329805013604661010e-07 -2.332333758439901601e+02 -1.813584449800192955e+00 -9.495789717786249362e-01 9.439500141050082005e-02 -1.958453581180549108e+01
1.000000000000000000e+00 3.189509653100845981e+02 1.598305544187935254e+02 -2.016938370530589251e+06 -1.830859044156632812e+14 8.074680829924649517e-07 1.881857200246942909e+02 1.457749428042670603e+00 9.677092819646596622e-01 -7.587474237575532465e-02 -1.871473189454355079e+01
1.000000000000000000e+00 3.539474333657627767e+02 1.023666791047252360e+02 -2.025747643418298569e+06 -1.846887058740839688e+14 8.924125472924853568e-07 -1.420093450195503806e+02 -1.095893889885282357e+00 -9.818955982977131125e-01 5.703966894517396857e-02 -1.793930007509182190e+01
1.000000000000000000e+00 3.801661170133172618e+02 4.230048771255435724e+01 -2.034556986363167409e+06 -1.862985053773379375e+14 9.793915091647514073e-07 9.493066172210949105e+01 7.298265318179093519e-01 9.919975951818353899e-01 -3.798739145785492988e-02 -1.727173067052711986e+01
1.000000000000000000e+00 3.968223110787429846e+02 -1.889235996122168615e+01 -2.043366388746298384e+06 -1.879153011389759375e+14 1.059341969803833689e-06 -4.710035114541391721e+01 -3.607488783191118431e-01 -9.980627494902254426e-01 1.877578380649451081e-02 -1.672211314206440136e+01
1.000000000000000000e+00 4.034252387211178075e+02 -7.961469399473237729e+01 -2.052175838269111235e+06 -1.895390910285973438e+14 1.123982557998682650e-06 -1.259504212037960036e+00 -9.610683543045501001e-03 9.999888843905526681e-01 4.992123946549442129e-04 -1.629986302436782708e+01
1.000000000000000000e+00 3.997863570191174176e+02 -1.383653937278272679e+02 -2.060985320992043242e+06 -1.911698725723698750e+14 1.166649595860382816e-06 4.997822150385042761e+01 3.799402633329717616e-01 -9.978498529712713783e-01 -1.977671216826245790e-02 -1.601141156391225095e+01
1.000000000000000000e+00 3.858705332546919635e+02 -1.936328489021711619e+02 -2.069794822552092606e+06 -1.928076431733583125e+14 1.182320483546455438e-06 -9.884266645124925788e+01 -7.486259228880118854e-01 9.915787760407350770e-01 3.896382030487076376e-02 -1.586164943192592425e+01
1.000000000000000000e+00 3.619822959599720775e+02 -2.439141488349170572e+02 -2.078604326107598143e+06 -1.944523997253157188e+14 1.169100444966729161e-06 1.476629975951143479e+02 1.114253360540968574e+00 -9.812776954636088789e-01 -5.799736152383288407e-02 -1.585286245860391574e+01
1.000000000000000000e+00 3.287416751019519552e+02 -2.879306013644636550e+02 -2.087413816062464612e+06 -1.961041393026082812e+14 1.128565714272431012e-06 -1.962387730674042245e+02 -1.475349421069226841e+00 9.669117997477290061e-01 7.678864824035290526e-02 -1.598526183301442494e+01
1.000000000000000000e+00 2.869148439629304903e+02 -3.245163709234367957e+02 -2.096223277902187547e+06 -1.977628591342135000e+14 1.064511425480320808e-06 2.443615187446696950e+02 1.830402411116156536e+00 -9.486136484857752293e-01 -9.527258499368086719e-02 -1.625672426370070056e+01
1.000000000000000000e+00 2.375793372247543971e+02 -3.526410874079261930e+02 -2.105032695697487332e+06 -1.994285561350033125e+14 9.832928389088414017e-07 -2.918462442815310283e+02 -2.178098014070383837e+00 9.263773750934941598e-01 1.133656250314736408e-01 -1.666290190761231216e+01
1.000000000000000000e+00 1.820622516256547669e+02 -3.716067682600191233e+02 -2.113842055939388461e+06 -2.011012276298385000e+14 8.935358866659846822e-07 3.384692487061076918e+02 2.516853215252922382e+00 -9.003681422574119075e-01 -1.310020138046951443e-01 -1.719724381325884721e+01
1.000000000000000000e+00 1.217502237569369044e+02 -3.809163758543055565e+02 -2.122651346176383551e+06 -2.027808711027768438e+14 8.044439848780887436e-07 -3.840621237037098581e+02 -2.845517647088565028e+00 8.706062404012712141e-01 1.481038081755363389e-01 -1.785122046162634035e+01
1.000000000000000000e+00 5.823675575041120567e+01 -3.802837973706804178e+02 -2.131460555781938136e+06 -2.044674843485177188e+14 7.252839907553636683e-07 4.283897901924381131e+02 3.162465404629915877e+00 -8.372915942715924986e-01 -1.646057796289044362e-01 -1.861410037878905399e+01
1.000000000000000000e+00 -6.768089887525694515e+00 -3.697995637286972510e+02 -2.140269677072414197e+06 -2.061610656950048438e+14 6.646040783791132380e-07 -4.713015212915165080e+02 -3.466714475353763536e+00 8.004679819699582755e-01 1.804362059645043814e-01 -1.947377970090460408e+01
1.000000000000000000e+00 -7.163496035546754115e+01 -3.497687590191101776e+02 -2.149078704913912807e+06 -2.078616139390421562e+14 6.287649608292363281e-07 5.125558985097802633e+02 3.756632246376335527e+00 -7.603720319267630590e-01 -1.955317927243523102e-01 -2.041586721592492282e+01
1.000000000000000000e+00 -1.346714731349024419e+02 -3.207015958457748752e+02 -2.157887635401574895e+06 -2.095691280998759688e+14 6.214818820012626364e-07 -5.520209377101972450e+02 -4.031408659598917588e+00 7.170680038177293936e-01 2.098277809668780414e-01 -2.142550644647383962e+01
1.000000000000000000e+00 -1.942216052839456779e+02 -2.834482965020505958e+02 -2.166696467678777408e+06 -2.112836077788624688e+14 6.437333009933071340e-07 5.894559277026475002e+02 4.289453994612234311e+00 -6.708294745067435727e-01 -2.232647660344369012e-01 -2.248546584283181460e+01
1.000000000000000000e+00 -2.488506229480026093e+02 -2.390085384075492243e+02 -2.175505204880413134e+06 -2.130050533562672188e+14 6.934995415969908714e-07 -6.247472763104523210e+02 -4.530122859250453438e+00 6.217390131052815683e-01 2.357852596952040858e-01 -2.357910368437008586e+01
1.000000000000000000e+00 -2.971887105897533843e+02 -1.885097532611499105e+02 -2.184313850958690047e+06 -2.147334653829964688e+14 7.658365098489381589e-07 6.576625716658406873e+02 4.751920462161778325e+00 -5.701065977495026749e-01 -2.473357189280259993e-01 -2.468740945687652655e+01
1.000000000000000000e+00 -3.380225087409163507e+02 -1.333230675965473324e+02 -2.193122413205836434e+06 -2.164688450818368438e+14 8.537414738701894152e-07 -6.881071500771993215e+02 -4.954364869424089157e+00 5.160294275081723780e-01 2.578666377751194227e-01 -2.579306842859595506e+01
1.000000000000000000e+00 -3.704543318225214534e+02 -7.485671447880957885e+01 -2.201930900598449633e+06 -2.182111940325456875e+14 9.490094789625352183e-07 7.158649892070870919e+02 5.136110200259240699e+00 -4.598517434879041410e-01 -2.673323450231409604e-01 -2.687654856486721755e+01
1.000000000000000000e+00 -3.937248014178946960e+02 -1.453651450871845796e+01 -2.210739322670682333e+06 -2.199605139543007188e+14 1.042348600846356661e-06 -7.408601567039219162e+02 -5.296830999751460212e+00 4.016815728611551339e-01 2.756917650915081119e-01 -2.792101482866318918e+01
1.000000000000000000e+00 -4.072909428642534522e+02 4.608370048085589588e+01 -2.219547692153580487e+06 -2.217168072352110312e+14 1.124621325740230520e-06 7.629012585721668529e+02 5.435383721968889859e+00 -3.418933072864048239e-01 -2.829090695598844296e-01 -2.890778131866525413e+01
1.000000000000000000e+00 -4.109577707259401791e+02 1.055313195721636674e+02 -2.228356022629371379e+06 -2.234800764744909375e+14 1.188452903557012969e-06 -7.819300898844859375e+02 -5.551586340652699292e+00 2.806030371896497955e-01 2.889517284126479901e-01 -2.982158876176798756e+01
1.000000000000000000e+00 -4.046807182386425552e+02 1.624202014721741989e+02 -2.237164327563744038e+06 -2.252503242909626250e+14 1.228044266396830906e-06 7.977877406886647123e+02 5.644546834816334346e+00 -2.182091872894559859e-01 -2.937955505119504429e-01 -3.064596487731184737e+01
1.000000000000000000e+00 -3.886344480388377747e+02 2.153386092952878528e+02 -2.245972621098272502e+06 -2.270275534827934375e+14 1.239703320913551228e-06 -8.104330426931236389e+02 -5.714215674145853185e+00 1.548314245383948795e-01 2.974167065781486707e-01 -3.136823464893885927e+01
1.000000000000000000e+00 -3.633221664574608099e+02 2.630530246763204332e+02 -2.254780917757737916e+06 -2.288117669707740938e+14 1.222838594696972370e-06 8.197458398978900505e+02 5.759988995359451636e+00 -9.088589324393991919e-02 -2.998038791260663194e-01 -3.197535518257626208e+01
1.000000000000000000e+00 -3.293628752282594974e+02 3.044936480582639433e+02 -2.263589231417856179e+06 -2.306029675895122188e+14 1.179102250253053183e-06 -8.257008301433146471e+02 -5.781935429016102468e+00 2.649232323454581151e-02 3.009417985570987386e-01 -3.245803946164752318e+01
1.000000000000000000e+00 -2.875578631018992155e+02 3.386399917047898498e+02 -2.272397576120013837e+06 -2.324011582515077500e+14 1.112474419474289320e-06 8.282216198776661713e+02 5.779766124687269802e+00 3.792317129731709313e-02 -3.008328892710617208e-01 -3.280765762180732992e+01
1.000000000000000000e+00 -2.389838740367815149e+02 3.647166285088109134e+02 -2.281205965209226124e+06 -2.342063417708024062e+14 1.029717744407870777e-06 -8.272976189063844004e+02 -5.753653816686529865e+00 -1.022438579622224897e-01 2.994701547632231953e-01 -3.301886982196719345e+01
1.000000000000000000e+00 -1.847698215946897164e+02 3.821584571948282587e+02 -2.290014409489262383e+06 -2.360185204799379688e+14 9.387066954507608068e-07 8.228993405250246269e+02 5.703637927769915628e+00 1.660422916329896970e-01 -2.968700984040275048e-01 -3.308811129192777400e+01
1.000000000000000000e+00 -1.261657373382160898e+02 3.904955415544649213e+02 -2.298822919776013121e+06 -2.378376967482290625e+14 8.476578288582810855e-07 -8.150297969276726917e+02 -5.629981843531385977e+00 -2.292080351539827476e-01 2.930335518417353513e-01 -3.301427048081606586e+01
1.000000000000000000e+00 -6.462316428575411464e+01 3.895405377525083281e+02 -2.307631505701343529e+06 -2.396638727333546250e+14 7.652018262056525613e-07 8.037076764353339513e+02 5.533053325420977941e+00 2.913193005794478818e-01 -2.879909476102948673e-01 -3.279910662933484389e+01
1.000000000000000000e+00 -1.564208369615448513e+00 3.793347326929767291e+02 -2.316440174270155840e+06 -2.414970500758024375e+14 6.990418739419503571e-07 -7.889488238030318144e+02 -5.413195691921168340e+00 -3.522745665274033544e-01 2.817504364069000067e-01 -3.244573202002116830e+01
1.000000000000000000e+00 6.154533238643991666e+01 3.600322211463064264e+02 -2.325248931375383865e+06 -2.433372302055435625e+14 6.551111353808352599e-07 7.708193045541256652e+02 5.271091094509235297e+00 4.116659368217701065e-01 -2.743557101912704188e-01 -3.196109151147557625e+01
1.000000000000000000e+00 1.231275932216024813e+02 3.320783382247631152e+02 -2.334057780550619122e+06 -2.451844140755595625e+14 6.374785272752397216e-07 -7.493474800053654690e+02 -5.107155615026358397e+00 -4.694024276812832630e-01 2.658217053969691435e-01 -3.135224329420205436e+01
1.000000000000000000e+00 1.817288658708143032e+02 2.961365081735540343e+02 -2.342866722541073803e+06 -2.470386020620123750e+14 6.477751703202687655e-07 7.246440715808221285e+02 4.922359264254777322e+00 5.250971167611095947e-01 -2.562042535832271262e-01 -3.063079466400976969e+01
1.000000000000000000e+00 2.359415912198889203e+02 2.529690335355486752e+02 -2.351675757375611458e+06 -2.488997943917939375e+14 6.847590887978385698e-07 -6.967501923324838344e+02 -4.717187925490898159e+00 -5.786709245709714677e-01 2.455245653892434987e-01 -2.980723564258022051e+01
1.000000000000000000e+00 2.843472688059984534e+02 2.036044314507635420e+02 -2.360484882546611130e+06 -2.507679907529589688e+14 7.445049296254705315e-07 6.658173787080910415e+02 4.492866192835511363e+00 6.297630210770375214e-01 -2.338493274428515567e-01 -2.889700261510305168e+01
1.000000000000000000e+00 3.257536135044829848e+02 1.492437583205725389e+02 -2.369294092371961102e+06 -2.526431901486050312e+14 8.210222341744789734e-07 -6.319000027688306318e+02 -4.249949037448039313e+00 -6.783079870680430723e-01 2.212054575774820286e-01 -2.791330298675660870e+01
1.000000000000000000e+00 3.591087192122136003e+02 9.113409297252903229e+01 -2.378103379842212424e+06 -2.545253912796828125e+14 9.065299444228037092e-07 5.951847775381934298e+02 3.989871304207447622e+00 7.239760091673990150e-01 -2.076687933407936060e-01 -2.687431183982743832e+01
1.000000000000000000e+00 3.834511222677750766e+02 3.072270764449688230e+01 -2.386912735612173099e+06 -2.564145923230774062e+14 9.921101075413026772e-07 -5.557410331035538320e+02 -3.713264747654519304e+00 -7.667156659494438475e-01 1.932716936630642923e-01 -2.579511481392575334e+01
1.000000000000000000e+00 3.981395546702348156e+02 -3.045776617994701496e+01 -2.395722147984133102e+06 -2.583107909187291250e+14 1.069180590515682729e-06 5.137842563822623561e+02 3.421726263703472437e+00 8.062315781569820983e-01 -1.780973571517432963e-01 -2.469538905623990388e+01
1.000000000000000000e+00 4.027516945156094721e+02 -9.092388907524869524e+01 -2.404531605288683437e+06 -2.602139846756021250e+14 1.129753569213008449e-06 -4.694009456559240903e+02 -3.115975724887130927e+00 -8.424870685960325067e-01 1.621834145006630645e-01 -2.359116886428947168e+01
1.000000000000000000e+00 3.970320191367220559e+02 -1.490986268072796861e+02 -2.413341093166368548e+06 -2.621241705812907500e+14 1.166898759419965339e-06 4.228289696541287981e+02 2.797725241050776024e+00 8.752230549535873205e-01 -1.456187748225672984e-01 -2.250235233525315337e+01
1.000000000000000000e+00 3.811025903896638738e+02 -2.034432040598546791e+02 -2.422150595857394859e+06 -2.640413452725392500e+14 1.176635679572510657e-06 -3.741737673946529412e+02 -2.467791379618691217e+00 -9.044192952574967581e-01 1.284459845391812405e-01 -2.144492846555942123e+01
1.000000000000000000e+00 3.553354981200704401e+02 -2.525921741755479388e+02 -2.430960097802347038e+06 -2.659655053799501875e+14 1.157974040931338166e-06 3.236888875087944371e+02 2.127953866554048279e+00 9.298540220451275706e-01 -1.107579905147248606e-01 -2.043775996587311639e+01
1.000000000000000000e+00 3.202868734411382547e+02 -2.952129315294623666e+02 -2.439769583713102154e+06 -2.678966475443523438e+14 1.112355956439196573e-06 -2.715021739058126400e+02 -1.779145831325332550e+00 -9.515244519722019234e-01 9.260249505118368918e-02 -1.949582791944078153e+01
1.000000000000000000e+00 2.768796475365718948e+02 -3.301431893626839269e+02 -2.448579037312224973e+06 -2.698347681400376250e+14 1.044443140302291774e-06 2.178761009215534443e+02 1.423167860811711760e+00 9.692467143764839088e-01 -7.407481960557084355e-02 -1.863579684038326789e+01
1.000000000000000000e+00 2.262427230168348444e+02 -3.565105357916889943e+02 -2.457388444837545976e+06 -2.717798640460306875e+14 9.613167406623689266e-07 -1.629632361195406247e+02 -1.061081940407371027e+00 -9.830379213233703117e-01 5.522772772804672436e-02 -1.787068470390836339e+01
1.000000000000000000e+00 1.696260446385969658e+02 -3.735792108923626529e+02 -2.466197792096935213e+06 -2.737319320022603438e+14 8.712785469945706518e-07 1.070291898773040487e+02 6.946702450453473565e-01 9.927518155566428248e-01 -3.615755816875654283e-02 -1.721396522542122298e+01
1.000000000000000000e+00 1.085567674065998034e+02 -3.808779359157604176e+02 -2.475007066522787791e+06 -2.756909690655535312e+14 7.838687293909773713e-07 -5.025242388894518797e+01 -3.251285071723846731e-01 -9.984285475746449423e-01 1.692176228284387671e-02 -1.667580277810641576e+01
1.000000000000000000e+00 4.465003405691341953e+01 -3.782872357016511842e+02 -2.483816259142051917e+06 -2.776569730565215312e+14 7.085298790586139820e-07 -7.103512455888951749e+00 -4.581388616679979431e-02 9.999588948729600801e-01 2.383534086660563794e-03 -1.626569344913091797e+01
1.000000000000000000e+00 -2.048646417296751565e+01 -3.658616025600355783e+02 -2.492625362180012278e+06 -2.796299420361829062e+14 6.530506361262721964e-07 6.483300528842842425e+01 4.168218124108355460e-01 -9.974095993794281911e-01 -2.169637895265482536e-02 -1.599018600356782471e+01
1.000000000000000000e+00 -8.510878568758315055e+01 -3.439382997818276522e+02 -2.501434370410193689e+06 -2.816098746146580625e+14 6.233212118940863666e-07 -1.226806640875718131e+02 -7.862578987396633412e-01 9.907078035062594212e-01 4.092250629988443411e-02 -1.585424382818897904e+01
1.000000000000000000e+00 -1.475377148572593740e+02 -3.131869983778877327e+02 -2.510243281087751035e+06 -2.835967699462210625e+14 6.227486102706213371e-07 1.804150052699291393e+02 1.152658007814304053e+00 -9.799507442543827773e-01 -5.999630553474852995e-02 -1.586020303100035811e+01
1.000000000000000000e+00 -2.062460183508627267e+02 -2.744075848115777490e+02 -2.519052094447830226e+06 -2.855906278521398125e+14 6.515728262992688483e-07 -2.377933518428514503e+02 -1.514504979450626232e+00 9.651005776947164660e-01 7.882663414360270571e-02 -1.600823870317735143e+01
1.000000000000000000e+00 -2.597091058254499103e+02 -2.286229774552406013e+02 -2.527860812462819275e+06 -2.875914485497178750e+14 7.069660302895937706e-07 2.945615181743721109e+02 1.870227451958826226e+00 -9.462887179733763254e-01 -9.734545949221365402e-02 -1.629611692530730949e+01
1.000000000000000000e+00 -3.066000083708760258e+02 -1.771002634350357710e+02 -2.536669441200523637e+06 -2.895992331976249375e+14 7.837144296292523528e-07 -3.504938509096842836e+02 -2.218454138181962243e+00 9.235104627708418112e-01 1.154660994200220614e-01 -1.671927648735039185e+01
1.000000000000000000e+00 -3.458516064241628101e+02 -1.211358770444995230e+02 -2.545477987927439623e+06 -2.916139832484247500e+14 8.746582480987296532e-07 4.053181377530783607e+02 2.557536911951485692e+00 -8.969345567207166470e-01 -1.331195794259036891e-01 -1.727085163090589148e+01
1.000000000000000000e+00 -3.764912399526721742e+02 -6.214415270944271441e+01 -2.554286460779553279e+06 -2.936357003776385000e+14 9.708832034536761878e-07 -4.588304868098292673e+02 -2.886277721497548576e+00 8.665863332504006866e-01 1.502253096920730113e-01 -1.794192656951256026e+01
1.000000000000000000e+00 -3.978210165974305710e+02 -1.665562901640307514e+00 -2.563094871388394851e+06 -2.956643870930447500e+14 1.063126957443747317e-06 5.107473615664268891e+02 3.202993757575341327e+00 -8.326736810657950905e-01 -1.667152569080449787e-01 -1.872128524637867741e+01
1.000000000000000000e+00 -4.094487347457769033e+02 5.884674213565603651e+01 -2.571903231982689351e+06 -2.977000460775642500e+14 1.142922314844256105e-06 -5.608886771697176528e+02 -3.506669592291761450e+00 7.952488420900108990e-01 1.825158140708790788e-01 -1.959632595232534769e+01
1.000000000000000000e+00 -4.111069689741339062e+02 1.179310793073261721e+02 -2.580711555952729192e+06 -2.997426803227261250e+14 1.202692564647861476e-06 6.089680514513021308e+02 3.795639647053908217e+00 -7.545590935319002046e-01 -1.975621012292666789e-01 -2.055211148128986665e+01
1.000000000000000000e+00 -4.028200731079042498e+02 1.741103077688502765e+02 -2.589519857478514779e+06 -3.017922930465975625e+14 1.237074056013795303e-06 -6.548313767553963771e+02 -4.069080555818652023e+00 7.106792403757191678e-01 2.117885553595760528e-01 -2.157328577380266665e+01
1.000000000000000000e+00 -3.849069309041420297e+02 2.260952441230195120e+02 -2.598328150601108558e+06 -3.038488874797218750e+14 1.243451839227534154e-06 6.981982482946194750e+02 4.325396517520199602e+00 -6.638947694588493986e-01 -2.251355443731924144e-01 -2.264213217855753868e+01
1.000000000000000000e+00 -3.577908252280467423e+02 2.726751194797857352e+02 -2.607136448991403449e+06 -3.059124668103029375e+14 1.221110530932814645e-06 -7.389415194816810981e+02 -4.563957609594563536e+00 6.142980263123679618e-01 2.375463215117538385e-01 -2.374165413422713300e+01
1.000000000000000000e+00 -3.221586994696903048e+02 3.127081127505060749e+02 -2.615944767726792023e+06 -3.079830346010838750e+14 1.172175504112392432e-06 7.767955862549495123e+02 4.783288919060529665e+00 -5.622104064225851294e-01 -2.489684143424185370e-01 -2.485253415658624476e+01
1.000000000000000000e+00 -2.789422945244795642e+02 3.453121196286480199e+02 -2.624753120384467300e+06 -3.100605941081886875e+14 1.101820844779130544e-06 -8.116595341338793332e+02 -4.982944332601859649e+00 5.077373545652201781e-01 2.593541748373373035e-01 -2.595731854673902816e+01
1.000000000000000000e+00 -2.291246223556629502e+02 3.697396785154403460e+02 -2.633561519191826228e+06 -3.121451483108294375e+14 1.016635797267050301e-06 8.432921523763592404e+02 5.161624360191690464e+00 -4.512313685048154888e-01 -2.686603225776614257e-01 -2.703644456265219276e+01
1.000000000000000000e+00 -1.738959293436301721e+02 3.853670548785769938e+02 -2.642369975927549880e+06 -3.142367001202724375e+14 9.244992622330920020e-07 -8.716174215877084634e+02 -5.319053128027899646e+00 3.928059836069880961e-01 2.768484166846760242e-01 -2.807318995226158975e+01
1.000000000000000000e+00 -1.146186146948333970e+02 3.918726450805826289e+02 -2.651178500782970339e+06 -3.163352521063395000e+14 8.342381249206544126e-07 8.964264485888775198e+02 5.454149605963764635e+00 -3.328400254024149185e-01 -2.838857992448134415e-01 -2.904911538790978653e+01
1.000000000000000000e+00 -5.263311708798912036e+01 3.890960930622680962e+02 -2.659987102020332124e+06 -3.184408064092929375e+14 7.540787973854353185e-07 -9.176659800844903430e+02 -5.566789765412023527e+00 2.714504161198582621e-01 2.897430698573951746e-01 -2.994932115540900597e+01
1.000000000000000000e+00 1.058770290954404913e+01 3.770276697379472921e+02 -2.668795788022821303e+06 -3.205533652246538125e+14 6.912876717022146789e-07 9.351665563075806631e+02 5.656148200052236064e+00 -2.090365328659304911e-01 -2.943993687921496738e-01 -3.075779149044013039e+01
1.000000000000000000e+00 7.348683750290634009e+01 3.559740211791266802e+02 -2.677604563358539715e+06 -3.226729298550353750e+14 6.518070914162688830e-07 -9.488949187556895595e+02 -5.722230615071635107e+00 1.457149867722697389e-01 2.978338991894942667e-01 -3.146236391990421666e+01
1.000000000000000000e+00 1.346169627361472294e+02 3.264006869048653812e+02 -2.686413430500122719e+06 -3.247995011108385625e+14 6.391965057086440497e-07 9.587270684960772087e+02 5.764497065102495377e+00 -8.189782530663902715e-02 -3.000384951199615013e-01 -3.205058672778613271e+01
1.000000000000000000e+00 1.924870772651644302e+02 2.889213046434026069e+02 -2.695222391200375278e+06 -3.269330796356766250e+14 6.543238669383539981e-07 -9.646466953772801389e+02 -5.783059546337409706e+00 1.769864822266592475e-02 3.010003330879488237e-01 -3.251372279230455575e+01
1.000000000000000000e+00 2.456220483742193323e+02 2.444483364286176368e+02 -2.704031444348865189e+06 -3.290736653818268750e+14 6.955156060540083221e-07 9.665791366241414835e+02 5.777679953324265760e+00 4.646383503760159739e-02 -3.007242804698720962e-01 -3.284373337855334540e+01
1.000000000000000000e+00 2.927542014091344527e+02 1.940173998305917848e+02 -2.712840586568433326e+06 -3.312212577445404375e+14 7.585899027831349329e-07 -9.645225025287310245e+02 -5.748556697200301713e+00 -1.104820930639434651e-01 2.992048803477556085e-01 -3.303576217331239917e+01
