1.000000000000000000e+00 1.318167055276797726e+02 -3.591827373810332347e+02 -4.540957006623725756e+05 -1.961689015293517188e+13 2.915240428312645963e-06 -4.767592429627812622e-06 8.610733440626635779e-07 2.083842528225406204e+04 7.753012278029856041e-01 3.818408510354140972e+00 5.881705624567499374e-02 -2.849006043506372987e-01
1.000000000000000000e+00 1.687164913104919037e+02 -3.477694628782728046e+02 -4.582632576911743381e+05 -1.997861860691050391e+13 3.765555977012128104e-06 -4.658464155455882499e-06 9.714902517096618154e-07 3.220772506513235930e+04 -2.287881754276819279e-01 5.885337386692449435e+00 -2.604539233431880652e-01 1.295822297998686923e-01
1.000000000000000000e+00 2.014509314716703727e+02 -3.277732872343099757e+02 -4.624308440965080517e+05 -2.034365431849767188e+13 4.537040003020911852e-06 -4.430539634017242801e-06 1.069253590677598057e-06 7.281224508514650552e+03 -9.756201909551356355e-01 1.326822693003948839e+00 2.628852128500971941e-01 1.245759420174069737e-01
1.000000000000000000e+00 2.292115840886890794e+02 -2.996290433864954252e+02 -4.665984533098741085e+05 -2.071199677443699609e+13 5.208784527516796285e-06 -4.086612678766628778e-06 1.144610440891905773e-06 -2.601793034787067154e+04 -6.232130879806813128e-01 -4.728045912761463576e+00 -6.493396363899553436e-02 -2.835690054129591520e-01
1.000000000000000000e+00 2.512245002233405557e+02 -2.639307577167181194e+02 -4.707660779586658464e+05 -2.108364536860969141e+13 5.760015963820901456e-06 -3.631879587599052271e-06 1.189458573613350927e-06 -3.008674524656028734e+04 4.320163565932161331e-01 -5.452402607271329416e+00 -1.823193103152417061e-01 2.266880445699328561e-01
1.000000000000000000e+00 2.668841062402515831e+02 -2.215746993801757299e+02 -4.749337098466109601e+05 -2.145859939708207422e+13 6.173226927112465210e-06 -3.076022021373132847e-06 1.199045959129217244e-06 -1.448962758072703707e+02 9.999906193272704025e-01 -2.618647157808550938e-02 2.908976618814667070e-01 2.520074733244989651e-03
1.000000000000000000e+00 2.757860623919913223e+02 -1.735955059678591681e+02 -4.791013410747661837e+05 -2.183685815702683594e+13 6.435113859481882125e-06 -2.431096174853136874e-06 1.172187007201114591e-06 3.012536542324354377e+04 4.398263632511582033e-01 5.429532117829328541e+00 -1.783576606106669349e-01 -2.298180701473568066e-01
1.000000000000000000e+00 2.776205856767242608e+02 -1.211402532707904669e+02 -4.832689633276910172e+05 -2.221842088226514844e+13 6.534270447244443020e-06 -1.711250773424517745e-06 1.110774374337059210e-06 2.648703745061925656e+04 -6.163599046150562977e-01 4.760768266969190421e+00 -6.987651259668878345e-02 2.823917021657861293e-01
1.000000000000000000e+00 2.722990055067838853e+02 -6.558974670485578429e+01 -4.874365680940194288e+05 -2.260328676207202734e+13 6.464288005086029424e-06 -9.345237362112320502e-07 1.020822936012299144e-06 -7.111067584085200906e+03 -9.775209774100627191e-01 -1.274662691136456250e+00 2.650452115267146191e-01 -1.199117855405563010e-01
1.000000000000000000e+00 2.599655088222999098e+02 -8.369297560069274056e+00 -4.916041477482023183e+05 -2.299145504158203906e+13 6.224261130987358448e-06 -1.202654340073241198e-07 9.116643174240783098e-07 -3.285147101586165081e+04 -2.375294407372964267e-01 -5.872666279682991153e+00 -2.580823167642096738e-01 -1.342435035239448737e-01
1.000000000000000000e+00 2.408783024815374745e+02 4.908495765822610224e+01 -4.957716952092951979e+05 -2.338292499311538672e+13 5.816154639930437520e-06 7.113223005703694061e-07 7.941399109264127264e-07 -2.165916582964212284e+04 7.694527548973955078e-01 -3.861406000040732422e+00 5.356065719443423717e-02 2.859354061071583408e-01
1.000000000000000000e+00 2.155208770769397404e+02 1.052210042290449650e+02 -4.999392038948401459e+05 -2.377769591395064062e+13 5.247628413645194314e-06 1.537644404503052058e-06 6.802244767144866076e-07 1.399239526194555401e+04 9.114070288733004954e-01 2.487838793872487742e+00 1.923852734340860127e-01 -2.182102358517061524e-01
1.000000000000000000e+00 1.845874767822387525e+02 1.585753654658953451e+02 -5.041066687646333012e+05 -2.417576722841482812e+13 4.531909314023693504e-06 2.336654162332542553e-06 5.817138175570695495e-07 3.407850601362721500e+04 3.076989717845048100e-02 6.042829259886327797e+00 -2.903577208329722881e-01 -1.789397712770961213e-02
1.000000000000000000e+00 1.488488149224673123e+02 2.078016383802534790e+02 -5.082740857152407989e+05 -2.457713843544314844e+13 3.684680907089012937e-06 3.087331120621629736e-06 5.085792311112689297e-07 1.599094984240750819e+04 -8.838568277586131838e-01 2.827917930644631372e+00 1.636086665886039848e-01 2.405410665185142294e-01
1.000000000000000000e+00 1.092475304719490907e+02 2.515682903077106687e+02 -5.124414515207728837e+05 -2.498180910651869141e+13 2.726543406941432839e-06 3.768221528395154356e-06 4.683506386571094926e-07 -2.010875470206359023e+04 -8.098518048949958636e-01 -3.546611551369532656e+00 9.068199029805895650e-02 -2.764137787816446923e-01
1.000000000000000000e+00 6.686183994698576782e+01 2.887598276919903242e+02 -5.166087652024015551e+05 -2.538977902376731641e+13 1.682273597575981359e-06 4.360485232035977526e-06 4.652821137314222507e-07 -3.388282810835089913e+04 1.677595862723965381e-01 -5.960012000244741870e+00 -2.745343351069354787e-01 9.622213525046156846e-02
1.000000000000000000e+00 2.276167144878457904e+01 3.184834566135619980e+02 -5.207760269048790215e+05 -2.580104807754405469e+13 5.773134412993631630e-07 4.848128670705438085e-06 4.996806589723206507e-07 -9.886522367615485564e+03 9.579651627306736694e-01 -1.734415628800117570e+00 2.430234273974660464e-01 1.598981369521040030e-01
1.000000000000000000e+00 -2.190280829247665650e+01 3.399560829329721514e+02 -5.249432377004597802e+05 -2.621561625130330469e+13 -5.599750565979855420e-07 5.216406621985190718e-06 5.678929878627154124e-07 2.524304501883727062e+04 6.828580467558361677e-01 4.416686798053705232e+00 -1.961008203478126904e-02 -2.902468693153371637e-01
1.000000000000000000e+00 -6.594709066786673191e+01 3.526870754298594193e+02 -5.291104006567090983e+05 -2.663348373277500781e+13 -1.699411192491773702e-06 5.454715683855010178e-06 6.629489549455549042e-07 3.245667290631544529e+04 -3.497828738229721846e-01 5.663790383634058401e+00 -2.197243779998541702e-01 1.906541323374409680e-01
1.000000000000000000e+00 -1.082938095886099461e+02 3.564533433268734370e+02 -5.332775196637789486e+05 -2.705465080288347266e+13 -2.812635428509862327e-06 5.556383901433691680e-06 7.754117496569284441e-07 3.656420306433356473e+03 -9.944447029720615561e-01 6.363714027162969966e-01 2.844621989272440032e-01 6.090203482842197757e-02
1.000000000000000000e+00 -1.478787851191480058e+02 3.511703379113177448e+02 -5.374445995788075961e+05 -2.747911785377418359e+13 -3.870758821037559854e-06 5.516807170666308115e-06 8.939340674827794987e-07 -2.933835784891924777e+04 -5.389121847771163321e-01 -5.092660849453137573e+00 -1.219335489373620657e-01 -2.641212034432396383e-01
1.000000000000000000e+00 -1.836947915607738366e+02 3.370536271585979193e+02 -5.416116468123457162e+05 -2.790688545307889062e+13 -4.845530954294621643e-06 5.336091591548049084e-06 1.006844633335118904e-06 -3.000146629970969661e+04 5.117442202600092083e-01 -5.194082791630364682e+00 -1.385410518062839824e-01 2.558010504848911015e-01
1.000000000000000000e+00 -2.149203623566011174e+02 3.145643419889937036e+02 -5.457786680655803066e+05 -2.833795421894140234e+13 -5.712821520620888590e-06 5.018365899607505751e-06 1.103563726742044729e-06 2.525051322991497273e+03 9.973960186798304095e-01 4.360105873613893679e-01 2.878824406346011666e-01 -4.185093593972078613e-02
1.000000000000000000e+00 -2.408123523211304473e+02 2.842685133656194125e+02 -5.499456702382192016e+05 -2.877232481153082031e+13 -6.449931198467554303e-06 4.569669815219823618e-06 1.174662002287744895e-06 3.242390573058098744e+04 3.832261756370201056e-01 5.584130760512947766e+00 -2.054615709540618118e-01 -2.059450007304238772e-01
1.000000000000000000e+00 -2.607428980337002145e+02 2.469852615541072964e+02 -5.541126612028289819e+05 -2.920999801546641797e+13 -7.036668580817752562e-06 4.000418135060626478e-06 1.213276861093862174e-06 2.665007469487192066e+04 -6.531862119786290277e-01 4.577781689457409264e+00 -4.267499231091483047e-02 2.877614385146637921e-01
1.000000000000000000e+00 -2.743114767471509481e+02 2.037114515915199604e+02 -5.582796488163546892e+05 -2.965097463867512891e+13 -7.458514006551843681e-06 3.324325305651743868e-06 1.216354249802541130e-06 -8.592839642697939780e+03 -9.698984020582308574e-01 -1.472186063727422667e+00 2.564085134823201328e-01 -1.374135170882112011e-01
1.000000000000000000e+00 -2.812227201302864046e+02 1.554774925639873970e+02 -5.624466405538453255e+05 -3.009525547313242969e+13 -7.703503187510553173e-06 2.556142908335715770e-06 1.183884897848827135e-06 -3.452857741515403177e+04 -2.179604598925924952e-01 -5.900338986866406010e+00 -2.632683283479677061e-01 -1.237642426294118525e-01
1.000000000000000000e+00 -2.813183301108903720e+02 1.034922937227615591e+02 -5.666136444067750126e+05 -3.054284139019494922e+13 -7.763214643300004166e-06 1.714080902758044509e-06 1.119238216019991615e-06 -2.244573480544945414e+04 7.743214502937821875e-01 -3.825668239475669363e+00 5.793369172597790523e-02 2.850815459263623119e-01
1.000000000000000000e+00 -2.746733466733028308e+02 4.905563855859697497e+01 -5.707806673609003192e+05 -3.099373317734131250e+13 -7.635584871741858633e-06 8.184543545951463044e-07 1.029176968469935277e-06 1.452212807897508901e+04 9.128240616160082643e-01 2.468776879314023009e+00 1.938892679786107798e-01 -2.168749691123521839e-01
1.000000000000000000e+00 -2.614620543332334819e+02 -6.582978069969875889e+00 -5.749477157681663521e+05 -3.144793157486971484e+13 -7.321390255675349342e-06 -1.106335980136490434e-07 9.222263934220342306e-07 3.562029130799841369e+04 4.374742787625691270e-02 6.039903921148978228e+00 -2.897950740450555562e-01 -2.542863590494040538e-02
1.000000000000000000e+00 -2.419886513599554689e+02 -6.207607015953955454e+01 -5.791147961796600139e+05 -3.190543736516621094e+13 -6.825212777720357870e-06 -1.050812310359715979e-06 8.084668798611561566e-07 1.737053427130128694e+04 -8.739915936295357124e-01 2.937849822248884468e+00 1.535190342189129697e-01 2.471026236146785515e-01
1.000000000000000000e+00 -2.167702471110140721e+02 -1.160733648584812840e+02 -5.832819138275269652e+05 -3.236625120501797266e+13 -6.157929574208706240e-06 -1.979007135570037683e-06 6.990980318323441892e-07 -2.025131003669257552e+04 -8.250358567301812052e-01 -3.416301887791052483e+00 1.051251467711947496e-01 -2.712498921310385058e-01
1.000000000000000000e+00 -1.863943062037932634e+02 -1.673560792347183792e+02 -5.874490729981731856e+05 -3.283037366209860938e+13 -5.332850383731448014e-06 -2.873743428102725294e-06 6.045401206231061797e-07 -3.558485696235467913e+04 1.382108977132411320e-01 -5.987670339712328982e+00 -2.797945594465293118e-01 7.964172881654353608e-02
1.000000000000000000e+00 -1.515504173477474410e+02 -2.146832233681537616e+02 -5.916162773896135623e+05 -3.329780525144451562e+13 -4.366704321524596254e-06 -3.712568686396571458e-06 5.336265034341783568e-07 -1.140587057072913922e+04 9.485453818966600448e-01 -1.914315232180485049e+00 2.325746246084436364e-01 1.747479454900880413e-01
1.000000000000000000e+00 -1.131018408004609910e+02 -2.568927874794346167e+02 -5.957835293837147765e+05 -3.376854635062501953e+13 -3.281819574701041874e-06 -4.473801177873643950e-06 4.931491090755672396e-07 2.562407910111154706e+04 7.046560305580084060e-01 4.289715067098917700e+00 -2.013016722688303582e-03 -2.909016126260551283e-01
1.000000000000000000e+00 -7.193678204545327048e+01 -2.930264320899382255e+02 -5.999508302450658521e+05 -3.424259721722628906e+13 -2.101953964056299558e-06 -5.138764689893132670e-06 4.869622904382505684e-07 3.424877599522522360e+04 -3.242553458794161236e-01 5.719040731477348594e+00 -2.297354320343638345e-01 1.784640908775473045e-01
1.000000000000000000e+00 -2.900132136024337015e+01 -3.221704701338236418e+02 -6.041181808276212541e+05 -3.471995806564646484e+13 -8.532891560782640396e-07 -5.689104514770068514e-06 5.155807150997526496e-07 4.607071954240778723e+03 -9.919119176244621805e-01 7.673683111321076833e-01 2.815350681258774745e-01 7.325166127892801526e-02
1.000000000000000000e+00 1.463962215876627582e+01 -3.435620127811249063e+02 -6.082855801014755853e+05 -3.520062889496094531e+13 4.337044957870248180e-07 -6.108701939202722936e-06 5.762594139480241972e-07 -3.036453391933568855e+04 -5.510759574314085807e-01 -5.044858372266001645e+00 -1.142196030121934297e-01 -2.675475336318804409e-01
1.000000000000000000e+00 5.795588212062534694e+01 -3.567005497684603483e+02 -6.124530258185217390e+05 -3.568460955902278906e+13 1.728728691041652275e-06 -6.385763626723339772e-06 6.633374548145968645e-07 -3.144169280155693559e+04 5.071065256448082925e-01 -5.210681431326265489e+00 -1.412902068776599462e-01 2.542928978662858941e-01
1.000000000000000000e+00 9.991869352836685891e+01 -3.611826956752195770e+02 -6.166205152377880877e+05 -3.617189984673153125e+13 3.000690832788986744e-06 -6.510002874156482961e-06 7.683473163015468256e-07 2.831689641163344731e+03 9.969979576115137743e-01 4.681049496904096663e-01 2.874205414661579194e-01 -4.491361495210411531e-02
1.000000000000000000e+00 1.394492887736031150e+02 -3.568102205470071340e+02 -6.207880441588686081e+05 -3.666249936591167188e+13 4.216151252833400964e-06 -6.474659076985457844e-06 8.807772553488327032e-07 3.410365850012204464e+04 3.671187093910422972e-01 5.623546037571657052e+00 -2.124935032178451033e-01 -1.986814323357190826e-01
1.000000000000000000e+00 1.755756426714010558e+02 -3.436830793220374289e+02 -6.249556073392690159e+05 -3.715640758715219531e+13 5.344043328752003940e-06 -6.278322138600533800e-06 9.896102320115131628e-07 2.708680413939282153e+04 -6.759520146186528411e-01 4.455346297056918203e+00 -2.506984604409328091e-02 2.898263329721623704e-01
1.000000000000000000e+00 2.073976235172849840e+02 -3.220241793306764748e+02 -6.291231989779130090e+05 -3.765362389755128906e+13 6.354714017067882740e-06 -5.921891659405544473e-06 1.083851830401315821e-06 -1.054629980607141442e+04 -9.581649244746475169e-01 -1.730377761942483605e+00 2.432461292519395024e-01 -1.595591459889216523e-01
1.000000000000000000e+00 2.340419209584825069e+02 -2.922834670525029992e+02 -6.332908119285894791e+05 -3.815414750372583594e+13 7.218606629169421014e-06 -5.410578630499221003e-06 1.153632453399975461e-06 -3.646002678937535529e+04 -1.605187079422299157e-01 -5.967296219367649535e+00 -2.759173279748871610e-01 -9.218149807832265452e-02
1.000000000000000000e+00 2.548176570609428211e+02 -2.552061151067624678e+02 -6.374584383882170077e+05 -3.865797750995585938e+13 7.911119187691088026e-06 -4.755314297706431096e-06 1.191997500418166207e-06 -2.128649035466636633e+04 8.182712635050048977e-01 -3.475258818083649004e+00 9.865749028014139665e-02 2.736685953418643291e-01
1.000000000000000000e+00 2.691745218166219615e+02 -2.116414592389313327e+02 -6.416260709202529397e+05 -3.916511304051865625e+13 8.411481366446351863e-06 -3.969346619281004949e-06 1.194750253727698756e-06 1.803656523009892408e+04 8.740335916680033179e-01 2.937393109757803433e+00 1.535617475276614130e-01 -2.470760817258846886e-01
1.000000000000000000e+00 2.766573038301636416e+02 -1.626366901296659648e+02 -6.457937010998084443e+05 -3.967555307466203906e+13 8.701467045463942210e-06 -3.070072330060308583e-06 1.160795055448385070e-06 3.715544112265810691e+04 -5.622558388974085997e-02 6.036128190948630845e+00 -2.890692694566272536e-01 3.266126024171617931e-02
1.000000000000000000e+00 2.770528714485394630e+02 -1.094768618953964534e+02 -6.499613203692538664e+05 -4.018929654849557031e+13 8.770143565990729185e-06 -2.079917590097110897e-06 1.093423222050610796e-06 1.435886001315509566e+04 -9.229610496332950609e-01 2.326946697505741568e+00 2.047164963903466695e-01 2.066856467450665646e-01
1.000000000000000000e+00 2.703318130135611455e+02 -5.347518580119374576e+01 -6.541289208328224486e+05 -4.070634245336055469e+13 8.612258221730390229e-06 -1.022473188364547622e-06 9.993765992653820305e-07 -2.476975718483807213e+04 -7.492110786578187742e-01 -4.004251033315204822e+00 3.567542235280091872e-02 -2.887127719805872017e-01
1.000000000000000000e+00 2.565940702084182021e+02 3.944813011406403280e+00 -6.582964945680091623e+05 -4.122668975220532812e+13 8.226681677819818486e-06 7.590742164519699788e-08 8.879158869037801626e-07 -3.611597338885794306e+04 2.682121394662210223e-01 -5.824177018038312781e+00 -2.490539594381076804e-01 1.503327168415667103e-01
1.000000000000000000e+00 2.361993565831772059e+02 6.123252314433920418e+01 -6.624640345912703779e+05 -4.175033750120171094e+13 7.620747114796614327e-06 1.185716152351298944e-06 7.705854158331965692e-07 -6.788219881914405050e+03 9.835516110722878347e-01 -1.092017124181069221e+00 2.719260781416056316e-01 1.033634775502964703e-01
1.000000000000000000e+00 2.096841402312979596e+02 1.169322966450769030e+02 -6.666315350768498611e+05 -4.227728488122382031e+13 6.807818554757103068e-06 2.278539749429946257e-06 6.594195603753795946e-07 3.031413691776570704e+04 5.937327727528197707e-01 4.864740287096166682e+00 -8.580720539875211217e-02 -2.779656884696771746e-01
1.000000000000000000e+00 1.776937291592458621e+02 1.696037299712021991e+02 -6.707989907109546475e+05 -4.280753112001124219e+13 5.805251469707376863e-06 3.325554542712303075e-06 5.656030633391025756e-07 3.349700142011942808e+04 -4.617920075302232030e-01 5.362457655676596602e+00 -1.668349880543456565e-01 2.383146810955455996e-01
1.000000000000000000e+00 1.410936632950639478e+02 2.178138882626480211e+02 -6.749663974058418535e+05 -4.334107558590543750e+13 4.638165025113011546e-06 4.297382349307103609e-06 4.989265008056216033e-07 -9.010016734063899548e+02 -9.997167312183177224e-01 -1.438896679536375289e-01 2.905790029152952036e-01 -1.384353746403415783e-02
1.000000000000000000e+00 1.008624595443617693e+02 2.603561670032788697e+02 -6.791337529351202538e+05 -4.387791787480300000e+13 3.336118008644600773e-06 5.168439775677146416e-06 4.664271653538813272e-07 -3.443693172171356127e+04 -4.201222773902352770e-01 -5.486268967570413047e+00 -1.882162624707124088e-01 -2.218162280048985857e-01
1.000000000000000000e+00 5.801455553165209267e+01 2.961564293793556999e+02 -6.833010562247356866e+05 -4.441805772535615625e+13 1.930659099230993050e-06 5.915201357351974669e-06 4.714049945244868869e-07 -2.961152625395832729e+04 6.277335404467810909e-01 -4.706137627226734566e+00 -6.164387794208025378e-02 2.843023615396593762e-01
1.000000000000000000e+00 1.369905094388063382e+01 3.242582339214108060e+02 -6.874683074336838908e+05 -4.496149503409896875e+13 4.586693261946369553e-07 6.515983415687491365e-06 5.132785780627830657e-07 8.279393985892460478e+03 9.761437791956396604e-01 1.312671649341659919e+00 2.634797838228916111e-01 -1.233134379595653279e-01
1.000000000000000000e+00 -3.092117883592665351e+01 3.440226093198737658e+02 -6.916355085595397977e+05 -4.550822994002098438e+13 -1.041573349693108109e-06 6.955054586341726044e-06 5.878520817870665529e-07 3.710940585816204839e+04 2.396909410349431502e-01 5.869455431794797562e+00 -2.574821653886189554e-01 -1.353910446504980325e-01
1.000000000000000000e+00 -7.474394917117889747e+01 3.550065355922682215e+02 -6.958026623288894771e+05 -4.605826268496151562e+13 -2.532903601370945548e-06 7.220357646262750713e-06 6.876120457776098699e-07 2.480185920801012981e+04 -7.622287654033392812e-01 3.913423173383605569e+00 4.712293694235012570e-02 2.870665938048043708e-01
1.000000000000000000e+00 -1.166303975124194494e+02 3.569338989054737112e+02 -6.999697728547718143e+05 -4.661159370405881250e+13 -3.976010995440128373e-06 7.303034587795173777e-06 8.023325081585675363e-07 -1.508936542269712845e+04 -9.195901797971695046e-01 -2.375225341730218709e+00 2.011028298306840045e-01 -2.102033593900349828e-01
1.000000000000000000e+00 -1.555257307434385723e+02 3.498698715606971632e+02 -7.041368459119409090e+05 -4.716822366812423438e+13 -5.333543677715689256e-06 7.201117405769907952e-06 9.207635508606264043e-07 -3.842943195508493955e+04 -6.005006710061391167e-02 -6.034781668626316709e+00 -2.888105386986726253e-01 -3.487510862130457912e-02
1.000000000000000000e+00 -1.905198653122036774e+02 3.340694684990746168e+02 -7.083038874322094489e+05 -4.772815328745067969e+13 -6.572285577362277091e-06 6.916600424358580213e-06 1.031570784543135211e-06 -1.933059537053713211e+04 8.654971458103132287e-01 -3.028370852391745860e+00 1.449221060722249987e-01 2.522407255705470530e-01
1.000000000000000000e+00 -2.207427667453033564e+02 3.099384127273197578e+02 -7.124709040995257674e+05 -4.829138339310368750e+13 -7.659671593556407777e-06 6.454740892014031002e-06 1.123785066052664884e-06 2.123139852547056580e+04 8.359113639425623798e-01 3.318265414133049873e+00 1.156348844284940391e-01 -2.669388955697054033e-01
1.000000000000000000e+00 -2.454766408458457079e+02 2.781866398924973964e+02 -7.166379034741638461e+05 -4.885791495683646875e+13 -8.567743991724469140e-06 5.827366311276965983e-06 1.188658290182898602e-06 3.851593737308850541e+04 -1.152162097593985163e-01 6.005430265070040186e+00 -2.831850856841145458e-01 6.658834515773730256e-02
1.000000000000000000e+00 -2.641978502117315202e+02 2.396542661697827441e+02 -7.208048930998459691e+05 -4.942774897210893750e+13 -9.274778367615407233e-06 5.049392911755769069e-06 1.220373867347003948e-06 1.333736356082206476e+04 -9.392756511459824376e-01 2.074661360554533207e+00 2.223930613805747691e-01 1.875343347617741407e-01
1.000000000000000000e+00 -2.764624771693540310e+02 1.952717875476934637e+02 -7.249718807524128351e+05 -5.000088648832325000e+13 -9.761440063176052834e-06 4.138061486203683129e-06 1.215924002911547328e-06 -2.668908375994645758e+04 -7.284684560830558819e-01 -4.141778663829921214e+00 1.784217447978159524e-02 -2.903609086543818552e-01
1.000000000000000000e+00 -2.820091856008824607e+02 1.462015017376401715e+02 -7.291388745330625679e+05 -5.057732862467907031e+13 -1.001451779941783233e-05 3.116006555198431085e-06 1.176260287563748186e-06 -3.742941848146908160e+04 2.850437594201373215e-01 -5.794883401960314373e+00 -2.436359657840888038e-01 1.589632556322987944e-01
1.000000000000000000e+00 -2.807834060601387591e+02 9.365073750543855624e+01 -7.333058815793568501e+05 -5.115707639161712500e+13 -1.002797265769486917e-05 2.007394110508029673e-06 1.105803819153182995e-06 -6.865082113132196355e+03 9.844985078944550327e-01 -1.060371759963986138e+00 2.730103179174173111e-01 1.004647538960604380e-01
1.000000000000000000e+00 -2.728148936797350643e+02 3.883886727085636181e+01 -7.374729088402539492e+05 -5.174013079574989062e+13 -9.798750098696638148e-06 8.372379427122628028e-07 1.011130240011902665e-06 3.144042140526118965e+04 5.981569658451664218e-01 4.844890334618253469e+00 -8.273919606516060010e-02 -2.788942916218548063e-01
1.000000000000000000e+00 -2.583147495161883853e+02 -1.686657092828398063e+01 -7.416399632784075802e+05 -5.232649286766056250e+13 -9.330369935749583876e-06 -3.656421013697412455e-07 9.013219839900098526e-07 3.514349666727604199e+04 -4.487128351949433713e-01 5.402889774202785489e+00 -1.737636447719149435e-01 2.333109432074393919e-01
1.000000000000000000e+00 -2.376849774271759088e+02 -7.214208635134322378e+01 -7.458070506947754184e+05 -5.291616349516592188e+13 -8.633457455079130609e-06 -1.572720175871196061e-06 7.871480276962060195e-07 -7.121116649594921455e+01 -9.999983680283563992e-01 -1.092237637261829139e-02 2.909066784862597843e-01 -1.051131227364244473e-03
1.000000000000000000e+00 -2.113906200040559611e+02 -1.257312339437124962e+02 -7.499741761616952717e+05 -5.350914348050970312e+13 -7.721266758881417395e-06 -2.756295416436033158e-06 6.793613075837567302e-07 -3.538662444131523080e+04 -4.447011080471809930e-01 -5.414999480445728430e+00 -1.758489548198538532e-01 -2.317432750988262513e-01
1.000000000000000000e+00 -1.800545469169401542e+02 -1.763107811190816108e+02 -7.541413441565611865e+05 -5.410543355665540625e+13 -6.613226214774153455e-06 -3.886582543343766705e-06 5.881795121043885985e-07 -3.156597434635365425e+04 6.038176763837008743e-01 -4.819156812060668926e+00 -7.878049438293029116e-02 2.800382726870496164e-01
1.000000000000000000e+00 -1.444546154498266901e+02 -2.226844724072217900e+02 -7.583085577528281137e+05 -5.470503426820481250e+13 -5.334993744033266291e-06 -4.935966093785819123e-06 5.223317197682264127e-07 7.404555438323960516e+03 9.824451026414185995e-01 1.127835460158965741e+00 2.706603977927589666e-01 -1.066337166726863128e-01
1.000000000000000000e+00 -1.053920259572820299e+02 -2.637953517493435811e+02 -7.624758192210124107e+05 -5.530794605302250781e+13 -3.913725510822441786e-06 -5.879352365965961334e-06 4.879026311728209094e-07 3.832203892770568200e+04 2.685464978646614487e-01 5.823613847743259520e+00 -2.489495408539082744e-01 -1.505055699082047949e-01
1.000000000000000000e+00 -6.378556929582914137e+01 -2.985932851994321595e+02 -7.666431301845751004e+05 -5.591416926179103125e+13 -2.381618631879236000e-06 -6.691285505779022168e-06 4.880281862458683535e-07 2.660004447402206642e+04 -7.449834808124113916e-01 4.032977784429641055e+00 3.200016850434190402e-02 2.891431992637194526e-01
1.000000000000000000e+00 -2.065704260832063710e+01 -3.262282302039683941e+02 -7.708104904829580337e+05 -5.652370398869829688e+13 -7.754830268941547382e-07 -7.350306214023445498e-06 5.227477516872257691e-07 -1.494460017293926830e+04 -9.274592765154283658e-01 -2.260630380527893113e+00 2.095593157442604548e-01 -2.017738676081781979e-01
1.000000000000000000e+00 2.300322326633598635e+01 -3.460505476681513528e+02 -7.749778989776604576e+05 -5.713655018322344531e+13 8.682295179912842807e-07 -7.839080671226340670e-06 5.888251686375835179e-07 -3.995218791164959839e+04 -7.286949137882715866e-02 -6.029619363482449756e+00 -2.878191500686633764e-01 -4.228400783413849284e-02
1.000000000000000000e+00 6.614260981697347574e+01 -3.574783811093756185e+02 -7.791453537706615170e+05 -5.775270767863991406e+13 2.509899587033446981e-06 -8.141502174467816664e-06 6.797489694581512283e-07 -2.022963648437675147e+04 8.637935543493875379e-01 -3.046097117487896799e+00 1.432080698999828039e-01 2.532177900154072847e-01
1.000000000000000000e+00 1.076723471616330556e+02 -3.601880894899111922e+02 -7.833128513175618136e+05 -5.837217605682740625e+13 4.107673980434249784e-06 -8.247092676917934157e-06 7.866033488077149330e-07 2.234296158694043334e+04 8.317087411215535742e-01 3.356641822615670900e+00 1.115572896987816892e-01 -2.686685161678371014e-01
1.000000000000000000e+00 1.466030421373303056e+02 -3.540983229788373592e+02 -7.874803873854158446e+05 -5.899495478525836719e+13 5.622626866939868615e-06 -8.150793523257092571e-06 8.990292370166199073e-07 3.996498556860049575e+04 -1.349536030143541065e-01 5.990385447069264124e+00 -2.803122471322515574e-01 7.780002938580940497e-02
1.000000000000000000e+00 1.819510816350129687e+02 -3.392333171293998930e+02 -7.916479568430732470e+05 -5.962104318268789062e+13 7.015251927058523396e-06 -7.849949624986321187e-06 1.005564222483370126e-06 1.260604121494313404e+04 -9.501372030796908508e-01 1.885241165824431242e+00 2.343330873427845185e-01 1.723827272123404364e-01
1.000000000000000000e+00 2.127743479660240098e+02 -3.159063264948252936e+02 -7.958155531625677831e+05 -6.025044034009347656e+13 8.246852476423817760e-06 -7.348640830547913768e-06 1.095314251366457205e-06 -2.911631278042533086e+04 -6.954122569929815922e-01 -4.344500820649553674e+00 -9.542844437812215280e-03 -2.907520156160589009e-01
1.000000000000000000e+00 2.383043487122539545e+02 -2.846804838513793925e+02 -7.999831692261080025e+05 -6.088314523796955469e+13 9.284731572309007767e-06 -6.656942731233152441e-06 1.159464133107192117e-06 -3.814189900965796551e+04 3.432566289443192420e-01 -5.678365692338004145e+00 -2.223559052861915353e-01 1.875783885449587018e-01
1.000000000000000000e+00 2.578495705241282394e+02 -2.462220420261009508e+02 -8.041507976969616720e+05 -6.151915680073541406e+13 1.009858311698373085e-05 -5.787629230197461820e-06 1.191116906003365726e-06 -4.093894548908786419e+03 9.949285103939800035e-01 -6.081034275678300904e-01 2.850221825356725192e-01 5.822504553340441397e-02
1.000000000000000000e+00 2.708349233474851872e+02 -2.014715357619064093e+02 -8.083184303320784820e+05 -6.215847379015039844e+13 1.066212281117811642e-05 -4.760279505979088412e-06 1.186474989341079840e-06 3.473847710017484496e+04 5.242180793978385989e-01 5.148414855867936346e+00 -1.310225499927207826e-01 -2.597323465765676298e-01
1.000000000000000000e+00 2.769226121167620818e+02 -1.515752973664744161e+02 -8.124860587830726290e+05 -6.280109492554419531e+13 1.095798930263282456e-05 -3.599818646376566194e-06 1.145880719340148052e-06 3.446781839580368251e+04 -5.378310323545527627e-01 5.096836636374725060e+00 -1.226108559821308536e-01 2.638074647543060536e-01
1.000000000000000000e+00 2.759052450674171268e+02 -9.772475086779337516e+01 -8.166536750570408767e+05 -6.344701895500252344e+13 1.097373358263449091e-05 -2.332806776621955905e-06 1.072986611900924323e-06 -4.760756701476173475e+03 -9.932278035762497348e-01 -7.024076845217479548e-01 2.830549010633807150e-01 -6.713958183340890118e-02
1.000000000000000000e+00 2.677398275811945041e+02 -4.131302563261228045e+01 -8.208212706668820465e+05 -6.409624452407701562e+13 1.070331030334060495e-05 -9.912241626938331829e-07 9.749421919488025007e-07 -3.877911953456033370e+04 -3.291872972625752847e-01 -5.708733153075333355e+00 -2.278603823412461427e-01 -1.808520019907614573e-01
1.000000000000000000e+00 2.526486313154041454e+02 1.616183175511325842e+01 -8.249888380737177795e+05 -6.474877040024121875e+13 1.015129754024280166e-05 3.897399540437117571e-07 8.620389186116266104e-07 -2.917935129073198914e+04 7.052808675381825321e-01 -4.285960238668933719e+00 -1.500447030261841883e-03 2.909047079775001765e-01
1.000000000000000000e+00 2.309939279050649645e+02 7.326714083567533464e+01 -8.291563708184368443e+05 -6.540459549740317969e+13 9.328107462701805614e-06 1.775750564945115799e-06 7.456914472947163362e-07 1.334745316053684837e+04 9.462069049300788626e-01 1.956157341320358345e+00 2.299966890387359908e-01 -1.781272676935910237e-01
1.000000000000000000e+00 2.032989930730654464e+02 1.284878299499037269e+02 -8.333238678561169654e+05 -6.606371956742978125e+13 8.250980931051835702e-06 3.129767603120473483e-06 6.376423003351796883e-07 4.102255711437104037e+04 1.243302002743904150e-01 5.998782792256371010e+00 -2.819148486770330364e-01 -7.177616986278136102e-02
1.000000000000000000e+00 1.703254282253246288e+02 1.803391589847130660e+02 -8.374913138360978337e+05 -6.672614007928854688e+13 6.947304521255920153e-06 4.414755201059932745e-06 5.492450268975399676e-07 2.270623819291641121e+04 -8.364814666127482479e-01 3.313010249622019732e+00 1.161896096274140505e-01 2.666979097769504592e-01
1.000000000000000000e+00 1.329268513071122300e+02 2.275324833324049791e+02 -8.416587106116176583e+05 -6.739185720830242969e+13 5.448855299134067729e-06 5.597778435505138920e-06 4.897442728634537681e-07 -2.115036723144677671e+04 -8.605785432779620159e-01 -3.079178212040289964e+00 1.399825480957000989e-01 -2.550150715024511738e-01
1.000000000000000000e+00 9.205792129748098773e+01 2.688223713864636011e+02 -8.458260556885038968e+05 -6.806087043602970312e+13 3.792265703972317471e-06 6.646342885432272921e-06 4.652779838351420177e-07 -4.149603499109673430e+04 7.669458304059438569e-02 -6.027885145332087191e+00 -2.874862946305212774e-01 4.449079527698278358e-02
1.000000000000000000e+00 4.883351457807219020e+01 3.031176984185945571e+02 -8.499933483502417803e+05 -6.873317952361366406e+13 2.021575864101308482e-06 7.531181208024204401e-06 4.784575461281814987e-07 -1.555065512276101072e+04 9.279018149267973525e-01 -2.253982994816932539e+00 2.100370275120412855e-01 2.012765449292869824e-01
1.000000000000000000e+00 4.368864212603464914e+00 3.296248309490352426e+02 -8.541605895683096023e+05 -6.940878450425807812e+13 1.817458952524226819e-07 8.229922111471813472e-06 5.280772906688078623e-07 2.783750334640650908e+04 7.460096803602941362e-01 4.026038455636734348e+00 3.289038162876150445e-02 -2.890432895970423965e-01
1.000000000000000000e+00 -4.021350430264887166e+01 3.476769313087713158e+02 -8.583277808515621582e+05 -7.008768550200946094e+13 -1.681053844910360680e-06 8.722988913710142338e-06 6.090581470738239281e-07 4.040274349378929764e+04 -2.644229125652990398e-01 5.830506554329071278e+00 -2.502282264959181934e-01 1.483699266343173617e-01
1.000000000000000000e+00 -8.373048659990369913e+01 3.568304155789022616e+02 -8.624949254665685585e+05 -7.076988293415098438e+13 -3.517197036178001661e-06 8.996108605355530136e-06 7.131072953751983186e-07 8.119078635350066179e+03 -9.811244176389083416e-01 1.169101097214405804e+00 2.691515964893970159e-01 1.103866775112562620e-01
1.000000000000000000e+00 -1.250995080281128651e+02 3.569771733870733215e+02 -8.666620282129656989e+05 -7.145537748112664062e+13 -5.280340217906697696e-06 9.043290681969496823e-06 8.300553364118879602e-07 -3.329823791584336141e+04 -6.113541178794235087e-01 -4.784301547720262171e+00 -7.345217148998869905e-02 -2.814828217994315707e-01
1.000000000000000000e+00 -1.633207668867904090e+02 3.481512153422137885e+02 -8.708290942978380481e+05 -7.214416990611370312e+13 -6.926771728356760372e-06 8.862109694651708889e-06 9.484403534203253279e-07 -3.798903583016686025e+04 4.340826434813345180e-01 -5.446400947692012551e+00 -1.812780850938283950e-01 2.275215513516905819e-01
1.000000000000000000e+00 -1.974198082624013466e+02 3.306106145242438856e+02 -8.749961301608671201e+05 -7.283626119401145312e+13 -8.413048506376950147e-06 8.455887583115864119e-06 1.056533311784784064e-06 -6.625320251717363362e+02 9.998771052555105454e-01 -9.477948022831368668e-02 2.907655817489528949e-01 9.120138976915636783e-03
1.000000000000000000e+00 -2.265999527520077663e+02 3.049220116499737969e+02 -8.791631429004236124e+05 -7.353165246032581250e+13 -9.702548508818241508e-06 7.836001756079854071e-06 1.144180845649748664e-06 3.754886379543901421e+04 4.625813022996750901e-01 5.359970600050874445e+00 -1.664104925018559389e-01 -2.386112915393046041e-01
1.000000000000000000e+00 -2.502060356108145527e+02 2.717493042998236774e+02 -8.833301395787307993e+05 -7.423034483699956250e+13 -1.076409112310202351e-05 7.016616904285318170e-06 1.203074903849840951e-06 3.443826326029242773e+04 -5.845274831518401104e-01 4.905316696504403495e+00 -9.211772626516058493e-02 2.759386253725676363e-01
1.000000000000000000e+00 -2.676597876458209271e+02 2.319298026912421165e+02 -8.874971280343420804e+05 -7.493233960946548438e+13 -1.156928767862676871e-05 6.016719849672560077e-06 1.227461288324483997e-06 -6.714420836032620173e+03 -9.874627531129469560e-01 -9.543256596455752527e-01 2.764112583816352164e-01 -9.068967253577539522e-02
1.000000000000000000e+00 -2.786002872706147855e+02 1.865403804832193089e+02 -8.916641163914132630e+05 -7.563763813646926562e+13 -1.209871883696100295e-05 4.861949271989535751e-06 1.215697329080612985e-06 -4.063131599265871773e+04 -3.024571120605696328e-01 -5.762529825593866839e+00 -2.376837669205132675e-01 -1.677326068695064454e-01
1.000000000000000000e+00 -2.828285672383057090e+02 1.366765600192134116e+02 -8.958311120380312204e+05 -7.634624167706004688e+13 -1.233973830922730779e-05 3.578956801520201317e-06 1.169436306984975401e-06 -2.982706345183654776e+04 7.158977375044748293e-01 -4.221133230285644800e+00 7.278282755906140267e-03 2.908175150586538305e-01
1.000000000000000000e+00 -2.802381952609659947e+02 8.353231327955356278e+01 -8.999981224259630544e+05 -7.705815152462196875e+13 -1.228359434224939744e-05 2.197517728806743895e-06 1.093020437979346137e-06 1.397913897792634452e+04 9.451873194055159244e-01 1.974091363892859219e+00 2.288746906276804827e-01 -1.795666351381815518e-01
1.000000000000000000e+00 -2.709452411904470068e+02 2.845608333151653824e+01 -9.041651547067933716e+05 -7.777336894453043750e+13 -1.193124677449134079e-05 7.520715590807218440e-07 9.940405930009401071e-07 4.252904279875806242e+04 1.317666963799142277e-01 5.992978066086676492e+00 -2.808067990982432982e-01 -7.599567122516985573e-02
1.000000000000000000e+00 -2.552169062467616243e+02 -2.727283327981895411e+01 -9.083322150486177998e+05 -7.849189505486865625e+13 -1.129043544341121106e-05 -7.241211798037559597e-07 8.820648984113940869e-07 2.414486011068737207e+04 -8.274256383410192317e-01 3.395111233435291531e+00 1.074227555707127357e-01 2.703482051916752948e-01
1.000000000000000000e+00 -2.334006997544624085e+02 -8.235563889858933351e+01 -9.124993095666388981e+05 -7.921373098409879688e+13 -1.037268604575175943e-05 -2.196656554964879606e-06 7.675581924420992432e-07 -2.107723629403047016e+04 -8.721812873864874804e-01 -2.957448444009774136e+00 1.516798475488821407e-01 -2.482358239906422848e-01
1.000000000000000000e+00 -2.060466823555843803e+02 -1.354243534669048472e+02 -9.166664433059657458e+05 -7.993887769344032812e+13 -9.198849092333711197e-06 -3.628644144188931457e-06 6.615762043443712170e-07 -4.312719707391029806e+04 4.867542102384145308e-02 -6.038525661629656760e+00 -2.895300800888372939e-01 2.828662561205817425e-02
1.000000000000000000e+00 -1.738235662229833736e+02 -1.852637570082418108e+02 -9.208336200286361855e+05 -8.066733593531350000e+13 -7.795542755899344356e-06 -4.986638774551925904e-06 5.741998397300008317e-07 -1.735811767195706125e+04 9.160092969122560769e-01 -2.425271857545478582e+00 1.972785068347074622e-01 2.137966117735114191e-01
1.000000000000000000e+00 -1.374482038396490964e+02 -2.307123960299804253e+02 -9.250008428658527555e+05 -8.139910636304529688e+13 -6.192096732000642875e-06 -6.238056923691581388e-06 5.134015883242005583e-07 2.785473888217696731e+04 7.663876154897208970e-01 3.883621973400296579e+00 5.082171521037501249e-02 -2.864349031243239030e-01
1.000000000000000000e+00 -9.780191676048507077e+01 -2.706186847430215607e+02 -9.291681141973112244e+05 -8.213418950703514062e+13 -4.425865370775674450e-06 -7.350017148803730808e-06 4.848155277370605386e-07 4.222578921770415036e+04 -2.360396259661591556e-01 5.874861414261348891e+00 -2.584928063325500625e-01 1.334513751862004549e-01
1.000000000000000000e+00 -5.583611804721713412e+01 -3.040579767801860953e+02 -9.333354348652097397e+05 -8.287258563219659375e+13 -2.538104540896273356e-06 -8.295268186315263561e-06 4.911797019913041605e-07 9.498310704179239110e+03 -9.759209869538666426e-01 1.318712554934368120e+00 2.632267486998068895e-01 1.238526512986055650e-01
1.000000000000000000e+00 -1.250201491713572999e+01 -3.302227564664262331e+02 -9.375028048289995641e+05 -8.361429484865432812e+13 -5.708330676738467828e-07 -9.049317990816190094e-06 5.318156155084406673e-07 -3.401474059028136980e+04 -6.264142084417307910e-01 -4.712558647398992662e+00 -6.260657428768644228e-02 -2.840919170281436812e-01
1.000000000000000000e+00 3.113828834697170223e+01 -3.483841944034978724e+02 -9.416702229003675748e+05 -8.435931706076142188e+13 1.428072014122834444e-06 -9.589446855221130938e-06 6.026339694100229625e-07 -3.960282628719539207e+04 4.240388312594290388e-01 -5.475244669638827055e+00 -1.862926571637119333e-01 2.234342103431096183e-01
1.000000000000000000e+00 7.401566277120923587e+01 -3.581005980158441844e+02 -9.458376862862023991e+05 -8.510765188029976562e+13 3.409547784483642515e-06 -9.900518416522512821e-06 6.968184578336121104e-07 -7.455416184068659504e+02 9.998552604594411752e-01 -1.028581929344912632e-01 2.907401657962968011e-01 9.897295464272695339e-03
1.000000000000000000e+00 1.151241308138042712e+02 -3.590945898753664665e+02 -9.500051917638815939e+05 -8.585929883255706250e+13 5.326585197454070164e-06 -9.971743902525813464e-06 8.052045853578178912e-07 3.913170656118246552e+04 4.537470689753895781e-01 5.387500569901479963e+00 -1.711203364856079268e-01 -2.352565214947666128e-01
1.000000000000000000e+00 1.534140824248608226e+02 -3.512173130900757769e+02 -9.541727350989311235e+05 -8.661425724890060938e+13 7.129330767788739277e-06 -9.795783866024486883e-06 9.167161721477417662e-07 3.511750793701881776e+04 -6.025923399508366085e-01 4.824759402529125829e+00 -7.964057033179268441e-02 2.797948891991989817e-01
1.000000000000000000e+00 1.879040312970809055e+02 -3.346429804983653185e+02 -9.583403102843484376e+05 -8.737252612406242188e+13 8.770258384413739529e-06 -9.374276328592469766e-06 1.020190463133327873e-06 -8.517894285715026854e+03 -9.811658422728413154e-01 -1.167829738529450712e+00 2.691988907510572959e-01 -1.102712912918207278e-01
1.000000000000000000e+00 2.177481513852787600e+02 -3.097280579422627511e+02 -9.625079110303720227e+05 -8.813410438193926562e+13 1.020740435613458847e-05 -8.714071772962178413e-06 1.105380157063804189e-06 -4.273215572312154109e+04 -2.545498758461141597e-01 -5.846544700909260150e+00 -2.532093629925130651e-01 -1.432229693788360514e-01
1.000000000000000000e+00 2.421306067701285087e+02 -2.769720697197257664e+02 -9.666755301947555272e+05 -8.889899076968296875e+13 1.139953012164756534e-05 -7.826236670905285054e-06 1.163239114458881311e-06 -2.882026130927355553e+04 7.591876906825230087e-01 -3.934970156251563989e+00 4.443101958438203103e-02 2.874955390322735393e-01
1.000000000000000000e+00 2.603808598242490007e+02 -2.371924060550815057e+02 -9.708431599451309303e+05 -8.966718388431204688e+13 1.231160481397372916e-05 -6.731101372149407423e-06 1.187653096581924530e-06 1.772570456916245530e+04 9.167391439476818560e-01 2.415171387138510983e+00 1.980567605979396961e-01 -2.130758551460387173e-01
1.000000000000000000e+00 2.720316226977615770e+02 -1.913597944798593460e+02 -9.750107923335655360e+05 -9.043868227656304688e+13 1.291770462805632881e-05 -5.453764670914754230e-06 1.175960668906770890e-06 4.442727531346883188e+04 4.008011923284012651e-02 6.040834027869472322e+00 -2.899739371406319099e-01 -2.330056316757451659e-02
1.000000000000000000e+00 2.767076010463233047e+02 -1.405493524484774639e+02 -9.791784191421847790e+05 -9.121348442167110938e+13 1.319591341330529905e-05 -4.022786256035893825e-06 1.128593115153242865e-06 2.101837334974792611e+04 -8.817363996710270158e-01 2.852009408857194117e+00 1.614304516862125616e-01 2.420082844308240888e-01
1.000000000000000000e+00 2.742366651671415525e+02 -8.609301251491037021e+01 -9.833460316722122952e+05 -9.199158867882892188e+13 1.313374026712069520e-05 -2.474631573081645148e-06 1.050174226550501552e-06 -2.623210102715574249e+04 -8.091873157261411098e-01 -3.552150848156231167e+00 9.005605164442306854e-02 -2.766183436198371148e-01
1.000000000000000000e+00 2.646882846790955455e+02 -2.939018506333951208e+01 -9.875136220740863355e+05 -9.277299353919887500e+13 1.273017428454134129e-05 -8.483629456262683648e-07 9.489353966531210599e-07 -4.404700841250437952e+04 1.751130573968996684e-01 -5.952275900295031619e+00 -2.730673971375265352e-01 1.003095064552789323e-01
1.000000000000000000e+00 2.482485796269086791e+02 2.815111076597687045e+01 -9.916811831721526105e+05 -9.355769759620232812e+13 1.198989500132390216e-05 8.160257885376354784e-07 8.349372194043561195e-07 -1.224498433200373438e+04 9.619736327916547092e-01 -1.651334350524865213e+00 2.475011022184559484e-01 1.528757824686914901e-01
1.000000000000000000e+00 2.253195416785017073e+02 8.497880691973617218e+01 -9.958487080081577878e+05 -9.434569946169382812e+13 1.092820311310053307e-05 2.473661496545486052e-06 7.198045906597323640e-07 3.346959536789538106e+04 6.669937026961663129e-01 4.504423501135697450e+00 -3.206941282157346751e-02 -2.891355274366067540e-01
1.000000000000000000e+00 1.965309232056679036e+02 1.396023276825828248e+02 -1.000016190970917116e+06 -9.513699798176664062e+13 9.571818626272501513e-06 4.080712202858066992e-06 6.156116679868001103e-07 4.169881455794760404e+04 -3.766369292674561220e-01 5.600492962578103473e+00 -2.083746859323698242e-01 2.029970214740884071e-01
1.000000000000000000e+00 1.625979673800071055e+02 1.906505584410550398e+02 -1.004183627383558895e+06 -9.593159216323093750e+13 7.952154023959105196e-06 5.596126116897826082e-06 5.331015252103131479e-07 3.126386231321672312e+03 -9.975949610774299536e-01 4.190451171438432931e-01 2.881133570495890139e-01 4.023051024261700692e-02
1.000000000000000000e+00 1.244068335831036194e+02 2.367395595514718707e+02 -1.008351013759884401e+06 -9.672948122650312500e+13 6.109596244096474779e-06 6.977805344338790557e-06 4.809230772906973525e-07 -3.908641720255541441e+04 -5.021173709091276693e-01 -5.228311253484997145e+00 -1.442197575956867539e-01 -2.526429535605665966e-01
1.000000000000000000e+00 8.300235652756312277e+01 2.766778728641750149e+02 -1.012518348344036145e+06 -9.753066471429348438e+13 4.093076479115329201e-06 8.188674450576884824e-06 4.647228240542361236e-07 -3.771054905155718734e+04 5.537732225181531964e-01 -5.034051373591184486e+00 -1.124857465119076527e-01 2.682811161755969120e-01
1.000000000000000000e+00 3.943398339039426048e+01 3.095058209747459159e+02 -1.016685630820861668e+06 -9.833514244243856250e+13 1.952602628417760837e-06 9.197965629711989222e-06 4.863031386801035666e-07 5.785423591845185001e+03 9.918402775858073950e-01 7.707454335568990622e-01 2.814523825502351362e-01 -7.356872176109464923e-02
1.000000000000000000e+00 -5.165493968899546928e+00 3.343517265365020421e+02 -1.020852861638123402e+06 -9.914291437396206250e+13 -2.568215981528752783e-07 9.977069469454270383e-06 5.434473447654012715e-07 4.298325531324720214e+04 3.263143323132262630e-01 5.714758710814120235e+00 -2.289560797273807735e-01 -1.794628485805196128e-01
1.000000000000000000e+00 -4.960466363830999370e+01 3.506225854026409934e+02 -1.025020043201649212e+06 -9.995398085518754688e+13 -2.476346436267175584e-06 1.050530149656180683e-05 6.304242799508163082e-07 3.248713644665669199e+04 -7.011656017049081591e-01 4.310569012914053033e+00 -4.867947182420248251e-03 2.908678455157847620e-01
1.000000000000000000e+00 -9.278718214825163102e+01 3.580114032518041540e+02 -1.029187179162782733e+06 -1.007683424839685312e+14 -4.650920201608931695e-06 1.077029261814085072e-05 7.387384425970097018e-07 -1.412861106601537904e+04 -9.509128199389276226e-01 -1.870893154963281013e+00 2.351909688531160503e-01 -1.712104220971897295e-01
1.000000000000000000e+00 -1.336282260408613070e+02 3.563360643840849775e+02 -1.033354273924468434e+06 -1.015860000175153594e+14 -6.725181009168207654e-06 1.076329626425272576e-05 8.575620799671686179e-07 -4.524258532731881860e+04 -1.481781672655649584e-01 -5.978951612503973223e+00 -2.781337524823205287e-01 -8.526087141748273091e-02
1.000000000000000000e+00 -1.710787521158298148e+02 3.457116231363942802e+02 -1.037521333469423349e+06 -1.024069545388611719e+14 -8.644694379281743960e-06 1.048448957185146094e-05 9.752115747582199025e-07 -2.636803156411810414e+04 8.179938985319353817e-01 -3.477644602120071315e+00 9.839343684500183318e-02 2.737636426748334961e-01
1.000000000000000000e+00 -2.042679797538809510e+02 3.265245001033306380e+02 -1.041688364204151905e+06 -1.032312072340082500e+14 -1.036321817978556221e-05 9.942368641307439023e-06 1.080631041638074287e-06 2.174189273552489612e+04 8.808697239972841375e-01 2.861781321526122746e+00 1.605416632330927962e-01 -2.425987939605584731e-01
1.000000000000000000e+00 -2.324065565682160752e+02 2.992587285100569261e+02 -1.045855372825131286e+06 -1.040587593669795312e+14 -1.183795112877851365e-05 9.148601983127145631e-06 1.163530533882695011e-06 4.600510041725704650e+04 -2.777539474502077263e-02 6.043359434955438481e+00 -2.904597215368155405e-01 1.615396637116838646e-02
1.000000000000000000e+00 -2.548038127056289284e+02 2.646559054299311242e+02 -1.050022367176303407e+06 -1.048896124522822031e+14 -1.303049780398217598e-05 8.122999283936566055e-06 1.215877421918440387e-06 1.955305513810334014e+04 -9.056574932255927468e-01 2.563434011483919139e+00 1.863068683104291412e-01 2.234223607545263168e-01
1.000000000000000000e+00 -2.709947544567389741e+02 2.236645057974590145e+02 -1.054189355077066692e+06 -1.057237680243769062e+14 -1.391348889852394327e-05 6.892106371721113847e-06 1.233344242027560851e-06 -2.858953524562233360e+04 -7.855989718611084971e-01 -3.740687327061029688e+00 6.816904018104419372e-02 -2.828087382411662021e-01
1.000000000000000000e+00 -2.806276212257109250e+02 1.772627002445327946e+02 -1.058356344077353831e+06 -1.065612275882598438e+14 -1.446501429581995275e-05 5.483849830093216438e-06 1.214581527869571218e-06 -4.536264557727865758e+04 2.000047963636900628e-01 -5.923538226742202539e+00 -2.676347750466197550e-01 1.140150325637392520e-01
1.000000000000000000e+00 -2.834749017823872350e+02 1.266144929853377761e+02 -1.062523342016882030e+06 -1.074019927314550469e+14 -1.466930802494928823e-05 3.932404417935455633e-06 1.161547097875959837e-06 -1.211422586564303856e+04 9.653010539068749285e-01 -1.578769393873627580e+00 2.512322109717521901e-01 1.466634809180875909e-01
1.000000000000000000e+00 -2.795461029575112661e+02 7.300429134307698575e+01 -1.066690356259477558e+06 -1.082460649697638906e+14 -1.452273276406247688e-05 2.276266117045140857e-06 1.079830845843537239e-06 3.465565045493374055e+04 6.664185719737502067e-01 4.507533812849387367e+00 -3.251560046455964637e-02 -2.890856900491520221e-01
1.000000000000000000e+00 -2.689614887233749982e+02 1.766359878570696296e+01 -1.070857393389737699e+06 -1.090934456835737812e+14 -1.402743530085021216e-05 5.529006576045717600e-07 9.771674037060485058e-07 4.330723145921059768e+04 -3.678844624317418877e-01 5.621716672582242502e+00 -2.121660385368593915e-01 1.990310843972397103e-01
1.000000000000000000e+00 -2.519608818264174772e+02 -3.807116304930732298e+01 -1.075024460102822166e+06 -1.099441362967696406e+14 -1.319191974004414131e-05 -1.196329372701711651e-06 8.631781892965516604e-07 4.066771479009332779e+03 -9.961953730430941345e-01 5.268701274170792814e-01 2.864898049507572098e-01 5.051130689303487409e-02
1.000000000000000000e+00 -2.290051723414814830e+02 -9.283187431206214058e+01 -1.079191562143755145e+06 -1.107981380593734844e+14 -1.203650408025190279e-05 -2.928410367173373890e-06 7.490417373096475485e-07 -3.985055810940354422e+04 -5.230639429049842581e-01 -5.152703583509740781e+00 -1.317257961117515586e-01 -2.593763965812820871e-01
1.000000000000000000e+00 -2.006389269969777729e+02 -1.453845516668439188e+02 -1.083358703882639995e+06 -1.116554519562181562e+14 -1.058629539791140650e-05 -4.603909880174974486e-06 6.455246673193084600e-07 -3.974043630929836218e+04 5.295581239125093376e-01 -5.128401187114609350e+00 -1.277485416127442652e-01 2.613582035838595830e-01
1.000000000000000000e+00 -1.675002824930429028e+02 -1.944679313039480917e+02 -1.087525889515569201e+06 -1.125160789499903125e+14 -8.871798781972021174e-06 -6.181927028237388872e-06 5.621054494814785716e-07 4.537162328615959268e+03 9.953176505795697793e-01 5.843646617412877609e-01 2.854727910555932002e-01 -5.597397637916110696e-02
1.000000000000000000e+00 -1.304130956519583719e+02 -2.388714741085262858e+02 -1.091693121958352160e+06 -1.133800197507530469e+14 -6.933911797857200866e-06 -7.622565049785981601e-06 5.066124221633417336e-07 4.396078272676371853e+04 3.554449640847467951e-01 5.650891387353170536e+00 -2.174011450536688095e-01 -1.932991013794914670e-01
1.000000000000000000e+00 -9.024033596801643853e+01 -2.775920870092207906e+02 -1.095860402883648407e+06 -1.142472748186127656e+14 -4.816288271755738325e-06 -8.891982354995749799e-06 4.841957333580462674e-07 3.453403810871804308e+04 -6.804059394767879576e-01 4.430497202414643176e+00 -2.155502088237181910e-02 2.901089132369527590e-01
1.000000000000000000e+00 -4.789620223112712694e+01 -3.096683867813779329e+02 -1.100027733445568942e+06 -1.151178445104500469e+14 -2.566027156532165299e-06 -9.957189711505842766e-06 4.967732484443230940e-07 -1.351780878210957235e+04 -9.581401767518198387e-01 -1.730878554843023664e+00 2.432185370460907547e-01 -1.596012020691719158e-01
1.000000000000000000e+00 -4.429225254773633935e+00 -3.342625438461249132e+02 -1.104195113106163451e+06 -1.159917288313173906e+14 -2.381936190948416070e-07 -1.078871722296810333e-05 5.429975502838209793e-07 -4.665340956638434727e+04 -1.657002697702749383e-01 -5.962117255973629071e+00 -2.749338685890785894e-01 -9.507454111069123248e-02
1.000000000000000000e+00 3.913221763301159939e+01 -3.508055532029173378e+02 -1.108362540183397708e+06 -1.168689275432914531e+14 2.112383829871275440e-06 -1.136539605499009421e-05 6.184450492101675312e-07 -2.762588850177624408e+04 8.125903408025720864e-01 -3.523642414755522978e+00 9.326707145156981626e-02 2.755522706268504485e-01
1.000000000000000000e+00 8.176573775302483682e+01 -3.588249337894941391e+02 -1.112530012292394880e+06 -1.177494402543385156e+14 4.430366250776529460e-06 -1.166891898104012091e-05 7.156551088491210750e-07 2.251235081412722866e+04 8.805059608590475317e-01 2.865870029906670613e+00 1.601688792819850604e-01 -2.428450752523471645e-01
1.000000000000000000e+00 1.223808645109052691e+02 -3.580288145667772710e+02 -1.116697525795975467e+06 -1.186332662987830156e+14 6.655881871713627877e-06 -1.168664387201986034e-05 8.247555180800027140e-07 4.754440519762755139e+04 -4.008932470920154728e-02 6.040831795221022205e+00 -2.899735077607810130e-01 2.330590615431056556e-02
1.000000000000000000e+00 1.599792115513677686e+02 -3.484349873928721308e+02 -1.120865075677516870e+06 -1.195204047052279531e+14 8.733200367496111264e-06 -1.141593192336866951e-05 9.349861954182942488e-07 1.912735769699257435e+04 -9.159869777131607327e-01 2.425579947268181602e+00 1.972547170936552463e-01 2.138185610490055122e-01
1.000000000000000000e+00 1.936374376380669275e+02 -3.301869615426028872e+02 -1.125032656499879668e+06 -1.204108543963503281e+14 1.060989267741352176e-05 -1.085828719405064220e-05 1.035256297581373380e-06 -3.098078540909610092e+04 -7.611358485300052656e-01 -3.921190390407093940e+00 4.615426322452204771e-02 -2.872239273649860869e-01
1.000000000000000000e+00 2.224401236419049894e+02 -3.036362528728264465e+02 -1.129200261517889099e+06 -1.213046139965503281e+14 1.223321567977006375e-05 -1.002214931458914031e-05 1.115068363540338023e-06 -4.632169950470232288e+04 2.513357990367617312e-01 -5.851624923535136524e+00 -2.541553717467144868e-01 1.415374419616753643e-01
1.000000000000000000e+00 2.456408222346305479e+02 -2.694484288309338922e+02 -1.133367883238269947e+06 -1.222016819475108438e+14 1.355900993500082188e-05 -8.926533367335084135e-06 1.166396603818732122e-06 -9.395989145584982907e+03 9.806128688016192418e-01 -1.184684171250047102e+00 2.685677287617510012e-01 1.117997116835271754e-01
1.000000000000000000e+00 2.626378024842032346e+02 -2.284011804690186409e+02 -1.137535514200294157e+06 -1.231020566741916406e+14 1.455052740163036832e-05 -7.594506952499638163e-06 1.183732492954063514e-06 3.829407606575822865e+04 6.038412058007860406e-01 4.819049053625629853e+00 -7.876396175201431926e-02 -2.800429231276743147e-01
1.000000000000000000e+00 2.729078266168696132e+02 -1.814594413561077886e+02 -1.141703146145009436e+06 -1.240057364044906250e+14 1.517489600433786755e-05 -6.055765407772577994e-06 1.164462785289430129e-06 4.288289910469865572e+04 -4.541585641102872661e-01 5.386233118823171573e+00 -1.709029703232101127e-01 2.354144753397063861e-01
1.000000000000000000e+00 2.761601455236067295e+02 -1.298531716431351697e+02 -1.145870770513589494e+06 -1.249127192747301094e+14 1.541179341981160022e-05 -4.349351211610358778e-06 1.110411911668193480e-06 -9.739185638268853609e+02 -9.997960539759914722e-01 -1.220946088777738053e-01 2.906712831120724649e-01 -1.174758012301577691e-02
1.000000000000000000e+00 2.722967667621570627e+02 -7.485480686018300389e+01 -1.150038379269516328e+06 -1.258230035083739219e+14 1.525145765820828364e-05 -2.516334103463687952e-06 1.027059914761647095e-06 -4.389020674752745981e+04 -4.181351619865058544e-01 -5.491814790412869129e+00 -1.891854036083807644e-01 -2.209902340066169923e-01
1.000000000000000000e+00 2.613380758716166383e+02 -1.784502839337429592e+01 -1.154205964438820723e+06 -1.267365873171318906e+14 1.469070163186031474e-05 -6.020559225791457641e-07 9.225436161801662262e-07 -3.741864138398041541e+04 6.344347629123804344e-01 -4.673177246822654674e+00 -5.672282737466238095e-02 2.853249398832662931e-01
1.000000000000000000e+00 2.435616117866241552e+02 3.963561575634782486e+01 -1.158373518585748738e+06 -1.276534690060451406e+14 1.374086253254931447e-05 1.342055590918056745e-06 8.076751362343691740e-07 1.126650234556077339e+04 9.726447369555437650e-01 1.404400254832317341e+00 2.595124347024182487e-01 -1.314575851732732170e-01
1.000000000000000000e+00 2.194388531862416301e+02 9.612283874320993959e+01 -1.162541035551114706e+06 -1.285736471389400469e+14 1.242448372126569807e-05 3.266413450156402151e-06 6.943469063847355666e-07 4.742879393922556483e+04 2.174968758226724919e-01 5.900964211632092393e+00 -2.633857804077195386e-01 -1.235140928954335804e-01
1.000000000000000000e+00 1.895462017768077772e+02 1.501656047422495135e+02 -1.166708509563252097e+06 -1.294971203461323438e+14 1.077045341300611890e-05 5.121169029042338495e-06 5.940873677459633604e-07 3.038133321350509141e+04 -7.813809730848818580e-01 3.772840070789092337e+00 6.432350835532740785e-02 2.837081012900889987e-01
1.000000000000000000e+00 1.546857832268045740e+02 2.002882459079679336e+02 -1.170875936035973020e+06 -1.304238875037333750e+14 8.820999874790091245e-06 6.854923602904520297e-06 5.175196270529723435e-07 -2.082468690559370953e+04 -9.042755866983900326e-01 -2.581203642897887285e+00 1.848516514826076262e-01 -2.246278420163400624e-01
1.000000000000000000e+00 1.157976317264201356e+02 2.452236940617786445e+02 -1.175043312206041999e+06 -1.313539478808726562e+14 6.626894966278732899e-06 8.422724216421727982e-06 4.728930132570159142e-07 -4.886121782058489771e+04 -1.579330929210491508e-02 -6.044937896284944934e+00 -2.907634556537754822e-01 -9.187672231866408912e-03
1.000000000000000000e+00 7.385838329714677286e+01 2.838388679527496947e+02 -1.179210636386888102e+06 -1.322873009794835469e+14 4.241775894454348259e-06 9.783618945545684273e-06 4.648960295215074739e-07 -2.234269590607630380e+04 8.897980020958016212e-01 -2.758979285078119403e+00 1.697396187114039445e-01 2.362546556249685570e-01
1.000000000000000000e+00 2.999039665760633255e+01 3.150935435266785021e+02 -1.183377908255769406e+06 -1.332239466032300312e+14 1.728471416747301932e-06 1.089931582709839125e-05 4.944402810175173686e-07 2.919862769909205963e+04 8.035235731787628843e-01 3.598836778876369991e+00 8.474174580695045811e-02 -2.782923588285446392e-01
1.000000000000000000e+00 -1.464207736251368708e+01 3.382539294318391967e+02 -1.187545129079761915e+06 -1.341638849139758750e+14 -8.468555823107095940e-07 1.174165318942205373e-05 5.587400821239365560e-07 4.837357777344648639e+04 -1.762152073900607741e-01 5.951086915919244547e+00 -2.728421079673390981e-01 1.009206846226487764e-01
1.000000000000000000e+00 -5.893523089716060070e+01 3.527928959111001177e+02 -1.191712301224394469e+06 -1.351071163266730156e+14 -3.420605159725791713e-06 1.228931083615416946e-05 6.514820000672043981e-07 1.381608497765249740e+04 -9.598192622871618562e-01 1.696535598412672208e+00 2.450922314565406879e-01 1.567086422135638146e-01
1.000000000000000000e+00 -1.017366297800254671e+02 3.583350975208121554e+02 -1.195879428337830352e+06 -1.360536415556245938e+14 -5.925449166192810847e-06 1.252601762215817470e-05 7.633084854772133140e-07 -3.619042858954118128e+04 -6.794761257632976337e-01 -4.435709765859940035e+00 -2.229069201631724007e-02 -2.900533149512326547e-01
1.000000000000000000e+00 -1.419522663837461494e+02 3.548444822844656983e+02 -1.200046515624370892e+06 -1.370034616820183281e+14 -8.296538749203370868e-06 1.244722133696983781e-05 8.833301476486551441e-07 -4.624603767356141179e+04 3.524867682899508470e-01 -5.657660057380155649e+00 -2.186195869316600315e-01 1.919199746628672265e-01
1.000000000000000000e+00 -1.786371739543974400e+02 3.424951463925807502e+02 -1.204213568903003586e+06 -1.379565779443869688e+14 -1.047687810033281045e-05 1.205574944107195093e-05 1.000134221845898249e-06 -5.143262295349443775e+03 9.945894014581333487e-01 -6.280517383307067103e-01 2.846296518527532404e-01 6.011457186860558188e-02
1.000000000000000000e+00 -2.108773303514502686e+02 3.216040622280704611e+02 -1.208380594433457358e+06 -1.389129917010518906e+14 -1.241052552121300227e-05 1.135956088177673040e-05 1.102185740398092519e-06 4.178599635247524566e+04 5.387948884831756935e-01 5.093114459805821781e+00 -1.220070970523017689e-01 -2.640872369760331462e-01
1.000000000000000000e+00 -2.378910400369447586e+02 2.927979076069503890e+02 -1.212547599667381030e+06 -1.398727046051735938e+14 -1.404861193336163863e-05 1.037774608680926403e-05 1.179736505541022471e-06 4.271409182088511443e+04 -5.110379801781960163e-01 5.196623661791957893e+00 -1.389613156667189320e-01 2.555729899909999769e-01
1.000000000000000000e+00 -2.591008324087327992e+02 2.568597766767694566e+02 -1.216714592039452167e+06 -1.408357183296161562e+14 -1.535373567473120000e-05 9.135263792646473719e-06 1.225861408343307290e-06 -3.516814563272755095e+03 -9.975018546888005933e-01 -4.270694019655442708e-01 2.880052808711727197e-01 -4.099705666364585055e-02
1.000000000000000000e+00 -2.740039485754142561e+02 2.146583464100398544e+02 -1.220881579347291263e+06 -1.418020346551314062e+14 -1.629246877488753879e-05 7.660508453356794660e-06 1.236246846035513566e-06 -4.603380880327543855e+04 -3.849092374514317405e-01 -5.579898143940504873e+00 -2.047093864592515466e-01 -2.066926886956625409e-01
1.000000000000000000e+00 -2.822660786625044693e+02 1.673039021388369179e+02 -1.225048569636763306e+06 -1.427716554450632812e+14 -1.684102545673607439e-05 5.990949426869860522e-06 1.210369243926988210e-06 -3.789581905551287491e+04 6.517931410032763440e-01 -4.585033392110192452e+00 -4.373269450828576321e-02 2.876025936875574174e-01
1.000000000000000000e+00 -2.837743811459088192e+02 1.159795614847908922e+02 -1.229215570243524620e+06 -1.437445824221682500e+14 -1.698860711604145151e-05 4.167213876538079833e-06 1.151356980099364705e-06 1.211529135080628839e+04 9.702724974866424601e-01 1.463148386611052620e+00 2.568308016469308397e-01 -1.366226181499979042e-01
1.000000000000000000e+00 -2.784988831370683329e+02 6.187585856539366347e+01 -1.233382588268131483e+06 -1.447208172772955312e+14 -1.672930141046851245e-05 2.230772729562850809e-06 1.064677352247451310e-06 4.893576382003051549e+04 2.188772441789380296e-01 5.899098426215983793e+00 -2.630353187561219608e-01 -1.242586880327914700e-01
1.000000000000000000e+00 -2.665809858057406245e+02 6.342937820122105386e+00 -1.237549630855866708e+06 -1.457003617343446562e+14 -1.606750077140777378e-05 2.294506828358991414e-07 9.586210521349337729e-07 3.179582102190167279e+04 -7.742878460998841028e-01 3.825916825070912797e+00 5.790341409675505563e-02 2.850876972103583706e-01
1.000000000000000000e+00 -2.483708561228241081e+02 -4.928658306651919219e+01 -1.241716704234047793e+06 -1.466832173229987500e+14 -1.502033755183618198e-05 -1.788905953896573184e-06 8.436738030387356784e-07 -2.060514865482952155e+04 -9.123740156965967074e-01 -2.474850017601492702e+00 1.934113500166399213e-01 -2.173012888813733168e-01
1.000000000000000000e+00 -2.242828305693577136e+02 -1.037522152964819071e+02 -1.245883813652135199e+06 -1.476693853608885000e+14 -1.360912198579957908e-05 -3.778428405433447641e-06 7.306022668915121348e-07 -5.038415008615706756e+04 -4.125283386240173600e-02 -6.040545469029381387e+00 -2.899184432202654427e-01 -2.398117481490372530e-02
1.000000000000000000e+00 -1.948816807023395370e+02 -1.557152515362092799e+02 -1.250050963982590241e+06 -1.486588670926265000e+14 -1.186465926928856172e-05 -5.689775704273413016e-06 6.299594547995137526e-07 -2.436808060118556750e+04 8.759750566503001767e-01 -2.916178215674602558e+00 1.555385181535593186e-01 2.458364697016294231e-01
1.000000000000000000e+00 -1.609075725451986045e+02 -2.039398574559434394e+02 -1.254218158688292140e+06 -1.496516634419002500e+14 -9.828926833579148045e-06 -7.476726100269337151e-06 5.512655431086333166e-07 2.884324636672032648e+04 8.217102783351075690e-01 3.445472760201014228e+00 1.019388929797544890e-01 -2.724633233351370087e-01
1.000000000000000000e+00 -1.231270777587793646e+02 -2.473345729531224890e+02 -1.258385400432531256e+06 -1.506477751519352812e+14 -7.546121233068313944e-06 -9.097766239136867382e-06 5.016858481595445991e-07 5.015992305013599253e+04 -1.458819260249919481e-01 5.981015165637582065e+00 -2.785266145749731304e-01 8.396859792904501352e-02
1.000000000000000000e+00 -8.241876487806142393e+01 -2.848045310939219803e+02 -1.262552691343479324e+06 -1.516472028458572188e+14 -5.067947984239212058e-06 -1.051072520461007586e-05 4.856642471455435237e-07 1.561397930346803514e+04 -9.515811820394789455e-01 1.858430888982010254e+00 2.359307813001650933e-01 1.701895029073736132e-01
1.000000000000000000e+00 -3.978738064532788599e+01 -3.154336094871426326e+02 -1.266720031767455628e+06 -1.526499467240875938e+14 -2.454610129839481198e-06 -1.167951690384890463e-05 5.046690058944159926e-07 -3.652492933884333615e+04 -6.962682392756895933e-01 -4.339486903637223669e+00 -8.849752513081222266e-03 -2.907739368396392021e-01
1.000000000000000000e+00 3.789233966244014429e+00 -3.385112909905840297e+02 -1.270887420866735512e+06 -1.536560067018352500e+14 2.345389829580931222e-07 -1.257524675585774515e-05 5.568101081177770088e-07 -4.799104869283997687e+04 3.372521901434058500e-01 -5.691501078066618646e+00 -2.247332529786735811e-01 1.847234838086072028e-01
1.000000000000000000e+00 4.727492152746729204e+01 -3.533872878643642821e+02 -1.275054857181163039e+06 -1.546653825406504375e+14 2.935730747478335547e-06 -1.317091868150309763e-05 6.367888546121743205e-07 -5.684346868883078969e+03 9.937861369778101528e-01 -6.729241841384188128e-01 2.837003784710563359e-01 6.435756148382774933e-02
1.000000000000000000e+00 8.957121179012978018e+01 -3.596515146604585880e+02 -1.279222337821530877e+06 -1.556780736496298125e+14 5.580473100436850906e-06 -1.344820137371918354e-05 7.366062008007264065e-07 4.318111565234630689e+04 5.363084890789250325e-01 5.102697235864159353e+00 -1.235623736660250854e-01 -2.633631338642196118e-01
1.000000000000000000e+00 1.296737696970678826e+02 -3.571433505228390572e+02 -1.283389858827026095e+06 -1.566940791670341250e+14 8.105266040055155165e-06 -1.339792206958044583e-05 8.464716468558660424e-07 4.366369302442076878e+04 -5.236612742809602095e-01 5.150485548645544753e+00 -1.313620196981936938e-01 2.595608218618068452e-01
