1.000000000000000000e+00 1.939141430241904800e+02 6.254914853625039228e+01 -4.460125253698535962e+05 -1.926765662842299219e+13 2.595064477549546227e-06 8.302409312036740921e-07 2.046595055126041551e-07
1.000000000000000000e+00 2.567778514586887582e+02 2.727084468621063706e+01 -4.501058162249934976e+05 -1.962293826394821484e+13 3.467877899466106405e-06 3.652993487845468364e-07 3.292244728438931570e-07
1.000000000000000000e+00 3.133016259236629253e+02 -8.672028580326490044e+00 -4.541991617625725339e+05 -1.998147042282942969e+13 4.269731736627221011e-06 -1.172202685527266310e-07 4.851310636945421832e-07
1.000000000000000000e+00 3.620944093939882578e+02 -4.443036754960723300e+01 -4.582925570259970846e+05 -2.034325279510844141e+13 4.979161765069433635e-06 -6.059801428608575469e-07 6.570325919272417560e-07
1.000000000000000000e+00 4.018103039517334309e+02 -7.909165700773098706e+01 -4.623859961792777176e+05 -2.070828497633842969e+13 5.574646775659192287e-06 -1.088356135814756381e-06 8.275688600760188103e-07
1.000000000000000000e+00 4.313631219152071026e+02 -1.117378114856947349e+02 -4.664794714943889412e+05 -2.107656637259024219e+13 6.037639280489403554e-06 -1.551202087307328032e-06 9.794396159947577372e-07
1.000000000000000000e+00 4.499946940682661989e+02 -1.415641730406092904e+02 -4.705729748435834772e+05 -2.144809632898561328e+13 6.353689499502280335e-06 -1.982512897455744975e-06 1.097332741690989927e-06
1.000000000000000000e+00 4.570964879393151818e+02 -1.677732262070813078e+02 -4.746664971397717600e+05 -2.182287407665457031e+13 6.510106245697547127e-06 -2.369992210023304925e-06 1.168569260146482493e-06
1.000000000000000000e+00 4.524135755127311427e+02 -1.896382014316114351e+02 -4.787600280966881546e+05 -2.220089870668833984e+13 6.498978863318270972e-06 -2.701962981672010102e-06 1.185418492245704848e-06
1.000000000000000000e+00 4.360793204724931229e+02 -2.066143916942346834e+02 -4.828535574280649889e+05 -2.258216927755081250e+13 6.317896982199955215e-06 -2.969010185669953792e-06 1.146347229948765679e-06
1.000000000000000000e+00 4.084171993994360719e+02 -2.182276631375250702e+02 -4.869470752207161859e+05 -2.296668485027114453e+13 5.967293472590021613e-06 -3.162476062274554283e-06 1.054991851083947361e-06
1.000000000000000000e+00 3.701203862785870342e+02 -2.241350725007123685e+02 -4.910405712949673180e+05 -2.335444442908580469e+13 5.453207151217150389e-06 -3.275388949385669402e-06 9.205486896712326653e-07
1.000000000000000000e+00 3.222433698813185288e+02 -2.242193854789705938e+02 -4.951340362173013273e+05 -2.374544705751044141e+13 4.787385327137014281e-06 -3.303935972563426706e-06 7.570656485636668938e-07
1.000000000000000000e+00 2.659774502033058070e+02 -2.184632800075287378e+02 -4.992274616201343015e+05 -2.413969185222369531e+13 3.984142816832262378e-06 -3.245731572660954498e-06 5.811948285371279660e-07
1.000000000000000000e+00 2.028040634226977659e+02 -2.070005340524153894e+02 -5.033208394290149445e+05 -2.453717793194513672e+13 3.062761484700012771e-06 -3.100645111333192124e-06 4.112263794194109091e-07
1.000000000000000000e+00 1.344494106334951766e+02 -1.901890085259541081e+02 -5.074141637546536513e+05 -2.493790460457334766e+13 2.046977650982152571e-06 -2.871995025454150950e-06 2.649732652866006468e-07
1.000000000000000000e+00 6.264218859463939992e+01 -1.684669072366421290e+02 -5.115074303333165008e+05 -2.534187132040049609e+13 9.614140885051978563e-07 -2.564497222178262798e-06 1.572629397782980373e-07
1.000000000000000000e+00 -1.074548438016572227e+01 -1.423951864948635659e+02 -5.156006355674729566e+05 -2.574907758273755859e+13 -1.662382864730980646e-07 -2.184964754996856650e-06 9.907768177614856137e-08
1.000000000000000000e+00 -8.376095730225304692e+01 -1.127123578671260162e+02 -5.196937781513551599e+05 -2.615952311420569141e+13 -1.306113030122605180e-06 -1.743230177907481010e-06 9.637095428626259483e-08
1.000000000000000000e+00 -1.546117329832622431e+02 -8.017778275593923354e+01 -5.237868584047414479e+05 -2.657320779822412109e+13 -2.429901440234495516e-06 -1.249810943709919355e-06 1.493060782247549437e-07
1.000000000000000000e+00 -2.215165970675445806e+02 -4.561241574543392119e+01 -5.278798779265346238e+05 -2.699013165003002734e+13 -3.508592988948321292e-06 -7.165621509948264018e-07 2.524339589371961127e-07
1.000000000000000000e+00 -2.827666057161757749e+02 -9.943804657673034342e+00 -5.319728403675591107e+05 -2.741029490138730078e+13 -4.513455773776170638e-06 -1.574264591821839428e-07 3.952682853864087454e-07
1.000000000000000000e+00 -3.369467311581344688e+02 2.595384791414142001e+01 -5.360657507643561112e+05 -2.783369793953917969e+13 -5.419646008987875666e-06 4.140525842598955775e-07 5.638399287298926337e-07
1.000000000000000000e+00 -3.827651950229451927e+02 6.121251787286769996e+01 -5.401586144465942634e+05 -2.826034119837574609e+13 -6.203622456423908995e-06 9.840048377132251344e-07 7.416769034730854738e-07
1.000000000000000000e+00 -4.191041198800714938e+02 9.492803454619794934e+01 -5.442514385826835642e+05 -2.869022532254957812e+13 -6.844049282913274180e-06 1.537551806362020598e-06 9.112046486677384982e-07
1.000000000000000000e+00 -4.452145831917606529e+02 1.263149705538279619e+02 -5.483442313803172437e+05 -2.912335108984364062e+13 -7.325112058781978996e-06 2.061312264856375807e-06 1.056329171099820497e-06
1.000000000000000000e+00 -4.605214242664828248e+02 1.546484433207757547e+02 -5.524370009938910371e+05 -2.955971929836740234e+13 -7.633508799313876633e-06 2.542517757895066646e-06 1.163355013856391309e-06
1.000000000000000000e+00 -4.646657536491090355e+02 1.792216970961477784e+02 -5.565297566703864140e+05 -2.999933088988117188e+13 -7.759266499883330111e-06 2.968346933124789889e-06 1.222131180756630541e-06
1.000000000000000000e+00 -4.576743552571299460e+02 1.994921186949634091e+02 -5.606225075235399418e+05 -3.044218682099996875e+13 -7.698723468286450112e-06 3.328372732763374417e-06 1.227679162088995763e-06
1.000000000000000000e+00 -4.397442263518262848e+02 2.150111159575905901e+02 -5.647152622407182353e+05 -3.088828803059907812e+13 -7.451115300746950635e-06 3.613483880927331433e-06 1.179536175615014458e-06
1.000000000000000000e+00 -4.112828427568078951e+02 2.253820227806737364e+02 -5.688080302554389928e+05 -3.133763556732039453e+13 -7.019366588004747202e-06 3.815229561348073255e-06 1.082060300817794606e-06
1.000000000000000000e+00 -3.730557771516172920e+02 2.303969868544381541e+02 -5.729008204948995262e+05 -3.179023045353135547e+13 -6.412757637110695555e-06 3.928184905079101567e-06 9.450198950625484241e-07
1.000000000000000000e+00 -3.259564577521047113e+02 2.299556726991999653e+02 -5.769936407670698827e+05 -3.224607361481181250e+13 -5.643158242600449332e-06 3.948669973887383283e-06 7.814614592416088520e-07
1.000000000000000000e+00 -2.710479693512205586e+02 2.240243969630492700e+02 -5.810864985601385124e+05 -3.270516596550767188e+13 -4.725835008862111478e-06 3.874108547220257025e-06 6.065784097236264623e-07
1.000000000000000000e+00 -2.096918351004919998e+02 2.127649096916962606e+02 -5.851794006427886197e+05 -3.316750836215160938e+13 -3.681816694675705547e-06 3.705311431605265584e-06 4.370632620051443471e-07
1.000000000000000000e+00 -1.433066370777040675e+02 1.964424850521298538e+02 -5.892723523446891923e+05 -3.363310151847848828e+13 -2.533809629849396467e-06 3.444983671602661616e-06 2.888708883069095345e-07
1.000000000000000000e+00 -7.341144373383740174e+01 1.753859122651929852e+02 -5.933653587823258713e+05 -3.410194614062321484e+13 -1.307005953404865906e-06 3.097081096439853617e-06 1.760178766553900043e-07
1.000000000000000000e+00 -1.737147857437884912e+00 1.501087158051176402e+02 -5.974584232867448591e+05 -3.457404274430784766e+13 -3.114125321723684457e-08 2.669004346881993041e-06 1.094616400546452805e-07
1.000000000000000000e+00 7.002412042240949575e+01 1.212063653754496784e+02 -6.015515473236036487e+05 -3.504939163844725000e+13 1.263898280533021306e-06 2.169871219847734359e-06 9.556255367780943597e-08
1.000000000000000000e+00 1.401752708034751151e+02 8.931544826474915055e+01 -6.056447318522443529e+05 -3.552799307720444531e+13 2.547305070817715146e-06 1.609830714886401403e-06 1.357464863075465916e-07
1.000000000000000000e+00 2.069188724427590103e+02 5.522684322695916137e+01 -6.097379762864017393e+05 -3.600984713522657812e+13 3.785602071676501298e-06 1.002141732017895988e-06 2.262302419091035569e-07
1.000000000000000000e+00 2.686144682601607769e+02 1.977147270749458130e+01 -6.138312782010764349e+05 -3.649495366666186719e+13 4.947320295904195473e-06 3.611800195472048022e-07 3.582412353863469642e-07
1.000000000000000000e+00 3.237330485245587397e+02 -1.622264651512210065e+01 -6.179246341319825733e+05 -3.698331239356469531e+13 6.002251080884212297e-06 -2.983272312156566127e-07 5.188431280290451539e-07
1.000000000000000000e+00 3.707726682612507716e+02 -5.182575654351464323e+01 -6.220180388826898998e+05 -3.747492281828907812e+13 6.919939611179744020e-06 -9.593659787907621288e-07 6.918568805386114832e-07
1.000000000000000000e+00 4.085157480667948562e+02 -8.613111112703472827e+01 -6.261114855779220816e+05 -3.796978422308510938e+13 7.674535266920588214e-06 -1.604897881075174936e-06 8.600443406825410920e-07
1.000000000000000000e+00 4.359729214277330129e+02 -1.182981769030373727e+02 -6.302049672358104726e+05 -3.846789585538377344e+13 8.243904462713943162e-06 -2.218684538212346987e-06 1.006557970367898626e-06
1.000000000000000000e+00 4.522988567126770931e+02 -1.474546691108284051e+02 -6.342984753555289935e+05 -3.896925675383143750e+13 8.608168707055447732e-06 -2.783478554198278591e-06 1.115903043125936548e-06
1.000000000000000000e+00 4.570372053276124120e+02 -1.728271744813257556e+02 -6.383920000505360076e+05 -3.947386575874454688e+13 8.754485020721708571e-06 -3.283485849571897806e-06 1.176638026798933512e-06
1.000000000000000000e+00 4.500380912835076970e+02 -1.937776950771175564e+02 -6.424855315142378677e+05 -3.998172168903069531e+13 8.675694257484581226e-06 -3.705124629459734527e-06 1.182494378225736658e-06
1.000000000000000000e+00 4.313599625649187601e+02 -2.097064635693201637e+02 -6.465790594603677746e+05 -4.049282327241156250e+13 8.368605209780775869e-06 -4.035237815120381576e-06 1.132383236165983007e-06
1.000000000000000000e+00 4.014884905016219818e+02 -2.201799267477020976e+02 -6.506725735227173427e+05 -4.100716919390528125e+13 7.838396234522254140e-06 -4.263594636734621252e-06 1.031481724614474522e-06
1.000000000000000000e+00 3.612134888503536558e+02 -2.249505816157393951e+02 -6.547660642144671874e+05 -4.152475821718975781e+13 7.096459599501470855e-06 -4.383378426540203436e-06 8.901865324633220711e-07
1.000000000000000000e+00 3.115082852465428118e+02 -2.238524894193621151e+02 -6.588595221287513850e+05 -4.204558908605649219e+13 6.158203575590673044e-06 -4.389251220041047353e-06 7.226512276301952456e-07
1.000000000000000000e+00 2.537173519823496122e+02 -2.169182584718847693e+02 -6.629529383650189266e+05 -4.256966057948339062e+13 5.046897475028546030e-06 -4.279711483196771807e-06 5.464371596150394961e-07
1.000000000000000000e+00 1.893921736035636627e+02 -2.043752131156381324e+02 -6.670463059413954616e+05 -4.309697169614439844e+13 3.790614540786797455e-06 -4.057139021327858999e-06 3.800063589855228307e-07
1.000000000000000000e+00 1.201542538169569383e+02 -1.865290069554696117e+02 -6.711396192350832280e+05 -4.362752158926353906e+13 2.419600359477715378e-06 -3.725588964043087029e-06 2.403165681839269726e-07
1.000000000000000000e+00 4.786096300378618196e+01 -1.638671942939270139e+02 -6.752328735826179618e+05 -4.416130951971621094e+13 9.696759467457174270e-07 -3.292920749296345957e-06 1.417740013632715330e-07
1.000000000000000000e+00 -2.558302624065451170e+01 -1.370334168598135989e+02 -6.793260665057002334e+05 -4.469833502114775000e+13 -5.214609698276189322e-07 -2.770387054676650180e-06 9.446156218160925223e-08
1.000000000000000000e+00 -9.836043048508322784e+01 -1.067019687556949350e+02 -6.834191966186177451e+05 -4.523859776399182031e+13 -2.016968923340382677e-06 -2.170177664309075405e-06 1.031033890853082633e-07
1.000000000000000000e+00 -1.685789304959655226e+02 -7.367307208539240548e+01 -6.875122643210953102e+05 -4.578209765207736719e+13 -3.477565802908415939e-06 -1.507387511184611331e-06 1.667339476558464232e-07
1.000000000000000000e+00 -2.344614816304977296e+02 -3.883405626443364156e+01 -6.916052722513218177e+05 -4.632883489040104688e+13 -4.865432063905412984e-06 -7.992943332648184988e-07 2.787754385346159956e-07
1.000000000000000000e+00 -2.944600109656826135e+02 -3.032945849138164895e+00 -6.956982240867690416e+05 -4.687880983239051562e+13 -6.146654906905388920e-06 -6.279444614619618227e-08 4.281461877174837226e-07
1.000000000000000000e+00 -3.470815490850139327e+02 3.282631475514870090e+01 -6.997911244109527906e+05 -4.743202296596207031e+13 -7.287718173595960817e-06 6.836380748140252916e-07 6.000601378684931707e-07
1.000000000000000000e+00 -3.910658038835956063e+02 6.782633320646665709e+01 -7.038839796461299993e+05 -4.798847504428859375e+13 -8.259286564795367987e-06 1.420807048801682976e-06 7.775791844240285678e-07
1.000000000000000000e+00 -4.254690429564216174e+02 1.011558632713312136e+02 -7.079767969873548718e+05 -4.854816694689795312e+13 -9.038130408164083939e-06 2.131305807654121857e-06 9.436746768579762959e-07
1.000000000000000000e+00 -4.494739168059840608e+02 1.320086169689926408e+02 -7.120695842692446895e+05 -4.911109966435796094e+13 -9.603256798769549985e-06 2.797437547100807545e-06 1.082242354688080754e-06
1.000000000000000000e+00 -4.625523167017831838e+02 1.596247739397376790e+02 -7.161623505522413179e+05 -4.967727438214427344e+13 -9.939486744255552025e-06 3.402103050047874570e-06 1.180186836428261598e-06
1.000000000000000000e+00 -4.645203498800199213e+02 1.833995181739143163e+02 -7.202551046569522005e+05 -5.024669228100369531e+13 -1.003882080059998434e-05 3.931155458446083700e-06 1.228860919861786361e-06
1.000000000000000000e+00 -4.553342485317170940e+02 2.027737424731735700e+02 -7.243478552174420329e+05 -5.081935454348101562e+13 -9.896214693003099343e-06 4.371138611049896112e-06 1.223585218552457524e-06
1.000000000000000000e+00 -4.352438703157636155e+02 2.172746476647413942e+02 -7.284406119603627594e+05 -5.139526253367778125e+13 -9.513020366177899568e-06 4.710195010038437219e-06 1.164833742095281522e-06
1.000000000000000000e+00 -4.048234164149193930e+02 2.266121995002969527e+02 -7.325333838662094204e+05 -5.197441754065989844e+13 -8.897841387883566387e-06 4.940221152647827962e-06 1.058685056376688811e-06
1.000000000000000000e+00 -3.647575089919746461e+02 2.305619366878333381e+02 -7.366261793025662191e+05 -5.255682079451353906e+13 -8.062003883057082250e-06 5.054409723311476946e-06 9.151411721889521830e-07
1.000000000000000000e+00 -3.159911733425632292e+02 2.290064046921779948e+02 -7.407190065037779277e+05 -5.314247353274342969e+13 -7.022957699211662847e-06 5.048202880336240394e-06 7.477837266981952887e-07
1.000000000000000000e+00 -2.597397581689142498e+02 2.220198159839854952e+02 -7.448118726648970041e+05 -5.373137686901802344e+13 -5.804657976112994733e-06 4.921233961277447598e-06 5.726199821114052565e-07
1.000000000000000000e+00 -1.972678770281820846e+02 2.097435809509767637e+02 -7.489047839416976785e+05 -5.432353178905219531e+13 -4.432763774969908022e-06 4.674670090057000267e-06 4.058884183270783535e-07
1.000000000000000000e+00 -1.300386331557155586e+02 1.924293717739391241e+02 -7.529977463833533693e+05 -5.491893928253497656e+13 -2.938039868878146016e-06 4.312218134097553537e-06 2.633659639022523771e-07
1.000000000000000000e+00 -5.970369973233277960e+01 1.705119739014949687e+02 -7.570907642536036437e+05 -5.551760009648932812e+13 -1.356253291334928803e-06 3.841833271578748276e-06 1.588163178891943258e-07
1.000000000000000000e+00 1.212338029152214602e+01 1.444776909060091441e+02 -7.611838401906344807e+05 -5.611951475176928125e+13 2.768884885848611699e-07 3.272849498711629238e-06 1.021145407866547683e-07
1.000000000000000000e+00 8.371877752198518863e+01 1.149078716930630293e+02 -7.652769763529626653e+05 -5.672468370648891406e+13 1.922352992704354224e-06 2.617002343441179887e-06 9.872842276164938371e-08
1.000000000000000000e+00 1.532779824803189399e+02 8.253922080489370217e+01 -7.693701729271275690e+05 -5.733310713170860156e+13 3.538398427219834893e-06 1.889867660098422585e-06 1.490820131346840408e-07
1.000000000000000000e+00 2.191454811850725264e+02 4.812504365015316665e+01 -7.734634288471952314e+05 -5.794478501142196094e+13 5.085854324195121443e-06 1.107762357980659953e-06 2.484123262738680982e-07
1.000000000000000000e+00 2.796668979429010733e+02 1.247702394635680534e+01 -7.775567419546482852e+05 -5.855971716167351562e+13 6.524763416395179878e-06 2.887212724641970994e-07 3.870299580431076229e-07
1.000000000000000000e+00 3.332353071902870738e+02 -2.348751131381906632e+01 -7.816501080656929407e+05 -5.917790308500035156e+13 7.815468456080605238e-06 -5.463677764509936606e-07 5.510403528197597000e-07
1.000000000000000000e+00 3.785168987304152779e+02 -5.889042095216037609e+01 -7.857435214242876973e+05 -5.979934203135800781e+13 8.923961634112611313e-06 -1.377086277800311456e-06 7.242797694327687008e-07
1.000000000000000000e+00 4.142987754844820643e+02 -9.285335171362331153e+01 -7.898369758746589068e+05 -6.042403317128567969e+13 9.818445263200562432e-06 -2.182582804798064233e-06 8.894055240673379917e-07
1.000000000000000000e+00 4.395425529683278114e+02 -1.244616331355873768e+02 -7.939304635555425193e+05 -6.105197539349944531e+13 1.047068284697099559e-05 -2.940719794338293609e-06 1.029307431644834108e-06
1.000000000000000000e+00 4.535932674119356989e+02 -1.529111887288727303e+02 -7.980239754597952124e+05 -6.168316738463982812e+13 1.086110848276177668e-05 -3.631540458557505538e-06 1.129663474980256639e-06
1.000000000000000000e+00 4.560110314927828767e+02 -1.774674966915095808e+02 -8.021175024203801295e+05 -6.231760777793328125e+13 1.097501074862324809e-05 -4.236356493876150812e-06 1.179862612310359678e-06
1.000000000000000000e+00 4.466166907399458523e+02 -1.974345890845769134e+02 -8.062110339644942433e+05 -6.295529497360035938e+13 1.080376924005090924e-05 -4.737046643333008914e-06 1.174261278920791582e-06
1.000000000000000000e+00 4.256692025582853489e+02 -2.122965054364298396e+02 -8.103045597259273054e+05 -6.359622735537440625e+13 1.034932737653167279e-05 -5.119491323689913246e-06 1.113633062294865394e-06
1.000000000000000000e+00 3.936671526210405432e+02 -2.216656929672363958e+02 -8.143980700846201507e+05 -6.424040339182212500e+13 9.619611376184062753e-06 -5.372431685919726232e-06 1.004003518532360730e-06
1.000000000000000000e+00 3.513733586245886045e+02 -2.252481884434982931e+02 -8.184915601372790989e+05 -6.488782226886142188e+13 8.629281725388291126e-06 -5.486699758877048928e-06 8.562153630157084254e-07
1.000000000000000000e+00 2.999538391256017462e+02 -2.229714419793435809e+02 -8.225850101108204108e+05 -6.553848078739200781e+13 7.403325229763657646e-06 -5.458404505711656592e-06 6.858195879055416093e-07
1.000000000000000000e+00 2.407436203326687405e+02 -2.149132292882455886e+02 -8.266784172871116316e+05 -6.619237841678655469e+13 5.971493982372730817e-06 -5.287318012547110315e-06 5.105366748854577196e-07
1.000000000000000000e+00 1.752508923315779441e+02 -2.012566165986260387e+02 -8.307717744977470720e+05 -6.684951390159911719e+13 4.368512506213553971e-06 -4.975853478418962918e-06 3.484098440559546765e-07
1.000000000000000000e+00 1.052653165008516396e+02 -1.824008529410670860e+02 -8.348650760932734702e+05 -6.750988620930319531e+13 2.636897249164181012e-06 -4.531884596321593207e-06 2.163564838176264651e-07
1.000000000000000000e+00 3.259933430877826765e+01 -1.588685816197570091e+02 -8.389583185561078135e+05 -6.817349463592556250e+13 8.206174140121188065e-07 -3.966560528718390904e-06 1.278725123819487284e-07
1.000000000000000000e+00 -4.091250519115769890e+01 -1.312519698862259077e+02 -8.430514989549299935e+05 -6.884033856208221875e+13 -1.034908111182459285e-06 -3.293029477085759706e-06 9.196302844475956694e-08
1.000000000000000000e+00 -1.133163052453558066e+02 -1.003105708999571135e+02 -8.471446163304019719e+05 -6.951041768270664844e+13 -2.880325526303731438e-06 -2.528948238561615360e-06 1.123158668027479621e-07
1.000000000000000000e+00 -1.828019621741437106e+02 -6.686334550336388816e+01 -8.512376720149375033e+05 -7.018373206759749219e+13 -4.668993839135733527e-06 -1.693848723468515963e-06 1.867520993915794061e-07
1.000000000000000000e+00 -2.476873640909102505e+02 -3.173395271627952852e+01 -8.553306684068934992e+05 -7.086028196739860938e+13 -6.356667686912076971e-06 -8.077814907235340641e-07 3.078046733853464169e-07
1.000000000000000000e+00 -3.063153707091050819e+02 4.156799150436210510e+00 -8.594236093169805827e+05 -7.154006787549643750e+13 -7.898919402652954572e-06 1.063168262949679370e-07 4.633565194850204492e-07
1.000000000000000000e+00 -3.573044718611302528e+02 3.990406464438465406e+01 -8.635165002614109544e+05 -7.222309058265550000e+13 -9.257648872889944836e-06 1.025471179230334224e-06 6.381559902999354292e-07
1.000000000000000000e+00 -3.995032176953109229e+02 7.466571222550450670e+01 -8.676093472627128940e+05 -7.290935098223240625e+13 -1.040006650082376049e-05 1.927884970001210521e-06 8.152745370353668161e-07
1.000000000000000000e+00 -4.318756584595001868e+02 1.075693803114648972e+02 -8.717021577024823055e+05 -7.359885021618029688e+13 -1.129583813038120840e-05 2.790567107372425796e-06 9.772690810789152177e-07
1.000000000000000000e+00 -4.537332457489705462e+02 1.378234376701244912e+02 -8.757949402414328652e+05 -7.429158966687185938e+13 -1.192324989101780830e-05 3.592205662100049934e-06 1.108815028255669234e-06
1.000000000000000000e+00 -4.646577940953497432e+02 1.647509183882725381e+02 -8.798877033270935062e+05 -7.498757070780962500e+13 -1.226738759141398063e-05 4.314105641874727900e-06 1.197910142579619296e-06
1.000000000000000000e+00 -4.643786832866517216e+02 1.876939598171750561e+02 -8.839804557267762721e+05 -7.568679479404614062e+13 -1.231704565965932082e-05 4.937744831468138021e-06 1.236003064869814323e-06
1.000000000000000000e+00 -4.529878902747839220e+02 2.061201142046388384e+02 -8.880732069272937952e+05 -7.638926353221650000e+13 -1.207054757907592020e-05 5.447595158082919187e-06 1.219731059678335173e-06
1.000000000000000000e+00 -4.308362410841583596e+02 2.196425618437556295e+02 -8.921659658558481606e+05 -7.709497846232590625e+13 -1.153319121399984209e-05 5.831735732732750438e-06 1.150974980593442666e-06
1.000000000000000000e+00 -3.984076790903290544e+02 2.279220334815152285e+02 -8.962587415728765773e+05 -7.780394117582290625e+13 -1.071402653450818689e-05 6.079325522122728733e-06 1.036090799682101546e-06
1.000000000000000000e+00 -3.565217784403793644e+02 2.307691032679347245e+02 -9.003515428723408841e+05 -7.851615324641332812e+13 -9.631408205253693810e-06 6.183373191768827886e-06 8.862802433238570128e-07
1.000000000000000000e+00 -3.062087589246734751e+02 2.281517267201880088e+02 -9.044443772157788044e+05 -7.923161604224460938e+13 -8.309809826812801281e-06 6.141031234562300025e-06 7.158643243669189707e-07
1.000000000000000000e+00 -2.485835659724189100e+02 2.200948261203563163e+02 -9.085372515850594500e+05 -7.995033087070759375e+13 -6.776520633557360419e-06 5.950976776711604131e-06 5.404934298091102654e-07
1.000000000000000000e+00 -1.850388639600475358e+02 2.067796884763164087e+02 -9.126301727755157044e+05 -8.067229902835832812e+13 -5.066982319858106912e-06 5.616145915716897464e-06 3.767887094546435082e-07
1.000000000000000000e+00 -1.171020374578853165e+02 1.885397085891787299e+02 -9.167231459036305314e+05 -8.139752153516890625e+13 -3.221026224106815512e-06 5.143712796690155482e-06 2.403686868961569133e-07
1.000000000000000000e+00 -4.630886770148505605e+01 1.657568492510359306e+02 -9.208161749666577671e+05 -8.212599922769554688e+13 -1.279465895370256994e-06 4.542344884036642947e-06 1.440389124353524177e-07
1.000000000000000000e+00 2.561187857232381404e+01 1.389581717028040089e+02 -9.249092629758616677e+05 -8.285773277851439062e+13 7.107750515589287292e-07 3.824889591915304271e-06 9.702663189006659913e-08
1.000000000000000000e+00 9.689807171274907205e+01 1.087995387911586533e+02 -9.290024110504735727e+05 -8.359272252925940625e+13 2.700993805568745282e-06 3.008012098024330903e-06 1.038414820609736250e-07
1.000000000000000000e+00 1.658812714764641214e+02 7.595769650266221618e+01 -9.330956193503829418e+05 -8.433096865171025000e+13 4.644244960809168855e-06 2.109277011916579020e-06 1.638918340902030824e-07
1.000000000000000000e+00 2.308092577900222295e+02 4.122285849316039474e+01 -9.371888871294364799e+05 -8.507247115366550000e+13 6.490407534543625908e-06 1.149743377962813555e-06 2.713527500379167691e-07
1.000000000000000000e+00 2.900199573455411723e+02 5.469495750577805460e+00 -9.412822110832380131e+05 -8.581722957408618750e+13 8.191045681370839513e-06 1.532155426208808876e-07 4.155338508623581611e-07
1.000000000000000000e+00 3.420653745419901952e+02 -3.045597401512741342e+01 -9.453755868681052234e+05 -8.656524325112589062e+13 9.702979426741362845e-06 -8.568653071235351418e-07 5.822746428326426411e-07
1.000000000000000000e+00 3.855363225762494608e+02 -6.564713924446513715e+01 -9.494690090477723861e+05 -8.731651130820681250e+13 1.098342292606268562e-05 -1.854950318016095544e-06 7.548402238737157190e-07
1.000000000000000000e+00 4.192438395217757261e+02 -9.917918542298826878e+01 -9.535624706137235044e+05 -8.807103256108354688e+13 1.199519886287357414e-05 -2.814526683228033792e-06 9.157000406863796096e-07
1.000000000000000000e+00 4.423287478064485185e+02 -1.302221963662366591e+02 -9.576559636780433357e+05 -8.882880564014154688e+13 1.271002181331878731e-05 -3.711335507553131671e-06 1.048604971417253233e-06
1.000000000000000000e+00 4.540778200470192587e+02 -1.579551916655180150e+02 -9.617494795800165739e+05 -8.958982900677010938e+13 1.310339585286472023e-05 -4.520969196242677545e-06 1.139432741640204359e-06
1.000000000000000000e+00 4.540999850921283496e+02 -1.816155972304542559e+02 -9.658430080333778169e+05 -9.035410079074917188e+13 1.315981064449110277e-05 -5.220298855633646285e-06 1.178460021070427139e-06
1.000000000000000000e+00 4.424049067839011400e+02 -2.006058034641123697e+02 -9.699365389650476864e+05 -9.112161912928751562e+13 1.287522620095355512e-05 -5.790585735619723728e-06 1.161894469437543546e-06
1.000000000000000000e+00 4.191969684441490358e+02 -2.144024398210737274e+02 -9.740300625950794201e+05 -9.189238218295262500e+13 1.225129808906262969e-05 -6.214951838441323428e-06 1.091037986495184098e-06
1.000000000000000000e+00 3.850327405516641761e+02 -2.226051501008595892e+02 -9.781235684773160610e+05 -9.266638795505868750e+13 1.130011846867983806e-05 -6.479844955293491736e-06 9.728602096331124551e-07
1.000000000000000000e+00 3.408561195747576562e+02 -2.250269013609133424e+02 -9.822170469384077005e+05 -9.344363456282851562e+13 1.004546801683735117e-05 -6.577753439879587940e-06 8.197626933748739701e-07
1.000000000000000000e+00 2.877631961540915313e+02 -2.215901530201297192e+02 -9.863104890511514386e+05 -9.422412023536415625e+13 8.516095297294802899e-06 -6.504288439288322200e-06 6.474253839255914433e-07
1.000000000000000000e+00 2.271368126781469527e+02 -2.123666385672000274e+02 -9.904038865545572480e+05 -9.500784330126998438e+13 6.749808873625884976e-06 -6.259423153280381642e-06 4.738111690285035431e-07
1.000000000000000000e+00 1.606410796716245954e+02 -1.976461512878573217e+02 -9.944972329197787913e+05 -9.579480239664598438e+13 4.793489781599234330e-06 -5.849619589178478826e-06 3.171982786721207579e-07
1.000000000000000000e+00 8.996505922847795489e+01 -1.778158754286981491e+02 -9.985905232435163343e+05 -9.658499645133554688e+13 2.695584328918708853e-06 -5.284375320407230583e-06 1.935894458251636420e-07
1.000000000000000000e+00 1.694518820070775789e+01 -1.533891885317422918e+02 -1.002683753288686043e+06 -9.737842450903459375e+13 5.098025308559043913e-07 -4.577142263701778099e-06 1.157284794728043609e-07
1.000000000000000000e+00 -5.646234352938354562e+01 -1.250560182527720627e+02 -1.006776920870115864e+06 -9.817508600018359375e+13 -1.705625827865802784e-06 -3.746912326515313351e-06 9.173040469907067562e-08
1.000000000000000000e+00 -1.284396630230428684e+02 -9.354948888140923202e+01 -1.010870025934513775e+06 -9.897498076576225000e+13 -3.895705236030166832e-06 -2.814313158822263984e-06 1.240040137706996854e-07
1.000000000000000000e+00 -1.971780572872971504e+02 -5.966949155301745122e+01 -1.014963069387922063e+06 -9.977810883520250000e+13 -6.004826118247285092e-06 -1.802346388218332711e-06 2.092848980735847547e-07
1.000000000000000000e+00 -2.609062772312677225e+02 -2.432340541159244651e+01 -1.019056054268255364e+06 -1.005844706616586562e+14 -7.977635951818912448e-06 -7.376632286958553133e-07 3.389670445243376882e-07
1.000000000000000000e+00 -3.181322234717505921e+02 1.161117350356222744e+01 -1.023148984919192735e+06 -1.013940669667245625e+14 -9.766481932919682647e-06 3.535498648354377237e-07 5.003840945701033728e-07
1.000000000000000000e+00 -3.674924832953587384e+02 4.725926184586851519e+01 -1.027241866270683007e+06 -1.022068986024350781e+14 -1.132694480067204421e-05 1.444758733141288521e-06 6.777716033695403628e-07
1.000000000000000000e+00 -4.077698691164682714e+02 8.170953294144889867e+01 -1.031334705171351437e+06 -1.030229668197856406e+14 -1.261846061617652150e-05 2.507887457834819453e-06 8.535780855944209210e-07
1.000000000000000000e+00 -4.381108905850960014e+02 1.141479719646547153e+02 -1.035427509535761783e+06 -1.038422731052969219e+14 -1.361116694408566527e-05 3.517414765157344068e-06 1.011094613620945654e-06
1.000000000000000000e+00 -4.578493660760431112e+02 1.438206028002041990e+02 -1.039520287331772735e+06 -1.046648189813224219e+14 -1.428062447771404695e-05 4.449280203610039253e-06 1.135520120844205027e-06
1.000000000000000000e+00 -4.665138405679727498e+02 1.699931381295740493e+02 -1.043613047353340895e+06 -1.054906061624923750e+14 -1.460816432268687101e-05 5.279667521227000444e-06 1.215001288808198843e-06
1.000000000000000000e+00 -4.640222014526499947e+02 1.920775563935435457e+02 -1.047705798847446567e+06 -1.063196364832701406e+14 -1.458712552862759204e-05 5.988963314208250117e-06 1.242503255124230740e-06
1.000000000000000000e+00 -4.504817977119764691e+02 2.095823146584095014e+02 -1.051798550608047750e+06 -1.071519117151410469e+14 -1.421678605635154939e-05 6.560287668763040579e-06 1.215537429661601959e-06
1.000000000000000000e+00 -4.261930713527831358e+02 2.220711450227365447e+02 -1.055891312068663305e+06 -1.079874337882964375e+14 -1.350259414519789691e-05 6.978258150120175108e-06 1.136489509413142438e-06
1.000000000000000000e+00 -3.918257829291130747e+02 2.292822181597164786e+02 -1.059984092422973132e+06 -1.088262046135970469e+14 -1.246189162821611091e-05 7.232782499790723637e-06 1.013406658354500355e-06
1.000000000000000000e+00 -3.481998736822167189e+02 2.310661616461371182e+02 -1.064076899425652809e+06 -1.096682258344403906e+14 -1.111714414236214647e-05 7.317202064595485211e-06 8.580141943646127553e-07
1.000000000000000000e+00 -2.962907011924243079e+02 2.273453330484340995e+02 -1.068169741017911118e+06 -1.105134991574148438e+14 -9.496201151024776844e-06 7.227065615101295939e-06 6.846021974025920117e-07
1.000000000000000000e+00 -2.373898536400224089e+02 2.182260596016623424e+02 -1.072262624368156539e+06 -1.113620261537727188e+14 -7.637565244840098359e-06 6.963754661450081859e-06 5.096477541147495316e-07
1.000000000000000000e+00 -1.728698502313577876e+02 2.039255224763973899e+02 -1.076355555339026731e+06 -1.122138081452388125e+14 -5.582987106101982956e-06 6.532253398297183894e-06 3.495677059852810715e-07
1.000000000000000000e+00 -1.041928137324200634e+02 1.847315935753620124e+02 -1.080448539233545074e+06 -1.130688463550052344e+14 -3.377796376316695945e-06 5.939924795404985858e-06 2.193522417031735780e-07
1.000000000000000000e+00 -3.305631340654051797e+01 1.611078487819063412e+02 -1.084541579942370532e+06 -1.139271417263566094e+14 -1.075702645799789992e-06 5.199943068701599852e-06 1.314671643056236036e-07
1.000000000000000000e+00 3.885599422345641329e+01 1.336099404536412010e+02 -1.088634679544077255e+06 -1.147886948327760781e+14 1.269205085082796815e-06 4.328691333880175185e-06 9.415843179372413815e-08
1.000000000000000000e+00 1.098627453541749190e+02 1.028445149396242897e+02 -1.092727839530972298e+06 -1.156535061302411719e+14 3.602085918724899848e-06 3.344481708835394341e-06 1.109583161979025528e-07
1.000000000000000000e+00 1.781540979398229183e+02 6.956576127263323883e+01 -1.096821060009647394e+06 -1.165215757850395000e+14 5.863044760081212008e-06 2.270737885778836016e-06 1.802422263799795156e-07
1.000000000000000000e+00 2.420518173272676847e+02 3.458142609058354111e+01 -1.100914339008129435e+06 -1.173929035205149688e+14 7.995644721170726334e-06 1.133005740953272965e-06 2.951685355678297070e-07
1.000000000000000000e+00 2.999936905183070053e+02 -1.290861935017540318e+00 -1.105007673568441765e+06 -1.182674888426978594e+14 9.946471145538835157e-06 -4.245030076049443914e-08 4.444300415966053864e-07
1.000000000000000000e+00 3.504146715356324080e+02 -3.713626439348575303e+01 -1.109101059160372010e+06 -1.191453309104428906e+14 1.166124752382744781e-05 -1.225758795622175249e-06 6.129870727636089947e-07
1.000000000000000000e+00 3.920101321606231295e+02 -7.204615710122213557e+01 -1.113194489521550713e+06 -1.200264284947095312e+14 1.309362662549565976e-05 -2.386808367794388290e-06 7.839899675897056685e-07
1.000000000000000000e+00 4.237095069514792272e+02 -1.051636204769694984e+02 -1.117287957989893388e+06 -1.209107802600823750e+14 1.420446689757077463e-05 -3.496764064378365598e-06 9.402759806137382910e-07
1.000000000000000000e+00 4.445596010991624780e+02 -1.356031509144506231e+02 -1.121381456464297138e+06 -1.217983845374189531e+14 1.495804986652886453e-05 -4.525419400737450575e-06 1.065338150309404084e-06
1.000000000000000000e+00 4.539780893661840651e+02 -1.625597571112122068e+02 -1.125474975351355039e+06 -1.226892393065261250e+14 1.533071281398505043e-05 -5.444833049300505136e-06 1.146113454220423403e-06
1.000000000000000000e+00 4.517027047336977716e+02 -1.853506361354307899e+02 -1.129568505004358478e+06 -1.235833425051185000e+14 1.530935445270139057e-05 -6.230778874757726813e-06 1.174356782211222345e-06
1.000000000000000000e+00 4.376616564770242235e+02 -2.033352599551039077e+02 -1.133662035403529415e+06 -1.244806919583829688e+14 1.488722373331609741e-05 -6.860124246486923499e-06 1.146655638249059640e-06
1.000000000000000000e+00 4.122035088209452738e+02 -2.160229329658388906e+02 -1.137755556022764416e+06 -1.253812853481299844e+14 1.407188449745499041e-05 -7.314497677773020858e-06 1.065760947397158850e-06
1.000000000000000000e+00 3.760079402060095504e+02 -2.231012152776455650e+02 -1.141849057162061799e+06 -1.262851205055107812e+14 1.288241620274950876e-05 -7.581345985693519233e-06 9.400277318426817477e-07
1.000000000000000000e+00 3.299318490967390858e+02 -2.243473029991974101e+02 -1.145942529148068745e+06 -1.271921952368250312e+14 1.134432581283831951e-05 -7.651020643746213706e-06 7.820614710154001099e-07
1.000000000000000000e+00 2.752100389085773600e+02 -2.197260904519329756e+02 -1.150035962707156781e+06 -1.281025074067407500e+14 9.496581627183874977e-06 -7.520188608529850219e-06 6.085092057215353964e-07
1.000000000000000000e+00 2.133244274054961807e+02 -2.093973302586150282e+02 -1.154129350404434837e+06 -1.290160552616040312e+14 7.387316167540713934e-06 -7.192192602679998466e-06 4.376966272654743684e-07
1.000000000000000000e+00 1.458286620049855458e+02 -1.936128534449401286e+02 -1.158222686057484476e+06 -1.299328373051922188e+14 5.067882892509461086e-06 -6.673627097666038393e-06 2.871324634699847989e-07
1.000000000000000000e+00 7.452887647189396603e+01 -1.728019771911185387e+02 -1.162315964336633915e+06 -1.308528522136782500e+14 2.599204136905500458e-06 -5.977348718879180647e-06 1.725114250879984202e-07
1.000000000000000000e+00 1.324506828782589629e+00 -1.475570346014029326e+02 -1.166409181990782963e+06 -1.317760991159894688e+14 4.635501692169314336e-08 -5.122082056975942651e-06 1.057912361021673075e-07
1.000000000000000000e+00 -7.197069474833669744e+01 -1.185192130089719456e+02 -1.170502337181195384e+06 -1.327025774509898438e+14 -2.527665452767594804e-06 -4.128542192908256594e-06 9.383628289015087938e-08
1.000000000000000000e+00 -1.434491294929432001e+02 -8.645523165902055496e+01 -1.174595429508145200e+06 -1.336322869791427656e+14 -5.055659730193048095e-06 -3.022144798220062888e-06 1.379450556975286109e-07
1.000000000000000000e+00 -2.112759149346637173e+02 -5.222872756754992452e+01 -1.178688460943613900e+06 -1.345652280011788594e+14 -7.472064901575463647e-06 -1.832078847088723556e-06 2.336522528744517422e-07
1.000000000000000000e+00 -2.738503709970519822e+02 -1.668357133040874629e+01 -1.182781434738696320e+06 -1.355014011171601406e+14 -9.718728393142462248e-06 -5.872583556642393139e-07 3.716220605377500335e-07
1.000000000000000000e+00 -3.296123651399362302e+02 1.928058849561045562e+01 -1.186874354757406516e+06 -1.364408070783813594e+14 -1.173815537774988158e-05 6.810213303695774155e-07 5.382875114449464158e-07
1.000000000000000000e+00 -3.772009176170827800e+02 5.474162121571832529e+01 -1.190967227048922330e+06 -1.373834471525306562e+14 -1.347920144346195895e-05 1.940229703970049168e-06 7.172059808410330724e-07
1.000000000000000000e+00 -4.155860128124966764e+02 8.886552618303772988e+01 -1.195060058435223065e+06 -1.383293228053869531e+14 -1.490192132790430547e-05 3.160521371884460982e-06 8.912608119083124775e-07
1.000000000000000000e+00 -4.438561322022829927e+02 1.208258671189557418e+02 -1.199152856564385816e+06 -1.392784357162635781e+14 -1.597012749058995864e-05 4.311914592635325272e-06 1.043691233737533739e-06
1.000000000000000000e+00 -4.613648385936670593e+02 1.498358772361818581e+02 -1.203245630123774754e+06 -1.402307878309742969e+14 -1.665675503134182814e-05 5.365445540022056672e-06 1.160056775122298562e-06
1.000000000000000000e+00 -4.678319788453554793e+02 1.752487624596562910e+02 -1.207338387800754746e+06 -1.411863811228840000e+14 -1.694769059554828892e-05 6.296796418700671511e-06 1.229946077583821941e-06
1.000000000000000000e+00 -4.631156135725196350e+02 1.964694248119036502e+02 -1.211431138282689964e+06 -1.421452175929080938e+14 -1.683370716537239202e-05 7.083198118833845869e-06 1.246671639082391949e-06
1.000000000000000000e+00 -4.473501067563307743e+02 2.129841031169939356e+02 -1.215523891189637827e+06 -1.431072994891301562e+14 -1.631558526146382329e-05 7.704533926650717945e-06 1.208605417472813387e-06
1.000000000000000000e+00 -4.210216472385489510e+02 2.244500781591131044e+02 -1.219616655848522671e+06 -1.440726290208865312e+14 -1.540704621451389846e-05 8.146644981821152352e-06 1.119970632049068254e-06
1.000000000000000000e+00 -3.847293469667853287e+02 2.305993981752663728e+02 -1.223709440573631553e+06 -1.450412081870452500e+14 -1.412619634279077050e-05 8.397928315210981509e-06 9.891395876303700844e-07
1.000000000000000000e+00 -3.393196903809591731e+02 2.312670724410421883e+02 -1.227802253919088515e+06 -1.460130390698858750e+14 -1.250054940273356214e-05 8.450412558841453162e-06 8.283544757618962989e-07
1.000000000000000000e+00 -2.859414314537718269e+02 2.264713569891245584e+02 -1.231895103319780668e+06 -1.469881235117246875e+14 -1.056920759955611662e-05 8.302764015788422457e-06 6.529370670797231880e-07
1.000000000000000000e+00 -2.257983794022019879e+02 2.163097513810267287e+02 -1.235987995384506881e+06 -1.479664631806672812e+14 -8.373879087133696993e-06 7.956572674846732206e-06 4.790729885766559548e-07
1.000000000000000000e+00 -1.602828678130390188e+02 2.009866027155979680e+02 -1.240080936615461949e+06 -1.489480597401705938e+14 -5.963877963014788752e-06 7.417419193981619680e-06 3.230634121137992716e-07
1.000000000000000000e+00 -9.101260171813133582e+01 1.808844540928354263e+02 -1.244173931649461389e+06 -1.499329144247283125e+14 -3.397615580264131197e-06 6.697581765635528682e-06 1.998167062052030628e-07
1.000000000000000000e+00 -1.957552240216117312e+01 1.564521408196371510e+02 -1.248266983631009934e+06 -1.509210281226872500e+14 -7.331831185219895456e-07 5.811987572937786412e-06 1.207847855915895092e-07
1.000000000000000000e+00 5.233722214574167708e+01 1.282313811104633032e+02 -1.252360095171647845e+06 -1.519124016030708750e+14 1.966670039135106417e-06 4.779244223591678698e-06 9.338548865101449718e-08
1.000000000000000000e+00 1.229117326761371061e+02 9.691821662468348109e+01 -1.256453267310660100e+06 -1.529070352605087812e+14 4.633736069401247628e-06 3.623993727558877164e-06 1.202157070653087468e-07
1.000000000000000000e+00 1.904733931298268317e+02 6.324279077634290758e+01 -1.260546499408486532e+06 -1.539049290829758750e+14 7.204184085093070460e-06 2.372496498025658690e-06 1.986060179846706468e-07
