5.399999561611534591e+04 2.002329112645782967e-07 9.999999999999999547e-08
5.400917310032888781e+04 2.175796697539272285e-07 9.999999999999999547e-08
5.401835070714481844e+04 6.951947843590112980e-08 9.999999999999999547e-08
5.402752842545005115e+04 1.964188828786473160e-07 9.999999999999999547e-08
5.403670624215984571e+04 1.213134918810777459e-07 9.999999999999999547e-08
5.404588413994733855e+04 1.027116478086860486e-07 9.999999999999999547e-08
5.405506210058948636e+04 1.333547714338754038e-07 9.999999999999999547e-08
5.406424010371229815e+04 1.310138831072737947e-07 9.999999999999999547e-08
5.407341812625314924e+04 1.504986121197382966e-07 9.999999999999999547e-08
5.408259614514942223e+04 9.408498379179237304e-08 9.999999999999999547e-08
5.409177413817494380e+04 1.054240794785702406e-07 9.999999999999999547e-08
5.410095208250608994e+04 9.431594012194245275e-08 9.999999999999999547e-08
5.411012995699215389e+04 2.559151716203852846e-07 9.999999999999999547e-08
5.411930774287234090e+04 -1.272852125977439703e-07 9.999999999999999547e-08
5.412848542204309342e+04 6.182268361023311472e-09 9.999999999999999547e-08
5.413766298130017094e+04 7.021846970343941667e-08 9.999999999999999547e-08
5.414684041108391102e+04 -6.633734322642235626e-08 9.999999999999999547e-08
5.415601770332839078e+04 -1.042656793930408988e-08 9.999999999999999547e-08
5.416519485510596132e+04 3.550928692569265599e-09 9.999999999999999547e-08
5.417437186713359552e+04 -7.092961444219713998e-08 9.999999999999999547e-08
5.418354874299616495e+04 2.120737331927197498e-07 9.999999999999999547e-08
5.419272549087910011e+04 1.039866214022694512e-07 9.999999999999999547e-08
5.420190212207472359e+04 7.935579923744487966e-08 9.999999999999999547e-08
5.421107864853258798e+04 1.891333698573610437e-08 9.999999999999999547e-08
5.422025508632483252e+04 -6.071239786181910390e-08 9.999999999999999547e-08
5.422943145385377284e+04 1.453334760564356361e-07 9.999999999999999547e-08
5.423860776940219512e+04 -1.917509874558417259e-07 9.999999999999999547e-08
5.424778405370258406e+04 1.675397262544610740e-07 9.999999999999999547e-08
5.425696032718865172e+04 5.618230437947069160e-08 9.999999999999999547e-08
5.426613660933817300e+04 -3.207415096304880810e-08 9.999999999999999547e-08
5.427531292130183283e+04 -3.030916984252803683e-08 9.999999999999999547e-08
5.428448928309514304e+04 -1.022133235627043658e-07 9.999999999999999547e-08
5.429366571222418133e+04 -1.158373056427200919e-07 9.999999999999999547e-08
5.430284222547805985e+04 6.901290695684207399e-08 9.999999999999999547e-08
5.431201883803270175e+04 -1.245118586368363062e-07 9.999999999999999547e-08
5.432119556183766690e+04 -1.163256980904256460e-07 9.999999999999999547e-08
5.433037240836450655e+04 -1.541250875518751946e-07 9.999999999999999547e-08
5.433954938508170017e+04 -3.241207812232027710e-08 9.999999999999999547e-08
5.434872649527536851e+04 -9.493217078584422740e-08 9.999999999999999547e-08
5.435790374109643017e+04 -1.047408098805542431e-07 9.999999999999999547e-08
5.436708112123043247e+04 -1.466149348504344613e-08 9.999999999999999547e-08
5.437625863024033606e+04 -2.139156587536433807e-07 9.999999999999999547e-08
5.438543626035893249e+04 -2.331699197157255690e-07 9.999999999999999547e-08
5.439461399993541272e+04 -8.080912922319651409e-08 9.999999999999999547e-08
5.440379183355486020e+04 -7.405167527724912288e-08 9.999999999999999547e-08
5.441296974556337227e+04 -1.572612333802279476e-07 9.999999999999999547e-08
5.442214771690141060e+04 -1.739863929452284176e-07 9.999999999999999547e-08
5.443132572540256660e+04 -2.371599166179605104e-07 9.999999999999999547e-08
5.444050374907967489e+04 -2.768184876351262454e-07 9.999999999999999547e-08
5.444968176487011078e+04 -2.830212557648992350e-07 9.999999999999999547e-08
5.445885974953199911e+04 -7.476005654032123881e-08 9.999999999999999547e-08
5.446803768179514736e+04 -1.378766392801361876e-07 9.999999999999999547e-08
5.447721554056859895e+04 -1.009392889686743436e-07 9.999999999999999547e-08
5.448639330589661404e+04 -3.064103449203301287e-07 9.999999999999999547e-08
5.449557096212528995e+04 -1.757366129927700242e-07 9.999999999999999547e-08
5.450474849664785143e+04 -4.232063005600868557e-09 9.999999999999999547e-08
5.451392589900842722e+04 -1.905765994944167058e-07 9.999999999999999547e-08
5.452310316365049948e+04 -2.646558175065656475e-08 9.999999999999999547e-08
5.453228028746717609e+04 -1.351098958760843110e-07 9.999999999999999547e-08
5.454145727135468042e+04 -4.148379365403378000e-09 9.999999999999999547e-08
5.455063412122802401e+04 -7.263239623230182186e-08 9.999999999999999547e-08
5.455981084533240937e+04 1.430774357294776858e-07 9.999999999999999547e-08
5.456898745394443540e+04 -6.589852995513542003e-08 9.999999999999999547e-08
5.457816396146331681e+04 -9.878725223224909939e-08 9.999999999999999547e-08
5.458734038402093574e+04 -1.260989214084805017e-08 9.999999999999999547e-08
5.459651673918313463e+04 4.416453737548973866e-08 9.999999999999999547e-08
5.460569304726414703e+04 -3.671393555622476791e-08 9.999999999999999547e-08
5.461486932804046228e+04 1.167771099187203225e-07 9.999999999999999547e-08
5.462404560087035497e+04 2.296282889967339131e-08 9.999999999999999547e-08
5.463322188756174728e+04 -3.457207757495820386e-08 9.999999999999999547e-08
5.464239820824963681e+04 2.499835457151487139e-08 9.999999999999999547e-08
5.465157458169480378e+04 1.527805688343696108e-07 9.999999999999999547e-08
5.466075102635929215e+04 9.636979506506596696e-08 9.999999999999999547e-08
5.466992755837501318e+04 1.239531323055837064e-07 9.999999999999999547e-08
5.467910419154367264e+04 1.157279844977165835e-07 9.999999999999999547e-08
5.468828093942802661e+04 1.783019381756225846e-07 9.999999999999999547e-08
5.469745781158770114e+04 2.244534657445387554e-07 9.999999999999999547e-08
5.470663481393771508e+04 -1.135272197879678659e-08 9.999999999999999547e-08
5.471581195131765708e+04 1.392243449621259911e-07 9.999999999999999547e-08
5.472498922414574190e+04 -3.632068254326798265e-08 9.999999999999999547e-08
5.473416663003207213e+04 1.287632138577612065e-07 9.999999999999999547e-08
5.474334416413707368e+04 1.065290190330270620e-07 9.999999999999999547e-08
5.475252181708035641e+04 1.549336948102767512e-07 9.999999999999999547e-08
5.476169957595640153e+04 3.233099865653416091e-07 9.999999999999999547e-08
5.477087742696348869e+04 -1.296556606302861005e-07 9.999999999999999547e-08
5.478005535247603257e+04 1.108335807856453033e-07 9.999999999999999547e-08
5.478923333229929995e+04 1.621735658802717614e-08 9.999999999999999547e-08
5.479841134588006389e+04 -5.170318542687721505e-08 9.999999999999999547e-08
5.480758936973746313e+04 1.194689211584122347e-07 9.999999999999999547e-08
5.481676738062963705e+04 1.866740206336030522e-07 9.999999999999999547e-08
5.482594535698763502e+04 5.380562138989410345e-08 9.999999999999999547e-08
5.483512328781788528e+04 7.814993601099046535e-08 9.999999999999999547e-08
5.484430112878756336e+04 2.432614357123906744e-08 9.999999999999999547e-08
5.485347887380239990e+04 1.413648507840356733e-07 9.999999999999999547e-08
5.486265650679024839e+04 5.576850605628587799e-08 9.999999999999999547e-08
5.487183401508459792e+04 3.399296777005060877e-07 9.999999999999999547e-08
5.488101139079873246e+04 1.456638160993157455e-07 9.999999999999999547e-08
5.489018862736041774e+04 1.850190902607387701e-07 9.999999999999999547e-08
5.489936572261872061e+04 8.326410317853550035e-08 9.999999999999999547e-08
5.490854267956104013e+04 2.703498483548097270e-07 9.999999999999999547e-08
5.491771950356465823e+04 -1.929505030453152722e-07 9.999999999999999547e-08
5.492689620317351364e+04 -7.781428404763685076e-08 9.999999999999999547e-08
5.493607279075538827e+04 4.231110249704028365e-08 9.999999999999999547e-08
5.494524927981326618e+04 6.856474125000344762e-08 9.999999999999999547e-08
5.495442568689727341e+04 3.220051870594443294e-08 9.999999999999999547e-08
5.496360203142542014e+04 -3.058005243368795287e-08 9.999999999999999547e-08
5.497277833233775164e+04 1.847772039757873114e-07 9.999999999999999547e-08
5.498195460929125693e+04 -1.938593827795241484e-08 9.999999999999999547e-08
5.499113088355614309e+04 9.605834769319990595e-08 9.999999999999999547e-08
5.500030717514790013e+04 -8.324350434533293860e-08 9.999999999999999547e-08
5.500948350438076159e+04 7.301466013348537120e-08 9.999999999999999547e-08
5.501865989097148122e+04 1.235823777219259614e-07 9.999999999999999547e-08
5.502783635164941370e+04 -3.925156306925119298e-08 9.999999999999999547e-08
5.503701290206848353e+04 6.013455349965963545e-08 9.999999999999999547e-08
5.504618955746434949e+04 -4.779811164425023012e-08 9.999999999999999547e-08
5.505536632930859196e+04 -1.655740461863988965e-07 9.999999999999999547e-08
5.506454322656336444e+04 1.519576263392863227e-08 9.999999999999999547e-08
5.507372025598015898e+04 -8.441969518590045467e-08 9.999999999999999547e-08
5.508289742006838060e+04 -2.417849776981394180e-07 9.999999999999999547e-08
5.509207471918652300e+04 -1.465099514138678028e-07 9.999999999999999547e-08
5.510125215166164708e+04 -4.407798321365755987e-08 9.999999999999999547e-08
5.511042971008502354e+04 -6.341014357868839576e-08 9.999999999999999547e-08
5.511960738471778313e+04 -1.789783023709229935e-07 9.999999999999999547e-08
5.512878516337137989e+04 -6.904173706012960100e-08 9.999999999999999547e-08
5.513796303033216100e+04 -1.256930825150099474e-07 9.999999999999999547e-08
5.514714096791480551e+04 1.766817507862334648e-07 9.999999999999999547e-08
5.515631895670127415e+04 -2.985623401795822472e-08 9.999999999999999547e-08
5.516549697362895677e+04 -1.480522394003082751e-07 9.999999999999999547e-08
5.517467499611320818e+04 -1.983173362126846158e-07 9.999999999999999547e-08
5.518385300222660589e+04 -1.263142494995638381e-07 9.999999999999999547e-08
5.519303096854803880e+04 -7.034191340172579424e-08 9.999999999999999547e-08
5.520220887338906323e+04 -3.169397225122347858e-07 9.999999999999999547e-08
5.521138669673421100e+04 -1.711710093643113034e-07 9.999999999999999547e-08
5.522056442006166617e+04 6.604979996618676398e-08 9.999999999999999547e-08
5.522974202873323520e+04 -8.756594464944759667e-08 9.999999999999999547e-08
5.523891951175533904e+04 -3.604987507207233121e-08 9.999999999999999547e-08
5.524809685962807998e+04 2.759243473769068093e-08 9.999999999999999547e-08
5.525727406745214830e+04 8.657880916195954781e-08 9.999999999999999547e-08
5.526645113510804367e+04 -6.255024534768241088e-08 9.999999999999999547e-08
5.527562806462719891e+04 -3.184965823632444551e-09 9.999999999999999547e-08
5.528480486282084166e+04 -2.712531124021896230e-07 9.999999999999999547e-08
5.529398153942787030e+04 -5.925052579713035497e-08 9.999999999999999547e-08
5.530315810550160677e+04 -1.288723847628361592e-07 9.999999999999999547e-08
5.531233457639721746e+04 6.123498585626021044e-08 9.999999999999999547e-08
5.532151096985978802e+04 -3.101623650622541643e-08 9.999999999999999547e-08
5.533068730375388986e+04 -2.528082723416219637e-08 9.999999999999999547e-08
5.533986359779626946e+04 -6.731067260347701520e-08 9.999999999999999547e-08
5.534903987271941151e+04 9.246295596327861841e-08 9.999999999999999547e-08
5.535821614824004064e+04 -6.930548325468380457e-08 9.999999999999999547e-08
5.536739244550888543e+04 -5.995079410406125249e-08 9.999999999999999547e-08
5.537656878513890115e+04 -1.076386751822405159e-07 9.999999999999999547e-08
5.538574518451667973e+04 -6.992980527773707304e-08 9.999999999999999547e-08
5.539492166144704970e+04 1.096792498546805453e-07 9.999999999999999547e-08
5.540409823200215033e+04 -1.246855735542121438e-07 9.999999999999999547e-08
5.541327490932649380e+04 9.055295575173337541e-08 9.999999999999999547e-08
5.542245170530986798e+04 -1.350885275327477556e-08 9.999999999999999547e-08
5.543162862867544754e+04 -9.337579780610301157e-08 9.999999999999999547e-08
5.544080568408355612e+04 3.520929863487629743e-08 9.999999999999999547e-08
5.544998287488007190e+04 -3.342292992152811997e-08 9.999999999999999547e-08
5.545916020130397374e+04 -1.470197906113726399e-07 9.999999999999999547e-08
5.546833765893394593e+04 8.929664946927122750e-08 9.999999999999999547e-08
5.547751524113797495e+04 1.953997678833696991e-07 9.999999999999999547e-08
5.548669293775894039e+04 -1.524268505196088981e-07 9.999999999999999547e-08
5.549587073475615034e+04 -5.067498091592285391e-08 9.999999999999999547e-08
5.550504861719263863e+04 -8.140941285768317912e-08 9.999999999999999547e-08
5.551422656690511940e+04 -7.265718582051113745e-08 9.999999999999999547e-08
5.552340456238438492e+04 -1.502214443350678059e-08 9.999999999999999547e-08
5.553258258200177079e+04 1.031033575758768441e-08 9.999999999999999547e-08
5.554176060329211032e+04 6.534881473309686335e-09 9.999999999999999547e-08
5.555093860265506373e+04 -8.608563063353039355e-08 9.999999999999999547e-08
5.556011655834244448e+04 -1.614797076537920252e-07 9.999999999999999547e-08
5.556929444866582344e+04 1.745479682011259868e-07 9.999999999999999547e-08
5.557847225283299485e+04 6.345748511917131145e-08 9.999999999999999547e-08
5.558764995417432510e+04 -8.270275328253075138e-08 9.999999999999999547e-08
5.559682753882835095e+04 -2.393775739296746042e-08 9.999999999999999547e-08
5.560600499484551983e+04 1.094081761771115114e-08 9.999999999999999547e-08
5.561518231493661733e+04 3.240784980733139096e-08 9.999999999999999547e-08
5.562435949497903493e+04 6.933900272174092262e-08 9.999999999999999547e-08
5.563353653407655656e+04 -1.345273813996460990e-08 9.999999999999999547e-08
5.564271343665052700e+04 1.414833900876547370e-07 9.999999999999999547e-08
5.565189020999016793e+04 8.154006243854223012e-08 9.999999999999999547e-08
5.566106686275888933e+04 7.526619326258707504e-08 9.999999999999999547e-08
5.567024340851944726e+04 6.638949244461858999e-08 9.999999999999999547e-08
5.567941986256724340e+04 2.239016344870066599e-07 9.999999999999999547e-08
5.568859624204988359e+04 -1.451253402324314127e-07 9.999999999999999547e-08
5.569777256644515001e+04 1.657173910412196571e-07 9.999999999999999547e-08
5.570694885523078119e+04 2.890353760673988958e-07 9.999999999999999547e-08
5.571612512788454478e+04 -2.345796618117089416e-08 9.999999999999999547e-08
5.572530140597538411e+04 -5.150392972164934975e-08 9.999999999999999547e-08
5.573447771041500528e+04 4.005904352818869454e-08 9.999999999999999547e-08
5.574365405984469544e+04 1.311420002063373556e-07 9.999999999999999547e-08
5.575283047344348597e+04 1.124565851736945639e-07 9.999999999999999547e-08
5.576200696788098867e+04 6.209856496551546499e-08 9.999999999999999547e-08
5.577118355797465483e+04 -4.654278192132359476e-08 9.999999999999999547e-08
5.578036025830292056e+04 -4.742739462057463063e-08 9.999999999999999547e-08
5.578953707926189963e+04 -7.374236882436476833e-08 9.999999999999999547e-08
5.579871402790182037e+04 -1.072402388917490499e-07 9.999999999999999547e-08
5.580789111007796600e+04 1.562014944472723089e-07 9.999999999999999547e-08
5.581706832812049106e+04 9.450719555097549653e-08 9.999999999999999547e-08
5.582624568059545709e+04 -1.619616773445524336e-07 9.999999999999999547e-08
