5.399999751122999442e+04 2.130218694133793830e-07 9.999999999999999547e-08
5.400917400686600013e+04 7.228375107815450977e-08 9.999999999999999547e-08
5.401835060274984426e+04 -1.351358466447464417e-07 9.999999999999999547e-08
5.402752731221272552e+04 1.083166718699634898e-08 9.999999999999999547e-08
5.403670414765543683e+04 9.203315767548450403e-08 9.999999999999999547e-08
5.404588111739460146e+04 2.747910118395603719e-07 9.999999999999999547e-08
5.405505822581470420e+04 6.888490624738996241e-08 9.999999999999999547e-08
5.406423547583328764e+04 4.694633853569877863e-08 9.999999999999999547e-08
5.407341286514473904e+04 1.206300272658605945e-07 9.999999999999999547e-08
5.408259038683885592e+04 2.419768990644887751e-07 9.999999999999999547e-08
5.409176803184548044e+04 5.113846169990883906e-08 9.999999999999999547e-08
5.410094578735836694e+04 2.406437654845428833e-07 9.999999999999999547e-08
5.411012363668345643e+04 3.626387911271854300e-08 9.999999999999999547e-08
5.411930156225912651e+04 1.403997158461852112e-07 9.999999999999999547e-08
5.412847954274982476e+04 -1.638563528643465800e-08 9.999999999999999547e-08
5.413765755514657940e+04 6.461347123134057864e-08 9.999999999999999547e-08
5.414683557769982144e+04 1.109075644397577675e-08 9.999999999999999547e-08
5.415601358749764040e+04 1.248962464997501812e-07 9.999999999999999547e-08
5.416519156157467660e+04 -2.183129708091487116e-07 9.999999999999999547e-08
5.417436947949288879e+04 1.859800583959599511e-07 9.999999999999999547e-08
5.418354732135139056e+04 -1.097578846649425674e-07 9.999999999999999547e-08
5.419272506948391674e+04 7.763200538762307681e-08 9.999999999999999547e-08
5.420190271087732253e+04 -1.188919520545843331e-08 9.999999999999999547e-08
5.421108023332226003e+04 2.322760548563630273e-08 9.999999999999999547e-08
5.422025762735711760e+04 -3.357370056999550617e-08 9.999999999999999547e-08
5.422943488834421441e+04 1.333096518108853383e-07 9.999999999999999547e-08
5.423861201403566520e+04 1.426926114580977429e-07 9.999999999999999547e-08
5.424778900536265428e+04 1.032756816847542049e-07 9.999999999999999547e-08
5.425696586723920336e+04 -1.218641363884177863e-07 9.999999999999999547e-08
5.426614260594809457e+04 2.771961643772583289e-09 9.999999999999999547e-08
5.427531923067881871e+04 8.146621547799876645e-08 9.999999999999999547e-08
5.428449575492320582e+04 7.657613639468975928e-08 9.999999999999999547e-08
5.429367219327932980e+04 6.272230707486112857e-08 9.999999999999999547e-08
5.430284856144243531e+04 -1.053877711184493854e-07 9.999999999999999547e-08
5.431202487823089905e+04 2.876951205250848444e-08 9.999999999999999547e-08
5.432120116223946388e+04 -5.777886705318354908e-08 9.999999999999999547e-08
5.433037743381636392e+04 6.458923745796303676e-08 9.999999999999999547e-08
5.433955371469162492e+04 -2.136548684318481286e-08 9.999999999999999547e-08
5.434873002477250702e+04 -7.619945507697838308e-08 9.999999999999999547e-08
5.435790638370499073e+04 -8.445311587241619752e-09 9.999999999999999547e-08
5.436708281147552043e+04 -1.264829802707763579e-07 9.999999999999999547e-08
5.437625932610572636e+04 5.141728085152058044e-08 9.999999999999999547e-08
5.438543594340371783e+04 1.542945906838128031e-08 9.999999999999999547e-08
5.439461267781745846e+04 9.498251540747545482e-08 9.999999999999999547e-08
5.440378953950220603e+04 -1.040767356016373159e-07 9.999999999999999547e-08
5.441296653621159930e+04 -1.249201052889005647e-07 9.999999999999999547e-08
5.442214367351157125e+04 -6.544608135672250460e-08 9.999999999999999547e-08
5.443132095191473491e+04 3.777777804540027568e-08 9.999999999999999547e-08
5.444049836794962175e+04 -1.830975040095983360e-08 9.999999999999999547e-08
5.444967591557261767e+04 -2.889700966084417161e-07 9.999999999999999547e-08
5.445885358388305758e+04 -1.016872099976780015e-07 9.999999999999999547e-08
5.446803135926806135e+04 -3.633630714911181620e-08 9.999999999999999547e-08
5.447720922623447404e+04 -4.012114681033042164e-09 9.999999999999999547e-08
5.448638716460157593e+04 -7.301720322793588433e-08 9.999999999999999547e-08
5.449556515286525246e+04 -2.357050036853038806e-07 9.999999999999999547e-08
5.450474316963712772e+04 -4.824934036776385347e-09 9.999999999999999547e-08
5.451392119169790385e+04 -2.057243100861364307e-07 9.999999999999999547e-08
5.452309919604871538e+04 -2.991738663640099670e-07 9.999999999999999547e-08
5.453227716113907809e+04 -1.549746189135663930e-07 9.999999999999999547e-08
5.454145506535322784e+04 -2.182216873570317555e-07 9.999999999999999547e-08
5.455063288949879643e+04 -8.825338916380341138e-08 9.999999999999999547e-08
5.455981061820277682e+04 -9.363043923995919588e-08 9.999999999999999547e-08
5.456898823685553361e+04 -2.298312774840374152e-07 9.999999999999999547e-08
5.457816573391416023e+04 4.774423697701842120e-08 9.999999999999999547e-08
5.458734310231033305e+04 -9.312565613310710409e-08 9.999999999999999547e-08
5.459652033636788110e+04 5.754932629178744430e-08 9.999999999999999547e-08
5.460569743500892218e+04 -5.300745791049069975e-08 9.999999999999999547e-08
5.461487440086615243e+04 -1.122837615657533246e-07 9.999999999999999547e-08
5.462405123740652198e+04 5.222866187179367095e-08 9.999999999999999547e-08
5.463322795225677692e+04 1.822478248375608444e-07 9.999999999999999547e-08
5.464240455660301086e+04 8.611889656551101063e-08 9.999999999999999547e-08
5.465158106257427426e+04 3.054820999812730023e-08 9.999999999999999547e-08
5.466075748532988655e+04 -8.150259795578911156e-08 9.999999999999999547e-08
5.466993384248651273e+04 -4.075414728166328301e-08 9.999999999999999547e-08
5.467911015102345846e+04 6.136995210272189330e-08 9.999999999999999547e-08
5.468828643080055190e+04 2.041428647404756069e-07 9.999999999999999547e-08
5.469746270327446109e+04 -5.881446859176335261e-08 9.999999999999999547e-08
5.470663898818221787e+04 -6.777961147117691209e-09 9.999999999999999547e-08
5.471581530623664003e+04 -1.397639598001355290e-07 9.999999999999999547e-08
5.472499167783885787e+04 7.103729537109254656e-08 9.999999999999999547e-08
5.473416812147104065e+04 -7.187674848643899250e-08 9.999999999999999547e-08
5.474334465515155171e+04 -1.323042123850463079e-08 9.999999999999999547e-08
5.475252129545494245e+04 -2.159521538000299503e-07 9.999999999999999547e-08
5.476169805427481333e+04 5.181215478834802689e-08 9.999999999999999547e-08
5.477087494220416556e+04 -1.902743621469110387e-08 9.999999999999999547e-08
5.478005196726169379e+04 -9.979841400970007338e-08 9.999999999999999547e-08
5.478922913249996054e+04 7.803917055483264934e-08 9.999999999999999547e-08
5.479840643869697669e+04 1.771430414958745575e-07 9.999999999999999547e-08
5.480758388214078150e+04 -7.027297537982832604e-08 9.999999999999999547e-08
5.481676145451077900e+04 5.673018697715966640e-08 9.999999999999999547e-08
5.482593914519705140e+04 4.088498946309085708e-08 9.999999999999999547e-08
5.483511695242099813e+04 -1.262431124059902868e-07 9.999999999999999547e-08
5.484429483502982475e+04 8.322490748480411088e-08 9.999999999999999547e-08
5.485347278503405687e+04 -1.811870915102962752e-07 9.999999999999999547e-08
5.486265078129051835e+04 1.489999594820417198e-07 9.999999999999999547e-08
5.487182880066263897e+04 1.660508889221309676e-07 9.999999999999999547e-08
5.488100682105575834e+04 -1.391534496652465738e-08 9.999999999999999547e-08
5.489018481993934984e+04 1.254127106340576230e-07 9.999999999999999547e-08
5.489936277436905948e+04 -1.037032042386057909e-07 9.999999999999999547e-08
5.490854066394684196e+04 1.420525085879132836e-07 9.999999999999999547e-08
5.491771847088354116e+04 -5.807571624841731207e-08 9.999999999999999547e-08
5.492689617842244479e+04 5.997582728738095614e-08 9.999999999999999547e-08
5.493607377378646197e+04 -3.566753716335718864e-09 9.999999999999999547e-08
5.494525124627615878e+04 -4.402864147313624413e-08 9.999999999999999547e-08
5.495442858785904536e+04 1.919205872890669066e-07 9.999999999999999547e-08
5.496360579491112003e+04 1.485265582399950878e-07 9.999999999999999547e-08
5.497278286747495440e+04 4.604793306180798584e-09 9.999999999999999547e-08
5.498195980684063397e+04 -3.536230704885382087e-08 9.999999999999999547e-08
5.499113661846175819e+04 -1.670869415023741594e-08 9.999999999999999547e-08
5.500031331069583393e+04 5.460688419296657592e-08 9.999999999999999547e-08
5.500948989400370192e+04 5.866557631718902452e-08 9.999999999999999547e-08
5.501866638225035422e+04 2.320496986278126013e-08 9.999999999999999547e-08
5.502784279118234554e+04 -4.325560153676202801e-08 9.999999999999999547e-08
5.503701913654548844e+04 1.134721435338422912e-07 9.999999999999999547e-08
5.504619543768837320e+04 2.584737351897862622e-07 9.999999999999999547e-08
5.505537171486631996e+04 2.093192742828521054e-07 9.999999999999999547e-08
5.506454798777058750e+04 7.170636835165760489e-08 9.999999999999999547e-08
5.507372427785153559e+04 1.444533250526708554e-08 9.999999999999999547e-08
5.508290060538162652e+04 -6.607504075917281425e-08 9.999999999999999547e-08
5.509207698938145768e+04 -1.500570495346174416e-08 9.999999999999999547e-08
5.510125344973072788e+04 1.685784656739520432e-07 9.999999999999999547e-08
5.511043000411959656e+04 -9.263223442360588231e-08 9.999999999999999547e-08
5.511960666668589693e+04 8.174189854978293284e-09 9.999999999999999547e-08
5.512878345055152022e+04 -8.023163243116845201e-08 9.999999999999999547e-08
5.513796036569587886e+04 2.004088296305784089e-07 9.999999999999999547e-08
5.514713741817992559e+04 3.699808399139601648e-08 9.999999999999999547e-08
5.515631461190894333e+04 1.245528475383883203e-07 9.999999999999999547e-08
5.516549194629045815e+04 -6.108209889677927374e-08 9.999999999999999547e-08
5.517466941556721576e+04 7.076343048610055628e-08 9.999999999999999547e-08
5.518384701252570085e+04 -8.282403597963854482e-08 9.999999999999999547e-08
5.519302472581849725e+04 1.492439825381863088e-07 9.999999999999999547e-08
5.520220253985609452e+04 3.797793456476516978e-07 9.999999999999999547e-08
5.521138043763088353e+04 -2.400743095119943214e-09 9.999999999999999547e-08
5.522055839880408894e+04 1.659585448792127323e-07 9.999999999999999547e-08
5.522973640094114671e+04 8.407710810250687221e-10 9.999999999999999547e-08
5.523891442267053935e+04 2.529083358102333376e-07 9.999999999999999547e-08
5.524809244088822743e+04 8.997444922968262830e-08 9.999999999999999547e-08
5.525727043209807016e+04 1.870774523518490094e-08 9.999999999999999547e-08
5.526644837529621145e+04 1.881746386934565429e-07 9.999999999999999547e-08
5.527562625015273079e+04 2.705043798649061330e-07 9.999999999999999547e-08
5.528480403808768460e+04 5.273513030101493960e-08 9.999999999999999547e-08
5.529398172458685440e+04 3.139267397641495380e-07 9.999999999999999547e-08
5.530315929636120563e+04 2.644474184419145253e-07 9.999999999999999547e-08
5.531233674273580255e+04 -7.268534000761827509e-08 9.999999999999999547e-08
5.532151405796231847e+04 2.683787234408526423e-07 9.999999999999999547e-08
5.533069123855661746e+04 1.891001712469594479e-07 9.999999999999999547e-08
5.533986828375983168e+04 8.009970960941484664e-08 9.999999999999999547e-08
5.534904519736051589e+04 1.076868095851111681e-07 9.999999999999999547e-08
5.535822198468229180e+04 1.186323972273004284e-07 9.999999999999999547e-08
5.536739865372696659e+04 3.064264616536592282e-08 9.999999999999999547e-08
5.537657521726260165e+04 1.843443243855522619e-08 9.999999999999999547e-08
5.538575168855422817e+04 1.509165363384818683e-08 9.999999999999999547e-08
5.539492808289061941e+04 1.785678943871708463e-07 9.999999999999999547e-08
5.540410441812458157e+04 1.000315232959265066e-07 9.999999999999999547e-08
5.541328071303732577e+04 -7.442438929163798348e-08 9.999999999999999547e-08
5.542245698727882700e+04 7.205569499859380508e-08 9.999999999999999547e-08
5.543163326219961891e+04 -1.570004490445281288e-07 9.999999999999999547e-08
5.544080955826698482e+04 1.864864272313463769e-08 9.999999999999999547e-08
5.544998589483632531e+04 -1.707313515318942843e-07 9.999999999999999547e-08
5.545916229297978862e+04 -9.416885404433637541e-09 9.999999999999999547e-08
5.546833877079084050e+04 -2.507896392590621071e-08 9.999999999999999547e-08
5.547751534512131184e+04 -8.812786170458161180e-08 9.999999999999999547e-08
5.548669203117500001e+04 1.697708312501479548e-07 9.999999999999999547e-08
5.549586884056685085e+04 -8.137727389754291062e-08 9.999999999999999547e-08
5.550504578210109321e+04 3.404938004825517391e-08 9.999999999999999547e-08
5.551422286283287394e+04 3.583282885951814548e-08 9.999999999999999547e-08
5.552340008485889120e+04 -1.697309674193739389e-07 9.999999999999999547e-08
5.553257744608088251e+04 -2.087043087222360291e-07 9.999999999999999547e-08
5.554175494185488060e+04 -1.402411094315894817e-07 9.999999999999999547e-08
5.555093256290010322e+04 -4.480871327180945710e-08 9.999999999999999547e-08
5.556011029705830151e+04 -4.530448862117109234e-08 9.999999999999999547e-08
5.556928812969395221e+04 1.268412828574789890e-07 9.999999999999999547e-08
5.557846604173613014e+04 -1.836952579975895173e-07 9.999999999999999547e-08
5.558764401230413205e+04 1.568008808697494350e-07 9.999999999999999547e-08
5.559682202037772367e+04 -8.405981313548198976e-08 9.999999999999999547e-08
5.560600004315830301e+04 -2.923367459704984621e-07 9.999999999999999547e-08
5.561517805735988804e+04 -4.350004177557187669e-07 9.999999999999999547e-08
5.562435604106846586e+04 -1.357531250197413881e-07 9.999999999999999547e-08
5.563353397200583277e+04 -8.571607822243621516e-08 9.999999999999999547e-08
5.564271183021081379e+04 -3.047368830464202478e-07 9.999999999999999547e-08
5.565188959955167229e+04 -1.680811821063564015e-07 9.999999999999999547e-08
5.566106726399356558e+04 -1.087135514130534618e-07 9.999999999999999547e-08
5.567024481095110241e+04 -1.732288539966101431e-07 9.999999999999999547e-08
5.567942223180903238e+04 -1.658286325308164210e-07 9.999999999999999547e-08
5.568859952007709217e+04 -1.799025271775932665e-07 9.999999999999999547e-08
5.569777667314092832e+04 -1.265850585032407402e-07 9.999999999999999547e-08
5.570695369229430071e+04 -2.282978084717756089e-07 9.999999999999999547e-08
5.571613057989647496e+04 -4.866874075744407940e-08 9.999999999999999547e-08
5.572530734208783542e+04 -2.047739626136114183e-07 9.999999999999999547e-08
5.573448398948734393e+04 -2.118476383417351143e-07 9.999999999999999547e-08
5.574366053328424459e+04 -2.339262912110439464e-07 9.999999999999999547e-08
5.575283698762091080e+04 -2.518695697883325744e-07 9.999999999999999547e-08
5.576201336905553762e+04 4.287971377342828751e-08 9.999999999999999547e-08
5.577118969435583858e+04 -7.680333804486656573e-08 9.999999999999999547e-08
5.578036598302636412e+04 -2.197171930300636279e-07 9.999999999999999547e-08
5.578954225621865044e+04 -1.117714650447925264e-08 9.999999999999999547e-08
5.579871853355045459e+04 1.781478589505875451e-08 9.999999999999999547e-08
5.580789483550172736e+04 -8.595844501349385101e-08 9.999999999999999547e-08
5.581707118307748897e+04 1.611635412233513144e-07 9.999999999999999547e-08
5.582624759534397890e+04 3.196420041834425730e-08 9.999999999999999547e-08
