5.400000011628543871e+04 1.285315366443651641e-08 9.999999999999999547e-08
5.400917669504907099e+04 -1.416097251356249208e-07 9.999999999999999547e-08
5.401835330766047991e+04 -2.099108716949773658e-07 9.999999999999999547e-08
5.402752996657391486e+04 -1.253688613832199908e-08 9.999999999999999547e-08
5.403670668471090903e+04 -2.357775767850382146e-07 9.999999999999999547e-08
5.404588347342516499e+04 1.411393977472151585e-07 9.999999999999999547e-08
5.405506034109534085e+04 -1.432876646993095057e-07 9.999999999999999547e-08
5.406423729558517516e+04 -9.722099918416063666e-08 9.999999999999999547e-08
5.407341434288070741e+04 -1.197426127496785944e-08 9.999999999999999547e-08
5.408259148445635947e+04 -2.762646337559658788e-08 9.999999999999999547e-08
5.409176872102355264e+04 5.213927166612221927e-08 9.999999999999999547e-08
5.410094605033406697e+04 -1.834508727470916141e-07 9.999999999999999547e-08
5.411012346692769643e+04 -1.154550122700236755e-07 9.999999999999999547e-08
5.411930096402728668e+04 2.160088926153299871e-07 9.999999999999999547e-08
5.412847853220360412e+04 -5.957459249248822056e-08 9.999999999999999547e-08
5.413765615901109413e+04 -2.168701416938246099e-07 9.999999999999999547e-08
5.414683383218833478e+04 4.295811940940329815e-08 9.999999999999999547e-08
5.415601153787934163e+04 -1.409211846118733085e-07 9.999999999999999547e-08
5.416518926060149533e+04 6.712895869253258749e-08 9.999999999999999547e-08
5.417436698579361109e+04 5.442054810342667637e-08 9.999999999999999547e-08
5.418354469850675378e+04 2.210557893647477328e-08 9.999999999999999547e-08
5.419272238382878277e+04 2.405330732713757251e-07 9.999999999999999547e-08
5.420190002880823886e+04 -1.103777704943866552e-08 9.999999999999999547e-08
5.421107762150478811e+04 -8.823347195239256442e-08 9.999999999999999547e-08
5.422025515010106028e+04 -5.624916638075552036e-08 9.999999999999999547e-08
5.422943260627825657e+04 -5.146825890466828925e-08 9.999999999999999547e-08
5.423860998253559956e+04 9.272860595398024620e-08 9.999999999999999547e-08
5.424778727342924685e+04 1.908026508005616416e-07 9.999999999999999547e-08
5.425696447603635897e+04 -2.145467493838314562e-07 9.999999999999999547e-08
5.426614158910787228e+04 -1.097099752776167257e-07 9.999999999999999547e-08
5.427531861289175140e+04 -1.147977886772456879e-07 9.999999999999999547e-08
5.428449555056003737e+04 -3.567750638183546289e-08 9.999999999999999547e-08
5.429367240732150094e+04 -8.619743948143692257e-08 9.999999999999999547e-08
5.430284918900913181e+04 -6.402192065899753916e-08 9.999999999999999547e-08
5.431202590449646959e+04 -7.673799849672113862e-08 9.999999999999999547e-08
5.432120256340142078e+04 4.509242224996591435e-08 9.999999999999999547e-08
5.433037917641703098e+04 2.353922370679258821e-07 9.999999999999999547e-08
5.433955575673151179e+04 2.342751945369210437e-07 9.999999999999999547e-08
5.434873231726633821e+04 1.239547178278035851e-07 9.999999999999999547e-08
5.435790887131330237e+04 -9.921058486685276105e-09 9.999999999999999547e-08
5.436708543365269725e+04 -2.134277517044291012e-08 9.999999999999999547e-08
5.437626201837814733e+04 6.806673879106758701e-08 9.999999999999999547e-08
5.438543863896767289e+04 4.059142334313279727e-08 9.999999999999999547e-08
5.439461530904281972e+04 7.232800119182658661e-08 9.999999999999999547e-08
5.440379204067650426e+04 1.384601803077110835e-07 9.999999999999999547e-08
5.441296884399379633e+04 1.160811014339430006e-07 9.999999999999999547e-08
5.442214572880062769e+04 -8.429876954909670669e-08 9.999999999999999547e-08
5.443132270192886062e+04 -4.404625425333112114e-08 9.999999999999999547e-08
5.444049976763064478e+04 1.312323406284105235e-07 9.999999999999999547e-08
5.444967692838758376e+04 1.348024707594062797e-07 9.999999999999999547e-08
5.445885418391940038e+04 2.152232696055600707e-07 9.999999999999999547e-08
5.446803153103269869e+04 5.465088953020870247e-08 9.999999999999999547e-08
5.447720896483188699e+04 5.178776611329732553e-08 9.999999999999999547e-08
5.448638647715695697e+04 4.381641929691552594e-08 9.999999999999999547e-08
5.449556405764225201e+04 2.238598312315889886e-07 9.999999999999999547e-08
5.450474169505534519e+04 1.607653944201482178e-07 9.999999999999999547e-08
5.451391937612681068e+04 6.594085912504272206e-08 9.999999999999999547e-08
5.452309708630123350e+04 2.458617030712503365e-07 9.999999999999999547e-08
5.453227481110239023e+04 2.603029118479532946e-07 9.999999999999999547e-08
5.454145253520992992e+04 1.151745302769644872e-07 9.999999999999999547e-08
5.455063024323404534e+04 1.562191479475290469e-07 9.999999999999999547e-08
5.455980792204795580e+04 1.947911319335984563e-07 9.999999999999999547e-08
5.456898555774102715e+04 1.186611845885028997e-07 9.999999999999999547e-08
5.457816313803270168e+04 8.879509143427303229e-08 9.999999999999999547e-08
5.458734065331821330e+04 2.597343589055446630e-08 9.999999999999999547e-08
5.459651809426707769e+04 1.494707812803767483e-07 9.999999999999999547e-08
5.460569545366505918e+04 7.703364004415990837e-08 9.999999999999999547e-08
5.461487272758756444e+04 1.822271031952227616e-07 9.999999999999999547e-08
5.462404991243506083e+04 7.899796754212762529e-08 9.999999999999999547e-08
5.463322700738690037e+04 2.502136765824157871e-07 9.999999999999999547e-08
5.464240401410403865e+04 3.139040103365818157e-08 9.999999999999999547e-08
5.465158093548739998e+04 4.178632624390314952e-08 9.999999999999999547e-08
5.466075777645473136e+04 3.366098651866473177e-08 9.999999999999999547e-08
5.466993454457245389e+04 8.883385963503006810e-08 9.999999999999999547e-08
5.467911124801848200e+04 2.006155411476110326e-07 9.999999999999999547e-08
5.468828789667933597e+04 9.087075602132292471e-08 9.999999999999999547e-08
5.469746450267055479e+04 5.184069226658987262e-09 9.999999999999999547e-08
5.470664107801744103e+04 4.707392006526055621e-08 9.999999999999999547e-08
5.471581763603126456e+04 -8.390848445662598380e-09 9.999999999999999547e-08
5.472499419107553695e+04 -7.849919790102875020e-08 9.999999999999999547e-08
5.473417075675577507e+04 -9.658428224175243818e-09 9.999999999999999547e-08
5.474334734715970262e+04 -1.011972775130594385e-07 9.999999999999999547e-08
5.475252397721832676e+04 -7.355986994998173485e-08 9.999999999999999547e-08
5.476170065863801574e+04 -4.711001066841934412e-09 9.999999999999999547e-08
5.477087740366055368e+04 3.766739389494852767e-08 9.999999999999999547e-08
5.478005422298765916e+04 1.622879485514420071e-08 9.999999999999999547e-08
5.478923112491912616e+04 4.510462505410392060e-08 9.999999999999999547e-08
5.479840811596759158e+04 -6.399276351636689842e-08 9.999999999999999547e-08
5.480758520094427513e+04 -2.150459844593182537e-07 9.999999999999999547e-08
5.481676238075671426e+04 -1.259173509718162008e-07 9.999999999999999547e-08
5.482593965476142330e+04 -2.210290301271249180e-07 9.999999999999999547e-08
5.483511703144539933e+04 -1.520491700809815594e-07 9.999999999999999547e-08
5.484429448163329653e+04 -2.095819359303368966e-07 9.999999999999999547e-08
5.485347200839612196e+04 -1.041018688661566076e-07 9.999999999999999547e-08
5.486264960154399887e+04 -1.939516556813897329e-07 9.999999999999999547e-08
5.487182724869746016e+04 8.313525809199782913e-08 9.999999999999999547e-08
5.488100493663337693e+04 -7.405543338528540939e-08 9.999999999999999547e-08
5.489018265137572598e+04 -6.141030459462968519e-08 9.999999999999999547e-08
5.489936037725655478e+04 -1.182761278036635143e-07 9.999999999999999547e-08
5.490853809916778118e+04 -9.772671362467645226e-08 9.999999999999999547e-08
5.491771580301116046e+04 -1.823789697924556910e-07 9.999999999999999547e-08
5.492689347405645094e+04 -7.199737107323105591e-08 9.999999999999999547e-08
5.493607109975833737e+04 -1.175259253227189397e-07 9.999999999999999547e-08
5.494524866838801972e+04 1.503465921918270100e-09 9.999999999999999547e-08
5.495442616933119280e+04 -7.392012264559581552e-08 9.999999999999999547e-08
5.496360359437974694e+04 -2.721051087250514761e-07 9.999999999999999547e-08
5.497278093757476745e+04 -3.051402593149800850e-07 9.999999999999999547e-08
5.498195819380827015e+04 1.045441600420857694e-07 9.999999999999999547e-08
5.499113536082232167e+04 -1.936393502869904625e-07 9.999999999999999547e-08
5.500031243822948454e+04 -2.906592024433486388e-07 9.999999999999999547e-08
5.500948942743003136e+04 -1.017610902600022318e-07 9.999999999999999547e-08
5.501866633241845557e+04 -1.842525861800169833e-07 9.999999999999999547e-08
5.502784315882548981e+04 -1.200732876838822534e-07 9.999999999999999547e-08
5.503701991318361979e+04 -5.454023385434875312e-08 9.999999999999999547e-08
5.504619660469902010e+04 -1.158636442245211871e-07 9.999999999999999547e-08
5.505537324421181984e+04 -3.447839302768511403e-07 9.999999999999999547e-08
5.506454984300520300e+04 -1.214650552921179702e-07 9.999999999999999547e-08
5.507372641385588940e+04 -1.894745224357468691e-07 9.999999999999999547e-08
5.508290297051415837e+04 -1.671116419745513644e-07 9.999999999999999547e-08
5.509207952607880725e+04 -1.602034509700162944e-07 9.999999999999999547e-08
5.510125609567691572e+04 -1.287293953944154037e-07 9.999999999999999547e-08
5.511043269357919053e+04 -1.124585219229314115e-07 9.999999999999999547e-08
5.511960933257522265e+04 -8.977070130553002934e-08 9.999999999999999547e-08
5.512878602584852342e+04 -1.972926322691921069e-07 9.999999999999999547e-08
5.513796278523533692e+04 -1.221513280381094335e-07 9.999999999999999547e-08
5.514713962030030962e+04 -1.275969103767580501e-07 9.999999999999999547e-08
5.515631653951475164e+04 -1.134778340314150479e-07 9.999999999999999547e-08
5.516549354956833122e+04 -7.837911366915739439e-08 9.999999999999999547e-08
5.517467065301026014e+04 -1.973330203112063939e-07 9.999999999999999547e-08
5.518384785183896020e+04 7.730631332246494145e-08 9.999999999999999547e-08
5.519302514468671143e+04 -2.995968272255043379e-08 9.999999999999999547e-08
5.520220252726948092e+04 -4.376602171582555819e-08 9.999999999999999547e-08
5.521137999336265784e+04 -1.718937373342272526e-07 9.999999999999999547e-08
5.522055753451171040e+04 -7.092707662096358075e-09 9.999999999999999547e-08
5.522973513930277841e+04 -9.947839862138602729e-09 9.999999999999999547e-08
5.523891279588254838e+04 5.687655141768064773e-08 9.999999999999999547e-08
5.524809049053978379e+04 7.096949432407321452e-08 9.999999999999999547e-08
5.525726820842213056e+04 6.806792667465624407e-08 9.999999999999999547e-08
5.526644593481803167e+04 2.441849627300432384e-08 9.999999999999999547e-08
5.527562365464591858e+04 8.734630541378184296e-08 9.999999999999999547e-08
5.528480135276191868e+04 2.418235468063243085e-07 9.999999999999999547e-08
5.529397901600887417e+04 1.740418293434658046e-07 9.999999999999999547e-08
5.530315663139343087e+04 2.257431666666938145e-07 9.999999999999999547e-08
5.531233418706505472e+04 6.340019210774275659e-08 9.999999999999999547e-08
5.532151167368571623e+04 2.516648383700842509e-07 9.999999999999999547e-08
5.533068908327708050e+04 3.511571195709920638e-08 9.999999999999999547e-08
5.533986640916686883e+04 2.195695196776164868e-07 9.999999999999999547e-08
5.534904364779397292e+04 -7.805773716371747490e-08 9.999999999999999547e-08
5.535822079724843934e+04 2.576907558364996814e-07 9.999999999999999547e-08
5.536739785658068286e+04 1.096294896851202789e-07 9.999999999999999547e-08
5.537657482894052373e+04 3.227889362831680895e-07 9.999999999999999547e-08
5.538575171780690289e+04 1.708251485748036819e-07 9.999999999999999547e-08
5.539492852883620071e+04 2.195364749159684459e-07 9.999999999999999547e-08
5.540410527020343579e+04 3.217087181434115670e-07 9.999999999999999547e-08
5.541328195079647412e+04 2.658893123865661433e-07 9.999999999999999547e-08
5.542245858098255849e+04 -1.189575296869944108e-08 9.999999999999999547e-08
5.543163517322135885e+04 9.372534827427941180e-08 9.999999999999999547e-08
5.544081174024713982e+04 -1.792480212821222380e-08 9.999999999999999547e-08
5.544998829525753536e+04 2.443308450937247377e-07 9.999999999999999547e-08
5.545916485288427066e+04 7.661150941251857505e-08 9.999999999999999547e-08
5.546834142707920546e+04 2.985955272118543359e-07 9.999999999999999547e-08
5.547751803178508271e+04 3.132407279975545744e-07 9.999999999999999547e-08
5.548669468073586904e+04 8.568845188168726301e-08 9.999999999999999547e-08
5.549587138658927870e+04 2.744561128491158165e-07 9.999999999999999547e-08
5.550504815989839699e+04 1.492519947212298108e-07 9.999999999999999547e-08
5.551422501134284539e+04 -4.768387777004593328e-08 9.999999999999999547e-08
5.552340194844509824e+04 1.437066301611341601e-07 9.999999999999999547e-08
5.553257897655934357e+04 4.055189921645571179e-08 9.999999999999999547e-08
5.554175609933741362e+04 2.339702437617768028e-08 9.999999999999999547e-08
5.555093331701843999e+04 2.007440598929089165e-08 9.999999999999999547e-08
5.556011062791211589e+04 -4.343255039566479091e-08 9.999999999999999547e-08
5.556928802800658013e+04 3.371746498383444512e-08 9.999999999999999547e-08
5.557846550998049497e+04 -4.818851231639025028e-08 9.999999999999999547e-08
5.558764306433949241e+04 6.706513694699664134e-08 9.999999999999999547e-08
5.559682068059081212e+04 -2.792095051616602228e-08 9.999999999999999547e-08
5.560599834589006059e+04 -7.519418178913749058e-08 9.999999999999999547e-08
5.561517604623080842e+04 5.371937281786843715e-08 9.999999999999999547e-08
5.562435376719565829e+04 -3.031825191714585512e-07 9.999999999999999547e-08
5.563353149345124257e+04 -1.415152343956182346e-07 9.999999999999999547e-08
5.564270920981794916e+04 -3.435538060877300675e-09 9.999999999999999547e-08
5.565188690230963402e+04 -2.518157330625628270e-07 9.999999999999999547e-08
5.566106455703523534e+04 -7.622353691341612948e-08 9.999999999999999547e-08
5.567024216110609996e+04 -6.922150310537727102e-08 9.999999999999999547e-08
5.567941970379712438e+04 1.352473984969551577e-08 9.999999999999999547e-08
5.568859717576837284e+04 -4.826615670732146712e-08 9.999999999999999547e-08
5.569777456860870006e+04 1.433194881006495745e-07 9.999999999999999547e-08
5.570695187775270460e+04 -9.759723431351299183e-08 9.999999999999999547e-08
5.571612909871013107e+04 -2.130507719880454930e-07 9.999999999999999547e-08
5.572530622966708324e+04 1.046132732690621030e-07 9.999999999999999547e-08
5.573448327172482823e+04 -1.155268252324287655e-07 9.999999999999999547e-08
5.574366022703445196e+04 -1.682700444523248431e-07 9.999999999999999547e-08
5.575283709965750313e+04 -1.129734154639050280e-07 9.999999999999999547e-08
5.576201389643710718e+04 -2.627508380937514821e-08 9.999999999999999547e-08
5.577119062466189644e+04 -2.332400414608355865e-07 9.999999999999999547e-08
5.578036729401053890e+04 6.755767667862010393e-08 9.999999999999999547e-08
5.578954391584088444e+04 4.692748641560446791e-08 9.999999999999999547e-08
5.579872050210040470e+04 -6.303846103700786518e-08 9.999999999999999547e-08
5.580789706537206075e+04 -2.356894574206433946e-07 9.999999999999999547e-08
5.581707361997709086e+04 -3.484447601793644914e-08 9.999999999999999547e-08
5.582625017969309556e+04 -8.149475359971557784e-11 9.999999999999999547e-08
