5.399999853703931876e+04 1.623900180261334540e-07 9.999999999999999547e-08
5.400917489672075317e+04 -2.237043948705481923e-08 9.999999999999999547e-08
5.401835133470009896e+04 -1.591671911213911138e-07 9.999999999999999547e-08
5.402752786803208437e+04 -7.388448286129252508e-08 9.999999999999999547e-08
5.403670451335746475e+04 -1.134707943648384825e-07 9.999999999999999547e-08
5.404588128368118487e+04 -3.990416580762432331e-08 9.999999999999999547e-08
5.405505818851741060e+04 -3.402606602969241334e-07 9.999999999999999547e-08
5.406423523559295427e+04 -1.074524643187785640e-07 9.999999999999999547e-08
5.407341242842405336e+04 9.646187301076473957e-08 9.999999999999999547e-08
5.408258976491331123e+04 1.002042812489089186e-07 9.999999999999999547e-08
5.409176724091939832e+04 1.508445484262565987e-08 9.999999999999999547e-08
5.410094484808040579e+04 -7.501449862821519954e-08 9.999999999999999547e-08
5.411012257354314352e+04 5.505100725370420833e-08 9.999999999999999547e-08
5.411930040297324012e+04 -1.343730437329720948e-08 9.999999999999999547e-08
5.412847831772267091e+04 -7.452171688340325756e-08 9.999999999999999547e-08
5.413765629618336243e+04 7.304293931309216955e-09 9.999999999999999547e-08
5.414683431728015421e+04 -1.121400428127894736e-07 9.999999999999999547e-08
5.415601235817322595e+04 -4.781516624085800242e-08 9.999999999999999547e-08
5.416519039495689503e+04 1.441468109947788819e-08 9.999999999999999547e-08
5.417436840510567708e+04 -8.927529407269864892e-09 9.999999999999999547e-08
5.418354636648493761e+04 -5.769860257212615253e-08 9.999999999999999547e-08
5.419272425799185294e+04 -5.960237259061101988e-08 9.999999999999999547e-08
5.420190206279174163e+04 -1.282053716817019607e-07 9.999999999999999547e-08
5.421107976480657817e+04 -1.366144418916457953e-07 9.999999999999999547e-08
5.422025734983831353e+04 -1.441013788163686034e-07 9.999999999999999547e-08
5.422943480850436754e+04 8.046581212404373366e-08 9.999999999999999547e-08
5.423861213379909896e+04 -1.819176656230533789e-07 9.999999999999999547e-08
5.424778932172551868e+04 -2.238645336232622743e-07 9.999999999999999547e-08
5.425696637253108929e+04 6.229226575051663787e-09 9.999999999999999547e-08
5.426614328828177531e+04 -2.866429226487229892e-07 9.999999999999999547e-08
5.427532007375099056e+04 -4.078637706985140229e-08 9.999999999999999547e-08
5.428449673858684400e+04 -7.081498977138415908e-08 9.999999999999999547e-08
5.429367329425107891e+04 -1.311757534410823886e-07 9.999999999999999547e-08
5.430284975363979902e+04 1.197106061661180792e-08 9.999999999999999547e-08
5.431202613326004212e+04 -8.123725561037990920e-08 9.999999999999999547e-08
5.432120245037036511e+04 2.581999730402708883e-08 9.999999999999999547e-08
5.433037872409791453e+04 -1.070776161566471211e-07 9.999999999999999547e-08
5.433955497596853093e+04 -6.542847482365807469e-08 9.999999999999999547e-08
5.434873122680836968e+04 -1.579659178157211996e-07 9.999999999999999547e-08
5.435790749721107568e+04 1.958514591227339643e-08 9.999999999999999547e-08
5.436708380910645064e+04 2.284742646960024892e-07 9.999999999999999547e-08
5.437626018326982012e+04 7.749880737513295841e-08 9.999999999999999547e-08
5.438543663861723326e+04 3.013589989221041653e-07 9.999999999999999547e-08
5.439461319374329469e+04 6.632059420842475027e-09 9.999999999999999547e-08
5.440378986314891517e+04 2.936091058414867038e-08 9.999999999999999547e-08
5.441296665918483632e+04 6.924165027957201866e-08 9.999999999999999547e-08
5.442214359252177383e+04 3.265773668892884341e-08 9.999999999999999547e-08
5.443132066897083132e+04 -1.663046411017176859e-08 9.999999999999999547e-08
5.444049789039487951e+04 7.571585056065931309e-08 9.999999999999999547e-08
5.444967525561741058e+04 3.988770667744924700e-08 9.999999999999999547e-08
5.445885275882362475e+04 8.155014662531102141e-08 9.999999999999999547e-08
5.446803039037802955e+04 4.342772989279588065e-08 9.999999999999999547e-08
5.447720813868396363e+04 -1.003224957255610497e-07 9.999999999999999547e-08
5.448638598699397699e+04 2.788926701390066915e-08 9.999999999999999547e-08
5.449556391568872641e+04 7.187184404629246802e-08 9.999999999999999547e-08
5.450474190501683915e+04 1.929198680878401561e-07 9.999999999999999547e-08
5.451391993220185395e+04 5.164554088962900694e-08 9.999999999999999547e-08
5.452309797403777338e+04 2.138073846587864591e-07 9.999999999999999547e-08
5.453227600784147944e+04 1.589762792953263881e-07 9.999999999999999547e-08
5.454145401010699425e+04 -1.278495813771046917e-07 9.999999999999999547e-08
5.455063195876860118e+04 1.338833899113847039e-07 9.999999999999999547e-08
5.455980983509108773e+04 -9.990170451401689007e-08 9.999999999999999547e-08
5.456898762078560685e+04 9.318365973113124828e-08 9.999999999999999547e-08
5.457816530008501286e+04 1.431862422256299368e-07 9.999999999999999547e-08
5.458734286116670410e+04 6.993294827592371052e-09 9.999999999999999547e-08
5.459652029379064334e+04 1.081425071929056948e-07 9.999999999999999547e-08
5.460569759171916667e+04 3.537206775525754173e-08 9.999999999999999547e-08
5.461487475295885815e+04 -8.551162899345866154e-09 9.999999999999999547e-08
5.462405177659749461e+04 3.015348914286591629e-07 9.999999999999999547e-08
5.463322866551650077e+04 1.389855029851394108e-07 9.999999999999999547e-08
5.464240542678660859e+04 1.363807545996321362e-07 9.999999999999999547e-08
5.465158206911924208e+04 1.370884608092181051e-07 9.999999999999999547e-08
5.466075860419376113e+04 1.487197225747252435e-07 9.999999999999999547e-08
5.466993504698723700e+04 -6.972871807031256031e-08 9.999999999999999547e-08
5.467911141273081739e+04 7.287853911348427711e-09 9.999999999999999547e-08
5.468828771941157902e+04 1.011346607224860924e-07 9.999999999999999547e-08
5.469746398774940462e+04 -5.050509906100285269e-08 9.999999999999999547e-08
5.470664023772351356e+04 -3.405534074444037498e-08 9.999999999999999547e-08
5.471581649054757872e+04 -1.195433921837944430e-07 9.999999999999999547e-08
5.472499276814108453e+04 -9.204939599917825868e-08 9.999999999999999547e-08
5.473416909085914813e+04 1.973106099794061679e-07 9.999999999999999547e-08
5.474334547941478377e+04 1.134788643727259193e-07 9.999999999999999547e-08
5.475252195405039674e+04 -1.478902274930644554e-07 9.999999999999999547e-08
5.476169853076177969e+04 -1.123163803517319534e-07 9.999999999999999547e-08
5.477087522432857804e+04 1.839519942694838860e-07 9.999999999999999547e-08
5.478005204762434005e+04 8.929604567114279255e-09 9.999999999999999547e-08
5.478922900899274100e+04 8.912902763396151712e-09 9.999999999999999547e-08
5.479840611418300250e+04 -6.476683692701271729e-09 9.999999999999999547e-08
5.480758336512095411e+04 6.686020343907357010e-08 9.999999999999999547e-08
5.481676075829605543e+04 7.940294389087810369e-08 9.999999999999999547e-08
5.482593828771063272e+04 -5.598381424806316793e-08 9.999999999999999547e-08
5.483511595586491603e+04 -8.616591076652284600e-08 9.999999999999999547e-08
5.484429372540792974e+04 -2.678900170134816485e-07 9.999999999999999547e-08
5.485347159117530828e+04 4.809926104248201095e-08 9.999999999999999547e-08
5.486264953429790330e+04 6.743029555577803661e-09 9.999999999999999547e-08
5.487182753271878755e+04 1.030530644530061212e-07 9.999999999999999547e-08
5.488100556465546106e+04 1.181884065239774429e-07 9.999999999999999547e-08
5.489018360745346581e+04 2.838767392882272076e-07 9.999999999999999547e-08
5.489936163670125825e+04 -1.089041337883417164e-07 9.999999999999999547e-08
5.490853962981436052e+04 1.846078467450920672e-08 9.999999999999999547e-08
5.491771756616731727e+04 -7.284496011093060482e-09 9.999999999999999547e-08
5.492689542567452008e+04 -3.250071172311641925e-08 9.999999999999999547e-08
5.493607319137732702e+04 2.175774896184569412e-07 9.999999999999999547e-08
5.494525084869696002e+04 -2.008640556333427661e-07 9.999999999999999547e-08
5.495442838458636106e+04 1.209778695286619699e-07 9.999999999999999547e-08
5.496360579060215241e+04 2.097605537175853831e-08 9.999999999999999547e-08
5.497278306216534838e+04 -6.191955151868312703e-08 9.999999999999999547e-08
5.498196019572507794e+04 -9.737522947195351700e-08 9.999999999999999547e-08
5.499113719217368634e+04 -1.417162146465159811e-07 9.999999999999999547e-08
5.500031405547956092e+04 -5.516251443781771798e-09 9.999999999999999547e-08
5.500949079194278602e+04 6.112347418078151039e-08 9.999999999999999547e-08
5.501866741192366317e+04 -1.496144400323915856e-07 9.999999999999999547e-08
5.502784392810887948e+04 -1.638743772188266142e-07 9.999999999999999547e-08
5.503702035385665658e+04 4.610064676871380271e-08 9.999999999999999547e-08
5.504619670606840373e+04 -3.004879269514274088e-08 9.999999999999999547e-08
5.505537300402225810e+04 -3.274359787384671934e-07 9.999999999999999547e-08
5.506454926684402017e+04 -1.812662952780464411e-07 9.999999999999999547e-08
5.507372551580133586e+04 -1.380372104343989160e-07 9.999999999999999547e-08
5.508290177235008741e+04 -4.842318519564987936e-08 9.999999999999999547e-08
5.509207805673175608e+04 -4.582311711104818032e-09 9.999999999999999547e-08
5.510125439103466488e+04 -3.135556485501964042e-08 9.999999999999999547e-08
5.511043079602477519e+04 -2.691219713755115365e-07 9.999999999999999547e-08
5.511960728941157140e+04 -1.271718961361345385e-08 9.999999999999999547e-08
5.512878388827686285e+04 1.240933898314610503e-08 9.999999999999999547e-08
5.513796060729614692e+04 -1.121105659617132814e-07 9.999999999999999547e-08
5.514713745724395994e+04 -1.203473824593291010e-07 9.999999999999999547e-08
5.515631444721326261e+04 4.180828321315517987e-08 9.999999999999999547e-08
5.516549158203182014e+04 -9.615814442734041653e-08 9.999999999999999547e-08
5.517466886114498629e+04 -9.936122576861807251e-08 9.999999999999999547e-08
5.518384628212296229e+04 9.557343129511302198e-08 9.999999999999999547e-08
5.519302383826801815e+04 -2.805847133813134313e-09 9.999999999999999547e-08
5.520220151824705681e+04 -1.309803262378792244e-08 9.999999999999999547e-08
5.521137930845529627e+04 -1.189622845992568591e-07 9.999999999999999547e-08
5.522055719158158172e+04 -8.378619169882282591e-08 9.999999999999999547e-08
5.522973514701144450e+04 4.144723105503541453e-08 9.999999999999999547e-08
5.523891315415270219e+04 -7.837423136988355350e-08 9.999999999999999547e-08
5.524809119063729304e+04 5.117720974775238034e-08 9.999999999999999547e-08
5.525726923208928929e+04 -3.033534119592427224e-08 9.999999999999999547e-08
5.526644725600029051e+04 -8.347791514618229351e-08 9.999999999999999547e-08
5.527562523982176208e+04 -1.304796180735707457e-07 9.999999999999999547e-08
5.528480316202630638e+04 1.189972659773985823e-07 9.999999999999999547e-08
5.529398100443807925e+04 -2.128627047238972299e-07 9.999999999999999547e-08
5.530315874998896470e+04 -7.873690658729880604e-08 9.999999999999999547e-08
5.531233638348565000e+04 -1.525219880616602633e-08 9.999999999999999547e-08
5.532151389423917135e+04 2.043328545564793453e-07 9.999999999999999547e-08
5.533069127433403628e+04 -4.363756868451610195e-08 9.999999999999999547e-08
5.533986851799919532e+04 3.256265682826389624e-08 9.999999999999999547e-08
5.534904562434527179e+04 1.045783736935082933e-07 9.999999999999999547e-08
5.535822259413690335e+04 2.259000459249515633e-08 9.999999999999999547e-08
5.536739943107550789e+04 7.456832146037075425e-08 9.999999999999999547e-08
5.537657614372046373e+04 1.060445198048521986e-07 9.999999999999999547e-08
5.538575274221775908e+04 -1.272848090990249409e-07 9.999999999999999547e-08
5.539492923868235812e+04 6.368110148996803016e-08 9.999999999999999547e-08
5.540410564855860866e+04 9.997988021211929856e-08 9.999999999999999547e-08
5.541328198876135139e+04 1.433527366952965191e-07 9.999999999999999547e-08
5.542245827760294196e+04 3.715319208342983716e-08 9.999999999999999547e-08
5.543163453622053203e+04 -6.629355979980451063e-09 9.999999999999999547e-08
5.544081078525425983e+04 2.487276101147988951e-07 9.999999999999999547e-08
5.544998704503555928e+04 1.261405070071130942e-07 9.999999999999999547e-08
5.545916333798322739e+04 -1.154103502229513784e-07 9.999999999999999547e-08
5.546833968500501214e+04 5.001352858963610752e-08 9.999999999999999547e-08
5.547751610568647448e+04 1.819407620186119986e-07 9.999999999999999547e-08
5.548669261910720525e+04 3.133866069245708850e-08 9.999999999999999547e-08
5.549586924104949139e+04 8.696964632646161564e-08 9.999999999999999547e-08
5.550504598476555839e+04 2.047055299134248907e-07 9.999999999999999547e-08
5.551422286226140568e+04 1.397043088260364799e-07 9.999999999999999547e-08
5.552339988113117579e+04 7.449041461418714389e-08 9.999999999999999547e-08
5.553257704422096140e+04 1.893282996506737817e-07 9.999999999999999547e-08
5.554175435227942944e+04 7.691212379656408085e-08 9.999999999999999547e-08
5.555093180085207132e+04 2.935229789853226831e-08 9.999999999999999547e-08
5.556010938218230149e+04 8.635097840109689097e-09 9.999999999999999547e-08
5.556928708575404744e+04 5.011232577965524828e-08 9.999999999999999547e-08
5.557846489608697448e+04 -7.570126213721417073e-08 9.999999999999999547e-08
5.558764279468129098e+04 1.429280710841437639e-07 9.999999999999999547e-08
5.559682076233655971e+04 2.199209049073650364e-08 9.999999999999999547e-08
5.560599877728857973e+04 6.813886002341243462e-08 9.999999999999999547e-08
5.561517681615947367e+04 1.292904462456512460e-07 9.999999999999999547e-08
5.562435485633077042e+04 -7.461470247400949834e-08 9.999999999999999547e-08
5.563353287396659289e+04 1.921593862727749609e-07 9.999999999999999547e-08
5.564271084645749215e+04 -1.243121703709806477e-08 9.999999999999999547e-08
5.565188875460014970e+04 -8.206396871605145413e-08 9.999999999999999547e-08
5.566106657906371402e+04 2.512370486626104063e-08 9.999999999999999547e-08
5.567024430281206151e+04 -3.251298375298475748e-09 9.999999999999999547e-08
5.567942191278313840e+04 -1.662436772929846027e-07 9.999999999999999547e-08
5.568859939799325366e+04 -9.356486217040454654e-08 9.999999999999999547e-08
5.569777675068514509e+04 -7.412109964444266675e-10 9.999999999999999547e-08
5.570695396746652114e+04 2.303823074180827240e-08 9.999999999999999547e-08
5.571613104626667337e+04 1.502222042715875676e-07 9.999999999999999547e-08
5.572530798840920033e+04 4.105617847832479034e-08 9.999999999999999547e-08
5.573448480016474787e+04 -1.796767966602451385e-07 9.999999999999999547e-08
5.574366148915354279e+04 -9.590667495004210141e-08 9.999999999999999547e-08
5.575283806584790727e+04 1.041023984659173970e-07 9.999999999999999547e-08
5.576201454407998244e+04 -2.025734717620295561e-08 9.999999999999999547e-08
5.577119093838646950e+04 -1.104694435869650469e-07 9.999999999999999547e-08
5.578036726628699398e+04 -1.113306597918536608e-07 9.999999999999999547e-08
5.578954354794097162e+04 -2.966349936109353610e-08 9.999999999999999547e-08
5.579871980294782406e+04 3.535143919517935459e-08 9.999999999999999547e-08
5.580789605179355567e+04 -1.661282306559988051e-07 9.999999999999999547e-08
5.581707231680135737e+04 -1.016695302273164443e-07 9.999999999999999547e-08
5.582624861869271263e+04 1.868981610313105849e-07 9.999999999999999547e-08
