5.399999916246086650e+04 -1.616889407237955101e-07 9.999999999999999547e-08
5.400917547442851355e+04 -2.312267991810821928e-07 9.999999999999999547e-08
5.401835185031915171e+04 9.161116136665682007e-08 9.999999999999999547e-08
5.402752830886114680e+04 -2.596999127707872512e-07 9.999999999999999547e-08
5.403670486825375701e+04 -6.656239737301162615e-08 9.999999999999999547e-08
5.404588154373344150e+04 -1.668360373212138470e-07 9.999999999999999547e-08
5.405505834700627020e+04 -2.201599278062861963e-07 9.999999999999999547e-08
5.406423528837574122e+04 -1.017378334059017987e-07 9.999999999999999547e-08
5.407341237425355212e+04 -3.823071903872326637e-07 9.999999999999999547e-08
5.408258960529404430e+04 -2.130931909912575801e-07 9.999999999999999547e-08
5.409176697997661540e+04 -1.608783314363858184e-07 9.999999999999999547e-08
5.410094449254691426e+04 -8.258754400650973770e-09 9.999999999999999547e-08
5.411012213271164364e+04 -2.122434064022701547e-07 9.999999999999999547e-08
5.411929988841280283e+04 -2.773682427972813854e-07 9.999999999999999547e-08
5.412847774292402028e+04 -1.533575310186071254e-07 9.999999999999999547e-08
5.413765567616131011e+04 -6.489252071975193008e-08 9.999999999999999547e-08
5.414683366796400514e+04 -3.337647819007381027e-08 9.999999999999999547e-08
5.415601169634240796e+04 -2.260789964194294414e-07 9.999999999999999547e-08
5.416518973762194946e+04 -1.688930769227267364e-07 9.999999999999999547e-08
5.417436776901357371e+04 -1.236198454193472300e-07 9.999999999999999547e-08
5.418354576774927409e+04 -1.011723639884504786e-07 9.999999999999999547e-08
5.419272371166000084e+04 3.896316059429411918e-09 9.999999999999999547e-08
5.420190158226369385e+04 -1.382690982957600132e-08 9.999999999999999547e-08
5.421107936215033260e+04 -1.096666622437182226e-07 9.999999999999999547e-08
5.422025703496872302e+04 -2.503614055134989022e-08 9.999999999999999547e-08
5.422943458897432720e+04 -4.797205224440652394e-08 9.999999999999999547e-08
5.423861201489366067e+04 8.349755288749317048e-08 9.999999999999999547e-08
5.424778930627182854e+04 4.057618455350860628e-08 9.999999999999999547e-08
5.425696646092602896e+04 8.662152258008624520e-08 9.999999999999999547e-08
5.426614347851928324e+04 -1.317783793945690984e-07 9.999999999999999547e-08
5.427532036127844913e+04 1.797302016309349337e-07 9.999999999999999547e-08
5.428449711641061003e+04 -1.988757174441693001e-07 9.999999999999999547e-08
5.429367375348261703e+04 -1.226755861438511685e-07 9.999999999999999547e-08
5.430285028351020446e+04 1.056769272973778364e-07 9.999999999999999547e-08
5.431202672112554137e+04 2.250573538176448065e-07 9.999999999999999547e-08
5.432120308227754140e+04 1.421268552659734437e-07 9.999999999999999547e-08
5.433037938481690799e+04 -5.555008559204381815e-08 9.999999999999999547e-08
5.433955564962117933e+04 2.360865294730685897e-07 9.999999999999999547e-08
5.434873189728157013e+04 9.364700570087427190e-09 9.999999999999999547e-08
5.435790814823685650e+04 2.062616325908543831e-07 9.999999999999999547e-08
5.436708442465272674e+04 1.962025584592206178e-07 9.999999999999999547e-08
5.437626074815620814e+04 3.796534405784693057e-08 9.999999999999999547e-08
5.438543713883399323e+04 2.569644600122997373e-07 9.999999999999999547e-08
5.439461361670554470e+04 2.865129608504641519e-07 9.999999999999999547e-08
5.440379019830208563e+04 1.393015594176835672e-07 9.999999999999999547e-08
5.441296689791601239e+04 -3.939967240092981410e-08 9.999999999999999547e-08
5.442214372861859738e+04 1.975425956344286477e-08 9.999999999999999547e-08
5.443132069898259215e+04 9.325516214475424042e-08 9.999999999999999547e-08
5.444049781354206789e+04 1.829651063620729798e-07 9.999999999999999547e-08
5.444967507384412602e+04 4.896714744246879103e-08 9.999999999999999547e-08
5.445885247686391085e+04 -7.217256957388632059e-08 9.999999999999999547e-08
5.446803001548801694e+04 6.168871293948385867e-08 9.999999999999999547e-08
5.447720768060808768e+04 -8.940670947679986636e-08 9.999999999999999547e-08
5.448638545782400615e+04 2.189588755218214485e-08 9.999999999999999547e-08
5.449556332918059343e+04 1.408585674874706592e-07 9.999999999999999547e-08
5.450474127626526752e+04 1.490422207333178702e-07 9.999999999999999547e-08
5.451391927755911456e+04 1.297101406167680528e-08 9.999999999999999547e-08
5.452309731024906068e+04 1.572251846283648133e-07 9.999999999999999547e-08
5.453227535190566414e+04 6.425656148401498127e-08 9.999999999999999547e-08
5.454145337879738508e+04 -1.962581282882399161e-08 9.999999999999999547e-08
5.455063136786216637e+04 -4.564616583077876904e-08 9.999999999999999547e-08
5.455980929927893158e+04 1.355367288688947590e-07 9.999999999999999547e-08
5.456898715350894054e+04 6.219632733001290848e-08 9.999999999999999547e-08
5.457816491276068700e+04 5.062942442349110144e-08 9.999999999999999547e-08
5.458734256325253955e+04 1.636451590718098402e-07 9.999999999999999547e-08
5.459652009250833362e+04 8.018273390382343090e-08 9.999999999999999547e-08
5.460569749183193198e+04 -3.094071598425277843e-08 9.999999999999999547e-08
5.461487475679121417e+04 -4.153697933709164389e-08 9.999999999999999547e-08
5.462405188412970892e+04 6.694587027687115598e-08 9.999999999999999547e-08
5.463322887415181322e+04 -3.865525760378253856e-08 9.999999999999999547e-08
5.464240573145882081e+04 -6.737978247438521115e-08 9.999999999999999547e-08
5.465158246255433187e+04 5.251143617546581931e-08 9.999999999999999547e-08
5.466075907701018878e+04 -6.527566525724243444e-08 9.999999999999999547e-08
5.466993558800916799e+04 -7.350200781240546373e-08 9.999999999999999547e-08
5.467911200916463713e+04 -1.920829219118040395e-07 9.999999999999999547e-08
5.468828835684976366e+04 1.023719105458196034e-07 9.999999999999999547e-08
5.469746465093451116e+04 -2.334622228457918530e-08 9.999999999999999547e-08
5.470664091076626210e+04 -1.318009598366372989e-07 9.999999999999999547e-08
5.471581715711471043e+04 -3.052619757863179558e-08 9.999999999999999547e-08
5.472499341201101925e+04 -9.898804021722325589e-09 9.999999999999999547e-08
5.473416969617488212e+04 1.581334967816406570e-07 9.999999999999999547e-08
5.474334603116012295e+04 -1.717293454703467245e-08 9.999999999999999547e-08
5.475252243844812619e+04 -1.055990217458244495e-07 9.999999999999999547e-08
5.476169893581068027e+04 2.312627785010288289e-08 9.999999999999999547e-08
5.477087553963142273e+04 -1.939823019412593568e-07 9.999999999999999547e-08
5.478005226505986502e+04 1.591464893759563295e-07 9.999999999999999547e-08
5.478922912291721150e+04 1.016060922469948931e-07 9.999999999999999547e-08
5.479840612160447199e+04 -7.161819702297632430e-08 9.999999999999999547e-08
5.480758326588293130e+04 1.165456859775428563e-07 9.999999999999999547e-08
5.481676055497263587e+04 8.265242561976627604e-08 9.999999999999999547e-08
5.482593798537147086e+04 2.676942220323175886e-07 9.999999999999999547e-08
5.483511556233044394e+04 7.276420960600062253e-08 9.999999999999999547e-08
5.484429325099501148e+04 2.068414270542045032e-07 9.999999999999999547e-08
5.485347104827179282e+04 1.229329078512567960e-07 9.999999999999999547e-08
5.486264893693142221e+04 8.746503575813439489e-08 9.999999999999999547e-08
5.487182689639110322e+04 2.749864502859512714e-08 9.999999999999999547e-08
5.488100490568565147e+04 6.377766443902015690e-08 9.999999999999999547e-08
5.489018294276488450e+04 -1.287873302392216420e-08 9.999999999999999547e-08
5.489936098331427638e+04 -1.424834929201178921e-07 9.999999999999999547e-08
5.490853900423508458e+04 1.461190370713861781e-07 9.999999999999999547e-08
5.491771698399673187e+04 1.395241356590078979e-07 9.999999999999999547e-08
5.492689490146882599e+04 1.306627833227345782e-07 9.999999999999999547e-08
5.493607273808705941e+04 1.154037343432696510e-07 9.999999999999999547e-08
5.494525047747910139e+04 -8.539650366997453086e-08 9.999999999999999547e-08
5.495442810447468219e+04 -1.638085767406619989e-07 9.999999999999999547e-08
5.496360560819019884e+04 -1.452090178501407597e-07 9.999999999999999547e-08
5.497278298180495767e+04 1.285375652457291479e-07 9.999999999999999547e-08
5.498196021938025660e+04 9.034275589411495769e-08 9.999999999999999547e-08
5.499113731920183636e+04 5.397010246888895708e-08 9.999999999999999547e-08
5.500031428278108069e+04 5.727846509384373093e-08 9.999999999999999547e-08
5.500949111403508869e+04 -6.966585467593741021e-08 9.999999999999999547e-08
5.501866782106511528e+04 6.945482136156248018e-08 9.999999999999999547e-08
5.502784441456316563e+04 -1.289412132617668450e-07 9.999999999999999547e-08
5.503702090618490911e+04 9.623963724734768956e-09 9.999999999999999547e-08
5.504619731099776982e+04 2.142072308956940115e-08 9.999999999999999547e-08
5.505537364699942555e+04 -9.276112409790114579e-08 9.999999999999999547e-08
5.506454993247913080e+04 6.025787287958481539e-08 9.999999999999999547e-08
5.507372618801750650e+04 9.626155549231172768e-08 9.999999999999999547e-08
5.508290243487212138e+04 -4.665001191691492336e-08 9.999999999999999547e-08
5.509207869339387980e+04 5.125118521848842599e-08 9.999999999999999547e-08
5.510125498606973997e+04 -1.218643987265081028e-08 9.999999999999999547e-08
5.511043133463394042e+04 -8.071990774073628228e-09 9.999999999999999547e-08
5.511960775825091696e+04 -6.785857468761808721e-10 9.999999999999999547e-08
5.512878427541895508e+04 -2.527051982345001539e-08 9.999999999999999547e-08
5.513796090297374758e+04 -7.831845141376058149e-08 9.999999999999999547e-08
5.514713765373763454e+04 -1.138056253292912412e-07 9.999999999999999547e-08
5.515631453936958133e+04 -3.993566786831000870e-08 9.999999999999999547e-08
5.516549156751968985e+04 8.412158349610121493e-08 9.999999999999999547e-08
5.517466874032027408e+04 1.956317488428806397e-08 9.999999999999999547e-08
5.518384605793043738e+04 6.796434405072087827e-08 9.999999999999999547e-08
5.519302351648190233e+04 1.390975452076646951e-07 9.999999999999999547e-08
5.520220110722396203e+04 -3.794152732396544041e-08 9.999999999999999547e-08
5.521137881881612702e+04 1.696119105842124556e-07 9.999999999999999547e-08
5.522055663618919061e+04 2.250323923410989756e-08 9.999999999999999547e-08
5.522973454018252232e+04 7.989277589158390627e-09 9.999999999999999547e-08
5.523891251149169693e+04 7.526150898082355279e-08 9.999999999999999547e-08
5.524809052870174492e+04 -1.151720867498164495e-07 9.999999999999999547e-08
5.525726856792537728e+04 -1.308649662975726170e-08 9.999999999999999547e-08
5.526644660644754185e+04 -5.006323597952820262e-10 9.999999999999999547e-08
5.527562462131054781e+04 1.478307791756881736e-07 9.999999999999999547e-08
5.528480258996667544e+04 2.829800548123890821e-07 9.999999999999999547e-08
5.529398049304802407e+04 8.024870981944186413e-08 9.999999999999999547e-08
5.530315831195674400e+04 -2.745108772568885685e-08 9.999999999999999547e-08
5.531233602953169611e+04 8.371315155364381108e-08 9.999999999999999547e-08
5.532151363285611296e+04 -9.118217054538667709e-10 9.999999999999999547e-08
5.533069111176169099e+04 1.320018724724578573e-07 9.999999999999999547e-08
5.533986845815860579e+04 4.798292263398980303e-08 9.999999999999999547e-08
5.534904566855009034e+04 -9.285433777684828403e-08 9.999999999999999547e-08
5.535822274135624320e+04 -2.379096852943858638e-07 9.999999999999999547e-08
5.536739967765873735e+04 2.252899340522904936e-07 9.999999999999999547e-08
5.537657648368836090e+04 1.463251025203717872e-07 9.999999999999999547e-08
5.538575316751532955e+04 4.754133459938164556e-08 9.999999999999999547e-08
5.539492973923953105e+04 1.019212936970709990e-07 9.999999999999999547e-08
5.540410621240882028e+04 -4.590490776896735334e-08 9.999999999999999547e-08
5.541328260243180557e+04 1.008421402393612164e-07 9.999999999999999547e-08
5.542245892639717204e+04 3.443156372119585644e-08 9.999999999999999547e-08
5.543163520441813307e+04 -2.488307505682025186e-07 9.999999999999999547e-08
5.544081145688176184e+04 6.508552070125832934e-09 9.999999999999999547e-08
5.544998770384053933e+04 -2.856732514596917424e-09 9.999999999999999547e-08
5.545916396763717057e+04 -6.423668943398741870e-09 9.999999999999999547e-08
5.546834027002049697e+04 -2.863136791177564582e-07 9.999999999999999547e-08
5.547751663154058770e+04 -6.142458179124605824e-08 9.999999999999999547e-08
5.548669307268557895e+04 5.189762813482311411e-08 9.999999999999999547e-08
5.549586961088359385e+04 -5.313555875355868413e-08 9.999999999999999547e-08
5.550504626136342267e+04 -8.272888420717639928e-08 9.999999999999999547e-08
5.551422303844908311e+04 2.033020375037182959e-08 9.999999999999999547e-08
5.552339995239824202e+04 -1.174245488964957629e-07 9.999999999999999547e-08
5.553257700868350366e+04 -5.618080794744496426e-08 9.999999999999999547e-08
5.554175421071857272e+04 -1.008417950595580445e-07 9.999999999999999547e-08
5.555093155696067697e+04 -1.296018467165271089e-07 9.999999999999999547e-08
5.556010904216747440e+04 -4.944756559885149046e-08 9.999999999999999547e-08
5.556928665844647912e+04 -1.287725408903386813e-07 9.999999999999999547e-08
5.557846439268568793e+04 -2.123295248120044985e-07 9.999999999999999547e-08
5.558764222822596639e+04 -2.411348653874110341e-08 9.999999999999999547e-08
5.559682014744116168e+04 2.828672431423910716e-08 9.999999999999999547e-08
5.560599812990102510e+04 8.691846464067163397e-08 9.999999999999999547e-08
5.561517615289130481e+04 -3.848076778413726430e-08 9.999999999999999547e-08
5.562435419421859115e+04 1.619993928831262779e-07 9.999999999999999547e-08
5.563353222986422043e+04 6.891894358822135685e-08 9.999999999999999547e-08
5.564271023655137833e+04 5.389853415286955538e-09 9.999999999999999547e-08
5.565188819405936374e+04 8.448804910691142754e-08 9.999999999999999547e-08
5.566106608193250577e+04 -1.816637712743384019e-07 9.999999999999999547e-08
5.567024388141782401e+04 -2.987675539784562620e-09 9.999999999999999547e-08
5.567942157727821905e+04 -2.773288088210192019e-08 9.999999999999999547e-08
5.568859915652270138e+04 7.023879816927300272e-08 9.999999999999999547e-08
5.569777660905124503e+04 9.656702196401295238e-08 9.999999999999999547e-08
5.570695392897209967e+04 4.151304591797712515e-08 9.999999999999999547e-08
5.571613111196146201e+04 4.556494904150319663e-08 9.999999999999999547e-08
5.572530815654038452e+04 -1.376630813483025247e-07 9.999999999999999547e-08
5.573448506664604065e+04 9.729571620022669253e-08 9.999999999999999547e-08
5.574366184761733894e+04 -6.579251022312176107e-08 9.999999999999999547e-08
5.575283850781709771e+04 -4.104051225340638359e-08 9.999999999999999547e-08
5.576201505908060790e+04 1.352431663085742172e-07 9.999999999999999547e-08
5.577119151415560918e+04 -7.714850541162176452e-08 9.999999999999999547e-08
5.578036788899915700e+04 1.061235761756661911e-07 9.999999999999999547e-08
5.578954420266603847e+04 -1.207740539948242092e-07 9.999999999999999547e-08
5.579872047406365164e+04 -2.191496589883034088e-07 9.999999999999999547e-08
5.580789672305848217e+04 7.196997660345645466e-08 9.999999999999999547e-08
5.581707297189614474e+04 -3.990022514911438213e-08 9.999999999999999547e-08
5.582624924157928763e+04 -2.021658038661991971e-07 9.999999999999999547e-08
