1.000000000000000000e+00 -4.661415721502040697e+02 3.718188658089979270e+01 -3.993094988227385329e+05 -1.725015590144958008e+13 -6.335493692320523343e-06 4.935324354869882967e-07 1.113482943670858853e-06 -3.175898599917326948e+01 -1.055877747327939931e+00 -1.725861743468422582e-01 4.308348674661899858e-01 2.715611177020129574e+01 -6.593886587213368714e+07
1.000000000000000000e+00 -4.378313939221985152e+02 2.094846440177076730e+01 -4.029736904244858888e+05 -1.756819433734591992e+13 -6.005325835034961848e-06 2.806102449197947792e-07 9.785716288964154279e-07 -3.153892938653326183e+01 -1.046390215617706287e+00 2.171315202708469783e-01 4.270155552380401343e-01 3.441982512233500557e+01 8.313016267158077657e+07
1.000000000000000000e+00 -3.987209481962960922e+02 4.204976661760899681e+00 -4.066379075513082789e+05 -1.788914011239856641e+13 -5.518612499843813065e-06 5.683895553506270484e-08 8.097940238936056600e-07 -2.651566770156622965e+01 -8.779117489018958276e-01 5.738557675291851012e-01 3.582964232266849791e-01 3.513836591671904586e+01 2.201592504568816125e+08
1.000000000000000000e+00 -3.496852643052642975e+02 -1.265854857685288870e+01 -4.103021576816344750e+05 -1.821299395124259766e+13 -4.883532893839506756e-06 -1.726483175290931321e-07 6.235138384304590223e-07 -1.743898513936273176e+01 -5.761995539861392013e-01 8.434138559550891090e-01 2.351468985378010190e-01 2.889565086813454897e+01 3.242436666017991304e+08
1.000000000000000000e+00 -2.918247170037340652e+02 -2.921252253678456867e+01 -4.139664480826015351e+05 -1.853975658330502344e+13 -4.111877814521769499e-06 -4.019840677706559729e-07 4.378744947153302685e-07 -5.677365733392177205e+00 -1.871991344969346494e-01 9.849266485581613662e-01 7.629279623518835096e-02 1.934369286574582958e+01 3.794280241528766751e+08
1.000000000000000000e+00 -2.266127097825036003e+02 -4.501756705546507220e+01 -4.176307848382783122e+05 -1.886942865415395312e+13 -3.221289472559784492e-06 -6.249555965885572615e-07 2.714386353349069531e-07 6.990073857532864920e+00 2.300095197851934614e-01 9.769844750568765779e-01 -9.414246468582532223e-02 1.206218553301229868e+01 3.771430390656132698e+08
1.000000000000000000e+00 -1.556423605133415151e+02 -5.968881331033976068e+01 -4.212951726230156492e+05 -1.920201070014841406e+13 -2.231861684786897098e-06 -8.358994983326777945e-07 1.407190041110190655e-07 1.864286905384115300e+01 6.121892483027319143e-01 8.208510959148727082e-01 -2.503019012921278708e-01 1.130005572195854135e+01 3.175220677122353315e+08
1.000000000000000000e+00 -8.064618831151865663e+01 -7.283482603467813021e+01 -4.249596155510992394e+05 -1.953750322097580469e+13 -1.166499322660645728e-06 -1.028872086348094725e-06 5.889393965900772814e-08 2.750884462383709916e+01 9.014798266698943463e-01 5.402370014082987781e-01 -3.685072808220178353e-01 1.750061186706888350e+01 2.094031182285867035e+08
1.000000000000000000e+00 -3.614383584066167110e+00 -8.409112905149024186e+01 -4.286241161827830947e+05 -1.987590658524877734e+13 -5.273073545338469075e-08 -1.198123049783018942e-06 3.442194480364067770e-08 3.223129374360129162e+01 1.054080834562450608e+00 1.776974534751447621e-01 -4.308337196596077612e-01 2.704645451624363517e+01 6.901881615544430912e+07
1.000000000000000000e+00 7.348583769356169171e+01 -9.318058592443810539e+01 -4.322886747793519171e+05 -2.021722095466639062e+13 1.081260883887079827e-06 -1.338979512549526197e-06 6.969802043493217446e-08 3.207479004113067589e+01 1.046825549029731794e+00 -2.117962558627936587e-01 -4.278162520761097931e-01 3.436802014553843065e+01 -8.243094287933598459e+07
1.000000000000000000e+00 1.486982099110521460e+02 -9.985058481264069030e+01 -4.359532907336190692e+05 -2.056144640983680859e+13 2.206473345560211228e-06 -1.446988935134199946e-06 1.610368161760061231e-07 2.703946083617973528e+01 8.806931536484328138e-01 -5.691555023512814282e-01 -3.598865680724600558e-01 3.518981444596339259e+01 -2.219661895376075506e+08
1.000000000000000000e+00 2.199783205413674807e+02 -1.039063617480774013e+02 -4.396179617478084401e+05 -2.090858286863298828e+13 3.291609410819946107e-06 -1.518421008296064396e-06 2.988806389513430150e-07 1.786610263833118140e+01 5.807300518057555427e-01 -8.401108807204226148e-01 -2.373223655995778947e-01 2.902743671174382811e+01 -3.283028206462031603e+08
1.000000000000000000e+00 2.854853897234583542e+02 -1.052630239976250550e+02 -4.432826837117093964e+05 -2.125863006780307031e+13 4.307424150167821982e-06 -1.551069456494849158e-06 4.689562421603426603e-07 5.929716374411686530e+00 1.923525978977329853e-01 -9.834514342695588329e-01 -7.870873784020733510e-02 1.947782221193324048e+01 -3.850980001982366443e+08
1.000000000000000000e+00 3.435582972981022181e+02 -1.038764085542214559e+02 -4.469474518104435410e+05 -2.161158766291358594e+13 5.226487212668432287e-06 -1.543291728421227333e-06 6.536634034744489892e-07 -6.964679630306683578e+00 -2.254689323070258600e-01 -9.773172968762114943e-01 9.186755455598503983e-02 1.212407640925202124e+01 -3.834709782658532858e+08
1.000000000000000000e+00 3.926166924178242539e+02 -9.977307932406148439e+01 -4.506122593650060007e+05 -2.196745511250732812e+13 6.021778100465255991e-06 -1.494483127424908506e-06 8.335090454543027667e-07 -1.885474011766503466e+01 -6.091570970053149514e-01 -8.225709023420975097e-01 2.484744105421617943e-01 1.127060407173627254e+01 -3.234052498864618540e+08
1.000000000000000000e+00 4.314394453156594977e+02 -9.309154126671057838e+01 -4.542770983556651045e+05 -2.232623172215867188e+13 6.671042031354178205e-06 -1.405742260003745929e-06 9.900964282588526513e-07 -2.792096648264123360e+01 -9.002521296083891844e-01 -5.427056710353035385e-01 3.672872880483712410e-01 1.741883630977375930e+01 -2.138026728301930130e+08
1.000000000000000000e+00 4.591065884355429034e+02 -8.400450175639011263e+01 -4.579419607320629293e+05 -2.268791676897034766e+13 7.156109039313685359e-06 -1.278755859359652106e-06 1.107764761281997359e-06 -3.276756285998781237e+01 -1.054397962046877302e+00 -1.802830204394166858e-01 4.302300213027538955e-01 2.696942786550746973e+01 -7.116671006501966715e+07
1.000000000000000000e+00 4.748841254047729308e+02 -7.274545102286893439e+01 -4.616068377135011251e+05 -2.305250943156454297e+13 7.461271963734996828e-06 -1.116227483213639138e-06 1.174351490852611436e-06 -3.263920490999122137e+01 -1.048162077716666474e+00 2.095637176313572270e-01 4.277376266843954666e-01 3.433098661038220456e+01 8.289144347437798977e+07
1.000000000000000000e+00 4.784720604250312590e+02 -5.964044912780947527e+01 -4.652717198464930407e+05 -2.342000879298071094e+13 7.577330389358122438e-06 -9.224061681642701636e-07 1.183409821695001670e-06 -2.753896188547838975e+01 -8.826055153040290868e-01 5.675533330194839632e-01 3.602116535198561786e-01 3.519698045806018882e+01 2.249417590258301795e+08
1.000000000000000000e+00 4.699023229445712104e+02 -4.502374005164708848e+01 -4.689365980311396415e+05 -2.379041394214943750e+13 7.500232137626389120e-06 -7.018274233051054508e-07 1.134510420225624379e-06 -1.822880753468654191e+01 -5.830546601697933484e-01 8.393002305792536255e-01 2.379456254612018484e-01 2.906503852152443557e+01 3.333103591796487570e+08
1.000000000000000000e+00 4.494036559105261404e+02 -2.926381270702912829e+01 -4.726014631759550539e+05 -2.416372393999744531e+13 7.229106916571357659e-06 -4.597276316873032696e-07 1.032740675818501630e-06 -6.113388479719678692e+00 -1.951491569999099229e-01 9.835808566841535150e-01 7.953994424978561018e-02 1.952386748393354665e+01 3.913883214476088285e+08
1.000000000000000000e+00 4.176192649653131070e+02 -1.278957443951928497e+01 -4.762663064286209992e+05 -2.453993784326062500e+13 6.769917369437490803e-06 -2.024792807490080537e-07 8.890291318170025438e-07 6.973801356097824033e+00 2.221721725372562684e-01 9.785646288793148351e-01 -9.094036642817440730e-02 1.214868986070116286e+01 3.901682314164190292e+08
1.000000000000000000e+00 3.754671924210826432e+02 3.996030983390379987e+00 -4.799311204090659157e+05 -2.491905483348088281e+13 6.133436765537803949e-06 6.375032395243467540e-08 7.181363191145686027e-07 1.904818454501820568e+01 6.056347802826786975e-01 8.250808735872157129e-01 -2.476236068641268495e-01 1.124407999458719232e+01 3.296262444867402911e+08
1.000000000000000000e+00 3.239937558389066226e+02 2.068692415609514512e+01 -4.835958981653011870e+05 -2.530107411358539453e+13 5.333007983537519766e-06 3.325471022757218960e-07 5.367926832663810848e-07 2.827355088898360691e+01 8.971734664698352013e-01 5.464540530664632190e-01 -3.667478828933730117e-01 1.733615838988140823e+01 2.187459727529954016e+08
1.000000000000000000e+00 2.645731961958048259e+02 3.685005492565120022e+01 -4.872606331681295997e+05 -2.568599490902646484e+13 4.387934680976105913e-06 5.968622363850664424e-07 3.631252576757446708e-07 3.323890220743272295e+01 1.052648315624826525e+00 1.849547112428893136e-01 -4.302491904907904119e-01 2.686979748913444510e+01 7.418417148850713670e+07
1.000000000000000000e+00 1.987449190992861645e+02 5.210947355439689943e+01 -4.909253207278453629e+05 -2.607381661994471875e+13 3.320966175030360056e-06 8.503676990424275378e-07 2.143328139026437316e-07 3.317234705931359429e+01 1.048467805196130032e+00 -2.045918872030315083e-01 -4.284883613935762114e-01 3.428186769679015811e+01 -8.222274849408419430e+07
1.000000000000000000e+00 1.280672626867223300e+02 6.611200910601661462e+01 -4.945899571414539241e+05 -2.646453873720147656e+13 2.155938685851876297e-06 1.086926772146225252e-06 1.047483834161971352e-07 2.806072043184530784e+01 8.851598146327905869e-01 -5.630856719486398987e-01 -3.617122281227001523e-01 3.524418225495520574e+01 -2.267431025638973117e+08
1.000000000000000000e+00 5.431256848695564798e+01 7.850452662161760031e+01 -4.982545398314523045e+05 -2.685816086125294531e+13 9.210953520370976442e-07 1.300231252954976635e-06 4.496610408604192492e-08 1.865658466973604845e+01 5.873550208212459101e-01 -8.360906269939760715e-01 -2.400286458468603723e-01 2.919084013026542124e+01 -3.373395748159024715e+08
1.000000000000000000e+00 -2.070656247893294832e+01 8.901349277767793922e+01 -5.019190679262260674e+05 -2.725468276964489062e+13 -3.537485650991738306e-07 1.485128986004168129e-06 4.066368052581030334e-08 6.369923051598899377e+00 2.001474623327560154e-01 -9.820967479081275098e-01 -8.189153758379863479e-02 1.965522784173993998e+01 -3.970277398802213669e+08
1.000000000000000000e+00 -9.527471522450237273e+01 9.740482862217054105e+01 -5.055835412912157481e+05 -2.765410431779053516e+13 -1.639545870958322370e-06 1.636997632113197318e-06 9.231036574316420658e-08 -6.941330913525499469e+00 -2.176745694799554209e-01 -9.788532983408575472e-01 8.868593263078944355e-02 1.221161991424126114e+01 -3.964926526466194391e+08
1.000000000000000000e+00 -1.675754042343928063e+02 1.034624664691273210e+02 -5.092479608156281756e+05 -2.805642547348471094e+13 -2.904641641830730387e-06 1.751405717740929748e-06 1.950499914823574801e-07 -1.925196008433439587e+01 -6.025465686243660635e-01 -8.267943296940313269e-01 2.457763750164515815e-01 1.121595285334300307e+01 -3.355554562538402677e+08
1.000000000000000000e+00 -2.358699054162881339e+02 1.070631455180847666e+02 -5.129123293773204787e+05 -2.846164642804581250e+13 -4.117832306705087029e-06 1.825398858805527288e-06 3.390719699845437968e-07 -2.867911268502034972e+01 -8.958468367848311242e-01 -5.490082226797083909e-01 3.654890311579228057e-01 1.725235761004087465e+01 -2.232509293377263546e+08
1.000000000000000000e+00 -2.986214372670266926e+02 1.081305845938622667e+02 -5.165766507964362390e+05 -2.886976748724362500e+13 -5.250597634188386758e-06 1.856769357482954754e-06 5.109541729664786209e-07 -3.377269622959397566e+01 -1.052901729311298107e+00 -1.877345143991331899e-01 4.296184991188246038e-01 2.678756511201701329e+01 -7.648997146484389901e+07
1.000000000000000000e+00 -3.542915177309981232e+02 1.066156935661949916e+02 -5.202409294716595323e+05 -2.928078903408898438e+13 -6.273620681433918369e-06 1.843742601048015416e-06 6.944618776678048707e-07 -3.374031155080579225e+01 -1.049849145791839522e+00 2.020823780602899467e-01 4.284251018014109680e-01 3.424069435244784643e+01 8.249604223471808434e+07
1.000000000000000000e+00 -4.015224134381429621e+02 1.025671491210199093e+02 -5.239051712457636022e+05 -2.969471162924469922e+13 -7.160040242458414364e-06 1.786222710012658643e-06 8.722300710932962474e-07 -2.857070310472406049e+01 -8.872705996809719942e-01 5.611854947114160996e-01 3.621151546430854684e-01 3.525305009159306735e+01 2.295375567653689086e+08
1.000000000000000000e+00 -4.392449708167370659e+02 9.608006565963523826e+01 -5.275693824873067206e+05 -3.011153591192355859e+13 -7.887499885067952987e-06 1.684951915285628108e-06 1.027596856516550278e-06 -1.903633767124249943e+01 -5.900347005518115084e-01 8.350404977843157717e-01 2.407953317627237189e-01 2.923697694882458364e+01 3.422124968908040524e+08
1.000000000000000000e+00 -4.664694233888563986e+02 8.727749508923409394e+01 -5.312335703242468880e+05 -3.053126262882505078e+13 -8.434545357526752410e-06 1.541212142823311534e-06 1.145319907241936507e-06 -6.575506839980361562e+00 -2.034154845448367110e-01 9.821201032217264926e-01 8.291626071237426232e-02 1.971237203695158513e+01 4.032666482703946233e+08
1.000000000000000000e+00 -4.824705154969307159e+02 7.637714204426433184e+01 -5.348977430931935087e+05 -3.095389268914057812e+13 -8.784044525141770164e-06 1.358028255420435035e-06 1.213877764333226947e-06 6.926598368692534535e+00 2.138636754605817980e-01 9.801773165729199544e-01 -8.754578607509841404e-02 1.224294889719129209e+01 4.032460372575752139e+08
1.000000000000000000e+00 -4.868746324236948908e+02 6.363446793174376381e+01 -5.385619090164192021e+05 -3.137942701517611328e+13 -8.924949466280548705e-06 1.139207113166049273e-06 1.226918354667822946e-06 1.942336375196331133e+01 5.985567357995379423e-01 8.295735751139260428e-01 -2.447313689683065785e-01 1.118690712267192922e+01 3.419451996540502906e+08
1.000000000000000000e+00 -4.794430923705893974e+02 4.932442431333067390e+01 -5.422260762553291861e+05 -3.180786654817191406e+13 -8.848516197966623261e-06 8.890313210727725064e-07 1.182586332098435484e-06 2.901539713262661735e+01 8.924314429877094890e-01 5.531854314291084762e-01 -3.648104767823511230e-01 1.715866935515999359e+01 2.284582629480910897e+08
1.000000000000000000e+00 -4.602560067226453384e+02 3.380407010845363658e+01 -5.458902536609012168e+05 -3.223921233670025391e+13 -8.551805021031323611e-06 6.134073441027081301e-07 1.084574449613984242e-06 3.423670475795193369e+01 1.051006411730778911e+00 1.929259311463036863e-01 -4.295791742360267618e-01 2.667456560098710838e+01 7.982881411968745291e+07
1.000000000000000000e+00 -4.297719597199053396e+02 1.744996887853447021e+01 -5.495544498690204928e+05 -3.267346543182626953e+13 -8.038995590644968067e-06 3.187718938741243692e-07 9.422714587980229604e-07 3.427673046190648876e+01 1.050222820427388681e+00 -1.965879771717137792e-01 -4.292066635877563874e-01 3.418350675353836010e+01 -8.149995575101548433e+07
1.000000000000000000e+00 -3.885985534400620054e+02 6.392991252664650403e-01 -5.532186729004983790e+05 -3.311062683837717578e+13 -7.317302259760755924e-06 1.175643312656658813e-08 7.690796413614316287e-07 2.910580010503409909e+01 8.900857329696744147e-01 -5.562786545885429756e-01 -3.637256285073058315e-01 3.530175556492493172e+01 -2.310588346238852441e+08
1.000000000000000000e+00 -3.376675671285403837e+02 -1.619213648552283757e+01 -5.568829307493037777e+05 -3.355069758338310547e+13 -6.400387082863031808e-06 -2.997386171569371215e-07 5.819446832641340714e-07 1.948475945179930591e+01 5.947290556567446096e-01 -8.315388559074292640e-01 -2.430409467624353170e-01 2.937211712559368237e+01 -3.460516466516564488e+08
1.000000000000000000e+00 -2.782599676263225206e+02 -3.261775603144504743e+01 -5.605472300165205961e+05 -3.399367855028734375e+13 -5.309039126414976857e-06 -6.077723354063299057e-07 3.995433112390066874e-07 6.855682873090414020e+00 2.088566008030210142e-01 -9.805171494495277251e-01 -8.544768052108309142e-02 1.985466662078822964e+01 -4.088275826961926818e+08
1.000000000000000000e+00 -2.117573260194411660e+02 -4.823894345176395859e+01 -5.642115764092380414e+05 -3.443957053432986719e+13 -4.066618404878061043e-06 -9.047204705916084962e-07 2.397376158536834054e-07 -6.872171225225710778e+00 -2.089615564522609992e-01 -9.805036982088060071e-01 8.512930565016887940e-02 1.231219774694150004e+01 -4.095993830635628104e+08
1.000000000000000000e+00 -1.398009589021180545e+02 -6.263121421554476598e+01 -5.678759751469460316e+05 -3.488837428893893359e+13 -2.702194656096626376e-06 -1.182276246277669375e-06 1.186146632988956284e-07 -1.961060794126837692e+01 -5.951685443727146030e-01 -8.314288162582461617e-01 2.427650908404743735e-01 1.115842887069661948e+01 -3.479834907284167409e+08
1.000000000000000000e+00 -6.428009243530694050e+01 -7.541523179168079594e+01 -5.715404296528270934e+05 -3.534009036195582031e+13 -1.250479091333755118e-06 -1.432783806038375448e-06 4.866696474006299937e-08 -2.941165314085170834e+01 -8.909357467042240408e-01 -5.559144011101987415e-01 3.634843209988031232e-01 1.707055271377312522e+01 -2.331113698515808880e+08
1.000000000000000000e+00 1.293635892764087991e+01 -8.627211858474677797e+01 -5.752049417373816250e+05 -3.579471911136772656e+13 2.532722743567518885e-07 -1.649558449831860252e-06 3.701788171166620267e-08 -3.476797126266335880e+01 -1.051201264612435793e+00 -1.958471472429085813e-01 4.289235560478888987e-01 2.658833438145537542e+01 -8.227979590057533979e+07
1.000000000000000000e+00 8.985578634894325489e+01 -9.489134507110776440e+01 -5.788695120183838299e+05 -3.625226075151490625e+13 1.770433875371362517e-06 -1.825920718507628055e-06 8.487138624667899984e-08 -3.484672841899421059e+01 -1.051597742679519554e+00 1.940105904996986541e-01 4.291376028358240280e-01 3.414055515316238143e+01 8.166205102777652442e+07
1.000000000000000000e+00 1.644011255886512970e+02 -1.010410547157727166e+02 -5.825341392879771302e+05 -3.671271526858783594e+13 3.259711418334537376e-06 -1.956563242328646136e-06 1.872283402082829962e-07 -2.961941601716174333e+01 -8.921682515336192276e-01 5.543848186522919441e-01 3.641135222400302962e-01 3.530947576355760731e+01 2.337887110867663324e+08
1.000000000000000000e+00 2.346867783690502733e+02 -1.045750399240380233e+02 -5.861988207057085820e+05 -3.717608243787320312e+13 4.682594477706710126e-06 -2.037734585415779230e-06 3.336350153553417936e-07 -1.986719255427708575e+01 -5.972978281348211294e-01 8.305306197771501475e-01 2.437605830455739642e-01 2.941527154141945388e+01 3.509002636041409969e+08
1.000000000000000000e+00 2.988753044978618618e+02 -1.053784674574443159e+02 -5.898635526345240651e+05 -3.764236192397964844e+13 6.000598632375164338e-06 -2.066227215129813254e-06 5.089572588066955232e-07 -7.061672126502802627e+00 -2.119081520286222320e-01 9.805538536528453086e-01 8.638499738983630716e-02 1.990724033337526677e+01 4.150628048549336791e+08
1.000000000000000000e+00 3.552232827214784834e+02 -1.034335254788335590e+02 -5.935283293243127409e+05 -3.811155310861496094e+13 7.176221930276021501e-06 -2.040691791498388022e-06 6.947278113235936660e-07 6.859153003893465161e+00 2.054460518600241259e-01 9.817459515433747397e-01 -8.410663634382981035e-02 1.234109607227636118e+01 4.163458982556045651e+08
1.000000000000000000e+00 4.023430630038659501e+02 -9.881454431043496811e+01 -5.971931436053976649e+05 -3.858365517181835156e+13 8.178324070220062945e-06 -1.961599410171533667e-06 8.719211169833847245e-07 1.978455521875157075e+01 5.914830514157337626e-01 8.339869721561187221e-01 -2.418409139965955745e-01 1.113312334556359495e+01 3.543445304783512354e+08
1.000000000000000000e+00 4.390378458391890035e+02 -9.162891632721849078e+01 -6.008579881254512584e+05 -3.905866724714236719e+13 8.978975427102954987e-06 -1.830117722656038003e-06 1.022452883049389462e-06 2.974958211928272434e+01 8.877426670871797487e-01 5.597271940730952355e-01 -3.628948113290165756e-01 1.698678815452340274e+01 2.382608375000033081e+08
1.000000000000000000e+00 4.643335573452886251e+02 -8.207656471244283125e+01 -6.045228542917587329e+05 -3.953658828257357812e+13 9.554231946668359382e-06 -1.649326102467367853e-06 1.130833924395532267e-06 3.523125777322348284e+01 1.049363815581358716e+00 2.005720977238286129e-01 -4.289088289576206692e-01 2.648614826874777251e+01 8.553720604176361859e+07
1.000000000000000000e+00 4.777077544024216991e+02 -7.043382665373658824e+01 -6.081877329948402476e+05 -4.001741713083953125e+13 9.889012645394691645e-06 -1.423946188811813825e-06 1.186487472122153659e-06 3.537931351172267114e+01 1.051817882061462761e+00 -1.890073779962802014e-01 -4.298595441479699519e-01 3.408780789522296573e+01 -8.075512424327366054e+07
1.000000000000000000e+00 4.788875938456866379e+02 -5.699040206688009391e+01 -6.118526152783955913e+05 -4.050115263605253906e+13 9.973173902337540149e-06 -1.159106066268521545e-06 1.183917373557059717e-06 3.014767415251879967e+01 8.946221932121913856e-01 -5.499012145787094408e-01 -3.655798698233794775e-01 3.535247712741265502e+01 -2.353863661322251260e+08
1.000000000000000000e+00 4.678607102117080103e+02 -4.210452633476904083e+01 -6.155174916661868338e+05 -4.098779354467012500e+13 9.801893056032063930e-06 -8.614772683290744687e-07 1.123470430206035271e-06 2.030659379717208068e+01 6.014771525922165685e-01 -8.273013084435618669e-01 -2.457975788960088115e-01 2.953741150854056485e+01 -3.547840917069574594e+08
1.000000000000000000e+00 4.450673815168596548e+02 -2.617985218546628090e+01 -6.191823529493090464e+05 -4.147733860890765625e+13 9.379880848725971352e-06 -5.388407072159557052e-07 1.012142279657336284e-06 7.331925018519470427e+00 2.167692900810674062e-01 -9.790213209091132018e-01 -8.867863946899354199e-02 2.003695930279794268e+01 -4.206248144579164982e+08
1.000000000000000000e+00 4.111618857007019301e+02 -9.602039306358118864e+00 -6.228471912130148849e+05 -4.196978672618123438e+13 8.716604566088411975e-06 -1.988014862353562544e-07 8.614646329094814639e-07 -6.814109472459166206e+00 -2.010888628159087366e-01 -9.819347149921096030e-01 8.191567955483868013e-02 1.240551322115724631e+01 -4.226551674064439535e+08
1.000000000000000000e+00 3.670106600891935500e+02 7.206860168896692898e+00 -6.265119986552851042e+05 -4.246513678408395312e+13 7.826382268237169849e-06 1.500894360104112607e-07 6.863617090667672846e-07 -1.997930847967357337e+01 -5.885183599856191883e-01 -8.355355519175926560e-01 2.400508675783554480e-01 1.110967900085873339e+01 -3.603029771445027590e+08
1.000000000000000000e+00 3.138571770183461354e+02 2.381400111408466458e+01 -6.301767681718060048e+05 -4.296338774059700000e+13 6.732051624961782355e-06 4.988493323889356213e-07 5.045203755958792124e-07 -3.015052643246519892e+01 -8.864956151381161442e-01 -5.620531370000539928e-01 3.616718694550289381e-01 1.690953144446687517e+01 -2.428164828742202222e+08
1.000000000000000000e+00 2.530589443470950357e+02 3.983565657995418974e+01 -6.338414942594292806e+05 -4.346453875076280469e+13 5.459531092725962838e-06 8.393194426431723018e-07 3.338519249747177969e-07 -3.576412760647177436e+01 -1.049622011164432323e+00 -2.030803325569351947e-01 4.282781920568564660e-01 2.640964538060026001e+01 -8.789517854476238787e+07
1.000000000000000000e+00 1.860868366501298397e+02 5.488085126552137893e+01 -6.375061719363005832e+05 -4.396858902407698438e+13 4.037876500992510650e-06 1.163000415713146309e-06 1.909622352036168126e-07 -3.594844988668589991e+01 -1.053102227738683894e+00 1.867753463566811378e-01 4.297505929872668662e-01 3.404842124457362473e+01 8.098632045653927326e+07
1.000000000000000000e+00 1.146752951385552279e+02 6.857720937859835431e+01 -6.411707977299703052e+05 -4.447553796363846875e+13 2.502629649883104965e-06 1.461598805917108107e-06 8.981812244424461045e-08 -3.065944958309703594e+01 -8.965226173927901554e-01 5.482357747220909516e-01 3.658901902353819402e-01 3.535746090804713049e+01 2.381512995361894071e+08
1.000000000000000000e+00 4.054888905029386592e+01 8.062503140900544452e+01 -6.448353698706481373e+05 -4.498538519909814844e+13 8.899811245499986959e-07 1.728197549070566454e-06 3.995576849007167328e-08 -2.068819380122786811e+01 -6.038477664103992781e-01 8.263948451297123965e-01 2.464346408278287881e-01 2.957548144885369723e+01 3.596376835519120097e+08
1.000000000000000000e+00 -3.456712322332248277e+01 9.073777311470014695e+01 -6.484998870579915820e+05 -4.549813042036756250e+13 -7.630027926377220067e-07 1.956017151007121909e-06 4.606847982888517684e-08 -7.539890541340557029e+00 -2.196743625450521542e-01 9.790632037478457228e-01 8.955699695917515579e-02 2.008647901792807389e+01 4.268535282750517726e+08
1.000000000000000000e+00 -1.088030771625919328e+02 9.866817479401079538e+01 -6.521643494135505753e+05 -4.601377351388061719e+13 -2.415189531243790067e-06 2.138990156695686002e-06 1.075874819939783342e-07 6.795500851582052526e+00 1.976271913442103068e-01 9.831444605326269404e-01 -8.091213524547087588e-02 1.243462376613989129e+01 4.294124083971393704e+08
1.000000000000000000e+00 -1.804193856113056995e+02 1.042558226898494951e+02 -6.558287587746662321e+05 -4.653231460993603125e+13 -4.027417394942283461e-06 2.272821943879577806e-06 2.186226384543372981e-07 2.014486040071200890e+01 5.847925424813616990e-01 8.380919828688027096e-01 -2.391070339659366883e-01 1.108529954561585207e+01 3.667216949715250731e+08
1.000000000000000000e+00 -2.477808378472321351e+02 1.073643222703655908e+02 -6.594931177382896421e+05 -4.705375395305546094e+13 -5.561999811469708268e-06 2.353666314811847200e-06 3.687035958382067355e-07 3.047975112913764661e+01 8.832075096835561023e-01 5.659504674785258427e-01 -3.610418960258117704e-01 1.682386993119689578e+01 2.480901758953987658e+08
1.000000000000000000e+00 -3.092164361059859630e+02 1.079085297838111188e+02 -6.631574301265517715e+05 -4.757809197179900000e+13 -6.979626697679382913e-06 2.378740421253991481e-06 5.434961977249929018e-07 3.622198765860781577e+01 1.047704522208221967e+00 2.079993771114069800e-01 -4.282316274160081204e-01 2.630207775585857632e+01 9.134356863029989600e+07
1.000000000000000000e+00 -3.632903526624514257e+02 1.058957590534079714e+02 -6.668217012034653453e+05 -4.810532931488801562e+13 -8.245492010770897077e-06 2.347269361178540661e-06 7.266259076763978601e-07 3.648242746202321740e+01 1.053335923864053614e+00 -1.814875786087850051e-01 -4.304809440788462949e-01 3.399046368870787660e+01 -7.984472299261631072e+07
1.000000000000000000e+00 -4.087603887323401182e+02 1.013597494386995237e+02 -6.704859364049836295e+05 -4.863546667268379688e+13 -9.328492383485368226e-06 2.259070780277626049e-06 9.009502561617754642e-07 3.119812214198876177e+01 8.991448655945554203e-01 -5.434357481379421539e-01 -3.674285013660708588e-01 3.540076073238974175e+01 -2.395132090295952857e+08
1.000000000000000000e+00 -4.444405116261646640e+02 9.438927681350816101e+01 -6.741501422690692125e+05 -4.916850491353594531e+13 -1.019819364816574304e-05 2.115212119913472210e-06 1.049422121571381481e-06 2.114694818715976510e+01 6.083708178552743595e-01 -8.229000093064966492e-01 -2.486137038567403923e-01 2.970564406705670990e+01 -3.633363718634361029e+08
1.000000000000000000e+00 -4.694658768300969882e+02 8.516313151102441736e+01 -6.778143267299977597e+05 -4.970444513131347656e+13 -1.083098015427025681e-05 1.918832225906713680e-06 1.157783959016107069e-06 7.835831211426479648e+00 2.250228432276029922e-01 -9.773991943002462435e-01 -9.204880731437611874e-02 2.022818385227212090e+01 -4.323275600336378217e+08
1.000000000000000000e+00 -4.832338736643063726e+02 7.388091936136311233e+01 -6.814784975133689586e+05 -5.024328841427791406e+13 -1.120888754213433039e-05 1.673628587201181755e-06 1.215776446726667630e-06 -6.722946309150052535e+00 -1.927185144336844569e-01 -9.833937837953278249e-01 7.849889534798533408e-02 1.250723603007444851e+01 -4.357587764909722805e+08
1.000000000000000000e+00 -4.852669214501987653e+02 6.079227550876085218e+01 -6.851426629127236083e+05 -5.078503595938660938e+13 -1.131656662337310609e-05 1.384535348339445431e-06 1.217271666754380780e-06 -2.031546994959197150e+01 -5.813187378022350860e-01 -8.399073463977176912e-01 2.371123936222608031e-01 1.106017219802733642e+01 -3.728433587452869415e+08
1.000000000000000000e+00 -4.754684381315034898e+02 4.622531507704995590e+01 -6.888068317253220594e+05 -5.132968906497242969e+13 -1.114736250477770301e-05 1.058405195479213548e-06 1.161867926104048000e-06 -3.086438934789913446e+01 -8.815971441867419545e-01 -5.687137144826444057e-01 3.596723385313982391e-01 1.673548275476664671e+01 -2.529086573897577822e+08
1.000000000000000000e+00 -4.540414174838766712e+02 3.051437243634627450e+01 -6.924710122247446561e+05 -5.187724897880300000e+13 -1.070163301118212368e-05 7.023938133728971952e-07 1.054604858312642482e-06 -3.674902726880936399e+01 -1.047815331604680100e+00 -2.110387338858589756e-01 4.275399350040728352e-01 2.621192153646197553e+01 -9.401686216959713399e+07
1.000000000000000000e+00 -4.213455772140997624e+02 1.402844901881128870e+01 -6.961352130176414503e+05 -5.242771702505279688e+13 -9.983550681849515324e-06 3.246219616535870574e-07 9.051736336411712194e-07 -3.705653489562884317e+01 -1.054706186833153536e+00 1.787273926784454514e-01 4.304040642540094552e-01 3.394333415062690307e+01 7.976399789806564152e+07
1.000000000000000000e+00 -3.781389326702760059e+02 -2.807249892173537820e+00 -6.997994426817443455e+05 -5.298109455081246094e+13 -9.006954549556164897e-06 -6.530242412026251956e-08 7.282476193679244489e-07 -3.172387783741782386e+01 -9.013264305011498001e-01 5.413357281819528577e-01 3.678502137089618151e-01 3.540791980353628077e+01 2.420211578545388877e+08
1.000000000000000000e+00 -3.254659733562162387e+02 -1.958599819571973200e+01 -7.034637083135001594e+05 -5.353738270490863281e+13 -7.792920986914562715e-06 -4.579963789634101276e-07 5.413499873250148726e-07 -2.154832606330984390e+01 -6.111388395690683373e-01 8.217131941703498255e-01 2.494112425847474224e-01 2.975313166351904570e+01 3.680242143874953985e+08
1.000000000000000000e+00 -2.645014831222885618e+02 -3.589247038738321294e+01 -7.071280164550552145e+05 -5.409658257386436719e+13 -6.366183327118928831e-06 -8.436766552158940711e-07 3.626258803780780220e-07 -8.065635244915794644e+00 -2.283477757166883504e-01 9.773321836296118281e-01 9.309950367294222984e-02 2.028779737192672883e+01 4.384968451824373007e+08
1.000000000000000000e+00 -1.967719107504763656e+02 -5.128755930084155068e+01 -7.107923731557631399e+05 -5.465869518916190625e+13 -4.760568810335407196e-06 -1.211795759430872696e-06 2.100244271703428146e-07 6.683902695753420886e+00 1.888954659426157756e-01 9.846399051610934539e-01 -7.734468788215269341e-02 1.254172808378973158e+01 4.425562703058916926e+08
1.000000000000000000e+00 -1.240073835947338239e+02 -6.538360487195835447e+01 -7.144567827366343699e+05 -5.522372133428682031e+13 -3.015619153352654013e-06 -1.552814086265223213e-06 9.908989666313288540e-08 2.046460874609107705e+01 5.773370229062502190e-01 8.425882146083554236e-01 -2.360605567780196534e-01 1.103545253517842184e+01 3.793777865772593617e+08
1.000000000000000000e+00 -4.796905502816181155e+01 -7.781695611070909990e+01 -7.181212485522750067e+05 -5.579166165626842188e+13 -1.172497499866321506e-06 -1.857576265263963622e-06 4.113092365667335486e-08 3.118268890911237534e+01 8.781635504455008734e-01 5.727557405836537496e-01 -3.589810869606440136e-01 1.664642384357197002e+01 2.583390666494146585e+08
1.000000000000000000e+00 2.935014679351930766e+01 -8.823658986035709972e+01 -7.217857725039136130e+05 -5.636251658579589062e+13 7.210602915403397039e-07 -2.117052702469782871e-06 4.222062362376411530e-08 3.720166932306771201e+01 1.045830939479594379e+00 2.160658879386946341e-01 -4.274669232075049563e-01 2.610102808595907220e+01 9.762692933554472029e+07
1.000000000000000000e+00 1.059053435973517310e+02 -9.637646793488549690e+01 -7.254503542801056756e+05 -5.693628621227135156e+13 2.615041320795476083e-06 -2.324092130820842634e-06 1.022416014448161413e-07 3.759004910434686053e+01 1.054898047742664380e+00 -1.733971470562146733e-01 -4.311204399293536160e-01 3.388308057234650050e+01 -7.848503072054088116e+07
1.000000000000000000e+00 1.797797816775810702e+02 -1.020234814714665674e+02 -7.291149924824215705e+05 -5.751297045262746094e+13 4.461592096525472033e-06 -2.472696448460912858e-06 2.151544525280150017e-07 3.226498990410322421e+01 9.038762770448175443e-01 -5.365528718556609178e-01 -3.693624828749444977e-01 3.544873292257541664e+01 -2.432862418197538853e+08
1.000000000000000000e+00 2.489940688265415929e+02 -1.050056411823860998e+02 -7.327796892076435033e+05 -5.809256977354327344e+13 6.210340471558486539e-06 -2.557765302048216098e-06 3.693460681160035304e-07 2.201013198397230042e+01 6.155187350701744053e-01 -8.182579206959500473e-01 -2.515337226209878319e-01 2.987936792630249272e+01 -3.716670570336090922e+08
1.000000000000000000e+00 3.116994844986642761e+02 -1.052577883373108847e+02 -7.364444305380067090e+05 -5.867508209648150781e+13 7.813201972849697670e-06 -2.576729678559159604e-06 5.487334590883097145e-07 8.363214199056082876e+00 2.334717502948100154e-01 -9.756729222176689920e-01 -9.549877078792415319e-02 2.042504470416113094e+01 -4.439413656402793527e+08
1.000000000000000000e+00 3.663445285190696836e+02 -1.027804840601280745e+02 -7.401092152382961940e+05 -5.926050732974423438e+13 9.228657027659135115e-06 -2.528605670729242691e-06 7.349183572250499190e-07 -6.612239627856018487e+00 -1.842695191348690531e-01 -9.848016179019758454e-01 7.504999054808192405e-02 1.261250602663623965e+01 -4.488759274303180575e+08
1.000000000000000000e+00 4.114742208697484784e+02 -9.762426534122079147e+01 -7.437740364286542172e+05 -5.984884446930825000e+13 1.041685527694906752e-05 -2.413645197533969158e-06 9.085923978998688755e-07 -2.063838819349984277e+01 -5.741505719573180011e-01 -8.441845182264242631e-01 2.341867562500185573e-01 1.101421806962483529e+01 -3.854515877053306699e+08
1.000000000000000000e+00 4.459141703597489936e+02 -8.994703748129441578e+01 -7.474388858901695348e+05 -6.044009227276976562e+13 1.134435862101202014e-05 -2.234792419194000935e-06 1.051971637113098776e-06 -3.157116142651155499e+01 -8.767726501749195656e-01 -5.751628555589612946e-01 3.577030180394593084e-01 1.656765644877513566e+01 -2.630733629045372307e+08
1.000000000000000000e+00 4.689005903454304303e+02 -7.996256044248866601e+01 -7.511037552512385882e+05 -6.103424944684058594e+13 1.198764015296454794e-05 -1.996462983883967335e-06 1.150930266388473194e-06 -3.773079614238940138e+01 -1.046020307736686306e+00 -2.186462222375712416e-01 4.268064833779635081e-01 2.602184956074533417e+01 -1.001798348883056343e+08
1.000000000000000000e+00 4.798544898616092382e+02 -6.792080314597433244e+01 -7.547686357070049271e+05 -6.163131460092357812e+13 1.232753920779538993e-05 -1.704085160818320516e-06 1.195288935390785009e-06 -3.816224257636238804e+01 -1.056153505962208028e+00 1.711297018733028974e-01 4.309936699139834682e-01 3.384163872459068756e+01 7.854430786055023968e+07
1.000000000000000000e+00 4.785421396460824326e+02 -5.415850423221150578e+01 -7.584335175484373467e+05 -6.223128616811389062e+13 1.235351905840175944e-05 -1.365396596781036823e-06 1.180661442248818974e-06 -3.278372163787518900e+01 -9.057361821734741802e-01 5.348903628930090637e-01 3.696494281097283396e-01 3.545185780101562045e+01 2.459256285965487361e+08
1.000000000000000000e+00 4.651610411143101373e+02 -3.904020074589762856e+01 -7.620983915519863367e+05 -6.283416263076520312e+13 1.206611232293780184e-05 -9.890032626236592974e-07 1.109389858039016850e-06 -2.240002227750967378e+01 -6.177937549085916746e-01 8.173672211914969621e-01 2.521281036711729984e-01 2.991460896703453898e+01 3.764476879707402587e+08
1.000000000000000000e+00 4.400862561488424944e+02 -2.293810256623605071e+01 -7.657632491202773526e+05 -6.343994254572621875e+13 1.147057820880840196e-05 -5.838840974825610727e-07 9.889279078320589728e-07 -8.579319659124646336e+00 -2.362113729644294835e-01 9.757020731412775483e-01 9.631123012456981047e-02 2.047133226613920343e+01 4.501442987019096613e+08
1.000000000000000000e+00 4.040103590274553085e+02 -6.279025910854737269e+00 -7.694280818157363683e+05 -6.404862446917985156e+13 1.058067850268466893e-05 -1.605960817291566066e-07 8.315617191317753028e-07 6.585994890182241157e+00 1.810187337232390392e-01 9.859291185425769211e-01 -7.412657346487674936e-02 1.264072233299630099e+01 4.556444038218370676e+08
1.000000000000000000e+00 3.579935518785050022e+02 1.051719947490125762e+01 -7.730928822254536208e+05 -6.466020710194875781e+13 9.420194373483953813e-06 2.702753403806753395e-07 6.533591738957582923e-07 2.079664047400561344e+01 5.706249818386210926e-01 8.465666488820809965e-01 -2.333178821024014526e-01 1.099364453781193518e+01 3.919097233262701035e+08
1.000000000000000000e+00 3.031915573489430358e+02 2.705409503612072797e+01 -7.767576438117967919e+05 -6.527468926845099219e+13 8.015961532585959393e-06 6.985430628737229524e-07 4.717703676454009394e-07 3.189349071322557094e+01 8.736075891918573255e-01 5.788008897140320963e-01 -3.571196468557457648e-01 1.648945707110132375e+01 2.684091565537336767e+08
1.000000000000000000e+00 2.409879870700312949e+02 4.291262865651034986e+01 -7.804223605171279050e+05 -6.589206985342237500e+13 6.401445955091720297e-06 1.113241684590678428e-06 3.046947390897446719e-07 3.818287672755889872e+01 1.044097398250504183e+00 2.232578577023039412e-01 -4.267593383417159214e-01 2.592080445456003801e+01 1.037091000008942634e+08
1.000000000000000000e+00 1.730230956448296524e+02 5.771182179563800219e+01 -7.840870279955156147e+05 -6.651234801278685156e+13 4.617653400096734767e-06 1.504193438763749123e-06 1.686275426456962324e-07 3.869274517775826894e+01 1.056236598762601009e+00 -1.661412369732578331e-01 -4.316684572170752521e-01 3.378446270616199598e+01 -7.730867884391255677e+07
1.000000000000000000e+00 1.009155637198349638e+02 7.111877188405432548e+01 -7.877516435233944794e+05 -6.713552316521543750e+13 2.705829662526669226e-06 1.862293825930154501e-06 7.644548165501399776e-08 3.332227403975993951e+01 9.080857743310503105e-01 -5.303231575959592714e-01 -3.710831550864697737e-01 3.548914155214935562e+01 -2.471899625745694339e+08
1.000000000000000000e+00 2.639962363040572058e+01 8.280274697890959601e+01 -7.914162047293782234e+05 -6.776159478105008594e+13 7.111409027807530330e-07 2.178333248624555801e-06 3.685605965006096580e-08 2.286226106468506103e+01 6.219754743761995996e-01 -8.139949111670855553e-01 -2.541714122109334784e-01 3.003563010285746060e+01 -3.800581849838458300e+08
1.000000000000000000e+00 -4.865649645652077737e+01 9.249354642903780643e+01 -7.950807109289459186e+05 -6.839056261331212500e+13 -1.316755182569058425e-06 2.444540777609594005e-06 5.360502621335090783e-08 8.881516020922340715e+00 2.412149867805701287e-01 -9.740321127771069953e-01 -9.866061010235829820e-02 2.060642206828817535e+01 -4.555526446183329225e+08
1.000000000000000000e+00 -1.225259969461343559e+02 9.998451218145964958e+01 -7.987451627256114734e+05 -6.902242663546114062e+13 -3.331113809336506895e-06 2.654700980386391790e-06 1.250392061209171743e-07 -6.506077242656092885e+00 -1.764008856218561849e-01 -9.860543131503076708e-01 7.183797572937139497e-02 1.271285897279630284e+01 -4.619572331557427645e+08
1.000000000000000000e+00 -1.934752439365828991e+02 1.050864572246824622e+02 -8.024095616835061228e+05 -6.965718698965512500e+13 -5.284142038654405977e-06 2.802963763254487706e-06 2.443253693099054276e-07 -2.096063629781285442e+01 -5.673507396459879226e-01 -8.481732985670737968e-01 2.314114494708512104e-01 1.097366418309809788e+01 -3.980337641603171229e+08
1.000000000000000000e+00 -2.597512757084770101e+02 1.076840461441677519e+02 -8.060739110375457676e+05 -7.029484411442104688e+13 -7.126651785941182145e-06 2.885365720125747223e-06 3.999521527884330928e-07 -3.227367583565908404e+01 -8.720923206300865704e-01 -5.813176443561846041e-01 3.557925564963979048e-01 1.640816962690395542e+01 -2.732637071780837178e+08
1.000000000000000000e+00 -3.198495759862392447e+02 1.077322960416399695e+02 -8.097382150571491802e+05 -7.093539863979776562e+13 -8.815427950539234171e-06 2.899780926588519564e-06 5.773706376303607240e-07 -3.870830838807676599e+01 -1.044206358214740282e+00 -2.260613830807943758e-01 4.260653375068716442e-01 2.583560809345345533e+01 -1.064453562875344604e+08
1.000000000000000000e+00 -3.723527739748956833e+02 1.052101662211719599e+02 -8.134024783965449315e+05 -7.157885127709176562e+13 -1.030891763806451545e-05 2.844708924172524757e-06 7.599139012730584837e-07 -3.926822075201972950e+01 -1.057530046379372646e+00 1.635661828603226509e-01 4.315543932208152911e-01 3.373802926172331951e+01 7.714797083677557111e+07
1.000000000000000000e+00 -4.159238458196051624e+02 1.001754200620708133e+02 -8.170667070722968783e+05 -7.222520299322031250e+13 -1.156709546141587636e-05 2.720779358051474340e-06 9.299140376032773790e-07 -3.385238939899929278e+01 -9.101467111866081705e-01 5.283332466353715118e-01 3.714489336943358477e-01 3.549342919400487517e+01 2.496136580400036275e+08
1.000000000000000000e+00 -4.495628740140093669e+02 9.275524242564188171e+01 -8.207309082710584626e+05 -7.287445498197178125e+13 -1.255868631303661505e-05 2.530543987946794116e-06 1.071238207282714832e-06 -2.327119487096216588e+01 -6.246152342047915917e-01 8.128391610024273684e-01 2.549129368669574847e-01 3.007942024161542349e+01 3.846743334980210662e+08
1.000000000000000000e+00 -4.724316711129119994e+02 8.309891531644709062e+01 -8.243950892959083430e+05 -7.352660848069410938e+13 -1.325645449689383167e-05 2.277222091371465631e-06 1.170272403511758240e-06 -9.122336127316756915e+00 -2.444404057922931750e-01 9.739340585535647410e-01 9.967218579866266026e-02 2.066439851119981697e+01 4.616843023128908873e+08
1.000000000000000000e+00 -4.838522029138541711e+02 7.143100501521902856e+01 -8.280592583648920991e+05 -7.418166491383045312e+13 -1.363726013527483062e-05 1.966177921236518886e-06 1.217087160101850599e-06 6.452799857508785486e+00 1.726193090438169764e-01 9.872416504373577872e-01 -7.069492453956757738e-02 1.274874062879447756e+01 4.687753546797220707e+08
1.000000000000000000e+00 -4.835478090368772541e+02 5.803620250665740343e+01 -8.317234239663644694e+05 -7.483962578053185938e+13 -1.368898783421197534e-05 1.604547422793562639e-06 1.207248647080056501e-06 2.109375922838137640e+01 5.633400501154687268e-01 8.508113246814749120e-01 -2.303411152883830249e-01 1.095151718576058641e+01 4.046682198039458394e+08
1.000000000000000000e+00 -4.714505167763236955e+02 4.321040232199526798e+01 -8.353875942266422790e+05 -7.550049254142809375e+13 -1.340531805761975788e-05 1.199916343295100597e-06 1.141213638465779925e-06 3.257711101296788314e+01 8.685721138804350927e-01 5.853736945304324202e-01 -3.550622776357246768e-01 1.631953659554901748e+01 2.788832100168619156e+08
1.000000000000000000e+00 -4.477006734588542258e+02 2.731145002849386216e+01 -8.390517781249872642e+05 -7.616426683777100000e+13 -1.278584674935443894e-05 7.617424486827053558e-07 1.024554263575026003e-06 3.915124259796161255e+01 1.042117610855896270e+00 2.311841342941907684e-01 -4.259512014088893128e-01 2.572115061196509345e+01 1.103238278173510730e+08
1.000000000000000000e+00 -4.128658769320870761e+02 1.073781075001697083e+01 -8.427159843400964746e+05 -7.683095028448323438e+13 -1.184249490898756192e-05 3.007956934381521842e-07 8.687042045252590471e-07 3.980109416362321895e+01 1.057658005618544506e+00 -1.580610988808891504e-01 -4.322504505515061268e-01 3.367210140543332386e+01 -7.555395928486546874e+07
1.000000000000000000e+00 -3.677249403627931770e+02 -6.121950414896512704e+00 -8.463802205245171208e+05 -7.750054433608787500e+13 -1.059355136503739075e-05 -1.722383872630103851e-07 6.888321343152904056e-07 3.440425221595902627e+01 9.127306325255083452e-01 -5.233287839422697818e-01 -3.729818132658322960e-01 3.553114323984375744e+01 -2.505685727923476398e+08
1.000000000000000000e+00 -3.132609764240052073e+02 -2.284142412996448002e+01 -8.500444940647978801e+05 -7.817305042245318750e+13 -9.063604385511018420e-06 -6.454156231075437725e-07 5.023510802173421380e-07 2.375475148933803737e+01 6.291619246234629870e-01 -8.091708931423285955e-01 -2.571072308294468090e-01 3.020876704320159334e+01 -3.880706445152057409e+08
1.000000000000000000e+00 -2.508510326106105310e+02 -3.898385694705842752e+01 -8.537088116835955298e+05 -7.884846987424009375e+13 -7.289179449937772953e-06 -1.106290558324511611e-06 3.279339619955345197e-07 9.449261666417296368e+00 2.498575240749944248e-01 -9.721340564861036260e-01 -1.021896934009003388e-01 2.080991566451655572e+01 -4.669969905337563753e+08
1.000000000000000000e+00 -1.820211909706966651e+02 -5.415267394839086990e+01 -8.573731785009956220e+05 -7.952680374613379688e+13 -5.311838101366162758e-06 -1.543350035900176463e-06 1.830170900529371364e-07 -6.349745404362781898e+00 -1.676234048882208338e-01 -9.873854697638657640e-01 6.825494725737164814e-02 1.282740468061311567e+01 -4.751063847246086597e+08
1.000000000000000000e+00 -1.084263108974095644e+02 -6.794577612342416728e+01 -8.610375991725375643e+05 -8.020805302251170312e+13 -3.177677235985905043e-06 -1.944729567632644238e-06 8.229329117620870529e-08 -2.124021009338711963e+01 -5.597861017149792229e-01 -8.525333837530801873e-01 2.283239895048744805e-01 1.093198266202808355e+01 -4.108947300584371090e+08
1.000000000000000000e+00 -3.200882303334322643e+01 -7.998744762833733546e+01 -8.647020767529809382e+05 -8.089221840301476562e+13 -9.420830550447396387e-07 -2.299127086344464092e-06 3.629879951842943873e-08 -3.294725199544475203e+01 -8.668992419068876076e-01 -5.880334209406058443e-01 3.536728094600009586e-01 1.623494902990711708e+01 -2.838801753969197869e+08
1.000000000000000000e+00 4.527319110331644225e+01 -8.997532458037497349e+01 -8.683666120937854284e+05 -8.157930018299329688e+13 1.338126615129852303e-06 -2.597174774157368202e-06 4.977511309293087678e-08 -3.967359179149218562e+01 -1.042169186632153632e+00 -2.340946116210658179e-01 4.252330292958331759e-01 2.563278924546036919e+01 -1.131975923656923622e+08
1.000000000000000000e+00 1.214769343845894269e+02 -9.763348948730008203e+01 -8.720312052584757330e+05 -8.226929851182934375e+13 3.605610706173606521e-06 -2.830124069501712203e-06 1.214491186599355675e-07 -4.037797035623261621e+01 -1.058935801706924362e+00 1.554519597142591802e-01 4.321269609909081932e-01 3.362427656168267731e+01 7.529281508585301042e+07
1.000000000000000000e+00 1.945369175307156695e+02 -1.027449010960900750e+02 -8.756958547024148284e+05 -8.296221323439850000e+13 5.798401832803079683e-06 -2.990805767132620454e-06 2.440168859820725648e-07 -3.493696223832841952e+01 -9.147446522278637193e-01 5.213752262827631156e-01 3.733248754146960002e-01 3.553413410284473173e+01 2.529403604604907930e+08
1.000000000000000000e+00 2.625495545855631008e+02 -1.051904049909909133e+02 -8.793605569313598098e+05 -8.365804381972753125e+13 7.858347914626016386e-06 -3.074806185481998667e-06 4.048808537726014428e-07 -2.416467694799894872e+01 -6.316645061224134272e-01 8.080806016635466715e-01 2.577907357294342283e-01 3.024893777555906382e+01 3.926735795205667019e+08
1.000000000000000000e+00 3.237980322285043826e+02 -1.048964551952535658e+02 -8.830253074169378961e+05 -8.435678952817795312e+13 9.731960569793784817e-06 -3.078992279142886120e-06 5.875243767229546921e-07 -9.688129604124235073e+00 -2.528350677227396703e-01 9.720646120566476256e-01 1.031007616995116838e-01 2.086237555451745251e+01 4.731297357487689257e+08
1.000000000000000000e+00 3.766147394812519451e+02 -1.018638534439081411e+02 -8.866901001418703236e+05 -8.505844932009406250e+13 1.136637963818820836e-05 -3.002386495277801473e-06 7.728298064505563628e-07 6.300950003396179611e+00 1.641709973984452620e-01 9.884972826755041853e-01 -6.724331986489190394e-02 1.285991321841645707e+01 4.819117963783166409e+08
1.000000000000000000e+00 4.196563620779868415e+02 -9.619622960141332157e+01 -8.903549274551261915e+05 -8.576302182199476562e+13 1.271774061164742397e-05 -2.847054979610950971e-06 9.418599689340334823e-07 2.137856315216490088e+01 5.561130569187821004e-01 8.549479099740966426e-01 -2.273880261314535356e-01 1.091302605359526012e+01 4.174818089057737589e+08
1.000000000000000000e+00 4.518994089988498217e+02 -8.804033402649291418e+01 -8.940197816482618218e+05 -8.647050562502554688e+13 1.375124078491713538e-05 -2.616395822828963975e-06 1.077726824659478223e-06 3.325436078098323378e+01 8.636315490698445174e-01 5.917153388408149528e-01 -3.530436739067041585e-01 1.615637294972191995e+01 2.894112527637412548e+08
1.000000000000000000e+00 4.724840535232264074e+02 -7.760947054276402923e+01 -8.976846541700654197e+05 -8.718089913218692188e+13 1.443656735640965789e-05 -2.315864571117721113e-06 1.166358216875476747e-06 4.011670447639822612e+01 1.040163471234450965e+00 2.387358090304562697e-01 -4.251534948571835670e-01 2.552995835325146601e+01 1.169563206609411091e+08
1.000000000000000000e+00 4.809634208422370989e+02 -6.520267818800455473e+01 -9.013495354821112705e+05 -8.789420052682160938e+13 1.475564750866778615e-05 -1.953589493847753057e-06 1.198948051067721763e-06 4.090657115613421269e+01 1.058929426055117196e+00 -1.504563699086646222e-01 -4.327710861369198914e-01 3.356393384467934027e+01 -7.382766294673907757e+07
1.000000000000000000e+00 4.772552993893497728e+02 -5.113938424506534375e+01 -9.050144165140544064e+05 -8.861040805367721875e+13 1.470141853734684324e-05 -1.538457945208821345e-06 1.172798723673771663e-06 3.548032848825963015e+01 9.169809120259987401e-01 -5.168137029706223462e-01 -3.747192077106147878e-01 3.556710142596217850e+01 -2.540059191867245734e+08
1.000000000000000000e+00 4.614623137566725859e+02 -3.577963422373679236e+01 -9.086792880986634409e+05 -8.932951990968167188e+13 1.427249348116659497e-05 -1.080739843075301323e-06 1.090728344708650953e-06 2.463673791405901881e+01 6.357051411640307625e-01 -8.047048407728955022e-01 -2.597803020368208426e-01 3.036564625338533219e+01 -3.961380634353961349e+08
1.000000000000000000e+00 4.340943979129286845e+02 -1.953788954834077529e+01 -9.123441412324104458e+05 -9.005153429500137500e+13 1.348018503726605893e-05 -5.925308609239640484e-07 9.615863018485177947e-07 1.000238793988893349e+01 2.576779175244744424e-01 -9.703556002521712687e-01 -1.053830886005492073e-01 2.099497828768996399e+01 -4.784536694616884589e+08
1.000000000000000000e+00 3.959789355733609568e+02 -2.816206206802172485e+00 -9.160089681815023068e+05 -9.077644963290589062e+13 1.234595797896317119e-05 -8.575092511469316189e-08 7.987208830538964102e-07 -6.209763070088422765e+00 -1.597168194423632392e-01 -9.885249811544274401e-01 6.502740805504468591e-02 1.293290644577379211e+01 -4.881963256939905882e+08
1.000000000000000000e+00 3.480665879201393977e+02 1.397473555357866637e+01 -9.196737615196362603e+05 -9.150426438332279688e+13 1.089554897009716028e-05 4.272204485559631184e-07 6.180581062966989410e-07 -2.153437979970343008e+01 -5.529823029996417949e-01 -8.563863563308931059e-01 2.255470585523944582e-01 1.089754531580871344e+01 -4.236169759943581223e+08
1.000000000000000000e+00 2.916374792260032791e+02 3.040363018413921381e+01 -9.233385143942020368e+05 -9.223497709724092188e+13 9.165523430020887231e-06 9.331705614200308877e-07 4.376668520009397731e-07 -3.363028352699046053e+01 -8.622113955549121078e-01 -5.939967120341581586e-01 3.517593032108278228e-01 1.608187964285317051e+01 -2.942952766060665250e+08
1.000000000000000000e+00 2.281830037296286093e+02 4.608315690393921216e+01 -9.270032216474051820e+05 -9.296858664385875000e+13 7.199751734725325023e-06 1.420031908285584229e-06 2.754613507240424198e-07 -4.064108064846531931e+01 -1.040288897355485576e+00 -2.412586346922815372e-01 4.244648528474128102e-01 2.545101886277180370e+01 -1.197227351903731674e+08
1.000000000000000000e+00 1.592112981465752455e+02 6.064486288109510781e+01 -9.306678792189419037e+05 -9.370509209702031250e+13 5.043378856714613137e-06 1.876131955163591606e-06 1.469596670533323146e-07 -4.148259704373336376e+01 -1.060135209274138290e+00 1.481687979570063263e-01 4.326154313550179542e-01 3.351990994329128171e+01 7.364511037497751415e+07
1.000000000000000000e+00 8.644882578999276745e+01 7.372741954244870044e+01 -9.343324838784651365e+05 -9.444449268548078125e+13 2.749245557009107994e-06 2.289839903115141517e-06 6.448098034689595149e-08 -3.601112475983327954e+01 -9.188396481571637908e-01 5.150691698355652770e-01 3.749955924778136662e-01 3.556802990871089065e+01 2.564159257115211189e+08
1.000000000000000000e+00 1.170761558726018770e+01 8.503733059854518217e+01 -9.379970342296834569e+05 -9.518678799998684375e+13 3.737858909613092665e-07 2.651463916060487805e-06 3.582097355665052645e-08 -2.504598338097527233e+01 -6.380430180316243316e-01 8.037041973518701532e-01 2.603946770403184896e-01 3.040158695677269662e+01 4.007438298751294017e+08
1.000000000000000000e+00 -6.329957024493157292e+01 9.431827812938149691e+01 -9.416615296417280333e+05 -9.593197778281379688e+13 -2.028843624997642835e-06 2.952332919306809913e-06 6.361717116849872042e-08 -1.024382605667356572e+01 -2.605457590415767855e-01 9.702885606781126437e-01 1.062499637278389863e-01 2.104510621355698774e+01 4.845756407615779638e+08
1.000000000000000000e+00 -1.367556939514079772e+02 1.013396901147023073e+02 -9.453259705465188017e+05 -9.668006199162423438e+13 -4.400276750501739730e-06 3.184460001543216866e-06 1.451646142746524375e-07 6.154274170309030900e+00 1.562822655886829115e-01 9.896115278662962478e-01 -6.402035057887099645e-02 1.296598177257746975e+01 4.950104505005375147e+08
1.000000000000000000e+00 -2.068782396269027686e+02 1.059534534018853549e+02 -9.489903594320679549e+05 -9.743104100764290625e+13 -6.682355826580382128e-06 3.342347139477265544e-06 2.725276936169488499e-07 2.166283491213505386e+01 5.492376432640491135e-01 8.588155177225245129e-01 -2.245786020478055534e-01 1.087942243240582130e+01 4.302663264482073188e+08
1.000000000000000000e+00 -2.720900241653631610e+02 1.080577086983891348e+02 -9.526546995208989829e+05 -9.818491537139114062e+13 -8.822692001429799266e-06 3.421888905168308937e-06 4.337414158757374802e-07 3.392706998017372655e+01 8.588248510904256117e-01 5.977864162591125519e-01 -3.510797537591933137e-01 1.600092991498465267e+01 2.999647861867734194e+08
1.000000000000000000e+00 -3.308117737492347601e+02 1.075860922513417108e+02 -9.563189948459923035e+05 -9.894168580131325000e+13 -1.076804160396679356e-05 3.420058639740710910e-06 6.135572983600335134e-07 4.107744055897780555e+01 1.038187892932227019e+00 2.461212075372470331e-01 -4.243470010626536615e-01 2.534208502597044443e+01 1.236969335597805828e+08
1.000000000000000000e+00 -3.816035667558519435e+02 1.045607568028446224e+02 -9.599832508171383524e+05 -9.970135331462917188e+13 -1.246892653155441266e-05 3.336622014648906835e-06 7.948189024935540879e-07 4.201199852107845345e+01 1.060135431664017469e+00 -1.428601161917594231e-01 -4.332649894761229636e-01 3.345357499411750268e+01 -7.191267955095522106e+07
1.000000000000000000e+00 -4.233201130774156695e+02 9.905117525466529571e+01 -9.636474735871489393e+05 -1.004639191006419688e+14 -1.388481429362434343e-05 3.172871305745885915e-06 9.604533102088128822e-07 3.656540079597073856e+01 9.212443851596358035e-01 -5.101637486393506560e-01 -3.764620214393031294e-01 3.560069398435131660e+01 -2.572098285197067857e+08
1.000000000000000000e+00 -4.548984654392942275e+02 9.116387006104028501e+01 -9.673116699797009351e+05 -1.012293845085807188e+14 -1.497731224452741321e-05 2.931323959898545237e-06 1.094351864523382652e-06 2.553911815280279995e+01 6.424332341970985238e-01 -8.000379544071170024e-01 -2.625289274627936598e-01 3.052615909570076624e+01 -4.039903290961644650e+08
1.000000000000000000e+00 -4.755007995048922567e+02 8.109153594270787835e+01 -9.709758480262021767e+05 -1.019977511630514062e+14 -1.571493770751728532e-05 2.617330649937345741e-06 1.183450231561814260e-06 1.058656884335646886e+01 2.658863173925540835e-01 -9.684262498988908119e-01 -1.087349490139132846e-01 2.119013998099947926e+01 -4.897881464471955299e+08
1.000000000000000000e+00 -4.846517080573564158e+02 6.906734683686808296e+01 -9.746400158674087143e+05 -1.027690207371904062e+14 -1.607781291674197321e-05 2.237647377093100558e-06 1.219442391528014145e-06 -6.032135054060253410e+00 -1.512625958177605812e-01 -9.896811864202521569e-01 6.157630081263019972e-02 1.304812008336363505e+01 -5.013226219693095684e+08
1.000000000000000000e+00 -4.820176237618908885e+02 5.535432855732484114e+01 -9.783041815104748821e+05 -1.035431949016705625e+14 -1.605054605650863830e-05 1.800114516278544310e-06 1.198299945788737323e-06 -2.179102521417317817e+01 -5.455806386341749414e-01 -8.605051945472392827e-01 2.225261089310492379e-01 1.086332420745946692e+01 -4.365708056641039252e+08
1.000000000000000000e+00 -4.675483371470790530e+02 4.028976950837136428e+01 -9.819683538770586019e+05 -1.043202755468640469e+14 -1.562704970722810475e-05 1.315124631373420619e-06 1.121372342294691458e-06 -3.428377024168388232e+01 -8.570214975212611108e-01 -6.004924697487330487e-01 3.496408793985052443e-01 1.591598210473115493e+01 -3.051314032030792236e+08
1.000000000000000000e+00 -4.415906874904517281e+02 2.423525035347681822e+01 -9.856325416516916594e+05 -1.051002645408657812e+14 -1.481453160490749508e-05 7.940304936722627453e-07 9.960631519279344757e-07 -4.159407057259420526e+01 -1.038143698283832128e+00 -2.491654751871250073e-01 4.235884878802068099e-01 2.524945125653335865e+01 -1.268073124830066264e+08
1.000000000000000000e+00 -4.046527909020475704e+02 7.564795643532957747e+00 -9.892967530402155826e+05 -1.058831636768452500e+14 -1.362580309453258261e-05 2.487702377520085391e-07 8.341954724330045971e-07 -4.259221630042538465e+01 -1.061402837758605555e+00 1.400506992815812590e-01 4.331316255279207827e-01 3.340108498417169614e+01 7.138677409739971161e+07
1.000000000000000000e+00 -3.575388961459550501e+02 -9.296096510987624129e+00 -9.929609962237479631e+05 -1.066689747686837812e+14 -1.208393747677125869e-05 -3.068368040693066316e-07 6.514670351347130604e-07 -3.711036438932813297e+01 -9.233582334804590896e-01 5.079867136645053183e-01 3.768391015980319669e-01 3.560274529071618588e+01 2.593342197194570005e+08
1.000000000000000000e+00 -3.014315706542312796e+02 -2.592435847141752703e+01 -9.966252781615029089e+05 -1.074576993927135781e+14 -1.022524257760974739e-05 -8.588445290678974174e-07 4.660788994416997084e-07 -2.596891208518356819e+01 -6.451412422053066642e-01 7.987537061397466109e-01 2.632924016919946930e-01 3.057058939353262161e+01 4.084080716773391962e+08
1.000000000000000000e+00 -2.376333384067571615e+02 -4.191211868564840159e+01 -1.000289604934490751e+06 -1.082493389572634062e+14 -8.090700219915049210e-06 -1.393606001680568893e-06 2.961968499908443419e-07 -1.085076865509887689e+01 -2.691464356657671808e-01 9.682405609477111597e-01 1.097626260412150057e-01 2.124989475688116514e+01 4.958355072397162914e+08
1.000000000000000000e+00 -1.676891156513686951e+02 -5.683228126370389788e+01 -1.003953982262434554e+06 -1.090438948114667344e+14 -5.730224880546047667e-06 -1.896634005516926612e-06 1.589140401562229209e-07 5.955452077245521281e+00 1.474928519617828004e-01 9.907870073576658942e-01 -6.042942289518524884e-02 1.308669941708951256e+01 5.081670999774377942e+08
1.000000000000000000e+00 -9.343192227407951123e+01 -7.029486941106473807e+01 -1.007618414241318824e+06 -1.098413679685883906e+14 -3.204382599094211513e-06 -2.354476505967993777e-06 6.845184151264517343e-08 2.190257565276960960e+01 5.416023828861823430e-01 8.630342531972805542e-01 -2.214586937946730061e-01 1.084550832670372245e+01 4.433279738858335018e+08
1.000000000000000000e+00 -1.670102284553941274e+01 -8.195815212856990684e+01 -1.011282903056407114e+06 -1.106417590367918438e+14 -5.748687753178804688e-07 -2.755113280187932886e-06 3.405711718087731417e-08 3.456928510432812374e+01 8.535047419989320039e-01 6.043959935670110140e-01 -3.489060516576782400e-01 1.583259038211595460e+01 3.109485366693101525e+08
1.000000000000000000e+00 6.054794275304457329e+01 -9.149572230752102087e+01 -1.014947450070824940e+06 -1.114450684506256562e+14 2.091683320929987833e-06 -3.086874576420450356e-06 5.934096935744807099e-08 4.202474830608186807e+01 1.035981129008362034e+00 2.541014097321815379e-01 -4.234460913059677201e-01 2.513812287954095837e+01 1.309311045001515150e+08
1.000000000000000000e+00 1.362283206195073433e+02 -9.865213543263656959e+01 -1.018612054668534664e+06 -1.122512962127553438e+14 4.723122386164783732e-06 -3.340334345933033036e-06 1.417779987991286350e-07 4.312029252079165786e+01 1.061354885468396070e+00 -1.347347866779977088e-01 -4.337644633959577001e-01 3.333300323788319730e+01 -6.953177155654577911e+07
1.000000000000000000e+00 2.084154292104838078e+02 -1.032481134290203499e+02 -1.022276714756208123e+06 -1.130604419971278125e+14 7.251891882539303296e-06 -3.508530292939314366e-06 2.730245758999273670e-07 3.766563312369957117e+01 9.256726101058994072e-01 -5.031303755119183041e-01 -3.782722105245131528e-01 3.563284585175092190e+01 -2.600464184408828318e+08
1.000000000000000000e+00 2.752367665456544614e+02 -1.051445429351615957e+02 -1.025941427182307467e+06 -1.138725052361443906e+14 9.611297028082270202e-06 -3.585782483901351607e-06 4.396057312551844277e-07 2.646305785973027724e+01 6.493612922796939690e-01 -7.951518736875263782e-01 -2.653592739393970668e-01 3.069054992682104555e+01 -4.116102643705269694e+08
1.000000000000000000e+00 3.348700148035902089e+02 -1.042935618083710239e+02 -1.029606186711071758e+06 -1.146874848878904062e+14 1.173546735704074968e-05 -3.569466252184499297e-06 6.240349730649378839e-07 1.119265125286613483e+01 2.742297594289453966e-01 -9.663990012667407203e-01 -1.121419806390191315e-01 2.138944371352248908e+01 -5.010226298866823912e+08
1.000000000000000000e+00 3.858238600199983921e+02 -1.007340919146561902e+02 -1.033270986690353020e+06 -1.155053795771810000e+14 1.356926429652958100e-05 -3.459914348833038335e-06 8.074385783717061807e-07 -5.836872373878246201e+00 -1.427900864446738360e-01 -9.907755877829609314e-01 5.811771106767464612e-02 1.316604583949201057e+01 -5.144461466589176059e+08
1.000000000000000000e+00 4.268085493655282789e+02 -9.454968796475984050e+01 -1.036935820081848069e+06 -1.163261878210929062e+14 1.506391901319245534e-05 -3.259016911617048349e-06 9.711708534992295237e-07 -2.203640810954559015e+01 -5.382647273589776793e-01 -8.645028910047316550e-01 2.195401553460587241e-01 1.083278015891211155e+01 -4.495663697617460489e+08
1.000000000000000000e+00 4.567243480876327340e+02 -8.591311425792684986e+01 -1.040600678727563587e+06 -1.171499078622716719e+14 1.617674927305648097e-05 -2.971790595244548945e-06 1.098308096147598530e-06 -3.493172220380944282e+01 -8.519485592996516310e-01 -6.067373262101953824e-01 3.475702082732632370e-01 1.575736204172975441e+01 -3.160019908962768912e+08
1.000000000000000000e+00 4.749096254927052883e+02 -7.507187288935334379e+01 -1.044265553557470907e+06 -1.179765377114112812e+14 1.688009589010432956e-05 -2.605930568544253223e-06 1.176207285638304673e-06 -4.254447526039096061e+01 -1.036038300970185233e+00 -2.566737044330262285e-01 4.227284190046722290e-01 2.505715271884438877e+01 -1.338847831698943526e+08
1.000000000000000000e+00 4.809762704209493904e+02 -6.230084075096266361e+01 -1.047930435709525715e+06 -1.188060753975958438e+14 1.715572552709213080e-05 -2.170206193916345134e-06 1.197176288410876319e-06 -4.369851514731080044e+01 -1.062526050033580693e+00 1.324335440344324155e-01 4.335889515886577894e-01 3.328723017729865319e+01 6.918430387034013867e+07
1.000000000000000000e+00 4.747771578767784604e+02 -4.794162000725167161e+01 -1.051595315592839848e+06 -1.196385187559607031e+14 1.699383683533114809e-05 -1.675853247311325518e-06 1.159194990865326836e-06 -3.820238525055398071e+01 -9.274802153461524368e-01 5.014078099537948585e-01 3.785207765001282199e-01 3.563185126363033817e+01 2.623369110262793303e+08
1.000000000000000000e+00 4.566167100038871922e+02 -3.238134642411286990e+01 -1.055260183912750566e+06 -1.204738656588567188e+14 1.640077375065105369e-05 -1.135871210138907224e-06 1.066954215779489427e-06 -2.687925389928100728e+01 -6.515888612565540194e-01 7.941823850135083518e-01 2.659245010972353107e-01 3.072326418263842029e+01 4.161465406333069205e+08
1.000000000000000000e+00 4.270497236575691318e+02 -1.600423950576161047e+01 -1.058925032594935736e+06 -1.213121142287612500e+14 1.539205636571793452e-05 -5.633455838063980671e-07 9.301261631504788268e-07 -1.144052552676086343e+01 -2.769144904242017979e-01 9.663297830905988040e-01 1.129352061624384063e-01 2.143570532241049875e+01 5.071169629829496145e+08
1.000000000000000000e+00 3.868324822409874173e+02 7.709774158515589892e-01 -1.062589853471241426e+06 -1.221532625409674219e+14 1.399076893531093353e-05 2.723215173041536063e-08 7.622338491702771834e-07 5.775622095472884077e+00 1.395862818826298646e-01 9.917851961897664603e-01 -5.719919893185099885e-02 1.319755054694443075e+01 5.212620791949193478e+08
1.000000000000000000e+00 3.371061659856915753e+02 1.751469468214850167e+01 -1.066254639053421561e+06 -1.229973088017212031e+14 1.223434195017565244e-05 6.207806079151601338e-07 5.803192224346798728e-07 2.215921488422041818e+01 5.347411384133679002e-01 8.667577466622196081e-01 -2.186550661801159035e-01 1.081805133098781724e+01 4.562375065564051867e+08
1.000000000000000000e+00 2.791691136231337396e+02 3.383174469742388624e+01 -1.069919383257149952e+06 -1.238442515185281562e+14 1.016649866817629871e-05 1.203233978179803270e-06 4.024615800548192636e-07 3.522259154710145879e+01 8.487050456545317534e-01 6.102628922794782751e-01 -3.469449702112851752e-01 1.568398532889538899e+01 3.217095594592986703e+08
1.000000000000000000e+00 2.144249304827719129e+02 4.932288394837174650e+01 -1.073584080894996878e+06 -1.246940893879409375e+14 7.835456899457010082e-06 1.760188432018768838e-06 2.459574296552888329e-07 4.297505181689248843e+01 1.033949024223580704e+00 2.612201360161975905e-01 -4.226164529953294613e-01 2.495536694680446388e+01 1.379133834079556465e+08
1.000000000000000000e+00 1.445531472736426508e+02 6.360810328000745528e+01 -1.077248727933926508e+06 -1.255468213591354219e+14 5.300252097915682507e-06 2.277734356845928761e-06 1.260870638424508163e-07 4.422342410847132044e+01 1.062388385957022008e+00 -1.274354923920953953e-01 -4.341878313886577967e-01 3.322248896036409604e+01 -6.738169528499428928e+07
1.000000000000000000e+00 7.126726467742079763e+01 7.636669110823100937e+01 -1.080913322021298110e+06 -1.264024467615096719e+14 2.622007591453344905e-06 2.743907583908163929e-06 5.420860467725180915e-08 3.875478351438279390e+01 9.296200448220013346e-01 -4.967476291142568501e-01 -3.798858852218670035e-01 3.565905373896355712e+01 -2.630498867541696429e+08
1.000000000000000000e+00 -3.727944191286612252e+00 8.729603609239164541e+01 -1.084577861430581659e+06 -1.272609650639332031e+14 -1.376204971562750249e-07 3.147240246255708026e-06 3.708093828184787698e-08 2.737385372311551635e+01 6.556413046317959292e-01 -7.906510088179751206e-01 -2.679248978377306578e-01 3.083874012133818354e+01 -4.193116668569368720e+08
1.000000000000000000e+00 -7.856946628645387420e+01 9.613390296022673454e+01 -1.088242345571214100e+06 -1.281223759972840625e+14 -2.910264147255296548e-06 3.477577625038634870e-06 7.633999848847091728e-08 1.178774850001185293e+01 2.819112483780090161e-01 -9.644732599950919250e-01 -1.152787293605996438e-01 2.157373698827885988e+01 -5.122608058844704032e+08
1.000000000000000000e+00 -1.514834791922676231e+02 1.026931122360817028e+02 -1.091906776015349431e+06 -1.289866798015315156e+14 -5.629940657956635280e-06 3.727361491435661498e-06 1.681273937464440295e-07 -5.647295267841847988e+00 -1.348572179156386774e-01 -9.917421170377493933e-01 5.487939323619242526e-02 1.327866838188441001e+01 -5.275304548930522799e+08
1.000000000000000000e+00 -2.208120449157751466e+02 1.068172924770061485e+02 -1.095571154894863954e+06 -1.298538768543164688e+14 -8.234103732694291790e-06 3.890064407692381234e-06 3.037489247988325552e-07 -2.228125921555666267e+01 -5.312837872147655460e-01 -8.682504177018876002e-01 2.166909149843052329e-01 1.080663925042173723e+01 -4.625307911908082366e+08
1.000000000000000000e+00 -2.848476934336084696e+02 1.084023339880247505e+02 -1.099235485549117206e+06 -1.307239678272370781e+14 -1.065752676170662963e-05 3.960992407721726226e-06 4.702792281881937854e-07 -3.557471687752193645e+01 -8.469980025622289022e-01 -6.127349624512076209e-01 3.455495015065380704e-01 1.560586612994246991e+01 -3.268994640184355378e+08
1.000000000000000000e+00 -3.420815658105699981e+02 1.074263914803815823e+02 -1.102899772704053670e+06 -1.315969537333755938e+14 -1.284158715289960488e-05 3.938416770586864145e-06 6.520438800554549296e-07 -4.348960917608888366e+01 -1.033907075038365209e+00 -2.640417963623443720e-01 4.218578323180884326e-01 2.486762705613393365e+01 -1.410779553787657022e+08
1.000000000000000000e+00 -3.912114249862511883e+02 1.039026722464919033e+02 -1.106564021449972643e+06 -1.324728356880412344e+14 -1.473469192455460717e-05 3.821887506585208272e-06 8.320068138284663856e-07 -4.480446796493225747e+01 -1.063587828439733762e+00 1.247982602667757068e-01 4.340212029839884966e-01 3.317083742418071779e+01 6.677885643131309003e+07
1.000000000000000000e+00 -4.309788221372222665e+02 9.790015325721286388e+01 -1.110228238158684922e+06 -1.333516151305374219e+14 -1.628625326068908216e-05 3.613019271013726690e-06 9.926615470756167451e-07 -3.930369337183142875e+01 -9.316276891095190971e-01 4.946698216611122856e-01 3.802128252800353603e-01 3.565856268737321244e+01 2.650872695463470519e+08
1.000000000000000000e+00 -4.604147298289614696e+02 8.956926875832331802e+01 -1.113892430438951589e+06 -1.342332938185009219e+14 -1.745602868654957563e-05 3.316476455165758168e-06 1.118616738988302498e-06 -2.781105015659055724e+01 -6.582401345755232169e-01 7.893909316383802555e-01 2.686397104671903735e-01 3.087988215548633875e+01 4.236504216792998910e+08
1.000000000000000000e+00 -4.788269942739078715e+02 7.909175253169873088e+01 -1.117556605840683915e+06 -1.351178735194685000e+14 -1.821382422587749405e-05 2.938159485644559440e-06 1.198048244438193960e-06 -1.206315243844147922e+01 -2.850930845394735180e-01 9.642550194192964774e-01 1.162754300378595618e-01 2.163217478288534323e+01 5.182609918444855213e+08
1.000000000000000000e+00 -4.856395541501689195e+02 6.670016865930584515e+01 -1.121220772296767682e+06 -1.360053561178309375e+14 -1.853353112717616552e-05 2.485951802528664888e-06 1.222810249768300155e-06 5.555787846481599956e+00 1.311086553508254149e-01 9.927933680807411454e-01 -5.373568801846372728e-02 1.331875543381260130e+01 5.343866966412264705e+08
1.000000000000000000e+00 -4.806312214048392093e+02 5.269879763992514654e+01 -1.124884938690089388e+06 -1.368957437543622500e+14 -1.840234064624180952e-05 1.970531790285861270e-06 1.190148542940921419e-06 2.237577686277137801e+01 5.272597478104814606e-01 8.707458865682593530e-01 -2.155980397336350329e-01 1.079133057820685515e+01 4.693830654411172867e+08
1.000000000000000000e+00 -4.638988711810205245e+02 3.741043411074616643e+01 -1.128549113407216268e+06 -1.377890384768116406e+14 -1.781955131501454539e-05 1.403420605856465163e-06 1.102948822626293330e-06 3.584399905217530602e+01 8.433826751812576461e-01 6.166653273766777854e-01 -3.447703208636704320e-01 1.552274073524242404e+01 3.329076634977869987e+08
