1.000000000000000000e+00 -4.391156897439901172e+02 -5.898069439314478757e+01 -2.733102605958869099e+05 -1.180699330837820508e+13 -6.304380995681210081e-06 -7.828781236794077743e-07 1.112827478539549932e-06 -6.934804451271284349e-07 1.290787790790121115e+01 9.540842850234603212e-01 -8.768362197283912085e-01 -4.658639725996052139e-01 -3.799368581744692364e+01
1.000000000000000000e+00 -4.114243269449333411e+02 -1.127750097829381417e+02 -2.758183138082568184e+05 -1.202468318554521484e+13 -5.961020653369452515e-06 -1.510651591501520418e-06 1.023878847867611064e-06 -7.370188681619442701e-07 4.667884794233446932e+00 3.436975133076797806e-01 -9.854354539466859686e-01 -1.681190892344528176e-01 -3.812852377251690683e+01
1.000000000000000000e+00 -3.735841762876485745e+02 -1.637776564438306650e+02 -2.783263827792668017e+05 -1.224436297368728516e+13 -5.461983806825600776e-06 -2.213794824202285181e-06 9.234973245517989368e-07 -7.383491282773065207e-07 -4.139667280622632006e+00 -3.036354641075451610e-01 -9.887922452060271539e-01 1.475802958963992328e-01 -4.912449421582010700e+01
1.000000000000000000e+00 -3.264435791229208803e+02 -2.107581585358434779e+02 -2.808344709324136493e+05 -1.246603301422058008e+13 -4.815774080726789539e-06 -2.874505536068164906e-06 8.213654157224919922e-07 -6.977271190828494768e-07 -1.257587217973235028e+01 -9.188875098644199158e-01 -8.864961647450194659e-01 4.475096774614021333e-01 -6.641408853435680726e+01
1.000000000000000000e+00 -2.710638217767616993e+02 -2.524653831568201099e+02 -2.833425815484956838e+05 -1.268969364663738672e+13 -4.034511556289964015e-06 -3.474097675456748591e-06 7.271862629051054549e-07 -6.055924703640231806e-07 -1.973217892916104788e+01 -1.436292133027916362e+00 -6.894151820180866030e-01 6.995894211604219981e-01 -8.280533962730034148e+01
1.000000000000000000e+00 -2.088561602349552118e+02 -2.877761226046486627e+02 -2.858507171730828704e+05 -1.291534515439708594e+13 -3.136130568137644820e-06 -3.995051507008907018e-06 6.502448236170298359e-07 -4.374267009711995735e-07 -2.482784678248153654e+01 -1.800348471171096643e+00 -4.185654752938278711e-01 8.768097463413988546e-01 -9.146821924854769748e+01
1.000000000000000000e+00 -1.413408127552436611e+02 -3.158075106726490731e+02 -2.883588796645366820e+05 -1.314298776638899609e+13 -2.140959608464109187e-06 -4.422665808962231629e-06 5.980830381796494693e-07 -1.380472614286119450e-07 -2.729557238118533391e+01 -1.971813035734318431e+00 -1.028936105758265496e-01 9.601342255202006681e-01 -8.878234794154815290e+01
1.000000000000000000e+00 -7.016806091602472861e+01 -3.357528343260713086e+02 -2.908670705630818265e+05 -1.337262168814429688e+13 -1.072115542660986947e-06 -4.742884891030563785e-06 5.756432280587107602e-07 4.251053050980928625e-07 -2.684571264614847763e+01 -1.932015721507819084e+00 2.238045672620085080e-01 9.405657452591198453e-01 -7.585761602683558635e+01
1.000000000000000000e+00 2.772457151553888277e+00 -3.470287037744140548e+02 -2.933752905737138935e+05 -1.360424705261825586e+13 4.272636396114885373e-08 -4.944441817617945273e-06 5.850870504441924944e-07 1.626520486178762914e-06 -2.350137877439270540e+01 -1.684990228277345015e+00 5.265053968939176210e-01 8.201420355700830278e-01 -5.808303803496135487e+01
1.000000000000000000e+00 7.561819645889876540e+01 -3.493650783334081780e+02 -2.958835392456066329e+05 -1.383786388689210938e+13 1.175316085428489197e-06 -5.020288053300143367e-06 6.254239618317163350e-07 4.865971523460187721e-06 -1.759964264159571812e+01 -1.257136131173533400e+00 7.727299084930190354e-01 6.117408815802166666e-01 -4.288140440828534139e+01
1.000000000000000000e+00 1.465195935350002685e+02 -3.426280584176329285e+02 -2.983918156663312111e+05 -1.407347217307558008e+13 2.296625445882896361e-06 -4.965216298407726885e-06 6.922658464235612707e-07 1.892082049546876295e-05 -9.757905203689762885e+00 -6.944092738115150709e-01 9.360537184493102902e-01 3.377061025188758947e-01 -3.660488097032320098e+01
1.000000000000000000e+00 2.135486123637852245e+02 -3.269532876914811368e+02 -3.009001181313918787e+05 -1.431107181504240039e+13 3.375411083119997019e-06 -4.777892861866754276e-06 7.784625378728647939e-07 1.344232478972533402e-04 -8.086730719964947411e-01 -5.733480742392301627e-02 9.989644026291566448e-01 2.743978306834980729e-02 -4.187509683101866642e+01
1.000000000000000000e+00 2.749751528764489876e+02 -3.028030817244923014e+02 -3.034084441043668194e+05 -1.455066263146682422e+13 4.382568124187934766e-06 -4.461863646274575103e-06 8.751880471919987051e-07 2.568807507763971811e-05 8.290090016544075624e+00 5.855945674243744348e-01 9.547486130060200971e-01 -2.857746315020585071e-01 -5.648747320046746268e+01
1.000000000000000000e+00 3.292412558900190902e+02 -2.707671373659371170e+02 -3.059167907116322895e+05 -1.479224440036875195e+13 5.290846042843129993e-06 -4.022792280242198693e-06 9.723010424341871424e-07 5.966618908615493266e-06 1.655885071085711502e+01 1.165376659116390323e+00 8.082017354051269642e-01 -5.683658286836914542e-01 -7.433898236111544122e+01
1.000000000000000000e+00 3.748694854131731518e+02 -2.316772613943166732e+02 -3.084251541977457819e+05 -1.503581680467610938e+13 6.073477692115348449e-06 -3.470256220544548217e-06 1.059414054361262011e-06 1.971374768869989063e-06 2.310279801346284145e+01 1.619962317646646666e+00 5.750880896882144544e-01 -7.900869495388322949e-01 -8.798430942224455009e+01
1.000000000000000000e+00 4.107261987540459245e+02 -1.866318060077560688e+02 -3.109335302249093074e+05 -1.528137945816379297e+13 6.708532430894308740e-06 -2.818263242740468202e-06 1.127881017026272310e-06 5.732276285758018042e-07 2.720866004546427064e+01 1.900892365877219436e+00 2.804207014347358529e-01 -9.272524875921084320e-01 -9.174348889994382716e+01
1.000000000000000000e+00 4.359632057706878072e+02 -1.367762299999697007e+02 -3.134419145506570349e+05 -1.552893197029427148e+13 7.178182056179655972e-06 -2.082073422114320100e-06 1.171006349732221594e-06 -6.259994987366382691e-08 2.842157132468453895e+01 1.978400859639635190e+00 -4.424153902736292776e-02 -9.652536216634728383e-01 -8.406152602229801118e+01
1.000000000000000000e+00 4.499105298412540037e+02 -8.340654245856698878e+01 -3.159503026453270577e+05 -1.577847390838865625e+13 7.467109043185572983e-06 -1.279815112002983659e-06 1.184245476144459385e-06 -3.953867906625459930e-07 2.659406299089960868e+01 1.844473800189683654e+00 -3.641792352248263698e-01 -9.000911601831110831e-01 -6.814346707711449369e+01
1.000000000000000000e+00 4.523106090834943416e+02 -2.797311500428618913e+01 -3.184586897842598264e+05 -1.603000480576983203e+13 7.566541849503257824e-06 -4.326356216458099857e-07 1.166610429015446291e-06 -5.816370797119696306e-07 2.190246493456386290e+01 1.513589471268365738e+00 -6.452151944091879532e-01 -7.387750725948774022e-01 -5.061214705453274831e+01
1.000000000000000000e+00 4.432182601369827353e+02 2.814605153826668271e+01 -3.209670714430122171e+05 -1.628352420108983984e+13 7.472840010481925247e-06 4.387390577911323102e-07 1.120305585338866678e-06 -6.851346667515821607e-07 1.482942416323935220e+01 1.021109640617888559e+00 -8.573439674791545340e-01 -4.985596294362043546e-01 -3.875423753026893792e+01
1.000000000000000000e+00 4.228746695176412231e+02 8.353855036544460688e+01 -3.234754431709777564e+05 -1.653903162620032617e+13 7.185558806735936251e-06 1.312370897950673903e-06 1.050121459174614712e-06 -7.341524608062758621e-07 6.114542872643595750e+00 4.195181049939236129e-01 -9.779116766239592806e-01 -2.051020405678889158e-01 -3.749732032070843246e+01
1.000000000000000000e+00 3.919128288828298423e+02 1.367592859475152807e+02 -3.259838007912246394e+05 -1.679652662703901953e+13 6.711089939120066107e-06 2.165116070949345090e-06 9.637062228478063927e-07 -7.403089239332852540e-07 -3.321910524735946613e+00 -2.271009083082129454e-01 -9.940191635287863869e-01 1.102607136830338619e-01 -4.736596242670173496e+01
1.000000000000000000e+00 3.512221711687113270e+02 1.865494855490062207e+02 -3.284921409799724352e+05 -1.705600882489021875e+13 6.060583890233614916e-06 2.976099037782636819e-06 8.701354334926376824e-07 -7.049487075194934501e-07 -1.247477390727101643e+01 -8.497935192772713142e-01 -9.039001662040588858e-01 4.138351115407953307e-01 -6.426040550247034844e+01
1.000000000000000000e+00 3.018120112351580815e+02 2.317146598208325372e+02 -3.310004605701979017e+05 -1.731747784689879688e+13 5.247744445143169674e-06 3.724864243877315331e-06 7.785680485046900524e-07 -6.198213982806855327e-07 -2.035985706320525424e+01 -1.382008689036246629e+00 -7.171280783914109058e-01 6.731514253316548402e-01 -8.115274007087461428e+01
1.000000000000000000e+00 2.450000603539104702e+02 2.711232117678742384e+02 -3.335087567458381527e+05 -1.758093334716674219e+13 4.292210304573528830e-06 4.391392764737157962e-06 6.982369470887283163e-07 -4.627023156094313787e-07 -2.611926446578339878e+01 -1.766679615061687691e+00 -4.536218177867259449e-01 8.604291402214149231e-01 -9.100480209936583265e+01
1.000000000000000000e+00 1.822555057246286481e+02 3.039085511368351717e+02 -3.360170276098223985e+05 -1.784637506848286719e+13 3.216988456668118751e-06 4.959438919255450467e-06 6.374075867206659212e-07 -1.835261760688929234e-07 -2.911512120816864879e+01 -1.962373701856542807e+00 -1.415442515238991561e-01 9.555606922472233977e-01 -8.970142932165080651e+01
1.000000000000000000e+00 1.150630969159268346e+02 3.293275908155827096e+02 -3.385252717879248085e+05 -1.811380280357237500e+13 2.046137026629555162e-06 5.414365285575362752e-06 6.020508917840916997e-07 3.364034143635020893e-07 -2.900130333811097927e+01 -1.947835603540463145e+00 1.856945657875707645e-01 9.482898366732691597e-01 -7.777624333636546794e+01
1.000000000000000000e+00 4.510743596598196348e+01 3.467557749948610990e+02 -3.410334885746380896e+05 -1.838321641289633594e+13 8.080769687856273269e-07 5.743135598674776808e-06 5.956256467245935165e-07 1.424360986692975026e-06 -2.576464895843668046e+01 -1.724392244687282583e+00 4.930162294187346861e-01 8.393406589633694015e-01 -6.020069688913454087e+01
1.000000000000000000e+00 -2.589400316031790794e+01 3.558702404441071963e+02 -3.435416780336234951e+05 -1.865461583821195312e+13 -4.672896795394277950e-07 5.937442877100586540e-06 6.189999279871519669e-07 4.253409305685443613e-06 -1.973018567226538522e+01 -1.315907582484873384e+00 7.474507645795390731e-01 6.403631099849169672e-01 -4.431367321184092845e+01
1.000000000000000000e+00 -9.631818433375556765e+01 3.564904237872451631e+02 -3.460498405801451881e+05 -1.892800105994254297e+13 -1.750872416438996778e-06 5.991214402895580494e-06 6.700847684715129207e-07 1.560129351936677619e-05 -1.152893343113355229e+01 -7.662509667693098159e-01 9.216978072313807280e-01 3.726911214445754461e-01 -3.675292842132139270e+01
1.000000000000000000e+00 -1.644491683799476220e+02 3.485728531191175534e+02 -3.485579771873138961e+05 -1.920337212129687500e+13 -3.011024354144614031e-06 5.900610228367832668e-06 7.439552497810110405e-07 1.148390466036855944e-04 -2.031310482458761335e+00 -1.345399196130842301e-01 9.970775406084522174e-01 6.504385931650283337e-02 -4.067615186776620106e+01
1.000000000000000000e+00 -2.286496175370735386e+02 3.323771330683318865e+02 -3.510660897684097872e+05 -1.948072917291101953e+13 -4.216643855993423056e-06 5.666936673325968191e-06 8.337805915199206471e-07 3.226886718748253179e-05 7.746570424931154442e+00 5.113079010904800770e-01 9.655431482165083290e-01 -2.495775757629071223e-01 -5.444113800103146161e+01
1.000000000000000000e+00 -2.874753307513237814e+02 3.082918490414995745e+02 -3.535741806859973585e+05 -1.976007242170757031e+13 -5.339353637138710461e-06 5.293841402725453311e-06 9.313105896988851496e-07 6.893514411062063816e-06 1.675306775413367788e+01 1.101972457222113233e+00 8.305337123498952590e-01 -5.374533808198348472e-01 -7.229850450780573112e+01
1.000000000000000000e+00 -3.394828201071472336e+02 2.768315958243728119e+02 -3.560822525729913614e+05 -2.004140211253468359e+13 -6.350028726074333490e-06 4.787340578012363628e-06 1.027191145864251485e-06 2.241511598056414497e-06 2.401508790671360316e+01 1.574233287674497772e+00 6.065797264950604228e-01 -7.677738991858058526e-01 -8.680056077295893147e+01
1.000000000000000000e+00 -3.834039854264981955e+02 2.387879875809299790e+02 -3.585903086751223891e+05 -2.032471856805923047e+13 -7.222087255155163619e-06 4.158525448570602964e-06 1.112426938430870439e-06 6.844262972370856427e-07 2.874329083377755367e+01 1.877738149280154589e+00 3.177142704156231678e-01 -9.159373407948558921e-01 -9.191059802448081939e+01
1.000000000000000000e+00 -4.182450009724315123e+02 1.950430443508600149e+02 -3.610983524260898703e+05 -2.061002214269894922e+13 -7.933481727097504329e-06 3.420458408597383975e-06 1.179045816592678511e-06 -7.532444611145327673e-09 3.041701180046081276e+01 1.980312795338758480e+00 -5.126033466385250190e-03 -9.661631206905710867e-01 -8.551156517201108898e+01
1.000000000000000000e+00 -4.430886548899640047e+02 1.465681612200986308e+02 -3.636063876768660266e+05 -2.089731324972471094e+13 -8.463104324212546330e-06 2.588209837188669023e-06 1.220175892242811297e-06 -3.652429372093209194e-07 2.884012020247744701e+01 1.871276917265575213e+00 -3.274210511679989111e-01 -9.131493430904753517e-01 -7.027485473693482732e+01
1.000000000000000000e+00 -4.572713194558996861e+02 9.456126048174373011e+01 -3.661144187515255762e+05 -2.118659236937617188e+13 -8.794240859136682846e-06 1.681351151856083544e-06 1.231722710377208340e-06 -5.645571249246845511e-07 2.416241200700218883e+01 1.562464038073873906e+00 -6.147490085663271930e-01 -7.626099056770778706e-01 -5.253931991665066192e+01
1.000000000000000000e+00 -4.604620936050550313e+02 4.024855446333574349e+01 -3.686224498173624743e+05 -2.147785997733667578e+13 -8.916270282207382528e-06 7.205438375862289759e-07 1.212774762645544127e-06 -6.759899843399882800e-07 1.686479252552038233e+01 1.086887178213409300e+00 -8.364412671396833643e-01 -5.306463284890464704e-01 -3.967502666288228141e+01
1.000000000000000000e+00 -4.524580230853002831e+02 -1.511642224384324962e+01 -3.711304849665949587e+05 -2.177111655369754688e+13 -8.820891554694681547e-06 -2.724607724773862740e-07 1.164585788336385737e-06 -7.306654660550819517e-07 7.710042932867610332e+00 4.952208354272547020e-01 -9.688310218190600009e-01 -2.420283513799873221e-01 -3.702624511335856994e+01
1.000000000000000000e+00 -4.333596550886938985e+02 -7.012903256860572299e+01 -3.736385285277985968e+05 -2.206636261944580859e+13 -8.505653567616119440e-06 -1.272558748327420128e-06 1.091305697724780739e-06 -7.417037799813074435e-07 -2.335848542467579225e+00 -1.495306898191784140e-01 -9.977619044935741588e-01 7.243432469745780811e-02 -4.569561157214612024e+01
1.000000000000000000e+00 -4.036240736215136167e+02 -1.234423632726919209e+02 -3.761465846316671232e+05 -2.236359868576629297e+13 -7.975202959808033577e-06 -2.255016325805787355e-06 9.999583310228128168e-07 -7.115520049443996550e-07 -1.220409731986367596e+01 -7.786454059759948532e-01 -9.200979543201160959e-01 3.791570236500093061e-01 -6.208340622405027887e+01
1.000000000000000000e+00 -3.638480623295658916e+02 -1.737682785453674796e+02 -3.786546571296187467e+05 -2.266282524351435938e+13 -7.237205909878498608e-06 -3.195524424758807925e-06 8.990344450671042811e-07 -6.332254972826168677e-07 -2.083546393404419206e+01 -1.324922486079731065e+00 -7.440755684043901530e-01 6.453457458763832699e-01 -7.937528972518946091e+01
1.000000000000000000e+00 -3.149352643478558775e+02 -2.197648868750700615e+02 -3.811627496627950459e+05 -2.296404277042295703e+13 -6.305787104997894237e-06 -4.068151286349689051e-06 7.982522463520558366e-07 -4.866434652900553599e-07 -2.729328700371125649e+01 -1.729820988286926431e+00 -4.884530298058605280e-01 8.424936641910331092e-01 -9.036946694854637485e+01
1.000000000000000000e+00 -2.581163596342797746e+02 -2.602518498929901511e+02 -3.836708650871447753e+05 -2.326725166053900391e+13 -5.202138526937404501e-06 -4.849321596213418720e-06 7.076704956118236824e-07 -2.264128713617251413e-07 -3.086542741043421145e+01 -1.949756597786114209e+00 -1.805359787841147590e-01 9.494396686754063008e-01 -9.047600427803129719e+01
1.000000000000000000e+00 -1.947142458921427703e+02 -2.942058539259835470e+02 -3.861790058510388480e+05 -2.357245226721025781e+13 -3.949971365254492400e-06 -5.517829922719348493e-06 6.360057830964571917e-07 2.537995880755941938e-07 -3.114391498583853490e+01 -1.960870071048697705e+00 1.467235950153098212e-01 9.546586306732857130e-01 -7.963966570461445826e+01
1.000000000000000000e+00 -1.262960151992176918e+02 -3.206528563587894496e+02 -3.886871740218113991e+05 -2.387964490473087500e+13 -2.578679799991080289e-06 -6.052902284067247134e-06 5.901758603439131363e-07 1.240478093712449860e-06 -2.807291796212972557e+01 -1.761713865251684608e+00 4.582530945888400598e-01 8.575275972168265870e-01 -6.237555575478057790e+01
1.000000000000000000e+00 -5.465837747080927045e+01 -3.388807120572153622e+02 -3.911953708152289619e+05 -2.418882978864223438e+13 -1.123202347823733866e-06 -6.438265734877877913e-06 5.748796117331059985e-07 3.720584449803910738e-06 -2.195879443899951511e+01 -1.373514266450157617e+00 7.206327461631869546e-01 6.684189640022423218e-01 -4.589113694536688826e+01
1.000000000000000000e+00 1.842540270223909005e+01 -3.484166674792948015e+02 -3.937035965365489246e+05 -2.450000702502117578e+13 3.810604980314947021e-07 -6.661877532694134112e-06 5.916505017734300175e-07 1.297917845781108853e-05 -1.344017070411672243e+01 -8.379362209338716561e-01 9.057047428401131528e-01 4.075997212818364135e-01 -3.707384144897621070e+01
1.000000000000000000e+00 9.106768991233956001e+01 -3.489136434347185514e+02 -3.962118509132938343e+05 -2.481317664855104297e+13 1.895393301970247697e-06 -6.713882760341544367e-06 6.385174638333077690e-07 9.043874188515693539e-05 -3.420733063017871167e+00 -2.125746456766787473e-01 9.936183145021469931e-01 1.030506983790293318e-01 -3.960745001217664907e+01
1.000000000000000000e+00 1.613066585623379012e+02 -3.403480038370490774e+02 -3.987201327197093051e+05 -2.512833857289594531e+13 3.378531871786531524e-06 -6.590520465566831757e-06 7.105741601522109657e-07 4.132712906878103240e-05 7.027967558604286680e+00 4.353240880771853116e-01 9.749716907181245062e-01 -2.125556933100435641e-01 -5.243086501343938721e+01
1.000000000000000000e+00 2.273661084573984112e+02 -3.229655050871255639e+02 -4.012284400525540113e+05 -2.544549262190196094e+13 4.792090353423992806e-06 -6.293267447056153760e-06 8.005235597832897116e-07 8.020040676578324488e-06 1.678268629558922953e+01 1.036190590512756415e+00 8.518146954746759203e-01 -5.053842582177372478e-01 -7.018679619569336126e+01
1.000000000000000000e+00 2.875179921075472862e+02 -2.971522632323953985e+02 -4.037367705690480652e+05 -2.576463855728051172e+13 6.097767928726258757e-06 -5.826472315060933519e-06 8.988374687890073199e-07 2.550139503053284501e-06 2.479037402366682485e+01 1.525671310780604806e+00 6.374063258591506909e-01 -7.440812591659689001e-01 -8.546726067001051774e+01
1.000000000000000000e+00 3.401284510346353045e+02 -2.636098935212925767e+02 -4.062451209227691870e+05 -2.608577600442122656e+13 7.258362923086987857e-06 -5.200896410654235482e-06 9.951184355812846919e-07 8.074218296537927338e-07 3.018207944382497132e+01 1.851532248583668938e+00 3.547632107825141046e-01 -9.031345430537375263e-01 -9.190824995200649994e+01
1.000000000000000000e+00 3.839036352590662204e+02 -2.232653313821840868e+02 -4.087534871681252844e+05 -2.640890450067717578e+13 8.243113038295951593e-06 -4.432115830237757410e-06 1.079736464924272337e-06 5.222848060965782390e-08 3.236645615570108703e+01 1.979183028926308818e+00 3.416786884835987942e-02 -9.655885067241198882e-01 -8.683709573672334159e+01
1.000000000000000000e+00 4.177315260201280012e+02 -1.771266228070284967e+02 -4.112618653015220189e+05 -2.673402356334613672e+13 9.024502167012422244e-06 -3.537778376825797987e-06 1.144058802406636415e-06 -3.328813567359244020e-07 3.109313203292055405e+01 1.895258269506523652e+00 -2.900848062618428536e-01 -9.248299032912311590e-01 -7.237362161310210240e+01
1.000000000000000000e+00 4.407144179684361802e+02 -1.264387142740777250e+02 -4.137702508003571420e+05 -2.706113262913970312e+13 9.579086199534021158e-06 -2.540783576818269422e-06 1.181504919883353496e-06 -5.462712294619059046e-07 2.647975770583425970e+01 1.608923771428369065e+00 -5.833494155328309283e-01 -7.852656262485083749e-01 -5.453777783380328970e+01
1.000000000000000000e+00 4.523832744473614298e+02 -7.256674046207700712e+01 -4.162786390790176811e+05 -2.739023111213262500e+13 9.892321578957279641e-06 -1.467067451969566095e-06 1.188751877269853666e-06 -6.660812767492832433e-07 1.900044890924509389e+01 1.150819575494408831e+00 -8.143123942562098261e-01 -5.618325658088915153e-01 -4.074402050104502848e+01
1.000000000000000000e+00 4.525044119625987378e+02 -1.684778262325419007e+01 -4.187870255782040185e+05 -2.772131841533837891e+13 9.954595019467391283e-06 -3.426607087201383060e-07 1.165164396596372073e-06 -7.265870444198191424e-07 9.437147415017298258e+00 5.697841910663717924e-01 -9.583114687682277033e-01 -2.783996146922366188e-01 -3.672427477677723573e+01
1.000000000000000000e+00 4.410920355966947568e+02 3.926035489828905156e+01 -4.212954056174659054e+05 -2.805439391117405469e+13 9.761656004330929981e-06 8.032843097632651385e-07 1.113206549199450983e-06 -7.425139676728180034e-07 -1.201114380683076632e+00 -7.229106710097803201e-02 -9.999504641678161887e-01 3.476745600384204687e-02 -4.415078107727953238e+01
1.000000000000000000e+00 4.185877508153768076e+02 9.430513554343293947e+01 -4.238037747786146938e+05 -2.838945699234749609e+13 9.318776505590588895e-06 1.941013268696846367e-06 1.038906834679286046e-06 -7.174256289154540538e-07 -1.178312027824649633e+01 -7.069610749184185305e-01 -9.347400532522646133e-01 3.442152512931206387e-01 -5.993954940100480400e+01
1.000000000000000000e+00 3.856328388650161401e+02 1.469770651720662045e+02 -4.263121293298067176e+05 -2.872650713004994531e+13 8.635932891515188061e-06 3.043025561298629297e-06 9.500745447892771613e-07 -6.455428015930691150e-07 -2.117428412774978241e+01 -1.266435674479835072e+00 -7.695917618866232601e-01 6.168552605558331736e-01 -7.752466235212504841e+01
1.000000000000000000e+00 3.430688937471558120e+02 1.959554537632245115e+02 -4.288204657097941381e+05 -2.906554380676214062e+13 7.727951829522245809e-06 4.080949299405685129e-06 8.554752885868748655e-07 -5.087405302514338473e-07 -2.835750515779192682e+01 -1.690775271231630850e+00 -5.221068594184784528e-01 8.234910882392377784e-01 -8.958220879653435986e+01
1.000000000000000000e+00 2.920916459359694386e+02 2.400304205485294915e+02 -4.313287807521308423e+05 -2.940656654750218359e+13 6.618127562521642733e-06 5.028090244069194074e-06 7.648076096996491478e-07 -2.657762069636848324e-07 -3.254353850481775368e+01 -1.934329004324657486e+00 -2.187242508899014670e-01 9.419492012608605691e-01 -9.107965672349374131e+01
1.000000000000000000e+00 2.340005630903105214e+02 2.782207966327992494e+02 -4.338370721166405128e+05 -2.974957498056519922e+13 5.332748755567886179e-06 5.861983480988564691e-06 6.872043839009690177e-07 1.789556498304601671e-07 -3.325882022148747552e+01 -1.970717281210720540e+00 1.080878648162555827e-01 9.594757130587621141e-01 -8.138216096703678204e+01
1.000000000000000000e+00 1.702008215719955331e+02 3.096083116483357003e+02 -4.363453377663712599e+05 -3.009456876865097656e+13 3.901212007151066691e-06 6.561018934701676821e-06 6.302340333193135453e-07 1.077589056277561017e-06 -3.040050933666634236e+01 -1.795785434625726706e+00 4.233049968726894097e-01 8.741328888025836630e-01 -6.452959880704977991e+01
1.000000000000000000e+00 1.023434233155579136e+02 3.334517775796656451e+02 -4.388535764966534916e+05 -3.044154768346360547e+13 2.359321589657067042e-06 7.106913326455341981e-06 5.996190992857840253e-07 3.267607310149118355e-06 -2.425171181299926459e+01 -1.428157954749324166e+00 6.931136153610921724e-01 6.950327582036449625e-01 -4.755733000883958539e+01
1.000000000000000000e+00 3.206529768096488908e+01 3.492828289973617757e+02 -4.413617879634352284e+05 -3.079051161296478125e+13 7.434256931656165148e-07 7.486870241143680710e-06 5.984614495075189433e-07 1.093542249133114827e-05 -1.545420464245094827e+01 -9.072874374141752796e-01 8.885616471407302708e-01 4.413716126181237986e-01 -3.755627341999398539e+01
1.000000000000000000e+00 -3.899789164179765777e+01 3.567284008491058103e+02 -4.438699720102127758e+05 -3.114146047034204297e+13 -9.092942695395985132e-07 7.689919486911102111e-06 6.268158707340876129e-07 6.925279777575000920e-05 -4.941002108766753942e+00 -2.891890081093433928e-01 9.886883965220466530e-01 1.403645701395189183e-01 -3.870448172791867592e+01
1.000000000000000000e+00 -1.090776464737635791e+02 3.556199289998987183e+02 -4.463781292139784782e+05 -3.149439427179154688e+13 -2.557680112361425517e-06 7.709342469742286135e-06 6.819773471549892227e-07 5.357832144652633954e-05 6.163963541730879570e+00 3.596660053127040402e-01 9.827859058701908790e-01 -1.756945406162139511e-01 -5.051917495896226029e+01
1.000000000000000000e+00 -1.765331897533864378e+02 3.460686213145780812e+02 -4.488862609753977158e+05 -3.184931315222234766e+13 -4.162653309442168888e-06 7.544437689238454127e-06 7.589125150229993022e-07 9.373230750215676027e-06 1.666768411224920499e+01 9.695969418106431537e-01 8.715418643163044266e-01 -4.729218696533689648e-01 -6.806372251958811148e+01
1.000000000000000000e+00 -2.398241772511743477e+02 3.282783255200199619e+02 -4.513943691018598038e+05 -3.220621730902449219e+13 -5.686652111384779689e-06 7.196588768486205985e-06 8.503483320083516642e-07 2.897847229402957004e-06 2.543752372099449488e+01 1.475269915056316661e+00 6.669430197146501982e-01 -7.194938597696937110e-01 -8.401793265904390751e+01
1.000000000000000000e+00 -2.973799151187360508e+02 3.026538482114698922e+02 -4.539024559574997984e+05 -3.256510702520785938e+13 -7.090579420565551004e-06 6.671708654144793776e-06 9.474861407309613190e-07 9.417937994705241367e-07 3.152369325918430931e+01 1.822713594824081573e+00 3.909589041181976699e-01 -8.890586622095028035e-01 -9.173694523709912119e+01
1.000000000000000000e+00 -3.478562888740505059e+02 2.698577547038650550e+02 -4.564105245568078826e+05 -3.292598268511530078e+13 -8.339942758861253644e-06 5.981621009268627940e-06 1.041410806517087057e-06 1.164839426709865202e-07 3.426135825931475409e+01 1.975034027945742787e+00 7.316053400059246981e-02 -9.635411367398838411e-01 -8.801626283736435141e+01
1.000000000000000000e+00 -3.900933645057238550e+02 2.306152842275836008e+02 -4.589185778980611358e+05 -3.328884468029817969e+13 -9.403981416313335711e-06 5.139869189503172778e-06 1.123239403705118079e-06 -2.983332662663036521e-07 3.334171040538618769e+01 1.916242655972262954e+00 -2.524585275316774124e-01 -9.350475511503626436e-01 -7.441417492321831162e+01
1.000000000000000000e+00 -4.229871586913130841e+02 1.858236459366512179e+02 -4.614266195984843653e+05 -3.365369350210159375e+13 -1.025267966167147258e-05 4.164203665614646850e-06 1.184655110069634649e-06 -5.267335753830688542e-07 2.884503784273842442e+01 1.652838016410602684e+00 -5.511129477036554869e-01 -8.066784726704266939e-01 -5.659217593467328555e+01
1.000000000000000000e+00 -4.457406666583895571e+02 1.365909266075873632e+02 -4.639346538173526060e+05 -3.402052973284007422e+13 -1.086292126897126501e-05 3.077563373773565959e-06 1.219797842027503329e-06 -6.553439526112869290e-07 2.123293876570632577e+01 1.213024977962176232e+00 -7.909224887350241318e-01 -5.921758534909129512e-01 -4.195770517398145927e+01
1.000000000000000000e+00 -4.578048864272582819e+02 8.403390515213483525e+01 -4.664426845545402030e+05 -3.438935394451469141e+13 -1.121724666818858027e-05 1.903624003711134992e-06 1.225336430663790663e-06 -7.218738180782411985e-07 1.130089932195784819e+01 6.436903187450594421e-01 -9.462900274755785546e-01 -3.144508771102351719e-01 -3.659033691173815583e+01
1.000000000000000000e+00 -4.587508205497853737e+02 2.938745218961344818e+01 -4.689507160664558178e+05 -3.476016675984210547e+13 -1.130086319461573428e-05 6.692948433072421682e-07 1.200195319902927196e-06 -7.427538221870075084e-07 9.614790869592700073e-02 5.460243396842299514e-03 -1.000613294763714745e+00 -3.150540134836760965e-03 -4.272142213808309208e+01
1.000000000000000000e+00 -4.485116572228133691e+02 -2.597478371173636802e+01 -4.714587526570689515e+05 -3.513296882212611719e+13 -1.110772190575940116e-05 -5.947356647411070151e-07 1.146596432943550801e-06 -7.226882829496322843e-07 -1.119112093496459259e+01 -6.336621490216866048e-01 -9.480512991602647599e-01 3.084841736494470799e-01 -5.780640278772614948e+01
1.000000000000000000e+00 -4.273024577067653240e+02 -8.074820737463002729e+01 -4.739667983966136235e+05 -3.550776075329908594e+13 -1.063875655309455593e-05 -1.858699362099444318e-06 1.069461020568968908e-06 -6.570729404928321618e-07 -2.135252814877699379e+01 -1.205450276432774803e+00 -7.941607425293171207e-01 5.871450495598253827e-01 -7.557480477345764314e+01
1.000000000000000000e+00 -3.954867985830861130e+02 -1.335891833330910856e+02 -4.764748574210710358e+05 -3.588454319810498438e+13 -9.898731404203341881e-06 -3.091289107923135395e-06 9.756280003057949409e-07 -5.296217820461190441e-07 -2.928990004235926747e+01 -1.648684243840214059e+00 -5.553296174798845186e-01 8.030036134234133094e-01 -8.862962673501957056e+01
1.000000000000000000e+00 -3.538050810629653142e+02 -1.831114076522596577e+02 -4.789829337830847362e+05 -3.626331680178610156e+13 -8.902083537840048912e-06 -4.259550593068538177e-06 8.742445293983011396e-07 -3.029009478595748979e-07 -3.413403231081625933e+01 -1.915713449536267987e+00 -2.570569694305946951e-01 9.329058920064646765e-01 -9.152481085877376188e+01
1.000000000000000000e+00 -3.032654628050968881e+02 -2.280949991578943639e+02 -4.814910306643380900e+05 -3.664408208986810938e+13 -7.670412414388478746e-06 -5.333745692450175574e-06 7.753936414518566437e-07 1.090681743821657051e-07 -3.534096095092279199e+01 -1.977645264590528695e+00 6.875082195732028223e-02 9.628721076677200230e-01 -8.304242712379021896e+01
1.000000000000000000e+00 -2.449979276560130188e+02 -2.673777170465703534e+02 -4.839991509219481377e+05 -3.702683954830783594e+13 -6.228946068768069590e-06 -6.284896796565037449e-06 6.884556611241838662e-07 9.284681367659823926e-07 -3.275463068561506930e+01 -1.827567983846722033e+00 3.871885504961065094e-01 8.896249090874277510e-01 -6.671333232229414989e+01
1.000000000000000000e+00 -1.804633484955635083e+02 -2.998625494872636637e+02 -4.865072971143340110e+05 -3.741158962618523438e+13 -4.611964228566238452e-06 -7.085001193652482523e-06 6.219512231588374415e-07 2.868143681104970746e-06 -2.662805740440350277e+01 -1.481408385986200837e+00 6.641030678688988331e-01 7.209691111031204525e-01 -4.935225479283425898e+01
1.000000000000000000e+00 -1.113103764566170923e+02 -3.247190002666679902e+02 -4.890154708952304791e+05 -3.779833264084025000e+13 -2.859340071897973587e-06 -7.711851181955286784e-06 5.826758027327674009e-07 9.269915006482153577e-06 -1.759958193283821970e+01 -9.762831841483702311e-01 8.697786974699805995e-01 4.749704340298839256e-01 -3.821178803286804992e+01
1.000000000000000000e+00 -3.921412002809234565e+01 -3.412651444009883903e+02 -4.915236734358703834e+05 -3.818706883988616406e+13 -1.012498698549812033e-06 -8.146380909426648525e-06 5.745060684721157877e-07 5.267989193099549365e-05 -6.626061062194407825e+00 -3.664972123430340067e-01 9.821503059448536410e-01 1.780152933845247365e-01 -3.794670876970871376e+01
1.000000000000000000e+00 3.393422536694827585e+01 -3.489750235796264519e+02 -4.940319050415838137e+05 -3.857779833941906250e+13 8.806442359035629068e-07 -8.372934276898189661e-06 5.981468262623651401e-07 7.044807352000610995e-05 5.119870289789771434e+00 2.823706834123064779e-01 9.891863264608273809e-01 -1.380376829116727322e-01 -4.866556995546873310e+01
1.000000000000000000e+00 1.062002336350788312e+02 -3.476599690703172882e+02 -4.965401649773676181e+05 -3.897052109320492969e+13 2.770048776705856337e-06 -8.383732472501893211e-06 6.512357785048404090e-07 1.106032814592017142e-05 1.637687389001845162e+01 9.006180685467536362e-01 8.901779649027808938e-01 -4.392992388831748474e-01 -6.588909713753923825e+01
1.000000000000000000e+00 1.757741873882286825e+02 -3.373287851307628671e+02 -4.990484519984257640e+05 -3.936523697225381250e+13 4.607924681252463700e-06 -8.175690737633891600e-06 7.283651806673571310e-07 3.300578580870590220e-06 2.593180974624888790e+01 1.421985152339974023e+00 6.957960955093021038e-01 -6.935025399180859695e-01 -8.242919061653280721e+01
1.000000000000000000e+00 2.407906244891955510e+02 -3.181827270782937376e+02 -5.015567674470530474e+05 -3.976194625382222656e+13 6.344059212414262445e-06 -7.750416370279661726e-06 8.213736343349596581e-07 1.091794703536360557e-06 3.275099727932799709e+01 1.790782768259907343e+00 4.269175257023917758e-01 -8.734659147580995375e-01 -9.139411106265532680e+01
1.000000000000000000e+00 2.995134477832315270e+02 -2.907684075416070186e+02 -5.040651021982861566e+05 -4.016064755149800000e+13 7.930681661961369277e-06 -7.118068925496608975e-06 9.206294899246321286e-07 1.867070772461916286e-07 3.609137760261165084e+01 1.967802566552945054e+00 1.123617672535840023e-01 -9.599899787518753058e-01 -8.905860513359438357e+01
1.000000000000000000e+00 3.504905561649128458e+02 -2.558076929922761167e+02 -5.065734560097417561e+05 -4.056134087238353906e+13 9.326663544625607414e-06 -6.293386010922279576e-06 1.016065801262190824e-06 -2.610408443775589586e-07 3.558000462456061541e+01 1.934404402193741879e+00 -2.142121543608737355e-01 -9.438872035022305429e-01 -7.640473234691312143e+01
1.000000000000000000e+00 3.923636970507475894e+02 -2.141764252080834865e+02 -5.090818250840380788e+05 -4.096402565069636719e+13 1.049262062213690739e-05 -5.295263766261972044e-06 1.097710845241306712e-06 -5.057447365357966749e-07 3.125382141504782041e+01 1.694381148599841680e+00 -5.179030960725952148e-01 -8.269334224101961839e-01 -5.870173252904690031e+01
1.000000000000000000e+00 4.240443917723553682e+02 -1.670309125045736778e+02 -5.115902049910302158e+05 -4.136870120627545312e+13 1.139570254710372600e-05 -4.149993481009083198e-06 1.157399086503802486e-06 -6.437269188366404863e-07 2.355634781613604645e+01 1.273462447555915311e+00 -7.662809240883238227e-01 -6.216561054331307679e-01 -4.331025752004655516e+01
1.000000000000000000e+00 4.448336136477013270e+02 -1.156118800663495705e+02 -5.140985914165606373e+05 -4.177536686375832812e+13 1.201300260095417935e-05 -2.886537590971951253e-06 1.189556904187097043e-06 -7.165267489459626701e-07 1.329203527189021727e+01 7.165447842703741577e-01 -9.328258374236382267e-01 -3.499895977454461904e-01 -3.662628666074505901e+01
1.000000000000000000e+00 4.542077733694431458e+02 -6.121553718835499325e+01 -5.166069798605878022e+05 -4.218402190374169531e+13 1.232600649443177787e-05 -1.535855207380816081e-06 1.190790203051973339e-06 -7.424203632433309069e-07 1.543105875354938483e+00 8.295158723212278651e-02 -9.997391932160298866e-01 -4.094324131098864283e-02 -4.142865330322575090e+01
1.000000000000000000e+00 4.519721282008894150e+02 -5.306017936307394045e+00 -5.191153654259986361e+05 -4.259466552738750000e+13 1.232489130648517026e-05 -1.337706808773084371e-07 1.161142608034342492e-06 -7.272874202474230961e-07 -1.044289007057440699e+01 -5.597965769739587927e-01 -9.598367877131347425e-01 2.724746556600373681e-01 -5.572438934092054552e+01
1.000000000000000000e+00 4.383386521285113986e+02 5.069230159928084589e+01 -5.216237436032408732e+05 -4.300729698423272656e+13 1.201087589676731389e-05 1.284185322144812390e-06 1.104397377039355775e-06 -6.676600533921198389e-07 -2.138380618298392122e+01 -1.143084974925050901e+00 -8.173268799695279085e-01 5.567600329470981935e-01 -7.357034214613472045e+01
1.000000000000000000e+00 4.136858436547418592e+02 1.054156670156967408e+02 -5.241321102347323904e+05 -4.342191556782900781e+13 1.138987575435976107e-05 2.683331123965717223e-06 1.026512240655988449e-06 -5.489457483903291768e-07 -3.009894051247458080e+01 -1.604471809851608199e+00 -5.873859157781592399e-01 7.814808124151777502e-01 -8.753676108348533091e+01
1.000000000000000000e+00 3.786927718551101520e+02 1.574494305474308362e+02 -5.266404614333880600e+05 -4.383852060357435156e+13 1.047632103622976662e-05 4.027018797687933949e-06 9.354590131867691303e-07 -3.371154435876825534e-07 -3.563642587438903320e+01 -1.894374251973937273e+00 -2.945665929116546566e-01 9.225351608366384459e-01 -9.179790909008252697e+01
1.000000000000000000e+00 3.343831395021952630e+02 2.055324016884310936e+02 -5.291487937980389688e+05 -4.425711148582029688e+13 9.294579395970818157e-06 5.281854671568589277e-06 8.407286469933928258e-07 4.540397530344673707e-08 -3.737824965416557177e+01 -1.981457348356576720e+00 2.980500423473149418e-02 9.647513217109419115e-01 -8.456663326035041450e+01
1.000000000000000000e+00 2.818680231160719245e+02 2.485573640729758722e+02 -5.316571044485392049e+05 -4.467768768569905469e+13 7.871998294094025031e-06 6.417806167669594599e-06 7.516725030710855798e-07 7.953629802326690517e-07 -3.511087845073841862e+01 -1.856115249664914035e+00 3.509752361264273923e-01 9.035424090518361373e-01 -6.885199411608193998e+01
1.000000000000000000e+00 2.224728934605529389e+02 2.854540346627588860e+02 -5.341653907584619010e+05 -4.510024870805179688e+13 6.242526712714254887e-06 7.405259328539279529e-06 6.770779106041732099e-07 2.524132060381756418e-06 -2.905271494272028221e+01 -1.531619101857760956e+00 6.344967561165671954e-01 7.454261722524422318e-01 -5.121235409080036760e+01
1.000000000000000000e+00 1.577616866709653323e+02 3.153823339836206401e+02 -5.366736510754497722e+05 -4.552479421464606250e+13 4.447534997633788151e-06 8.220078712521856302e-06 6.245765233169091039e-07 7.935610363006147228e-06 -1.983423236859144012e+01 -1.042758095554238151e+00 8.499451759161233966e-01 5.073418504657917216e-01 -3.901684921657855654e+01
1.000000000000000000e+00 8.927419018992857502e+01 3.377085502087771829e+02 -5.391818845462817699e+05 -4.595132399822071094e+13 2.528533848817937769e-06 8.843123468225957140e-06 5.992770561468650489e-07 4.067337887906713944e-05 -8.432141381314833595e+00 -4.420928304336044223e-01 9.742081662965043076e-01 2.148310170437404965e-01 -3.736109720053496375e+01
1.000000000000000000e+00 1.865767987633665825e+01 3.518832198555570585e+02 -5.416900905130612664e+05 -4.637983788225675000e+13 5.309041109251734861e-07 9.257160383425789947e-06 6.034657827189337082e-07 9.190368295682490023e-05 3.935435126072972523e+00 2.057685738334169845e-01 9.939813571657610813e-01 -1.007203983301552253e-01 -4.693426398191937921e+01
1.000000000000000000e+00 -5.231854465421258737e+01 3.576227455196287224e+02 -5.441982691432542633e+05 -4.681033583013979688e+13 -1.495616924235295066e-06 9.451715247582791283e-06 6.368431678281847477e-07 1.313428647303535360e-05 1.594097654656562746e+01 8.312184441461835105e-01 9.071945682164941349e-01 -4.054739269854354400e-01 -6.373469262079836284e+01
1.000000000000000000e+00 -1.220227652218214018e+02 3.548630039220262802e+02 -5.467064212152592372e+05 -4.724281791137300000e+13 -3.504310641386225438e-06 9.422003025613273901e-06 6.963684527518571796e-07 3.758316101658682828e-06 2.629166880422813435e+01 1.367211185243637939e+00 7.232144988622688508e-01 -6.667874365680475091e-01 -8.074991285236019678e+01
1.000000000000000000e+00 -1.888186102691874453e+02 3.436348428414761997e+02 -5.492145480475272052e+05 -4.767728429169273438e+13 -5.447464260100608341e-06 9.165740668217929618e-06 7.762473374728070752e-07 1.256148801525300003e-06 3.386928486193987453e+01 1.756482804209963611e+00 4.618100353008683379e-01 -8.567192765795894616e-01 -9.088957575539561162e+01
1.000000000000000000e+00 -2.510559884251797484e+02 3.242366821764180145e+02 -5.517226517431035172e+05 -4.811373527786077344e+13 -7.276105039532144909e-06 8.687829748009174194e-06 8.688454200859633196e-07 2.621984993902518619e-07 3.785042663028261245e+01 1.957637548704881159e+00 1.510041652064775808e-01 -9.550082522966916176e-01 -8.993932612341478716e+01
1.000000000000000000e+00 -3.073231517886803204e+02 2.971690622989960957e+02 -5.542307348614386283e+05 -4.855217126327395312e+13 -8.947329773046632743e-06 7.998757673022821246e-06 9.656825491002739150e-07 -2.213215932607640236e-07 3.779442603096959630e+01 1.949467866080961231e+00 -1.759441851708147542e-01 -9.512147673820340321e-01 -7.830530418596602260e+01
1.000000000000000000e+00 -3.562921017905445638e+02 2.630091337841720360e+02 -5.567388000857525039e+05 -4.899259267122995312e+13 -1.041994062536604047e-05 7.111327176383951888e-06 1.057483760549398908e-06 -4.834220850825460771e-07 3.369016798605248653e+01 1.733091496119875785e+00 -4.840976083216714798e-01 -8.458053531747762310e-01 -6.083284479542449930e+01
1.000000000000000000e+00 -3.967147919682957422e+02 2.225764425542888887e+02 -5.592468507530012866e+05 -4.943500004911144531e+13 -1.165438876722450543e-05 6.045205710879683435e-06 1.135175606260695963e-06 -6.312515876627942063e-07 2.595764239894213077e+01 1.331731579998385540e+00 -7.405572766170575028e-01 -6.500779060122864328e-01 -4.478596085274340766e+01
1.000000000000000000e+00 -4.276645038472460669e+02 1.768507673174132435e+02 -5.617548907335832482e+05 -4.987939404961498438e+13 -1.261994980534363725e-05 4.824831497231656063e-06 1.191428239208763327e-06 -7.105334916461483452e-07 1.540462378332019355e+01 7.882043364023316734e-01 -9.179507199144050222e-01 -3.849457580423175651e-01 -3.683133727675833313e+01
1.000000000000000000e+00 -4.483679087872009745e+02 1.268448888248889546e+02 -5.642629238838701276e+05 -5.032577533520996875e+13 -1.328995762322065964e-05 3.476024486231992518e-06 1.220626689632198021e-06 -7.415130403394922778e-07 3.143123990298271941e+00 1.603941854515384680e-01 -9.973307451462732898e-01 -7.871354435764471580e-02 -4.027447868165548073e+01
1.000000000000000000e+00 -4.582061031228446950e+02 7.376404505000613199e+01 -5.667709544745919993e+05 -5.077414465483642969e+13 -1.364193623732482765e-05 2.030395536833232216e-06 1.219553558795972982e-06 -7.312806027270999981e-07 -9.526077699660826070e+00 -4.848235467519837472e-01 -9.701878555528343773e-01 2.359230956676300894e-01 -5.368767576835637101e+01
1.000000000000000000e+00 -4.569410302866801885e+02 1.890778748263604214e+01 -5.692789867403986864e+05 -5.122450276448551562e+13 -1.366447247228609754e-05 5.227501976944084817e-07 1.188369797166315076e-06 -6.774856403885931730e-07 -2.124952999362850647e+01 -1.078610062295517702e+00 -8.393669332174609199e-01 5.253446450342109664e-01 -7.149714396568693076e+01
1.000000000000000000e+00 -4.445311280371046792e+02 -3.645995760383640771e+01 -5.717870247188692447e+05 -5.167685039795643750e+13 -1.335192959339983523e-05 -1.012462147064045704e-06 1.129606736731216683e-06 -5.671369120029903471e-07 -3.076438225993485176e+01 -1.557442242881224015e+00 -6.187876784570035538e-01 7.585838893287192297e-01 -8.629173581311790997e+01
1.000000000000000000e+00 -4.211334114025693225e+02 -9.095789713612882110e+01 -5.742950727957520867e+05 -5.213118836506290625e+13 -1.270463957066345936e-05 -2.536902880293737133e-06 1.048204430324589119e-06 -3.693427397106960925e-07 -3.703422118063682689e+01 -1.869901021708306521e+00 -3.319883067892238637e-01 9.106374307611661001e-01 -9.190342961408524047e+01
1.000000000000000000e+00 -3.873085744770049246e+02 -1.432008033254092254e+02 -5.768031351302810945e+05 -5.258751744822469531e+13 -1.173524832914279046e-05 -4.011450213837045763e-06 9.521237551423224407e-07 -1.410922279597989464e-08 -3.936294416802944340e+01 -1.982246460164849511e+00 -9.634694600332166861e-03 9.651590271467064275e-01 -8.598252817919764368e+01
1.000000000000000000e+00 -3.438145518600880450e+02 -1.919301423425089297e+02 -5.793112152868679259e+05 -5.304583833412033594e+13 -1.046269946433267004e-05 -5.399871956047199303e-06 8.506964154548569901e-07 6.729756261825765194e-07 -3.747376224722167848e+01 -1.882153553959768244e+00 3.137501585770539059e-01 9.162394663363109260e-01 -7.098966105795044257e+01
1.000000000000000000e+00 -2.916023654666422544e+02 -2.358655191980739403e+02 -5.818193165831650840e+05 -5.350615167534715625e+13 -8.912237237296360165e-06 -6.664705024323727015e-06 7.535083264851632052e-07 2.217594301087480006e-06 -3.154363907984363635e+01 -1.580156912639864020e+00 6.034911485578452472e-01 7.690697689729253383e-01 -5.317934187832679527e+01
1.000000000000000000e+00 -2.319933614126092323e+02 -2.738296639680872318e+02 -5.843274419236421818e+05 -5.396845805870178125e+13 -7.120974003736042746e-06 -7.770788989385999659e-06 6.701876740306761725e-07 6.821031126313994308e-06 -2.218817998416392356e+01 -1.108597095013847511e+00 8.284995589624181145e-01 5.394038973356800604e-01 -3.999040692557020549e+01
1.000000000000000000e+00 -1.664456092180759867e+02 -3.048718372911000642e+02 -5.868355934469975764e+05 -5.443275793813246875e+13 -5.130933080823741245e-06 -8.688845908353193064e-06 6.090249097569661901e-07 3.177947463003736185e-05 -1.039770234664557869e+01 -5.181506250889924559e-01 9.646334561134585206e-01 2.518710050842001280e-01 -3.693355430811648432e+01
1.000000000000000000e+00 -9.653722558522875374e+01 -3.281167258397113073e+02 -5.893437729627615772e+05 -5.489905171304521875e+13 -2.988622574274864736e-06 -9.391293388827626922e-06 5.759853044695613136e-07 1.163156751444081942e-04 2.568853232411867804e+00 1.276813497215247561e-01 9.973065308209838609e-01 -6.268141598741200360e-02 -4.528421754537995270e+01
1.000000000000000000e+00 -2.411445123853661343e+01 -3.428918789868055228e+02 -5.918519814052649308e+05 -5.536733962483714844e+13 -7.497181922062079727e-07 -9.855953488548651193e-06 5.744671429520333654e-07 1.579726155021969578e-05 1.532026553330025642e+01 7.594984895904487443e-01 9.230556494123191014e-01 -3.705200863022517499e-01 -6.155168956671521840e+01
1.000000000000000000e+00 4.896713160449608893e+01 -3.488306134534985858e+02 -5.943602186260522576e+05 -5.583762171442325000e+13 1.528839724081827381e-06 -1.006914663601174502e-05 6.047327670506271274e-07 4.296340994326190802e-06 2.648406026859726481e+01 1.309545358267497184e+00 7.498969606353700357e-01 -6.386645196242017875e-01 -7.894490076989653460e+01
1.000000000000000000e+00 1.208690929576783049e+02 -3.457071215923083400e+02 -5.968684840792868054e+05 -5.630989794726868750e+13 3.789670673470259278e-06 -1.002109810803256671e-05 6.635915647996927892e-07 1.441326026338481605e-06 3.485509229193668546e+01 1.719018154947455690e+00 4.964386012201725817e-01 -8.384304711019977541e-01 -9.021374518634503659e+01
1.000000000000000000e+00 1.896415493303704523e+02 -3.335542354482410587e+02 -5.993767764077195898e+05 -5.678416813336398438e+13 5.970916068920603824e-06 -9.709451826464525904e-06 7.448856978112276501e-07 3.452700333347647664e-07 3.952522946979068053e+01 1.944328994895701435e+00 1.898575173164228358e-01 -9.484931946702493955e-01 -9.067150692971517856e+01
1.000000000000000000e+00 2.534933632919141360e+02 -3.127336630540367537e+02 -6.018850933702432085e+05 -5.726043191022347656e+13 8.014708679049647498e-06 -9.141480964276956520e-06 8.403779449589345409e-07 -1.782153231718637709e-07 3.998036394424648421e+01 1.961670614270983215e+00 -1.370297627515846828e-01 -9.571458590222012841e-01 -8.013783540805937378e+01
1.000000000000000000e+00 3.108124904712078660e+02 -2.837485219260855729e+02 -6.043934322074486408e+05 -5.773868880922550781e+13 9.867923174169186779e-06 -8.328785631569899712e-06 9.402145464457052954e-07 -4.593512426046175699e-07 3.615501186654447707e+01 1.769435323524482850e+00 -4.492804267492140347e-01 -8.635215481256668379e-01 -6.300180496587070422e+01
1.000000000000000000e+00 3.600374449345354151e+02 -2.473440781058103539e+02 -6.069017894604561152e+05 -5.821893821879884375e+13 1.147819633502772297e-05 -7.290348258788119937e-06 1.033887446249676463e-06 -6.177518943533183247e-07 2.843951827352931261e+01 1.388283299549801564e+00 -7.135463079394164243e-01 -6.776610971834410302e-01 -4.638994711260073700e+01
1.000000000000000000e+00 3.999179368677756088e+02 -2.045435686102393049e+02 -6.094101609417935833e+05 -5.870117937603901562e+13 1.280230396619310785e-05 -6.053741326179461230e-06 1.112117932201013780e-06 -7.038440978440474941e-07 1.763974401438516182e+01 8.588961304924720430e-01 -9.016123300344858205e-01 -4.194300288625502637e-01 -3.720573674403970443e+01
1.000000000000000000e+00 4.295071217134013182e+02 -1.564398813967341368e+02 -6.119185425528509077e+05 -5.918541152194950000e+13 1.380611679128611108e-05 -4.649105821268144300e-06 1.167296347411814727e-06 -7.400272701707654816e-07 4.893630541056011474e+00 2.376702715854125403e-01 -9.933867323449815379e-01 -1.164038989077115366e-01 -3.926641124703118635e+01
1.000000000000000000e+00 4.480152820447190720e+02 -1.042832758107800828e+02 -6.144269298503588652e+05 -5.967163381758889062e+13 1.446007783234045039e-05 -3.111811255079835254e-06 1.193642895592379433e-06 -7.346596325510573253e-07 -8.446998077848149933e+00 -4.092080766775805789e-01 -9.790353269110407819e-01 1.990562451565836555e-01 -5.171849587073846521e+01
1.000000000000000000e+00 4.550457041728958529e+02 -4.949417296698287316e+01 -6.169353180016903207e+05 -6.015984533398675000e+13 1.474695014757463150e-05 -1.482934759236184559e-06 1.188801598572181586e-06 -6.864899451672605923e-07 -2.095782168425639114e+01 -1.012718742978810704e+00 -8.600384332353887551e-01 4.932366006372236322e-01 -6.938701116740519126e+01
1.000000000000000000e+00 4.505453785008684804e+02 6.553466202890899872e+00 -6.194437024591796799e+05 -6.065004518264575781e+13 1.466047161449313858e-05 1.971520267894265070e-07 1.153842863643647019e-06 -5.840187168343345061e-07 -3.129264123735879721e+01 -1.508303050398684508e+00 -6.490555615879278761e-01 7.346571820778921014e-01 -8.491876741178205634e+01
1.000000000000000000e+00 4.346363431679876044e+02 6.244451415460572719e+01 -6.219520787314859917e+05 -6.114223247171835938e+13 1.420007119643786936e-05 1.886164447961961906e-06 1.092467085777899867e-06 -3.991804594486799456e-07 -3.832790520515216315e+01 -1.842756354832012500e+00 -3.686028121619964737e-01 8.974374473959552123e-01 -9.183844380099223770e+01
1.000000000000000000e+00 4.078261388754118002e+02 1.167165637774440228e+02 -6.244604425303307362e+05 -6.163640633519716406e+13 1.337788783099381144e-05 3.539694374195633157e-06 1.011383290364725099e-06 -6.864553130808112697e-08 -4.128578572527450774e+01 -1.979988125395228282e+00 -4.867104738911598449e-02 9.640826676854823418e-01 -8.725115839090102554e+01
1.000000000000000000e+00 3.709193358341378826e+02 1.680700885044118138e+02 -6.269687902901079506e+05 -6.213256603670691406e+13 1.221611060817521148e-05 5.117580601660923047e-06 9.191753050672055180e-07 5.628669098663153026e-07 -3.982194256096931184e+01 -1.905006274581876546e+00 2.764721776995109903e-01 9.273861167499032332e-01 -7.306141047160072333e+01
1.000000000000000000e+00 3.248355737867504445e+02 2.152680838691746601e+02 -6.294771186204807600e+05 -6.263071086344044531e+13 1.074115768943468196e-05 6.580940031363191647e-06 8.248545017663031369e-07 1.950375722561916381e-06 -3.406733000168441095e+01 -1.625648813111148616e+00 5.719596571311313937e-01 7.912311494111569088e-01 -5.518887338054717873e+01
1.000000000000000000e+00 2.708047287123959563e+02 2.571260084632262419e+02 -6.319854244937631302e+05 -6.313084016429002344e+13 8.990231311595003899e-06 7.891897032630927758e-06 7.379390194088034491e-07 5.906652892763033037e-06 -2.461821093729464849e+01 -1.171824308022673566e+00 8.060835319270281962e-01 5.701944943233381302e-01 -4.109899617072558442e+01
1.000000000000000000e+00 2.102519191446863829e+02 2.927067733494008621e+02 -6.344937057646129979e+05 -6.363295345552467969e+13 7.007689440143522605e-06 9.019623937014697627e-06 6.673758414072126632e-07 2.533028590070132344e-05 -1.247446109686268123e+01 -5.923083975459605410e-01 9.537226648594303580e-01 2.879850067227892607e-01 -3.667938720922211360e+01
1.000000000000000000e+00 1.446155646133409789e+02 3.212011986399219836e+02 -6.370019608946720837e+05 -6.413705036883890625e+13 4.839086294050633524e-06 9.936793541847862679e-06 6.199873571633540919e-07 1.352313993598626776e-04 1.067477970277645127e+00 5.056008448412439849e-02 9.990574008756555324e-01 -2.511464780670407543e-02 -4.377471820057443352e+01
1.000000000000000000e+00 7.553832950452913053e+01 3.419124136541703365e+02 -6.395101888100842480e+05 -6.464313062495449219e+13 2.537595553233365968e-06 1.061917253231636490e-05 6.003042125087399803e-07 1.916900512647202006e-05 1.455501849001273307e+01 6.876810881888083538e-01 9.372703430996429663e-01 -3.355210647409136437e-01 -5.941763092532753632e+01
1.000000000000000000e+00 4.738636871531974215e+00 3.544342748485096877e+02 -6.420183893397561042e+05 -6.515119412441038281e+13 1.598116579991917242e-07 1.105125297679738757e-05 6.103786290389149104e-07 4.915262133461588001e-06 2.653717229736432870e+01 1.250711310630125750e+00 7.750477756579549071e-01 -6.099744623351135431e-01 -7.707632341388053021e+01
1.000000000000000000e+00 -6.616176308042412302e+01 3.585122599150244014e+02 -6.445265626547010615e+05 -6.566124083690792969e+13 -2.240038333184151502e-06 1.122207513641854958e-05 6.492652951366999694e-07 1.645191171616862533e-06 3.572167725761794088e+01 1.679442115056505980e+00 5.298339012269552839e-01 -8.191138037601325417e-01 -8.938884252564858457e+01
1.000000000000000000e+00 -1.354449409576113510e+02 3.540258363065546519e+02 -6.470347094858599594e+05 -6.617327084722093750e+13 -4.603603662014067740e-06 1.112476577466110702e-05 7.131174245584068892e-07 4.346745462346464307e-07 4.111406641243752347e+01 1.928221992339957946e+00 2.279301444353598050e-01 -9.406138595217966580e-01 -9.123341477109481445e+01
1.000000000000000000e+00 -2.014307435321564697e+02 3.411524865677196772e+02 -6.495428315679039806e+05 -6.668728444854421094e+13 -6.872917172314960641e-06 1.076179401665558436e-05 7.959362853292260258e-07 -1.323629798183393178e-07 4.212383005660118585e+01 1.970745192682999081e+00 -9.834323821064594462e-02 -9.615505713085334971e-01 -8.185305218621131473e+01
1.000000000000000000e+00 -2.626356748929762261e+02 3.202113398477087003e+02 -6.520509310030273627e+05 -6.720328201533168750e+13 -8.995862261670628095e-06 1.014020108003922231e-05 8.900353798478248838e-07 -4.338420145574353199e-07 3.862695957623459009e+01 1.802734556601940374e+00 -4.141096650159950543e-01 -8.797514664595205147e-01 -6.515782212466903900e+01
1.000000000000000000e+00 -3.175763851922072263e+02 2.916469575586402243e+02 -6.545590102309285430e+05 -6.772126399854196094e+13 -1.091954560851012355e-05 9.271171092058765471e-06 9.863267806598140335e-07 -6.033596181999780880e-07 3.097911782253155621e+01 1.442286491813894012e+00 -6.856511395551196930e-01 -7.040002111496717063e-01 -4.809082466461576644e+01
1.000000000000000000e+00 -3.649059246844363429e+02 2.561808641417745775e+02 -6.570670723031242378e+05 -6.824123098395506250e+13 -1.259500019830124196e-05 8.174942942132229880e-06 1.075609224924290953e-06 -6.964985503725408174e-07 1.997877587366124885e+01 9.278871866750172392e-01 -8.839853523754219733e-01 -4.530847175339210442e-01 -3.774335331500102342e+01
1.000000000000000000e+00 -4.035576804118528003e+02 2.146402124114878518e+02 -6.595751205858102767e+05 -6.876318363264192188e+13 -1.398226222667022067e-05 6.875490636909487212e-06 1.149442620616313854e-06 -7.379667894483580264e-07 6.784458194593896430e+00 3.143314634615058112e-01 -9.879350322991627964e-01 -1.537954860649305699e-01 -3.841445560764731937e+01
1.000000000000000000e+00 -4.325443055143527999e+02 1.679438476191505742e+02 -6.620831587970041437e+05 -6.928712268998577344e+13 -1.504356268241067821e-05 5.400139509584803656e-06 1.200318468341462531e-06 -7.374385371117778076e-07 -7.205565661405265665e+00 -3.330348631653187730e-01 -9.863744478344836919e-01 1.619154631681658796e-01 -4.982783230878616365e+01
1.000000000000000000e+00 -4.510950320955049051e+02 1.172413540000117536e+02 -6.645911911384453997e+05 -6.981304901478797656e+13 -1.574817328594713427e-05 3.784109944227028100e-06 1.223147827903880872e-06 -6.947529854020062036e-07 -2.049934731243548924e+01 -9.451769634485713834e-01 -8.794206965690616329e-01 4.603218251751792778e-01 -6.724215456330323093e+01
1.000000000000000000e+00 -4.587823719882460978e+02 6.372835400306782105e+01 -6.670992217740195338e+05 -7.034096347119246094e+13 -1.607698907145308241e-05 2.064673936762929996e-06 1.215883212729765217e-06 -5.998291142103906034e-07 -3.166869607894944849e+01 -1.456656926308757427e+00 -6.784420054934660049e-01 7.095071360244974423e-01 -8.341332547694176469e+01
1.000000000000000000e+00 -4.553132304668185952e+02 8.633615605231737433e+00 -6.696072547370081302e+05 -7.087086690890237500e+13 -1.601540702575632205e-05 2.807638563685882853e-07 1.178608512049236112e-06 -4.272144321868900462e-07 -3.950207592551137736e+01 -1.812606484021744402e+00 -4.048735254714772580e-01 8.827727752961176400e-01 -9.160293727849951040e+01
1.000000000000000000e+00 -4.406648169678832687e+02 -4.665533406604387778e+01 -6.721152944363922579e+05 -7.140276027023759375e+13 -1.555821310125727477e-05 -1.522907135793444143e-06 1.114278654545546112e-06 -1.196096184746713751e-07 -4.313682494169194825e+01 -1.974653038966478924e+00 -8.795378281390656139e-02 9.615082479169878571e-01 -8.838808132784181737e+01
1.000000000000000000e+00 -4.151888297356602493e+02 -1.007883387461128279e+02 -6.746233450708958553e+05 -7.193664446666018750e+13 -1.471345232913172379e-05 -3.302174296837224995e-06 1.029062512629350758e-06 4.613685272499357174e-07 -4.215593467307396480e+01 -1.925142322463488265e+00 2.383884195998473288e-01 9.372110291329408538e-01 -7.509955513874234612e+01
1.000000000000000000e+00 -3.793882225611206422e+02 -1.524649880124541710e+02 -6.771314105947830249e+05 -7.247252037061989062e+13 -1.349473514086816275e-05 -5.013851006507118536e-06 9.308865318946581247e-07 1.710469583436823426e-06 -3.663779513376685060e+01 -1.669157879203726047e+00 5.391702431195547485e-01 8.124282392566739563e-01 -5.727816745822423883e+01
1.000000000000000000e+00 -3.340466400968682592e+02 -2.003214355200617263e+02 -6.796394947567232884e+05 -7.301038882293517188e+13 -1.192595802194864208e-05 -6.612023251067836464e-06 8.290724424506497077e-07 5.128220904584702504e-06 -2.715214325485096936e+01 -1.234066688282233759e+00 7.821228292416758654e-01 6.005060608094346941e-01 -4.236569213989372429e+01
1.000000000000000000e+00 -2.803026985805555569e+02 -2.431335149026325553e+02 -6.821476006791642867e+05 -7.355025054127310938e+13 -1.004415011648328926e-05 -8.054739966125670536e-06 7.337276322185478735e-07 2.044088159399209059e-05 -1.470155406021495814e+01 -6.666020261559930660e-01 9.411776512807012995e-01 3.241646122831376986e-01 -3.659266356412166488e+01
1.000000000000000000e+00 -2.194054946327949551e+02 -2.798246028340600446e+02 -6.846557309512409847e+05 -7.409210613777584375e+13 -7.890913949340959356e-06 -9.304359533994164129e-06 6.540279622407536631e-07 1.383633361845774533e-04 -6.143647527205042813e-01 -2.779079553983408724e-02 9.992843982659347368e-01 1.304949971442213343e-02 -4.236983839860044299e+01
1.000000000000000000e+00 -1.528322361547315609e+02 -3.093586311532173454e+02 -6.871638879702475388e+05 -7.463595619112417188e+13 -5.516744311306079127e-06 -1.032406917146035483e-05 5.976962981631559393e-07 2.364509314403229027e-05 1.359906193687124443e+01 6.137017516450552490e-01 9.502470322396269209e-01 -2.994707492913826208e-01 -5.728120285982713966e+01
1.000000000000000000e+00 -8.232809261182967475e+01 -3.309413453595668102e+02 -6.896720732657060726e+05 -7.518180109840940625e+13 -2.982622257278461437e-06 -1.108465061016080764e-05 5.705696300938291625e-07 5.654476957827365669e-06 2.641032375976531910e+01 1.189044936013986087e+00 7.993769295949847420e-01 -5.799058453439204230e-01 -7.510008272522431128e+01
1.000000000000000000e+00 -9.639766477124867450e+00 -3.440131883887251547e+02 -6.921802873653299175e+05 -7.572964104236400000e+13 -3.505042595803960939e-07 -1.156438812895807378e-05 5.754241840416611937e-07 1.877014950474555086e-06 3.643855552737698389e+01 1.636681686349289011e+00 5.628976750855667621e-01 -7.982456879750428058e-01 -8.839624784375244815e+01
1.000000000000000000e+00 6.337835693926893299e+01 -3.481366466002645552e+02 -6.946885303361727856e+05 -7.627947610623051562e+13 2.312803120731163074e-06 -1.174541077877722658e-05 6.115823489472165319e-07 5.336965872994212518e-07 4.259914649225805761e+01 1.908907485606240906e+00 2.661764513906172414e-01 -9.311702856322484623e-01 -9.163624650074244471e+01
1.000000000000000000e+00 1.347534864683003377e+02 -3.431842398424506086e+02 -6.971968012652100297e+05 -7.683130615745507812e+13 4.935179536586976973e-06 -1.162013199467173751e-05 6.753318528436029346e-07 -8.235034472712251303e-08 4.421962651737967320e+01 1.976889254618682923e+00 -5.901492363252912321e-02 -9.645249115148641916e-01 -8.348128641873391587e+01
1.000000000000000000e+00 2.026708727124341465e+02 -3.293035577863124104e+02 -6.997050986136329593e+05 -7.738513092216929688e+13 7.449273783703427257e-06 -1.119025031503294927e-05 7.602736523601470575e-07 -4.062345659858934587e-07 4.111093935531162202e+01 1.833624158174160579e+00 -3.779062440727459227e-01 -8.948045801113552189e-01 -6.733239844251498596e+01
1.000000000000000000e+00 2.653676444955627858e+02 -3.067873263037720335e+02 -7.022134202583474107e+05 -7.794094999192139062e+13 9.788691798271900200e-06 -1.046248575434292381e-05 8.575040490747744995e-07 -5.877702168498770367e-07 3.358742515309324972e+01 1.494574743096874325e+00 -6.564354327053498750e-01 -7.295017262436859218e-01 -4.990740755714790566e+01
1.000000000000000000e+00 3.211336696362951102e+02 -2.762403772004009284e+02 -7.047217631089845672e+05 -7.849876273603721875e+13 1.188806266428928529e-05 -9.454382785602263484e-06 9.568265134503221307e-07 -6.883752946566975527e-07 2.243420721193225731e+01 9.959602450272846408e-01 -8.648649062935689358e-01 -4.862915193554810389e-01 -3.844829911839441650e+01
1.000000000000000000e+00 3.685758993222848403e+02 -2.385104188354810901e+02 -7.072301233967407607e+05 -7.905856836236181250e+13 1.369289394621617178e-05 -8.192122645378066139e-06 1.048359323737218015e-06 -7.353060086116793993e-07 8.825753882407481044e+00 3.909090932589520118e-01 -9.809331661563170934e-01 -1.911473390900515490e-01 -3.771710509073617601e+01
1.000000000000000000e+00 4.064932918554678167e+02 -1.945387074226908908e+02 -7.097384972515706904e+05 -7.962036604407156250e+13 1.515511742692588946e-05 -6.705524113321120478e-06 1.122869339638435553e-06 -7.396347390833043121e-07 -5.796124180885105837e+00 -2.561277603251871926e-01 -9.922172989159122602e-01 1.244149256484717581e-01 -4.802033742562979057e+01
1.000000000000000000e+00 4.338683490357498158e+02 -1.455086443235348383e+02 -7.122468803996975766e+05 -8.018415485116432812e+13 1.623289894544218331e-05 -5.033240589515284132e-06 1.172712121489035572e-06 -7.022927257985722956e-07 -1.987284372875563676e+01 -8.761456599710589765e-01 -8.974620257782466304e-01 4.266787188731563929e-01 -6.507762996477836737e+01
1.000000000000000000e+00 4.501000509095084112e+02 -9.274884609245337685e+01 -7.147552681669086451e+05 -8.074993374960345312e+13 1.689950512551828549e-05 -3.219542928419668531e-06 1.193264022989328987e-06 -6.145383664038321139e-07 -3.189337421414676044e+01 -1.402866676365332799e+00 -7.067335898236095648e-01 6.833103182960823530e-01 -8.179273069806622232e+01
1.000000000000000000e+00 4.548454237858853162e+02 -3.757520101339910212e+01 -7.172636560220435495e+05 -8.131770172296264062e+13 1.713760841660449361e-05 -1.308906059138923922e-06 1.182684496148504573e-06 -4.532943129479845864e-07 -4.055575528291442566e+01 -1.779796536408009278e+00 -4.403739188744490440e-01 8.668111349930158749e-01 -9.120025905680252265e+01
1.000000000000000000e+00 4.479911676052686289e+02 1.856712624102782172e+01 -7.197720391922689741e+05 -8.188745768545393750e+13 1.693838436081165102e-05 6.490348276691001994e-07 1.142218500744503664e-06 -1.666051248098938365e-07 -4.490883344616994322e+01 -1.966318478965872973e+00 -1.268539910042060792e-01 9.574729037092565287e-01 -8.936950404672812454e+01
1.000000000000000000e+00 4.298509269666789123e+02 7.421300427988089154e+01 -7.222804131434198935e+05 -8.245920059064585938e+13 1.630914768748916336e-05 2.603239892071061605e-06 1.076775644547693792e-06 3.693113125396360194e-07 -4.445850946273997550e+01 -1.942153222341447050e+00 2.002567982397479018e-01 9.455148574898110114e-01 -7.705401284806754347e+01
1.000000000000000000e+00 4.009724230798667577e+02 1.280275652132360165e+02 -7.247887741093796212e+05 -8.303292955370307812e+13 1.526629053463344641e-05 4.506540562766524517e-06 9.933731917429498981e-07 1.498883528494237926e-06 -3.922587012146997409e+01 -1.709660803647485849e+00 5.058880309953914800e-01 8.321625395626766064e-01 -5.938892163850656658e+01
1.000000000000000000e+00 3.620937748857051588e+02 1.786583937906118535e+02 -7.272971182820175309e+05 -8.360864366818525000e+13 1.383376791512314354e-05 6.310497979068626982e-06 9.002643035289605161e-07 4.476212622473337959e-06 -2.974949072738952083e+01 -1.293683222246698294e+00 7.572455985318211624e-01 6.295395495991638057e-01 -4.375164629404227412e+01
1.000000000000000000e+00 3.143151483437295610e+02 2.248436209585746326e+02 -7.298054422511190642e+05 -8.418634210737646875e+13 1.204980364334142120e-05 7.969223525254620191e-06 8.070872132878175184e-07 1.677181882644816977e-05 -1.703046736971414177e+01 -7.389044344278439258e-01 9.273552887811277179e-01 3.593741128706245402e-01 -3.667649523911499188e+01
1.000000000000000000e+00 2.588811166103371875e+02 2.655428186895295539e+02 -7.323137433847136563e+05 -8.476602421390981250e+13 9.958756597288416675e-06 9.444089312761396338e-06 7.233841228437681978e-07 1.234610492725430524e-04 -2.425598310737179020e+00 -1.050016514505723864e-01 9.979792168864656254e-01 5.065689703754525791e-02 -4.111857039471238551e+01
1.000000000000000000e+00 1.971343943932452305e+02 2.997771524883121401e+02 -7.348220195326260291e+05 -8.534768943398948438e+13 7.609429976543454478e-06 1.069815859559702965e-05 6.573512018195117440e-07 2.951297915746821848e-05 1.249943941574443151e+01 5.398654841274646010e-01 9.615806607203944978e-01 -2.634923458103530236e-01 -5.521869359337963346e+01
1.000000000000000000e+00 1.306755643185485383e+02 3.267306389590796698e+02 -7.373302692063737195e+05 -8.593133736123296875e+13 5.061322461194513693e-06 1.169984922839052162e-05 6.155967838158927970e-07 6.518527211661510774e-06 2.614016356234098737e+01 1.126479601156032073e+00 8.221216753900963958e-01 -5.494014401846926132e-01 -7.308709727430779424e+01
1.000000000000000000e+00 6.113238427607409875e+01 3.458585747428751915e+02 -7.398384917705142871e+05 -8.651696778404706250e+13 2.375832490602101611e-06 1.242692880318008255e-05 6.023120881481068363e-07 2.134027561922673570e-06 3.702720345504498312e+01 1.592055359982799789e+00 5.946117371689078057e-01 -7.764697005621628012e-01 -8.727111282146854876e+01
1.000000000000000000e+00 -9.877550057911776094e+00 3.567155218216049093e+02 -7.423466868154224940e+05 -8.710458054181712500e+13 -3.851798626312737911e-07 1.286047832668458843e-05 6.186936836307885685e-07 6.405604753128161917e-07 4.398460794915840921e+01 1.886958752928777239e+00 3.034671123272743576e-01 -9.204429012776786934e-01 -9.186644464352056616e+01
1.000000000000000000e+00 -8.059046398046598370e+01 3.590507230372703589e+02 -7.448548545957654715e+05 -8.769417562904871875e+13 -3.153282414774338778e-06 1.298840428410258575e-05 6.631761233464346274e-07 -2.914868975289680770e-08 4.625548406232182685e+01 1.979937758446537410e+00 -2.012948795320023548e-02 -9.659890916055241528e-01 -8.497042827880173377e+01
1.000000000000000000e+00 -1.493319280854749422e+02 3.528964863632076572e+02 -7.473629963952959515e+05 -8.828575328418685938e+13 -5.862621059548185158e-06 1.280876522570441170e-05 7.316979052030086425e-07 -3.770441901468152667e-07 4.358210446875695965e+01 1.861338318016966253e+00 -3.415752568730591743e-01 -9.083077094258563688e-01 -6.946140110335841200e+01
1.000000000000000000e+00 -2.145388875334926979e+02 3.383861725254636781e+02 -7.498711137906548101e+05 -8.887931381917853125e+13 -8.450846408549309594e-06 1.232331564169294549e-05 8.177690948965141161e-07 -5.712414630522657296e-07 3.623292533427584061e+01 1.544014977310459447e+00 -6.265377507955934844e-01 -7.536129565452540646e-01 -5.179167072370524494e+01
1.000000000000000000e+00 -2.746047332164060890e+02 3.158467467850173307e+02 -7.523792089237439213e+05 -8.947485768541614062e+13 -1.085306401430194736e-05 1.154094931924521242e-05 9.130969637092827172e-07 -6.795838532488168831e-07 2.497456501115781791e+01 1.061889184587216040e+00 -8.446001865282783960e-01 -5.184521886054233031e-01 -3.930419261901757011e+01
1.000000000000000000e+00 -3.281152247554266523e+02 2.858705689122653553e+02 -7.548872845280760666e+05 -9.007238548226645312e+13 -1.301116105128317444e-05 1.048044917129884193e-05 1.008832916668941045e-06 -7.320716513438743301e-07 1.099214593189332767e+01 4.663361258297076262e-01 -9.724833470787168643e-01 -2.279388623058567487e-01 -3.718680067002735257e+01
1.000000000000000000e+00 -3.738526965741954768e+02 2.491248365087750472e+02 -7.573953434969400987e+05 -9.067189785602114062e+13 -1.487410038978599412e-05 9.163639538644759663e-06 1.095880311771215458e-06 -7.412392879879130484e-07 -4.233833640263879872e+00 -1.792205554288889280e-01 -9.965130268492424781e-01 8.691251602627154960e-02 -4.632120788178787762e+01
1.000000000000000000e+00 -4.106435644669462022e+02 2.064429724170458940e+02 -7.599033893587144557e+05 -9.127339561471160938e+13 -1.639196290900573775e-05 7.618804420378403660e-06 1.165438233064822989e-06 -7.091112694185281105e-07 -1.908197760155677258e+01 -8.059665165328706582e-01 -9.140787814803631450e-01 3.924738031933223681e-01 -6.291399630374060337e+01
1.000000000000000000e+00 -4.375916223807208212e+02 1.588815445918716023e+02 -7.624114261552940588e+05 -9.187687970132532812e+13 -1.752531995006608413e-05 5.882896254458230637e-06 1.210841095924311161e-06 -6.282274317216791183e-07 -3.196063713351805546e+01 -1.346947774977265366e+00 -7.339295815418445112e-01 6.560741814118505877e-01 -8.006507862771537987e+01
1.000000000000000000e+00 -4.540626558307394021e+02 1.075213302425483164e+02 -7.649194578503275989e+05 -9.248235105274775000e+13 -1.824479776002130852e-05 3.994281578093656337e-06 1.227795734662758500e-06 -4.777129829495834099e-07 -4.147760295569680977e+01 -1.744186021500619521e+00 -4.752680488923609614e-01 8.494840521680455669e-01 -9.063098228225558728e+01
1.000000000000000000e+00 -4.595338872133609698e+02 5.355737728611496351e+01 -7.674274884732484352e+05 -9.308981063439407812e+13 -1.852518075137636326e-05 1.996112399940190920e-06 1.214059729212024923e-06 -2.104602444846643164e-07 -4.659115223843925691e+01 -1.954917914162728421e+00 -1.657274236881635388e-01 9.519443254205427474e-01 -9.020029994691893194e+01
1.000000000000000000e+00 -4.538205416910109307e+02 -1.659158728716569220e+00 -7.699355224731992930e+05 -9.369925952661371875e+13 -1.835464829193063715e-05 -6.203983488407455668e-08 1.170585516790848235e-06 2.843640760470979987e-07 -4.672583761512912304e+01 -1.956276259042878829e+00 1.615656215996003342e-01 9.524133591344597916e-01 -7.894215771836842066e+01
1.000000000000000000e+00 -4.370373713683775918e+02 -5.682797915197654959e+01 -7.724435639984707814e+05 -9.431069875040164062e+13 -1.773343610393985051e-05 -2.131853277063912551e-06 1.101276051652629986e-06 1.307936386876959326e-06 -4.183941435117501584e+01 -1.747868594624464533e+00 4.715361692124246384e-01 8.507805011281484031e-01 -6.154788962332234803e+01
