5.400000048107245675e+04 -9.627459940342635897e-09 9.999999999999999547e-08
5.400917681862039899e+04 -3.681333139454072368e-08 9.999999999999999547e-08
5.401835318688443658e+04 -8.876669845151958773e-08 9.999999999999999547e-08
5.402752960452462867e+04 1.635597661837735007e-07 9.999999999999999547e-08
5.403670609057323600e+04 2.715814968877089792e-08 9.999999999999999547e-08
5.404588266186459805e+04 -2.053944232539202996e-07 9.999999999999999547e-08
5.405505933250824455e+04 -2.544904836692147412e-07 9.999999999999999547e-08
5.406423611591165536e+04 -2.229121970637334897e-07 9.999999999999999547e-08
5.407341302255629125e+04 9.286002772870860308e-08 9.999999999999999547e-08
5.408259005775364494e+04 5.800880720456669699e-09 9.999999999999999547e-08
5.409176722482684272e+04 -2.728995491839749808e-08 9.999999999999999547e-08
5.410094452354746318e+04 -1.191380530789148021e-07 9.999999999999999547e-08
5.411012194918545720e+04 -6.873188300558785855e-08 9.999999999999999547e-08
5.411929949508263962e+04 -7.940838923727082981e-08 9.999999999999999547e-08
5.412847715025614161e+04 -1.870054705763417151e-07 9.999999999999999547e-08
5.413765489983121370e+04 -1.309966332997858551e-07 9.999999999999999547e-08
5.414683272801383282e+04 -2.876511259892207843e-07 9.999999999999999547e-08
5.415601061711499642e+04 -2.093003624546640632e-07 9.999999999999999547e-08
5.416518854694601760e+04 -2.213429513844494411e-07 9.999999999999999547e-08
5.417436649734554521e+04 -2.424746255905045941e-07 9.999999999999999547e-08
5.418354444731829426e+04 -2.973154353442017135e-07 9.999999999999999547e-08
5.419272237571909500e+04 -2.727607224237856585e-07 9.999999999999999547e-08
5.420190026406654215e+04 -1.048785061118649318e-07 9.999999999999999547e-08
5.421107809430203633e+04 -3.108183034265950793e-07 9.999999999999999547e-08
5.422025584884931595e+04 -3.053506099952762632e-07 9.999999999999999547e-08
5.422943351341543894e+04 -3.766416621177568068e-07 9.999999999999999547e-08
5.423861107601458207e+04 -1.818486297013961208e-07 9.999999999999999547e-08
5.424778852667057072e+04 -2.680647759046403359e-07 9.999999999999999547e-08
5.425696585924977990e+04 -1.556814675764709597e-07 9.999999999999999547e-08
5.426614306934406341e+04 -1.717787605549426570e-07 9.999999999999999547e-08
5.427532015440315445e+04 -6.192615724377582598e-08 9.999999999999999547e-08
5.428449711664460483e+04 -2.424525768948724990e-07 9.999999999999999547e-08
5.429367396089510294e+04 -3.461774101211662716e-08 9.999999999999999547e-08
5.430285069329375256e+04 -1.613267849592816839e-07 9.999999999999999547e-08
5.431202732365835254e+04 -2.860931600480497085e-07 9.999999999999999547e-08
5.432120386333810166e+04 -1.590851391933171643e-07 9.999999999999999547e-08
5.433038032578418643e+04 -7.127327185001059502e-08 9.999999999999999547e-08
5.433955672788908123e+04 5.775092770357587256e-08 9.999999999999999547e-08
5.434873308692695718e+04 -9.434497588139484126e-08 9.999999999999999547e-08
5.435790942059363442e+04 -4.950678249596828830e-08 9.999999999999999547e-08
5.436708574856738414e+04 -1.282038127080679616e-07 9.999999999999999547e-08
5.437626209103388828e+04 1.980210040219515849e-08 9.999999999999999547e-08
5.438543846748073702e+04 6.257891100621702544e-08 9.999999999999999547e-08
5.439461489784696460e+04 1.315618307554408552e-07 9.999999999999999547e-08
5.440379139984813082e+04 5.704055959275667677e-08 9.999999999999999547e-08
5.441296798941831366e+04 -1.049611248729111364e-07 9.999999999999999547e-08
5.442214468194948859e+04 1.553412638645763386e-07 9.999999999999999547e-08
5.443132148977073666e+04 2.186211905889401921e-07 9.999999999999999547e-08
5.444049842143603018e+04 1.257209695353059345e-07 9.999999999999999547e-08
5.444967548301390343e+04 4.016074018846009790e-07 9.999999999999999547e-08
5.445885267682059930e+04 1.273234159531865883e-07 9.999999999999999547e-08
5.446803000098578923e+04 1.506379961569199348e-07 9.999999999999999547e-08
5.447720745187150169e+04 2.540302039527290544e-07 9.999999999999999547e-08
5.448638502104969666e+04 1.525534438148716904e-08 9.999999999999999547e-08
5.449556269587613497e+04 1.356819147201327898e-07 9.999999999999999547e-08
5.450474046281339542e+04 1.678161860019589871e-07 9.999999999999999547e-08
5.451391830497575575e+04 1.294892533660221737e-07 9.999999999999999547e-08
5.452309620370126504e+04 5.816006295920497708e-08 9.999999999999999547e-08
5.453227413972839713e+04 2.231333837894681150e-07 9.999999999999999547e-08
5.454145209198294469e+04 1.162343692619158840e-07 9.999999999999999547e-08
5.455063003892951383e+04 3.604935226337748650e-07 9.999999999999999547e-08
5.455980796129769442e+04 3.147481829137699375e-07 9.999999999999999547e-08
5.456898583986949961e+04 2.427548500398719492e-07 9.999999999999999547e-08
5.457816365596246033e+04 2.577809084180088878e-07 9.999999999999999547e-08
5.458734139402439905e+04 2.124228680832483502e-07 9.999999999999999547e-08
5.459651903940177726e+04 6.600382258275515001e-08 9.999999999999999547e-08
5.460569658009768318e+04 8.224988040916938997e-08 9.999999999999999547e-08
5.461487400832700951e+04 2.306124035039998039e-07 9.999999999999999547e-08
5.462405131691507995e+04 1.508896407294625119e-07 9.999999999999999547e-08
5.463322850177070359e+04 6.722543950291280163e-08 9.999999999999999547e-08
5.464240556255829142e+04 2.174514604641021438e-07 9.999999999999999547e-08
5.465158250120992307e+04 5.716816961110625026e-08 9.999999999999999547e-08
5.466075932233405183e+04 4.228112868458028091e-08 9.999999999999999547e-08
5.466993603409209027e+04 2.685662960462689490e-07 9.999999999999999547e-08
5.467911264559723350e+04 -2.428107413550468595e-08 9.999999999999999547e-08
5.468828916844558262e+04 1.910990978088771212e-07 9.999999999999999547e-08
5.469746561809084960e+04 -1.925039606722623644e-08 9.999999999999999547e-08
5.470664201037161547e+04 9.702520851202663922e-09 9.999999999999999547e-08
5.471581836269375344e+04 4.356420953619114809e-08 9.999999999999999547e-08
5.472499469410655729e+04 -5.638601809823720560e-08 9.999999999999999547e-08
5.473417102357032854e+04 4.649915482813225519e-08 9.999999999999999547e-08
5.474334737088247493e+04 -1.426669057417448088e-07 9.999999999999999547e-08
5.475252375720343844e+04 -5.477399454422290648e-08 9.999999999999999547e-08
5.476170020061407558e+04 -3.736182462217666026e-08 9.999999999999999547e-08
5.477087671858247631e+04 -9.569756545881119636e-08 9.999999999999999547e-08
5.478005332802071644e+04 -8.415017831470922150e-08 9.999999999999999547e-08
5.478923004272800608e+04 -1.667318226377617612e-07 9.999999999999999547e-08
5.479840687452159909e+04 -1.943832706032031853e-07 9.999999999999999547e-08
5.480758383224646968e+04 -6.091187467964911479e-08 9.999999999999999547e-08
5.481676092021833756e+04 -2.609570732505732094e-08 9.999999999999999547e-08
5.482593813988229522e+04 -1.873593563977421061e-07 9.999999999999999547e-08
5.483511550181961502e+04 -1.220497578538382776e-07 9.999999999999999547e-08
5.484429297724614298e+04 -1.487189747374136041e-07 9.999999999999999547e-08
5.485347056828164204e+04 -1.292492103233666486e-07 9.999999999999999547e-08
5.486264826323986927e+04 -6.897386531189783952e-08 9.999999999999999547e-08
5.487182604646772234e+04 -2.374356269063532480e-08 9.999999999999999547e-08
5.488100390133911424e+04 -3.387506602873995209e-08 9.999999999999999547e-08
5.489018180977384327e+04 -1.293045448876943328e-07 9.999999999999999547e-08
5.489935975084063102e+04 -4.219840606481333534e-08 9.999999999999999547e-08
5.490853770342573989e+04 -2.432159606261235577e-08 9.999999999999999547e-08
5.491771564750167454e+04 8.666745150469694436e-08 9.999999999999999547e-08
5.492689356277583283e+04 -3.851142147860932797e-08 9.999999999999999547e-08
5.493607143028760038e+04 1.631846948859445285e-09 9.999999999999999547e-08
5.494524923270960426e+04 2.113974964724303661e-08 9.999999999999999547e-08
5.495442695333494339e+04 -1.300525200710326189e-08 9.999999999999999547e-08
5.496360457839137962e+04 -1.976604388929863757e-07 9.999999999999999547e-08
5.497278209797188174e+04 -1.489599150513122347e-08 9.999999999999999547e-08
5.498195950288805761e+04 3.252845428687296403e-08 9.999999999999999547e-08
5.499113678701026220e+04 -1.786294571428343067e-08 9.999999999999999547e-08
5.500031394747993909e+04 -2.526075131440184194e-08 9.999999999999999547e-08
5.500949098357234470e+04 -1.372088745766585887e-07 9.999999999999999547e-08
5.501866789828473702e+04 -5.959508230884783158e-08 9.999999999999999547e-08
5.502784469764607638e+04 2.686577036387323756e-08 9.999999999999999547e-08
5.503702138846144226e+04 -7.779811085028533693e-08 9.999999999999999547e-08
5.504619798086812807e+04 3.435279230770769039e-08 9.999999999999999547e-08
5.505537448839726130e+04 6.063262411861393811e-08 9.999999999999999547e-08
5.506455092526835506e+04 1.887076230687329719e-07 9.999999999999999547e-08
5.507372730818116543e+04 -6.795181547754149813e-09 9.999999999999999547e-08
5.508290365532240685e+04 1.383378461127138553e-07 9.999999999999999547e-08
5.509207998441413656e+04 -5.091436611731648455e-08 9.999999999999999547e-08
5.510125631574096042e+04 1.390646868976829043e-07 9.999999999999999547e-08
5.511043267000637570e+04 -7.480783099401653244e-08 9.999999999999999547e-08
5.511960906619620800e+04 -3.978292463676086470e-08 9.999999999999999547e-08
5.512878552295713598e+04 -1.936136945085533712e-07 9.999999999999999547e-08
5.513796205842023483e+04 5.495870302255074736e-08 9.999999999999999547e-08
5.514713868765547522e+04 1.871881989285676029e-08 9.999999999999999547e-08
5.515631542502724915e+04 1.650189812101443619e-07 9.999999999999999547e-08
5.516549228194386524e+04 8.577443676654686181e-08 9.999999999999999547e-08
5.517466926509991754e+04 -6.763732275813651072e-08 9.999999999999999547e-08
5.518384637920404930e+04 1.761395260380323770e-07 9.999999999999999547e-08
5.519302362572900893e+04 -5.012248593673763686e-08 9.999999999999999547e-08
5.520220100150715734e+04 7.727572872660416117e-08 9.999999999999999547e-08
5.521137850079021155e+04 6.786766096950996093e-08 9.999999999999999547e-08
5.522055611403622606e+04 1.280946520847662579e-07 9.999999999999999547e-08
5.522973382754006889e+04 -8.195569462357167760e-08 9.999999999999999547e-08
5.523891162654793152e+04 4.097812738981143340e-08 9.999999999999999547e-08
5.524808949421648140e+04 -4.357887574964095921e-08 9.999999999999999547e-08
5.525726741055370803e+04 -2.674203717023056959e-09 9.999999999999999547e-08
5.526644535550876026e+04 3.597043444825372330e-08 9.999999999999999547e-08
5.527562330852797459e+04 -4.754968408579657352e-08 9.999999999999999547e-08
5.528480124828968837e+04 2.173566034000286417e-08 9.999999999999999547e-08
5.529397915564508003e+04 4.720045658341160329e-08 9.999999999999999547e-08
5.530315701204156358e+04 1.551810064532734428e-07 9.999999999999999547e-08
5.531233479906620050e+04 1.998920154708452360e-07 9.999999999999999547e-08
5.532151250166379759e+04 2.057247893315784320e-07 9.999999999999999547e-08
5.533069010710442672e+04 1.260290332296370281e-08 9.999999999999999547e-08
5.533986760414371383e+04 8.321576651203409703e-08 9.999999999999999547e-08
5.534904498545118986e+04 4.512311190845085505e-08 9.999999999999999547e-08
5.535822224558998278e+04 1.494255307224011214e-07 9.999999999999999547e-08
5.536739938086674374e+04 8.403522884467782936e-08 9.999999999999999547e-08
5.537657639255883987e+04 1.387949947441596025e-07 9.999999999999999547e-08
5.538575328419231664e+04 8.571893194202123630e-08 9.999999999999999547e-08
5.539493006093150325e+04 8.126781958750119400e-08 9.999999999999999547e-08
5.540410673130244686e+04 -2.498050302860679166e-08 9.999999999999999547e-08
5.541328330617317988e+04 1.243201537568255166e-07 9.999999999999999547e-08
5.542245979806573450e+04 2.214842435123047779e-07 9.999999999999999547e-08
5.543163622282286087e+04 2.083787831631070165e-08 9.999999999999999547e-08
5.544081259765171853e+04 -1.439185105905641052e-08 9.999999999999999547e-08
5.544998893926339952e+04 -1.483316549209454491e-08 9.999999999999999547e-08
5.545916526735352090e+04 1.516348270507586896e-07 9.999999999999999547e-08
5.546834160197166784e+04 -2.708508933523656499e-08 9.999999999999999547e-08
5.547751796268956241e+04 -6.275681418443353396e-08 9.999999999999999547e-08
5.548669436963419139e+04 -8.643064340580210652e-08 9.999999999999999547e-08
5.549587084115460311e+04 7.512840711029360615e-08 9.999999999999999547e-08
5.550504739357479411e+04 2.502738809009175005e-07 9.999999999999999547e-08
5.551422404340000503e+04 1.822159422420053565e-07 9.999999999999999547e-08
5.552340080430491071e+04 4.497549631684435041e-08 9.999999999999999547e-08
5.553257768554125505e+04 3.590243473858250302e-07 9.999999999999999547e-08
5.554175469467454968e+04 -3.515459355001999604e-09 9.999999999999999547e-08
5.555093183532197145e+04 -4.987529026316700868e-09 9.999999999999999547e-08
5.556010910757620150e+04 -5.204012654603875903e-08 9.999999999999999547e-08
5.556928650887484400e+04 -1.001292681507670493e-07 9.999999999999999547e-08
5.557846403208706033e+04 9.731228933956467673e-08 9.999999999999999547e-08
5.558764166595857387e+04 2.764747119799835857e-07 9.999999999999999547e-08
5.559681939781492110e+04 2.686885428683836941e-07 9.999999999999999547e-08
5.560599721228759154e+04 -2.056820999921510822e-08 9.999999999999999547e-08
5.561517509088347288e+04 7.661188421486970726e-08 9.999999999999999547e-08
5.562435301488247933e+04 -4.149761509012778483e-08 9.999999999999999547e-08
5.563353096331726556e+04 1.724024849536365365e-07 9.999999999999999547e-08
5.564270891464276792e+04 -6.715037859205277361e-08 9.999999999999999547e-08
5.565188684974605712e+04 -1.189282073849643789e-07 9.999999999999999547e-08
5.566106474877346045e+04 2.055711924992186039e-08 9.999999999999999547e-08
5.567024259229941526e+04 9.898628760562599560e-08 9.999999999999999547e-08
5.567942036374414602e+04 1.593925627093040162e-07 9.999999999999999547e-08
5.568859804803983570e+04 -3.335696424643476706e-08 9.999999999999999547e-08
5.569777563215719420e+04 7.833219325476836119e-08 9.999999999999999547e-08
5.570695310709862679e+04 1.495205359128468117e-07 9.999999999999999547e-08
5.571613046480975754e+04 9.184012657805015809e-08 9.999999999999999547e-08
5.572530769941440667e+04 -8.887592036849257366e-08 9.999999999999999547e-08
5.573448481012027332e+04 -7.758460456207938638e-08 9.999999999999999547e-08
5.574366179775579803e+04 -6.854855533746524608e-08 9.999999999999999547e-08
5.575283866563728225e+04 -1.387233390372582030e-07 9.999999999999999547e-08
5.576201542069103743e+04 -1.206599238581244285e-07 9.999999999999999547e-08
5.577119207099623600e+04 -2.120729646478776054e-07 9.999999999999999547e-08
5.578036862769130676e+04 -1.677176291837844419e-07 9.999999999999999547e-08
5.578954510525798105e+04 -3.803452266420353516e-08 9.999999999999999547e-08
5.579872151903799386e+04 -1.429474945479357219e-07 9.999999999999999547e-08
5.580789788514569227e+04 -1.838436535706570553e-07 9.999999999999999547e-08
5.581707422269399103e+04 -1.879115102196335436e-07 9.999999999999999547e-08
5.582625055053406686e+04 -1.257752212447747942e-07 9.999999999999999547e-08
