5.400000033597090805e+04 -1.816573249650514316e-07 9.999999999999999547e-08
5.400917657946142572e+04 -1.228207855543317120e-07 9.999999999999999547e-08
5.401835285961736372e+04 -4.371621262827815932e-07 9.999999999999999547e-08
5.402752919721580110e+04 5.656047557279336556e-08 9.999999999999999547e-08
5.403670561340983841e+04 -5.938331142054140239e-08 9.999999999999999547e-08
5.404588212690825458e+04 -1.915835674746853843e-07 9.999999999999999547e-08
5.405505875331733841e+04 -1.630047924565322919e-07 9.999999999999999547e-08
5.406423550730326679e+04 -1.845954299677222323e-08 9.999999999999999547e-08
5.407341240024170838e+04 7.849290396172740787e-09 9.999999999999999547e-08
5.408258943786750024e+04 -3.275661410407000837e-07 9.999999999999999547e-08
5.409176662328312523e+04 -1.031732337213454786e-07 9.999999999999999547e-08
5.410094395620651630e+04 -4.509026333490384711e-08 9.999999999999999547e-08
5.411012143071481114e+04 -1.216304000398423450e-07 9.999999999999999547e-08
5.411929903891084541e+04 -1.504415016204390156e-07 9.999999999999999547e-08
5.412847676838478947e+04 -7.654178200666584630e-08 9.999999999999999547e-08
5.413765460193210311e+04 -2.981158561765297672e-08 9.999999999999999547e-08
5.414683252187817561e+04 -1.139824619660463298e-07 9.999999999999999547e-08
5.415601050801003294e+04 -4.625351404069774511e-08 9.999999999999999547e-08
5.416518853757631587e+04 -3.456514163471754881e-08 9.999999999999999547e-08
5.417436658773165254e+04 6.929559557181831128e-08 9.999999999999999547e-08
5.418354463534863316e+04 -9.055701781868691389e-08 9.999999999999999547e-08
5.419272265645371954e+04 4.997175543156781665e-08 9.999999999999999547e-08
5.420190063045787247e+04 -1.465159377321442798e-07 9.999999999999999547e-08
5.421107853733615048e+04 7.298250907620380029e-08 9.999999999999999547e-08
5.422025635743964085e+04 -4.410414611892519525e-08 9.999999999999999547e-08
5.422943407525606017e+04 -2.076523756559730682e-07 9.999999999999999547e-08
5.423861167743544502e+04 2.217321143730673301e-08 9.999999999999999547e-08
5.424778915316619532e+04 -7.053545922691570616e-08 9.999999999999999547e-08
5.425696649567931308e+04 -2.478993946371116090e-08 9.999999999999999547e-08
5.426614370046213298e+04 8.122645993549529441e-08 9.999999999999999547e-08
5.427532076525831508e+04 1.937481701177058922e-08 9.999999999999999547e-08
5.428449769270026445e+04 1.180263875500392029e-07 9.999999999999999547e-08
5.429367448842879821e+04 6.665993612203602914e-08 9.999999999999999547e-08
5.430285115968299215e+04 2.751955582229586158e-07 9.999999999999999547e-08
5.431202771783851495e+04 8.529778199845971413e-08 9.999999999999999547e-08
5.432120417586928670e+04 9.224792774431603425e-08 9.999999999999999547e-08
5.433038054919358547e+04 -6.453973032564891793e-08 9.999999999999999547e-08
5.433955685661418102e+04 -1.115912595867060096e-07 9.999999999999999547e-08
5.434873311796800408e+04 -7.055757332030012417e-09 9.999999999999999547e-08
5.435790935299795819e+04 -2.058356391918888540e-08 9.999999999999999547e-08
5.436708558398533205e+04 -1.581246225261389953e-08 9.999999999999999547e-08
5.437626183349345956e+04 6.910869561941240949e-08 9.999999999999999547e-08
5.438543812314551906e+04 1.724091688396026347e-07 9.999999999999999547e-08
5.439461447531682643e+04 1.295194750300580088e-07 9.999999999999999547e-08
5.440379090975028521e+04 5.604208185955160866e-09 9.999999999999999547e-08
5.441296744412049884e+04 1.497758719825185001e-07 9.999999999999999547e-08
5.442214409534997685e+04 3.473461103707381626e-08 9.999999999999999547e-08
5.443132087688268803e+04 3.486893314208365700e-08 9.999999999999999547e-08
5.444049779802600824e+04 2.643016277827040012e-08 9.999999999999999547e-08
5.444967486517288489e+04 1.748704208394304213e-07 9.999999999999999547e-08
5.445885208067366329e+04 -4.686238132309771212e-08 9.999999999999999547e-08
5.446802944198997284e+04 2.170243202911062661e-07 9.999999999999999547e-08
5.447720694460914092e+04 2.325674755883457200e-07 9.999999999999999547e-08
5.448638457865970850e+04 4.799424622329454613e-08 9.999999999999999547e-08
5.449556232975757302e+04 2.226587565652964983e-07 9.999999999999999547e-08
5.450474018257844727e+04 1.302582096694026386e-07 9.999999999999999547e-08
5.451391811775549286e+04 2.412419265040247915e-07 9.999999999999999547e-08
5.452309611422960006e+04 7.959211119989782134e-09 9.999999999999999547e-08
5.453227415018955071e+04 2.351712647509751892e-07 9.999999999999999547e-08
5.454145220213186985e+04 1.481217346354536154e-07 9.999999999999999547e-08
5.455063024580098863e+04 1.019261301771869484e-07 9.999999999999999547e-08
5.455980825976174674e+04 1.073228764609147925e-07 9.999999999999999547e-08
5.456898622239095130e+04 1.248671961957885145e-07 9.999999999999999547e-08
5.457816411300555046e+04 1.162571802927535897e-07 9.999999999999999547e-08
5.458734191430699138e+04 1.373268384160370841e-07 9.999999999999999547e-08
5.459651961031292012e+04 1.965724463339949889e-07 9.999999999999999547e-08
5.460569718776737864e+04 5.241162759573955678e-08 9.999999999999999547e-08
5.461487463802109414e+04 1.912444494457803667e-07 9.999999999999999547e-08
5.462405195364697283e+04 1.807545298592433954e-07 9.999999999999999547e-08
5.463322913013233483e+04 4.623362340589571129e-08 9.999999999999999547e-08
5.464240616775923991e+04 -5.267253554103889393e-09 9.999999999999999547e-08
5.465158306887802610e+04 2.128366998269497252e-09 9.999999999999999547e-08
5.466075983875346719e+04 1.476024470175420662e-08 9.999999999999999547e-08
5.466993648716301686e+04 8.542201997227726209e-08 9.999999999999999547e-08
5.467911302444819012e+04 7.370403789756538239e-08 9.999999999999999547e-08
5.468828946395895036e+04 -7.500353459807249880e-08 9.999999999999999547e-08
5.469746582318189758e+04 1.752572430144942254e-09 9.999999999999999547e-08
5.470664212007366586e+04 1.543628292871159580e-07 9.999999999999999547e-08
5.471581837428315339e+04 9.409437279765696964e-08 9.999999999999999547e-08
5.472499460724552046e+04 -1.572937389482062762e-07 9.999999999999999547e-08
5.473417084030192927e+04 -3.980621840952743919e-09 9.999999999999999547e-08
5.474334709573364671e+04 -1.155286363143974325e-07 9.999999999999999547e-08
5.475252339685612969e+04 1.517685554072525818e-07 9.999999999999999547e-08
5.476169976416439022e+04 -7.997049742667701530e-08 9.999999999999999547e-08
5.477087621683726320e+04 -1.832540160087087290e-07 9.999999999999999547e-08
5.478005277377153106e+04 -1.138563947382181421e-08 9.999999999999999547e-08
5.478922945010343392e+04 4.371881100229927613e-08 9.999999999999999547e-08
5.479840625861885201e+04 1.438306523889160190e-07 9.999999999999999547e-08
5.480758320909522445e+04 9.632722846053150187e-08 9.999999999999999547e-08
5.481676030595120392e+04 -1.820449545354983901e-07 9.999999999999999547e-08
5.482593755040898395e+04 -2.067751994886192184e-08 9.999999999999999547e-08
5.483511495252803434e+04 1.079431428747651118e-07 9.999999999999999547e-08
5.484429248241194000e+04 -1.964113619051942365e-07 9.999999999999999547e-08
5.485347014071881858e+04 -1.559439383903560636e-08 9.999999999999999547e-08
5.486264791419269750e+04 -3.177496514815356871e-09 9.999999999999999547e-08
5.487182578487693536e+04 4.512399959264753644e-08 9.999999999999999547e-08
5.488100373387474247e+04 9.152478841702043823e-08 9.999999999999999547e-08
5.489018174078511220e+04 1.660117369100710580e-07 9.999999999999999547e-08
5.489935978191654431e+04 -1.522693298161941725e-07 9.999999999999999547e-08
5.490853783376557840e+04 3.621769492360642193e-08 9.999999999999999547e-08
5.491771587376888783e+04 -1.036592326248595832e-08 9.999999999999999547e-08
5.492689387936313142e+04 -1.966609267173688321e-08 9.999999999999999547e-08
5.493607182911315613e+04 -6.028241699023218876e-08 9.999999999999999547e-08
5.494524970402816689e+04 -1.891656661575216260e-07 9.999999999999999547e-08
5.495442748549340467e+04 1.307223161087892910e-07 9.999999999999999547e-08
5.496360515846666385e+04 7.450122355961587619e-08 9.999999999999999547e-08
5.497278271194831177e+04 -4.331189540166331535e-08 9.999999999999999547e-08
5.498196013597287674e+04 -1.081984998198178687e-07 9.999999999999999547e-08
5.499113742395940062e+04 -6.378641986883730655e-08 9.999999999999999547e-08
5.500031457327548560e+04 -2.401660110971103371e-08 9.999999999999999547e-08
5.500949158326302859e+04 -1.617427246526957157e-07 9.999999999999999547e-08
5.501866845749457570e+04 -1.186554705234847682e-07 9.999999999999999547e-08
5.502784520320918091e+04 -5.463754936568040998e-08 9.999999999999999547e-08
5.503702182839802117e+04 -1.559379589068793286e-07 9.999999999999999547e-08
5.504619834462481231e+04 -1.474381518456955268e-07 9.999999999999999547e-08
5.505537476730782510e+04 -1.121330692435876317e-07 9.999999999999999547e-08
5.506455111261743150e+04 -2.944498615928222843e-07 9.999999999999999547e-08
5.507372739935643040e+04 4.324740557271628161e-08 9.999999999999999547e-08
5.508290364811383188e+04 -2.223205755848899511e-07 9.999999999999999547e-08
5.509207987900862645e+04 -3.501614978501706460e-08 9.999999999999999547e-08
5.510125611469814612e+04 -2.060286827811744773e-07 9.999999999999999547e-08
5.511043237830980070e+04 -1.137539326515388735e-07 9.999999999999999547e-08
5.511960869090269262e+04 -1.777373830722419164e-07 9.999999999999999547e-08
5.512878507353593886e+04 -2.496730242107144236e-07 9.999999999999999547e-08
5.513796154623448820e+04 -1.362723073512402569e-07 9.999999999999999547e-08
5.514713812563879765e+04 -1.619439049168926314e-07 9.999999999999999547e-08
5.515631482754318858e+04 -1.053055731285405614e-07 9.999999999999999547e-08
5.516549166454553051e+04 -1.216139108231234942e-07 9.999999999999999547e-08
5.517466864350883407e+04 -1.582078709815198767e-07 9.999999999999999547e-08
5.518384576969786576e+04 -7.955021447903593936e-08 9.999999999999999547e-08
5.519302304424079921e+04 -3.055780438888758013e-07 9.999999999999999547e-08
5.520220046309503959e+04 -3.227873045130567581e-07 9.999999999999999547e-08
5.521137801949159621e+04 -8.766599713901957497e-08 9.999999999999999547e-08
5.522055570252483449e+04 -3.672452617202308688e-07 9.999999999999999547e-08
5.522973349640045490e+04 -3.516815790473340873e-08 9.999999999999999547e-08
5.523891138428995328e+04 -8.893034321774139935e-09 9.999999999999999547e-08
5.524808934729654720e+04 -2.125016755120502547e-07 9.999999999999999547e-08
5.525726736248086672e+04 -1.473373548596239114e-07 9.999999999999999547e-08
5.526644540765562124e+04 -5.905883141304815427e-08 9.999999999999999547e-08
5.527562345950537565e+04 -9.390650077932998214e-08 9.999999999999999547e-08
5.528480149424462434e+04 -1.521784765961187669e-07 9.999999999999999547e-08
5.529397949053222692e+04 -2.011184422670714239e-07 9.999999999999999547e-08
5.530315742740307905e+04 1.982113400946416280e-08 9.999999999999999547e-08
5.531233528464419942e+04 4.375306011014360574e-08 9.999999999999999547e-08
5.532151304570915818e+04 -1.382906997697832751e-07 9.999999999999999547e-08
5.533069069640184898e+04 1.420693987407754112e-08 9.999999999999999547e-08
5.533986822440646210e+04 8.047263973139265698e-08 9.999999999999999547e-08
5.534904562182583322e+04 4.610924506688208696e-08 9.999999999999999547e-08
5.535822288283109810e+04 1.919502795281063032e-07 9.999999999999999547e-08
5.536740000384973246e+04 2.878095475642252085e-08 9.999999999999999547e-08
5.537657698657398578e+04 2.039958637016544277e-08 9.999999999999999547e-08
5.538575383514046553e+04 8.969958283413947290e-08 9.999999999999999547e-08
5.539493055566008115e+04 1.442304272426451102e-07 9.999999999999999547e-08
5.540410715819230245e+04 3.045763873591737479e-07 9.999999999999999547e-08
5.541328365505296097e+04 1.689727776596582731e-07 9.999999999999999547e-08
5.542246006053215388e+04 1.929758910776776547e-07 9.999999999999999547e-08
5.543163639268054976e+04 1.658903431783846741e-07 9.999999999999999547e-08
5.544081267077099619e+04 2.576057749398377000e-07 9.999999999999999547e-08
5.544998891379428096e+04 1.823899469217359030e-07 9.999999999999999547e-08
5.545916514403169276e+04 3.349099017505935850e-08 9.999999999999999547e-08
5.546834138376453484e+04 2.288999250933778228e-07 9.999999999999999547e-08
5.547751765499203611e+04 1.686432445051060174e-07 9.999999999999999547e-08
5.548669398018351058e+04 1.655573082815722378e-07 9.999999999999999547e-08
5.549587037964596675e+04 1.179107414037503407e-07 9.999999999999999547e-08
5.550504687171209662e+04 1.283874518865716958e-07 9.999999999999999547e-08
5.551422347452658141e+04 1.487831502146820401e-07 9.999999999999999547e-08
5.552340020303762140e+04 1.140249304165147813e-07 9.999999999999999547e-08
5.553257706730470818e+04 2.860494078247301628e-07 9.999999999999999547e-08
5.554175407560106396e+04 2.547156260019144624e-07 9.999999999999999547e-08
5.555093123159321112e+04 1.098015189697731346e-07 9.999999999999999547e-08
5.556010853481110826e+04 3.510117798982021141e-07 9.999999999999999547e-08
5.556928598215227248e+04 1.838288822602793479e-07 9.999999999999999547e-08
5.557846356515547086e+04 2.127046330951352631e-07 9.999999999999999547e-08
5.558764127103480860e+04 2.115252005724019370e-08 9.999999999999999547e-08
5.559681908512412338e+04 7.586548912030455777e-09 9.999999999999999547e-08
5.560599699003085698e+04 -1.487912723359387786e-07 9.999999999999999547e-08
5.561517496478991234e+04 9.010884342006705370e-08 9.999999999999999547e-08
5.562435298824817437e+04 1.688586090417492494e-07 9.999999999999999547e-08
5.563353103680814820e+04 -1.090649963381659295e-07 9.999999999999999547e-08
5.564270908630828490e+04 5.019845261088428661e-08 9.999999999999999547e-08
5.565188711550144217e+04 -1.670806608004450200e-08 9.999999999999999547e-08
5.566106510182429338e+04 1.866513012972714290e-07 9.999999999999999547e-08
5.567024302393569087e+04 6.117586791106055019e-08 9.999999999999999547e-08
5.567942086331490282e+04 -4.807787004476031164e-08 9.999999999999999547e-08
5.568859860350950476e+04 -4.843485567660969993e-08 9.999999999999999547e-08
5.569777623013537232e+04 1.717445322485061822e-07 9.999999999999999547e-08
5.570695373313302116e+04 -6.752183324229053574e-08 9.999999999999999547e-08
5.571613110385317850e+04 1.095637994287431695e-07 9.999999999999999547e-08
5.572530833637296018e+04 -6.491439458456289553e-08 9.999999999999999547e-08
5.573448542984625237e+04 -1.555779886677027064e-07 9.999999999999999547e-08
5.574366238558925397e+04 6.775344010066031605e-08 9.999999999999999547e-08
5.575283920764454524e+04 -3.401524250995637936e-08 9.999999999999999547e-08
5.576201590409733035e+04 -2.019205628739105183e-07 9.999999999999999547e-08
5.577119248444301047e+04 -9.000988905963791329e-08 9.999999999999999547e-08
5.578036896118542063e+04 -2.463899709260282673e-07 9.999999999999999547e-08
5.578954535105903778e+04 -6.863999716957409046e-08 9.999999999999999547e-08
5.579872167117438221e+04 -1.671145745832235443e-07 9.999999999999999547e-08
5.580789793986416043e+04 -2.538467418715810441e-08 9.999999999999999547e-08
5.581707417893959064e+04 -1.537536252759982523e-07 9.999999999999999547e-08
5.582625040927174268e+04 -1.148498450014222804e-07 9.999999999999999547e-08
