5.400000057967349858e+04 7.531907932164469095e-08 9.999999999999999547e-08
5.400917691910287976e+04 -2.056393195910442630e-07 9.999999999999999547e-08
5.401835328682777617e+04 -5.558821837178722975e-08 9.999999999999999547e-08
5.402752970140262187e+04 -1.149304647400105327e-07 9.999999999999999547e-08
5.403670618174672563e+04 2.290170657486662462e-08 9.999999999999999547e-08
5.404588274521975836e+04 1.867649803140167646e-08 9.999999999999999547e-08
5.405505940607618686e+04 4.154433340923355417e-08 9.999999999999999547e-08
5.406423617775733146e+04 -9.880368440342380097e-08 9.999999999999999547e-08
5.407341307094703370e+04 9.648514814343735430e-08 9.999999999999999547e-08
5.408259009149507619e+04 -1.372373355199759479e-07 9.999999999999999547e-08
5.409176724312012811e+04 -2.323062075011022222e-08 9.999999999999999547e-08
5.410094452595726762e+04 5.356973294321771719e-08 9.999999999999999547e-08
5.411012193566634232e+04 -6.764511116372912634e-08 9.999999999999999547e-08
5.411929946596940135e+04 2.484627109890107831e-07 9.999999999999999547e-08
5.412847710629044013e+04 2.055461458355242076e-07 9.999999999999999547e-08
5.413765484222875966e+04 3.059357711343897813e-07 9.999999999999999547e-08
5.414683265831499011e+04 3.973227118740072947e-07 9.999999999999999547e-08
5.415601053719540505e+04 1.216483772133452551e-07 9.999999999999999547e-08
5.416518845874789258e+04 -2.366865631008763269e-08 9.999999999999999547e-08
5.417436640304827597e+04 1.273773767449512401e-07 9.999999999999999547e-08
5.418354434947705886e+04 1.797454336492416765e-08 9.999999999999999547e-08
5.419272227686022961e+04 -1.369820393718701959e-08 9.999999999999999547e-08
5.420190016657311935e+04 -3.199094541074515311e-08 9.999999999999999547e-08
5.421107800059604051e+04 2.001426217323547671e-07 9.999999999999999547e-08
5.422025576116635057e+04 3.683196987338886899e-08 9.999999999999999547e-08
5.422943343406501663e+04 1.245978817179102193e-07 9.999999999999999547e-08
5.423861100692177570e+04 -5.519168742762095538e-08 9.999999999999999547e-08
5.424778846955305926e+04 6.350082599127578375e-08 9.999999999999999547e-08
5.425696581534549478e+04 1.082111894754197535e-08 9.999999999999999547e-08
5.426614303962967824e+04 -2.350213848688452490e-09 9.999999999999999547e-08
5.427532013979391195e+04 -2.782422020485622410e-08 9.999999999999999547e-08
5.428449711752064468e+04 9.369007559819201294e-08 9.999999999999999547e-08
5.429367397724709008e+04 -4.651381151718406836e-08 9.999999999999999547e-08
5.430285072454770852e+04 -3.836340008493562918e-09 9.999999999999999547e-08
5.431202736913862464e+04 -7.229654650337144077e-08 9.999999999999999547e-08
5.432120392206832912e+04 -2.592870101854616101e-08 9.999999999999999547e-08
5.433038039647072583e+04 -8.762268878892575551e-08 9.999999999999999547e-08
5.433955680874156678e+04 -9.849562255302957410e-08 9.999999999999999547e-08
5.434873317600217706e+04 -2.030917769023768734e-07 9.999999999999999547e-08
5.435790951563706039e+04 -7.839393694625846289e-08 9.999999999999999547e-08
5.436708584746847919e+04 -5.119069392142029026e-09 9.999999999999999547e-08
5.437626219140046305e+04 7.896866377895784138e-08 9.999999999999999547e-08
5.438543856663522456e+04 3.455064619775546116e-08 9.999999999999999547e-08
5.439461499336200359e+04 2.411946843066916004e-08 9.999999999999999547e-08
5.440379148927912320e+04 -1.941326552786530621e-07 9.999999999999999547e-08
5.441296807067638292e+04 1.193481486442248330e-08 9.999999999999999547e-08
5.442214475296474848e+04 -1.535454992416092658e-07 9.999999999999999547e-08
5.443132154868824000e+04 2.975273193693382681e-08 9.999999999999999547e-08
5.444049846657601302e+04 4.239951210092675411e-08 9.999999999999999547e-08
5.444967551338511839e+04 -6.909717358180332587e-08 9.999999999999999547e-08
5.445885269157661241e+04 -2.658072710588248197e-07 9.999999999999999547e-08
5.446802999987457588e+04 5.982351703040914630e-08 9.999999999999999547e-08
5.447720743489507004e+04 7.653949863247587661e-08 9.999999999999999547e-08
5.448638498846363655e+04 -2.382818157187384847e-07 9.999999999999999547e-08
5.449556264860176452e+04 -7.717392350128619355e-08 9.999999999999999547e-08
5.450474040223143675e+04 -1.166883664097277268e-07 9.999999999999999547e-08
5.451391823279136588e+04 -1.402581757809827843e-07 9.999999999999999547e-08
5.452309612152996124e+04 4.489123857051961522e-08 9.999999999999999547e-08
5.453227404969429335e+04 7.890223706671436649e-08 9.999999999999999547e-08
5.454145199638261693e+04 -1.798548355162743918e-07 9.999999999999999547e-08
5.455062994022810017e+04 9.338944495840517947e-08 9.999999999999999547e-08
5.455980786217135756e+04 1.022444909797341212e-07 9.999999999999999547e-08
5.456898574255817948e+04 -5.567024192918069289e-08 9.999999999999999547e-08
5.457816356280718173e+04 8.687353917066030030e-08 9.999999999999999547e-08
5.458734130741575063e+04 -3.975823227627323468e-08 9.999999999999999547e-08
5.459651896153423149e+04 -5.209558151735853176e-09 9.999999999999999547e-08
5.460569651286458247e+04 5.535295943459750546e-09 9.999999999999999547e-08
5.461487395325206307e+04 1.875084427369340720e-07 9.999999999999999547e-08
5.462405127528306184e+04 1.566986307545710626e-08 9.999999999999999547e-08
5.463322847459068726e+04 -1.094234641697617764e-07 9.999999999999999547e-08
5.464240555058582686e+04 6.020894464429206640e-08 9.999999999999999547e-08
5.465158250475697423e+04 1.711108242472998977e-07 9.999999999999999547e-08
5.466075934121073806e+04 -8.417348610424582528e-08 9.999999999999999547e-08
5.466993606779228867e+04 2.791613995566561420e-07 9.999999999999999547e-08
5.467911269334783719e+04 4.831854382576345430e-08 9.999999999999999547e-08
5.468828922926120140e+04 1.926789418562456205e-07 9.999999999999999547e-08
5.469746569051828556e+04 2.093722819414682177e-07 9.999999999999999547e-08
5.470664209262026270e+04 3.271528727562053961e-07 9.999999999999999547e-08
5.471581845259269903e+04 1.907834709872997035e-07 9.999999999999999547e-08
5.472499478962436842e+04 1.447248856234997616e-07 9.999999999999999547e-08
5.473417112246529723e+04 -6.475638023980125075e-08 9.999999999999999547e-08
5.474334747077465727e+04 1.835292758752310117e-07 9.999999999999999547e-08
5.475252385540202522e+04 2.564246781782015359e-07 9.999999999999999547e-08
5.476170029465058906e+04 2.130871914751220739e-07 9.999999999999999547e-08
5.477087680616761645e+04 1.635982085447722249e-07 9.999999999999999547e-08
5.478005340699187946e+04 1.595157005046094831e-07 9.999999999999999547e-08
5.478923011109752406e+04 2.219219828573962708e-07 9.999999999999999547e-08
5.479840693032520358e+04 2.014692232826580748e-07 9.999999999999999547e-08
5.480758387409995339e+04 -3.810905748001151049e-09 9.999999999999999547e-08
5.481676094708799064e+04 1.646108631897269331e-07 9.999999999999999547e-08
5.482593815114341851e+04 2.154457359621517134e-07 9.999999999999999547e-08
5.483511549715844012e+04 -3.281655387557406827e-08 9.999999999999999547e-08
5.484429295666495454e+04 2.810137971865635221e-08 9.999999999999999547e-08
5.485347053226431308e+04 -1.553957868522239045e-08 9.999999999999999547e-08
5.486264821285134531e+04 1.085051844500000409e-07 9.999999999999999547e-08
5.487182598304783460e+04 8.294406188625663532e-08 9.999999999999999547e-08
5.488100382656429429e+04 -1.283060833518981117e-07 9.999999999999999547e-08
5.489018172542446700e+04 1.914998887319772442e-08 9.999999999999999547e-08
5.489935965901531745e+04 1.507965680880264083e-08 9.999999999999999547e-08
5.490853760654396319e+04 9.832448389870528492e-08 9.999999999999999547e-08
5.491771554812867544e+04 -8.030915995367188307e-08 9.999999999999999547e-08
5.492689346337049938e+04 -1.280261132170249527e-07 9.999999999999999547e-08
5.493607133313427039e+04 -6.220883755113384795e-08 9.999999999999999547e-08
5.494524914024049940e+04 -2.896668428035599655e-08 9.999999999999999547e-08
5.495442686783303361e+04 -8.688863206570212873e-08 9.999999999999999547e-08
5.496360450207129907e+04 -1.071745614454779212e-07 9.999999999999999547e-08
5.497278203260192095e+04 -7.475583269466908147e-08 9.999999999999999547e-08
5.498195944993224111e+04 -2.747825306821771435e-07 9.999999999999999547e-08
5.499113674767431075e+04 -3.063118720474694295e-07 9.999999999999999547e-08
5.500031392284678441e+04 7.721315309400598420e-10 9.999999999999999547e-08
5.500949097425759101e+04 -2.057706461868238464e-07 9.999999999999999547e-08
5.501866790443016362e+04 -1.043813539504890586e-07 9.999999999999999547e-08
5.502784471906648832e+04 -1.698840642487703555e-07 9.999999999999999547e-08
5.503702142454626301e+04 -2.164704491716791719e-07 9.999999999999999547e-08
5.504619803096608666e+04 -1.328514717406879252e-07 9.999999999999999547e-08
5.505537455131621391e+04 -2.014723334713888793e-07 9.999999999999999547e-08
5.506455099937519117e+04 -1.260281902091198579e-07 9.999999999999999547e-08
5.507372739164745872e+04 -3.068670578885826786e-07 9.999999999999999547e-08
5.508290374612509913e+04 -2.057685782036379162e-07 9.999999999999999547e-08
5.509208008045219322e+04 -1.842079787765550982e-07 9.999999999999999547e-08
5.510125641474218719e+04 -1.402523518474940709e-08 9.999999999999999547e-08
5.511043276940465148e+04 -1.894562495252142693e-07 9.999999999999999547e-08
5.511960916336411174e+04 -4.380418791638808215e-07 9.999999999999999547e-08
5.512878561550050654e+04 -4.174277009389658479e-07 9.999999999999999547e-08
5.513796214408073865e+04 -2.050999431914832941e-07 9.999999999999999547e-08
5.514713876432448160e+04 -1.607455499154032571e-07 9.999999999999999547e-08
5.515631549061343685e+04 -2.009776409702005962e-07 9.999999999999999547e-08
5.516549233473301865e+04 -7.388374292552082558e-08 9.999999999999999547e-08
5.517466930368205067e+04 -3.705748167623109274e-07 9.999999999999999547e-08
5.518384640263186884e+04 -3.077910791607271770e-07 9.999999999999999547e-08
5.519302363345364574e+04 -1.411287387214236739e-07 9.999999999999999547e-08
5.520220099330710946e+04 -2.491857499036856423e-07 9.999999999999999547e-08
5.521137847667506867e+04 -1.368412104416685965e-07 9.999999999999999547e-08
5.522055607474291173e+04 -1.210379535120064456e-07 9.999999999999999547e-08
5.522973377406950021e+04 -6.978007187985719412e-08 9.999999999999999547e-08
5.523891156038347253e+04 -1.468204082574816955e-07 9.999999999999999547e-08
5.524808941701801086e+04 -4.956895710674258401e-08 9.999999999999999547e-08
5.525726732409535180e+04 -2.786654300275331623e-07 9.999999999999999547e-08
5.526644526215840597e+04 -2.265265682312307256e-07 9.999999999999999547e-08
5.527562321067022276e+04 7.669589879962444827e-09 9.999999999999999547e-08
5.528480114839798625e+04 -1.504394561406474397e-07 9.999999999999999547e-08
5.529397905616251956e+04 -7.067630100413844122e-08 9.999999999999999547e-08
5.530315691526207956e+04 -4.579973885577590456e-08 9.999999999999999547e-08
5.531233470749287517e+04 -3.565086978398798126e-08 9.999999999999999547e-08
5.532151241755771480e+04 -5.108903418723329382e-09 9.999999999999999547e-08
5.533069003255280404e+04 1.597689093425836471e-08 9.999999999999999547e-08
5.533986754082752304e+04 7.411974570853175059e-08 9.999999999999999547e-08
5.534904493481617101e+04 1.079847098032974205e-07 9.999999999999999547e-08
5.535822220878540975e+04 3.163550500257918610e-08 9.999999999999999547e-08
5.536739935894285736e+04 -3.471681782704438287e-08 9.999999999999999547e-08
5.537657638610646245e+04 2.071782097620300886e-07 9.999999999999999547e-08
5.538575329313678958e+04 7.961872559633040015e-08 9.999999999999999547e-08
5.539493008504252066e+04 3.374672256596034513e-08 9.999999999999999547e-08
5.540410677004510217e+04 -6.382138126252015890e-08 9.999999999999999547e-08
5.541328335866959242e+04 2.012165041411696561e-07 9.999999999999999547e-08
5.542245986306048144e+04 1.000925515418411737e-07 9.999999999999999547e-08
5.543163629879913788e+04 1.987879188030575510e-07 9.999999999999999547e-08
5.544081268247903790e+04 1.983494483868027392e-07 9.999999999999999547e-08
5.544998903105001227e+04 1.357278058784939646e-07 9.999999999999999547e-08
5.545916536391722912e+04 2.091136680815525860e-07 9.999999999999999547e-08
5.546834170099946641e+04 3.429063434738398793e-07 9.999999999999999547e-08
5.547751806160414708e+04 2.271034983357356687e-07 9.999999999999999547e-08
5.548669446590048756e+04 1.238449232418282441e-07 9.999999999999999547e-08
5.549587093231667677e+04 2.852272967415853975e-07 9.999999999999999547e-08
5.550504747744251654e+04 3.125304728796023947e-07 9.999999999999999547e-08
5.551422411792873027e+04 3.540663662116650034e-08 9.999999999999999547e-08
5.552340086730544863e+04 1.668411540653374028e-07 9.999999999999999547e-08
5.553257773534764419e+04 2.065472816208638379e-07 9.999999999999999547e-08
5.554175473017711192e+04 4.838317313206028089e-08 9.999999999999999547e-08
5.555093185558645200e+04 1.800393126621479774e-07 9.999999999999999547e-08
5.556010911197841779e+04 3.444005741467219002e-08 9.999999999999999547e-08
5.556928649732904159e+04 1.249162351668699479e-07 9.999999999999999547e-08
5.557846400475413247e+04 1.640304750114692459e-07 9.999999999999999547e-08
5.558764162356474844e+04 7.049157550701311734e-08 9.999999999999999547e-08
5.559681934161817480e+04 3.228568278162571813e-08 9.999999999999999547e-08
5.560599714372072776e+04 -5.672902999343282213e-08 9.999999999999999547e-08
5.561517501154478668e+04 -2.307630064548862934e-10 9.999999999999999547e-08
5.562435292680902785e+04 -2.715897707166544380e-08 9.999999999999999547e-08
5.563353086879574403e+04 5.085203582493390952e-08 9.999999999999999547e-08
5.564270881614835525e+04 -1.691451692662868376e-08 9.999999999999999547e-08
5.565188674972341687e+04 -3.638587352754909487e-08 9.999999999999999547e-08
5.566106464957440039e+04 -1.375174022895774323e-07 9.999999999999999547e-08
5.567024249631602288e+04 -4.985917052281709534e-08 9.999999999999999547e-08
5.567942027340414643e+04 7.178066345578467794e-08 9.999999999999999547e-08
5.568859796558708331e+04 -1.323327493231964727e-08 9.999999999999999547e-08
5.569777555971354741e+04 1.408839644041236092e-07 9.999999999999999547e-08
5.570695304616126668e+04 1.362625824649871535e-07 9.999999999999999547e-08
5.571613041676354624e+04 1.372354301247204158e-08 9.999999999999999547e-08
5.572530766551569104e+04 -9.502516022812042878e-08 9.999999999999999547e-08
5.573448479128207691e+04 -5.560414377501347666e-08 9.999999999999999547e-08
5.574366179430639022e+04 3.972234358769810403e-08 9.999999999999999547e-08
5.575283867760322755e+04 -5.979204164987614247e-08 9.999999999999999547e-08
5.576201544772915076e+04 -6.420716642489784585e-08 9.999999999999999547e-08
5.577119211257855204e+04 -1.768720500112778929e-07 9.999999999999999547e-08
5.578036868281399802e+04 6.173223652060698558e-08 9.999999999999999547e-08
5.578954517263355956e+04 1.365649138759923231e-07 9.999999999999999547e-08
5.579872159684288636e+04 -6.235417618251905012e-08 9.999999999999999547e-08
5.580789797155297128e+04 -6.534397736879121209e-08 9.999999999999999547e-08
5.581707431571594498e+04 1.633662337388242567e-08 9.999999999999999547e-08
5.582625064791192563e+04 -3.796712691390713041e-08 9.999999999999999547e-08
