1.000000000000000000e+00 -4.866931664209871542e+02 -4.184609798380673595e+00 -3.237543240214746329e+05 1.220875314188623073e-06 2.018083971533450551e+02 -7.392417789154400731e-01 2.857164338194401410e+00 5.126568382646846667e-01 5.491120844800290612e+00
1.000000000000000000e+00 -4.754852499189603350e+02 -5.148089010688011768e+01 -3.267252287966800504e+05 1.178138870183598379e-06 -1.037926177644218626e+02 9.391066495156574767e-01 -1.457880810370248748e+00 4.212591941281797148e+00 3.559395215801057777e+00
1.000000000000000000e+00 -4.525468005843801507e+02 -9.749798504743797878e+01 -3.296961422614298644e+05 1.101655385385111173e-06 -1.135663570615045259e+01 -9.993039628947579800e-01 -1.582675377686453833e-01 5.499650780146327911e+00 -4.111769235447019222e-01
1.000000000000000000e+00 -4.183599436471560011e+02 -1.411339979399164122e+02 -3.326670698453623918e+05 9.987109172224837570e-07 1.266240663042080996e+02 9.108666217826708600e-01 1.750941382283462300e+00 3.636348379460261793e+00 -4.146347263461723998e+00
1.000000000000000000e+00 -3.736301393656303276e+02 -1.812456882428150209e+02 -3.356380170313179260e+05 8.789800578010777521e-07 -2.247050117559483340e+02 -6.869264569030658629e-01 -3.083241162276676217e+00 -3.102964330036698803e-01 -5.506263823109549982e+00
1.000000000000000000e+00 -3.194780232265954396e+02 -2.167601474774111239e+02 -3.386089886928391061e+05 7.542957699220911068e-07 2.906010041829668467e+02 3.607709084540038913e-01 3.956917634552815422e+00 -4.079383209427940749e+00 -3.711314833944594938e+00
1.000000000000000000e+00 -2.572176216804937212e+02 -2.467946792165470242e+02 -3.415799889738006168e+05 6.369153454341159959e-07 -3.139110467377006444e+02 1.909542623449592136e-02 -4.241866950847989592e+00 -5.510978087647742107e+00 2.105841482311384127e-01
1.000000000000000000e+00 -1.883310407241494318e+02 -2.705136895852511998e+02 -3.445510217238909681e+05 5.383059552050153236e-07 2.904689325550220929e+02 -3.961556034251033642e-01 3.895522064516653504e+00 -3.783959949087327690e+00 4.012090760404459111e+00
1.000000000000000000e+00 -1.146299986114315601e+02 -2.872422449146652639e+02 -3.475220900402607513e+05 4.685279124132449519e-07 -2.230693763547186563e+02 7.142821356068117522e-01 -2.969245341667644755e+00 1.124946311017398504e-01 5.513852566399747523e+00
1.000000000000000000e+00 -3.800003732134329226e+01 -2.965696098795355624e+02 -3.504931954935059766e+05 4.347059162352484338e-07 1.211591670441532500e+02 -9.260897589882098879e-01 1.600762149449800997e+00 3.944793936748550500e+00 3.854066159604900843e+00
1.000000000000000000e+00 3.963687515555788110e+01 -2.981962434059994393e+02 -3.534643390425735270e+05 4.400604074118316328e-07 4.783064052302108959e-01 9.999989069808128406e-01 6.272851529652751640e-03 5.514975903061501761e+00 -1.630811671462032222e-02
1.000000000000000000e+00 1.161848631303715251e+02 -2.920380643977270552e+02 -3.564355206601673854e+05 4.838732122504154003e-07 -1.238633571351128353e+02 -9.249528168192834299e-01 -1.612551074166408860e+00 3.921580988864318051e+00 -3.877683292095650547e+00
1.000000000000000000e+00 1.896510050291444713e+02 -2.783033651325504820e+02 -3.594067390223487164e+05 5.616459842195330401e-07 2.304763089475162019e+02 7.120835742958886438e-01 2.978735476539444704e+00 7.790507531817296438e-02 -5.514449742744916172e+00
1.000000000000000000e+00 2.581779504666542380e+02 -2.573204622259817143e+02 -3.623779922505097347e+05 6.652436885726090731e-07 -3.040381702742536163e+02 -3.930718493084321419e-01 -3.901140891226329899e+00 -3.810804580132709951e+00 -3.986601763163629464e+00
1.000000000000000000e+00 3.199130901346647420e+02 -2.296268337353096740e+02 -3.653492772053008666e+05 7.836302193732788802e-07 3.329971549290775670e+02 1.544021940288897027e-02 4.242134775938801283e+00 -5.512370458905923698e+00 -1.702853188067023071e-01
1.000000000000000000e+00 3.732819576951010845e+02 -1.960172862609493052e+02 -3.683205895552762086e+05 9.047112721388593136e-07 -3.123416875353521505e+02 3.645233224733677724e-01 -3.950722502776764955e+00 -4.049363914575550893e+00 3.744045546378031997e+00
1.000000000000000000e+00 4.169931135950295698e+02 -1.573516613806901034e+02 -3.712919247916670865e+05 1.016343732114688624e-06 2.444544430989069497e+02 -6.901597108038335371e-01 3.070216869324617459e+00 -2.611856973351873168e-01 5.508811777282587308e+00
1.000000000000000000e+00 4.498950080992686935e+02 -1.146333671975636008e+02 -3.742632777940156520e+05 1.106982601018162122e-06 -1.388632362153220186e+02 9.128944923210746687e-01 -1.731827186341686531e+00 3.677141195870718970e+00 4.110213837703613038e+00
1.000000000000000000e+00 4.712250412566386331e+02 -6.903725247835528478e+01 -3.772346428029897506e+05 1.167632246218762063e-06 1.090987434857465566e+01 -9.994927563032562912e-01 1.351152855764215233e-01 5.503813057047693746e+00 3.510940032115545395e-01
1.000000000000000000e+00 4.805725989348189842e+02 -2.170704845545902373e+01 -3.802060139271859080e+05 1.192567707746211765e-06 1.204784610717489528e+02 9.370265901678043186e-01 1.481776260008641266e+00 4.169547713796591282e+00 -3.609722569449544505e+00
1.000000000000000000e+00 4.777152031367292579e+02 2.616501205765788285e+01 -3.831773851291004685e+05 1.179377766446064397e-06 -2.355910372211718027e+02 -7.348093599669835996e-01 -2.877671466012117207e+00 4.405910955132930074e-01 -5.497372522630624481e+00
1.000000000000000000e+00 4.628384911664504671e+02 7.331806152943650545e+01 -3.861487502683473867e+05 1.130033550140766633e-06 3.168931977671724098e+02 4.230068976939224679e-01 3.844368851169465362e+00 -3.541348774137225153e+00 -4.227774121915286898e+00
1.000000000000000000e+00 4.364592041302942675e+02 1.186222829806272046e+02 -3.891201040205224417e+05 1.050108847934854935e-06 -3.516985589758028823e+02 -4.813169001689036192e-02 -4.237723303172410638e+00 -5.489447259771701226e+00 -5.302772371173031241e-01
1.000000000000000000e+00 3.992451971436033205e+02 1.609875791793671169e+02 -3.920914411708955886e+05 9.474417396405992926e-07 3.341452935112546925e+02 -3.339026796039882838e-01 3.999145011450932596e+00 -4.285254287798048622e+00 3.471573253573693840e+00
1.000000000000000000e+00 3.522159209798246025e+02 1.993428907863038546e+02 -3.950627565837700968e+05 8.324023423569849883e-07 -2.661697978251316385e+02 6.661287376507678548e-01 -3.164317358356715459e+00 -6.206857304740017733e-01 5.479961166833735575e+00
1.000000000000000000e+00 2.966370888048022607e+02 2.328238914982856045e+02 -3.980340461222906597e+05 7.167612604082404845e-07 1.573170504142169079e+02 -8.990262760024472222e-01 1.857829737835094752e+00 3.399978150998692605e+00 4.342277482928896148e+00
1.000000000000000000e+00 2.338349649299089776e+02 2.606653730643267295e+02 -4.010053062574989744e+05 6.118022299148984429e-07 -2.340205366375285934e+01 9.979040685424817037e-01 -2.745440841807611498e-01 5.468812220976028371e+00 7.122626325471790310e-01
1.000000000000000000e+00 1.653905340647448270e+02 2.821784325811187841e+02 -4.039765341708021588e+05 5.277516914184784711e-07 -1.157897079034248549e+02 -9.480632912374399313e-01 -1.349506498442865743e+00 4.399028778243319948e+00 -3.326224732967825393e+00
1.000000000000000000e+00 9.301751784986987559e+01 2.969232117371469144e+02 -4.069477279914536630e+05 4.728706963492006172e-07 2.394278002946998356e+02 7.569741553275985968e-01 2.772331462215003484e+00 8.052988885261028740e-01 -5.455888458001906471e+00
1.000000000000000000e+00 1.837995238614821858e+01 3.045854799557295109e+02 -4.099188864141917438e+05 4.524065119306521014e-07 -3.287547516732564077e+02 -4.531458897073126768e-01 -3.782044075049083354e+00 -3.250086602004496505e+00 -4.455576533456772736e+00
1.000000000000000000e+00 -5.671119089041743422e+01 3.049537846336367579e+02 -4.128900087211385253e+05 4.683340671671599883e-07 3.699298720623152121e+02 8.186358562584770959e-02 4.228400292414710826e+00 -5.441080852283645797e+00 -8.999246218056657920e-01
1.000000000000000000e+00 -1.304301381500729633e+02 2.980781316285901426e+02 -4.158610954740460729e+05 5.192871881011209672e-07 -3.561678688092172820e+02 3.015694956595876830e-01 -4.045120998483684005e+00 -4.511885919656407395e+00 3.171452445493397221e+00
1.000000000000000000e+00 -2.011098752065534541e+02 2.841329384951031329e+02 -4.188321480721344124e+05 6.005744629428278440e-07 2.888425193151389863e+02 -6.400715892340244073e-01 3.259685522093771937e+00 -9.961012207479784664e-01 5.424297883048477154e+00
1.000000000000000000e+00 -2.670400761150924041e+02 2.633959872495257741e+02 -4.218031682619397179e+05 7.044598616642273240e-07 -1.773788718001693496e+02 8.832768875058204516e-01 -1.989169330702815319e+00 3.090364010256016591e+00 4.567808604805388306e+00
1.000000000000000000e+00 -3.266072768748319959e+02 2.363947756601819776e+02 -4.247741588538491051e+05 8.211944977763832171e-07 3.793590613666285805e+01 -9.950230259688243040e-01 4.227590176264560129e-01 5.405481183708714887e+00 1.093617089566012002e+00
1.000000000000000000e+00 -3.784557726163673692e+02 2.037573542882423112e+02 -4.277451230747947702e+05 9.398875352255560719e-07 1.089357304533759674e+02 9.587180374565180685e-01 1.206430659318506793e+00 4.623117249667100026e+00 -3.006993857966841599e+00
1.000000000000000000e+00 -4.212799232880464615e+02 1.661927429808774832e+02 -4.307160648380184430e+05 1.048873673632789017e-06 -2.413218613990077301e+02 -7.797946584285525562e-01 -2.656043054736944242e+00 1.192119196983701501e+00 -5.384614841026490240e+00
1.000000000000000000e+00 -4.539711316888835313e+02 1.246258429738782922e+02 -4.336869889804926934e+05 1.137512995250538090e-06 3.392125423662259323e+02 4.848899079720146998e-01 3.710508181705761022e+00 -2.921646009904029118e+00 -4.677521753966694007e+00
1.000000000000000000e+00 -4.757615112991712181e+02 8.003653309784480996e+01 -4.366579005278670811e+05 1.197538614822008487e-06 -3.875224488294994671e+02 -1.178770774225518375e-01 -4.213061664082623281e+00 -5.361738105273418320e+00 -1.291119536092154574e+00
1.000000000000000000e+00 -4.860090380342253980e+02 3.343970499736811064e+01 -4.396288045396410162e+05 1.222725189120895063e-06 3.784098835991201213e+02 -2.666589267541152886e-01 4.089018593840029858e+00 -4.730689988020350789e+00 2.834748208089003629e+00
1.000000000000000000e+00 -4.843472634462161750e+02 -1.399121998619857443e+01 -4.425997067119386629e+05 1.210040600980245138e-06 -3.125386932534580069e+02 6.115349517253132472e-01 -3.356851086085041125e+00 -1.390055784879826506e+00 5.336943889619032433e+00
1.000000000000000000e+00 -4.708047830832567797e+02 -6.109662712934512285e+01 -4.455706128771951771e+05 1.160548155814418397e-06 1.990817119485903959e+02 -8.654652023648937709e-01 2.125431572066903918e+00 2.746801089541337504e+00 4.782291181067326313e+00
1.000000000000000000e+00 -4.455779385748754180e+02 -1.067517460160711522e+02 -4.485415286660395213e+05 1.078531582361513376e-06 -5.445072518942207296e+01 9.906809658757871340e-01 -5.778598485228556569e-01 5.310380015412070165e+00 1.488317593100311198e+00
1.000000000000000000e+00 -4.091750407898443882e+02 -1.497535365029154946e+02 -4.515124598750845762e+05 9.717120652896691582e-07 -1.000730692389942504e+02 -9.685448778741775344e-01 -1.055734184839874912e+00 4.832013373620685392e+00 -2.658358877798602027e+00
1.000000000000000000e+00 -3.625031819005345142e+02 -1.890016749628270532e+02 -4.544834116511851898e+05 8.507540096077215778e-07 2.414664023934163026e+02 8.023258567303537259e-01 2.532373881774515390e+00 1.585306391897053802e+00 -5.282237102765281023e+00
1.000000000000000000e+00 -3.066203118322231376e+02 -2.235165537568159380e+02 -4.574543885689755552e+05 7.272845210150843598e-07 -3.483915506859257789e+02 -5.167226905325854602e-01 -3.632348678206294146e+00 -2.569964208823090512e+00 -4.879601329144431787e+00
1.000000000000000000e+00 -2.428644229171075608e+02 -2.523320033571825434e+02 -4.604253951357497135e+05 6.133386672797446947e-07 4.044146240463393269e+02 1.542024217803945052e-01 4.191895481944598600e+00 -5.252724407017036690e+00 -1.680509288860766004e+00
1.000000000000000000e+00 -1.729026234277610570e+02 -2.746775187193709939e+02 -4.633964349523173878e+05 5.205905979399504763e-07 -4.005292455976580186e+02 2.313039097812305267e-01 -4.127586674912953946e+00 -4.924878482999764273e+00 2.482095303106982342e+00
1.000000000000000000e+00 -9.845823994361388998e+01 -2.899829109552354680e+02 -4.663675105012021377e+05 4.584485246690086695e-07 3.365995186036191740e+02 -5.824163467078851131e-01 3.448802792352037905e+00 -1.773526930774817600e+00 5.222052028832750992e+00
1.000000000000000000e+00 -2.142231128219631842e+01 -2.977679448668973805e+02 -4.693386235738306423e+05 4.330905351350797892e-07 -2.214910175209858494e+02 8.468440775647928520e-01 -2.256411215025425854e+00 2.395108162060193280e+00 4.967764291716389558e+00
1.000000000000000000e+00 5.612954818992243133e+01 -2.978148537310592587e+02 -4.723097748279036023e+05 4.470964542995341712e-07 7.185285246214016297e+01 -9.851753704959176350e-01 7.278260570359491588e-01 5.190392746434140392e+00 1.864148144269564877e+00
1.000000000000000000e+00 1.322272783067706143e+02 -2.901471764826455910e+02 -4.752809638215405867e+05 4.990751825184693822e-07 9.028435641599898531e+01 9.767599663657364761e-01 9.093510677964179445e-01 5.008282165468299851e+00 -2.309184903179465564e+00
1.000000000000000000e+00 2.049010558135433087e+02 -2.749071750355712425e+02 -4.782521895154261147e+05 5.835477051430990635e-07 -2.407497772394388278e+02 -8.228029573568840238e-01 -2.411206098394683917e+00 1.952361919515063216e+00 -5.157858867907036959e+00
1.000000000000000000e+00 2.721783606310384016e+02 -2.525102581909112018e+02 -4.812234494817414088e+05 6.915922756621241807e-07 3.568357545599002947e+02 5.462042173793392186e-01 3.553856527049453984e+00 -2.224320316745433068e+00 -5.046545778503678470e+00
1.000000000000000000e+00 3.323708507657909763e+02 -2.235921133351471042e+02 -4.841947401214592392e+05 8.121856541756106622e-07 -4.207271944444990481e+02 -1.881617820173068223e-01 -4.166858684808326885e+00 -5.124484449968283784e+00 -2.038353327579164098e+00
1.000000000000000000e+00 3.839527146224655212e+02 -1.888718227672746650e+02 -4.871660575206765789e+05 9.329728793233820223e-07 4.222377199415403197e+02 -1.979612044561871731e-01 4.158678062026236688e+00 -5.082749331550671101e+00 2.140300072102276019e+00
1.000000000000000000e+00 4.255499195741064682e+02 -1.492889326205386169e+02 -4.901373968528778059e+05 1.041520154672314986e-06 -3.604310479656817279e+02 5.545909125316237365e-01 -3.530399358423181422e+00 -2.122490990495618846e+00 5.090211897483711390e+00
1.000000000000000000e+00 4.562021565817839246e+02 -1.059251356833733269e+02 -4.931087526909689186e+05 1.127150659137595248e-06 2.438700714885042657e+02 -8.285340967626263486e-01 2.375618254275793539e+00 2.056750312579147977e+00 5.117128424978737655e+00
1.000000000000000000e+00 4.752056788464126384e+02 -5.986078954514520234e+01 -4.960801195055148564e+05 1.181295583306418180e-06 -8.943866127022094759e+01 9.789212473128007241e-01 -8.665087375953528515e-01 5.054903510894111385e+00 2.205260905555210815e+00
1.000000000000000000e+00 4.820836131625382563e+02 -1.230408962461898348e+01 -4.990514912161115208e+05 1.198456956447018219e-06 -8.010247572476758648e+01 -9.833118398417702855e-01 -7.718554379260857967e-01 5.149930997389575715e+00 -1.973179132300413086e+00
1.000000000000000000e+00 4.768137336240673676e+02 3.549864720336390178e+01 -5.020228615798428655e+05 1.177711925902681024e-06 2.394726065455826927e+02 8.410486541959792950e-01 2.295096623650289214e+00 2.287212117377602105e+00 -5.018354899380958578e+00
1.000000000000000000e+00 4.596316557322931544e+02 8.240098761455949727e+01 -5.049942250273730024e+05 1.121693135466068627e-06 -3.646444793516977825e+02 -5.733562171209628522e-01 -3.476021687528031201e+00 -1.889027015780368135e+00 -5.181389977570855621e+00
1.000000000000000000e+00 4.309863569489497763e+02 1.272240976085849837e+02 -5.079655759943541489e+05 1.035959418309723394e-06 4.364689574278777968e+02 2.201701134010566607e-01 4.138532458422020888e+00 -4.980322100041977507e+00 -2.368885169410553271e+00
1.000000000000000000e+00 3.917391154230664370e+02 1.688458900432767678e+02 -5.109369090759487008e+05 9.294297474702313603e-07 -4.436043294645990613e+02 1.658278812505720179e-01 -4.183899944885309807e+00 -5.211687299437257614e+00 1.803757372515545132e+00
1.000000000000000000e+00 3.429364367085936465e+02 2.063245271463022732e+02 -5.139082197529132827e+05 8.128777199039113630e-07 3.843011913423262058e+02 -5.270768593844779026e-01 3.605470670014807144e+00 -2.450755533533046204e+00 4.940548803612505147e+00
1.000000000000000000e+00 2.857626679319239997e+02 2.387566955236873980e+02 -5.168795037463668268e+05 6.976952191018931156e-07 -2.667627934862860570e+02 8.097260695608667902e-01 -2.489615633137874262e+00 1.716889078908951705e+00 5.240946198611752038e+00
1.000000000000000000e+00 2.217214969498960500e+02 2.653618232041611122e+02 -5.198507576135731651e+05 5.953792016963143283e-07 1.080130316839959477e+02 -9.716653221944953067e-01 1.002794572655650640e+00 4.898792500229208535e+00 2.533191111171413379e+00
1.000000000000000000e+00 1.523919400071987980e+02 2.855877828450381912e+02 -5.228219790094437194e+05 5.158843986817072072e-07 6.857184476141557639e+01 9.887957737370838274e-01 6.333186333409251967e-01 5.269219430609179966e+00 -1.628051521945932612e+00
1.000000000000000000e+00 7.938811163919061187e+01 2.989586426066803710e+02 -5.257931659101296682e+05 4.666553351559473315e-07 -2.367080845404133527e+02 -8.586084928326574994e-01 -2.174912839049840674e+00 2.616410247067740169e+00 -4.854855567888577639e+00
1.000000000000000000e+00 4.532318191496385928e+00 3.051555860468255901e+02 -5.287643170623420738e+05 4.524590778878395568e-07 3.711185049259134985e+02 6.005420656416203817e-01 3.392386363420751838e+00 -1.537021982360574635e+00 -5.296488326406485037e+00
1.000000000000000000e+00 -7.039590230754104994e+01 3.041053045550078195e+02 -5.317354323419417487e+05 4.747856352012134442e-07 -4.513317096177556778e+02 -2.530691012546565921e-01 -4.104534966238153615e+00 -4.808595023915192002e+00 -2.700488670962693405e+00
1.000000000000000000e+00 -1.436881685444352001e+02 2.958185249745495753e+02 -5.347065122640571790e+05 5.314825806823656465e-07 4.647952213423837975e+02 -1.320474459882598206e-01 4.205489410652365478e+00 -5.322675110774754970e+00 1.443729486835658271e+00
1.000000000000000000e+00 -2.135383754261241620e+02 2.804707913837426076e+02 -5.376775581616116688e+05 6.170731237434285414e-07 -4.088307062310404376e+02 4.974695753464966619e-01 -3.680411849679031899e+00 -2.785339965900287762e+00 4.759948155219590582e+00
1.000000000000000000e+00 -2.782954432777700617e+02 2.584748129760195638e+02 -5.406485723645400722e+05 7.236308034441982420e-07 2.911279139430392320e+02 -7.888200365171798012e-01 2.607629689005822815e+00 1.348274665300683628e+00 5.347651876564903262e+00
1.000000000000000000e+00 -3.364785453776386817e+02 2.303110121883446482e+02 -5.436195574775871355e+05 8.411723897908386555e-07 -1.286914017140937290e+02 9.627674985478065217e-01 -1.146916426625006258e+00 4.708941469399552382e+00 2.870730813536682913e+00
1.000000000000000000e+00 -3.866109534931736675e+02 1.966096072540076420e+02 -5.465905168085044716e+05 9.581500478288727183e-07 -5.461634343544562853e+01 -9.934628075366862543e-01 -4.843239446168174367e-01 5.371260914703548828e+00 -1.250912208029724582e+00
1.000000000000000000e+00 -4.274720796737574346e+02 1.582072292491517373e+02 -5.495614548286674544e+05 1.063334183634562845e-06 2.315803029640546811e+02 8.763703667755330384e-01 2.043416094260424032e+00 2.956315976046415717e+00 -4.655686954230549013e+00
1.000000000000000000e+00 -4.580976863013229945e+02 1.159700510815663819e+02 -5.525323761121520074e+05 1.146755222675098135e-06 -3.756708129493070487e+02 -6.289303710212451604e-01 -3.298490227904882222e+00 -1.152045873274268883e+00 -5.393330647372875930e+00
1.000000000000000000e+00 -4.776141767311054878e+02 7.087612879290749390e+01 -5.555032856688220054e+05 1.199947780309992501e-06 4.650172435964724968e+02 2.879576929602987168e-01 4.062935562083486829e+00 -4.600396461282257654e+00 -3.041640604187397567e+00
1.000000000000000000e+00 -4.854869499033850957e+02 2.405575469965427260e+01 -5.584741889845064143e+05 1.217545264845804610e-06 -4.857224714425675529e+02 9.583490136530080361e-02 -4.223112686891426826e+00 -5.413696873408922805e+00 1.052193579557606951e+00
1.000000000000000000e+00 -4.815001797923726485e+02 -2.339203096987446173e+01 -5.614450915500626434e+05 1.197588536520640132e-06 4.340173585004515076e+02 -4.653739363585786548e-01 3.755221263990281333e+00 -3.126200914452177404e+00 4.543357019704501454e+00
1.000000000000000000e+00 -4.655859261759180185e+02 -7.031867341813924099e+01 -5.644159990828131558e+05 1.141205458360740401e-06 -3.169229047718798711e+02 7.657056786694999007e-01 -2.728828703477738760e+00 9.519462080023888273e-01 5.432220870241716959e+00
1.000000000000000000e+00 -4.380630366534322206e+02 -1.155015860091052673e+02 -5.673869176888170186e+05 1.053719057984823353e-06 1.513064272844709990e+02 -9.521611597618923062e-01 1.296535437362506205e+00 4.484917954215339897e+00 3.209475986820385263e+00
1.000000000000000000e+00 -3.995873103640730619e+02 -1.578312570633221696e+02 -5.703578526690376457e+05 9.438376693068941464e-07 3.854195691904303800e+01 9.969946086747908387e-01 3.286814520183025667e-01 5.448800709355377414e+00 -8.519366148652935955e-01
1.000000000000000000e+00 -3.509669860312838523e+02 -1.962312091425928884e+02 -5.733288090155526297e+05 8.219055778734312870e-07 -2.244670787496894775e+02 -8.935131117832435521e-01 -1.905103008720146818e+00 3.290973469623981185e+00 -4.425462550768100023e+00
1.000000000000000000e+00 -2.933844100662437882e+02 -2.296450910462512240e+02 -5.762997916481735883e+05 6.998563623635802699e-07 3.786205645499588286e+02 6.570802929465650033e-01 3.198189806095943499e+00 -7.527477415468724065e-01 -5.463386861976358588e+00
1.000000000000000000e+00 -2.283080195779608346e+02 -2.572203628568617546e+02 -5.792708046125542605e+05 5.900704229409707387e-07 -4.776292077207860984e+02 -3.228441204488742833e-01 -4.015456254648681167e+00 -4.365361574938308564e+00 -3.370288338714052756e+00
1.000000000000000000e+00 -1.572883503416472024e+02 -2.782222540729202365e+02 -5.822418513273532735e+05 5.035252481432200666e-07 5.061380817723769496e+02 -5.947797874504451299e-02 4.235129434762444411e+00 -5.475979956534940740e+00 6.548806621418774565e-01
1.000000000000000000e+00 -8.215832854473809732e+01 -2.920231011707006701e+02 -5.852129343998733675e+05 4.490454692915397829e-07 -4.591909134679897875e+02 4.329856529335804893e-01 -3.824319619561417305e+00 -3.447133380029093974e+00 4.304938632118813224e+00
1.000000000000000000e+00 -4.907515949683509682e+00 -2.982721226540397765e+02 -5.881840550973081263e+05 4.323118448657964774e-07 3.430792398506979453e+02 -7.420587432838017250e-01 2.843989835918616205e+00 5.586825002025741504e-01 5.486629113580322681e+00
1.000000000000000000e+00 7.253628177117870734e+01 -2.967919332630931422e+02 -5.911552138464726740e+05 4.550250082036514589e-07 -1.745157118678895074e+02 9.406415338305442742e-01 -1.439959351181627101e+00 4.244415653276832678e+00 3.521386222532029375e+00
1.000000000000000000e+00 1.481213027498701820e+02 -2.875589536158643682e+02 -5.941264141588822240e+05 5.147917413480714956e-07 -2.176585201676954640e+01 -9.991119120661321462e-01 -1.787651158462418011e-01 5.495417494540056680e+00 -4.643400981208640754e-01
1.000000000000000000e+00 2.198197290584230075e+02 -2.708505969678287784e+02 -5.970976469708713703e+05 6.054592311906156456e-07 2.166266577492463625e+02 9.087091983500712455e-01 1.771004358593799788e+00 3.593049060847530729e+00 -4.183924427181073824e+00
1.000000000000000000e+00 2.858421154472306398e+02 -2.471153374087803627e+02 -6.000689132888315944e+05 7.177719370593362327e-07 -3.808611182523745242e+02 -6.828628864484952432e-01 -3.099446449997513842e+00 -3.716920107872904722e-01 -5.502460378334104618e+00
1.000000000000000000e+00 3.444473522837025143e+02 -2.169389997355355320e+02 -6.030402097737713484e+05 8.400357440010183089e-07 4.895685914372309639e+02 3.552032479936251264e-01 3.965974102201769380e+00 -4.123352109594558890e+00 -3.662402564754713818e+00
1.000000000000000000e+00 3.940893901695355908e+02 -1.811689342524508959e+02 -6.060115319072142011e+05 9.597738271408788737e-07 -5.259343439414300292e+02 2.543907965277197175e-02 -4.241267501891963221e+00 -5.507861986119589659e+00 2.805022421988281334e-01
1.000000000000000000e+00 4.336032947387981267e+02 -1.407590665844556952e+02 -6.089828749278802425e+05 1.065206230405256908e-06 4.838326337150335803e+02 -4.023111864212076116e-01 3.884150054645500560e+00 -3.729747183541682887e+00 4.062537521412286523e+00
1.000000000000000000e+00 4.619927390967964698e+02 -9.672763968021675396e+01 -6.119542336100897519e+05 1.145525147126142197e-06 -3.688490862200745823e+02 7.192044846725185181e-01 -2.947780134436034594e+00 1.903236517463188504e-01 5.511714984794274130e+00
1.000000000000000000e+00 4.785572276983397728e+02 -5.026726090887995468e+01 -6.149256019336195895e+05 1.192603032882539522e-06 1.975535298653844620e+02 -9.288457345354188543e-01 1.571757183037596706e+00 4.001181027088111186e+00 3.795494112034681677e+00
1.000000000000000000e+00 4.830377565283849322e+02 -2.576158177561786999e+00 -6.178969737779248971e+05 1.202448229095227526e-06 4.885452372655778142e+00 9.999584047852572155e-01 3.869620752294280347e-02 5.514082443695614622e+00 -1.005980623451645795e-01
1.000000000000000000e+00 4.753740170027501222e+02 4.517989286679966909e+01 -6.208683433365760138e+05 1.174443146412281168e-06 -2.084008852646057335e+02 -9.219346344777363811e-01 -1.643367681016061344e+00 3.860097087388122183e+00 -3.938892692363874737e+00
1.000000000000000000e+00 4.558108783544265066e+02 9.176056065661997252e+01 -6.238397047703868011e+05 1.111634904016488407e-06 3.824968489658975841e+02 7.064188548799283929e-01 3.002915675971465248e+00 -1.072558824481406256e-02 -5.514989585464020294e+00
1.000000000000000000e+00 4.250072110894363959e+02 1.360202369470494261e+02 -6.268110525765519124e+05 1.020856993504513571e-06 -5.008221138952548586e+02 -3.855667166475386654e-01 -3.914599390559892367e+00 -3.875261536936860818e+00 -3.923974157197975376e+00
1.000000000000000000e+00 3.837684086038305509e+02 1.769307815075321741e+02 -6.297823817437516991e+05 9.111262193100357399e-07 5.451601297170277576e+02 7.240221920131689401e-03 4.242529326839407311e+00 -5.514421813477697221e+00 -7.985755481572029413e-02
1.000000000000000000e+00 3.331428891625714641e+02 2.134710835392743888e+02 -6.327536874039177783e+05 7.932918182675533117e-07 -5.082306469745802247e+02 3.721399058975028429e-01 -3.937919866709562733e+00 -3.987476162420440229e+00 3.809889633591576619e+00
1.000000000000000000e+00 2.745061904258114396e+02 2.447890260985432462e+02 -6.357249655537193175e+05 6.793624541272612720e-07 3.948724154856762425e+02 -6.960164188022123222e-01 3.046325641929427341e+00 -1.716394271463521082e-01 5.512328462008470709e+00
1.000000000000000000e+00 2.092800006219703448e+02 2.702043414714302685e+02 -6.386962133142481325e+05 5.803652785237411427e-07 -2.214160415233633614e+02 9.161307058763863420e-01 -1.700788440915756317e+00 3.742429047066632375e+00 4.050857933042300907e+00
1.000000000000000000e+00 1.390311136664377898e+02 2.890939855063926984e+02 -6.416674280101656914e+05 5.056177296402132480e-07 1.332904504827399350e+01 -9.997112644101248113e-01 1.019459652737125660e-01 5.508631427473326347e+00 2.649621902705682208e-01
1.000000000000000000e+00 6.554166918450333412e+01 3.010452858373961931e+02 -6.446386078340888489e+05 4.623928106178785354e-07 1.985275010020856428e+02 9.343473755232826194e-01 1.511922452919352233e+00 4.114245361392813827e+00 -3.672629885011218231e+00
1.000000000000000000e+00 -9.475756196129598408e+00 3.058395062375263933e+02 -6.476097519280861598e+05 4.548435785703918519e-07 -3.824787400133994311e+02 -7.298219824604054162e-01 -2.900427055791365838e+00 3.600205916718478560e-01 -5.503236351420140338e+00
1.000000000000000000e+00 -8.426942161573418844e+01 3.033346257296906856e+02 -6.505808600657859351e+05 4.835629983489203397e-07 5.107715230368858670e+02 4.166366858632215564e-01 3.856870310433866855e+00 -3.600345017907951473e+00 -4.177647773334318693e+00
1.000000000000000000e+00 -1.569868675583671802e+02 2.936114654944695417e+02 -6.535519330565391574e+05 5.457530467059688857e-07 -5.637581930678824165e+02 -4.145326242617988766e-02 -4.238993742927315012e+00 -5.496046361187445939e+00 -4.568364715059792247e-01
1.000000000000000000e+00 -2.259578388033774274e+02 2.769404445531837951e+02 -6.565229726576564135e+05 6.356390362740990576e-07 5.328979418025538735e+02 -3.398641963704051028e-01 3.990095327492878763e+00 -4.240950389695745670e+00 3.525558815019159908e+00
1.000000000000000000e+00 -2.895733230740349313e+02 2.536626421311386821e+02 -6.594939808022495126e+05 7.446922892149814338e-07 -4.221195937764913424e+02 6.705669480799758553e-01 -3.147398718168688436e+00 -5.552498501294574895e-01 5.486977562369926176e+00
1.000000000000000000e+00 -3.462317042873428932e+02 2.243306885123156178e+02 -6.624649603646370815e+05 8.623107891945998378e-07 2.473304510025814977e+02 -9.014636419923635069e-01 1.836447436929606658e+00 3.448382786521924093e+00 4.303937885662279861e+00
1.000000000000000000e+00 -3.946157369387908602e+02 1.896604538279669896e+02 -6.654359152326958720e+05 9.773240760803726616e-07 -3.413120916561722851e+01 9.982291904005322625e-01 -2.523741212025562564e-01 5.475970542686892983e+00 6.549593740417961607e-01
1.000000000000000000e+00 -4.335584312235304196e+02 1.504096231729531610e+02 -6.684068495262727374e+05 1.078603794150114708e-06 -1.859332196052848758e+02 -9.464975825612470528e-01 -1.369146351758566249e+00 4.366310153867588362e+00 -3.369059335519722254e+00
1.000000000000000000e+00 -4.619961868737035502e+02 1.075136497969544394e+02 -6.713777680782383541e+05 1.156046754693414850e-06 3.800393514027867354e+02 7.539867602438784511e-01 2.786946501128227283e+00 7.555112639543074549e-01 -5.463005390447456477e+00
1.000000000000000000e+00 -4.792352206184132228e+02 6.202266409500386146e+01 -6.743486760906622512e+05 1.202270878216687056e-06 -5.189768230636394719e+02 -4.493422789566432485e-01 -3.790203982325872634e+00 -3.287949434226357326e+00 -4.427709756069200253e+00
1.000000000000000000e+00 -4.848013288270439034e+02 1.497641095353289664e+01 -6.773195787104066694e+05 1.212439010647178572e-06 5.815389911789956159e+02 7.787514739707440681e-02 4.229756136858329185e+00 -5.448108154308355822e+00 -8.563543104221503777e-01
1.000000000000000000e+00 -4.783959093273660983e+02 -3.246531034378373448e+01 -6.802904817676597741e+05 1.184676175344605970e-06 -5.577541824225932032e+02 3.051741881002006940e-01 -4.040251929846958134e+00 -4.487761937786836519e+00 3.205498082322237430e+00
1.000000000000000000e+00 -4.601449137268112395e+02 -7.910053916548072550e+01 -6.832613912614238216e+05 1.121569857277206369e-06 4.504657644413849198e+02 -6.428432973883598800e-01 3.249852939127142015e+00 -9.568800224930914533e-01 5.431353955375531228e+00
1.000000000000000000e+00 -4.304258501861728519e+02 -1.238127133413322838e+02 -6.862323126992501784e+05 1.029184672439103907e-06 -2.750136437863679362e+02 8.849104216546083146e-01 -1.976057572984944111e+00 3.122223000034130891e+00 4.546091585535609880e+00
1.000000000000000000e+00 -3.898181809280744687e+02 -1.654448602238547608e+02 -6.892032514820882352e+05 9.160873290843305920e-07 5.704800224664812447e+01 -9.953593480657462189e-01 4.082594953607693311e-01 5.412864771326907132e+00 1.056465869466644447e+00
1.000000000000000000e+00 -3.393265247508005018e+02 -2.028899061260535177e+02 -6.921742128541062120e+05 7.934362324679507960e-07 1.712146667641486601e+02 9.577368500879146485e-01 1.220377874732929024e+00 4.602376422960925417e+00 -3.038643846750257449e+00
1.000000000000000000e+00 -2.801769394305456444e+02 -2.352146276033272443e+02 -6.951452012104945024e+05 6.733836850843786548e-07 -3.757477593455241163e+02 -7.776075324751181572e-01 -2.667560107962777760e+00 1.154548427570341929e+00 -5.392795480491972882e+00
1.000000000000000000e+00 -2.137526511717494486e+02 -2.615333323516472319e+02 -6.981162206824687310e+05 5.677539318786511560e-07 5.257838275410693996e+02 4.817389054032228946e-01 3.717888683132855476e+00 -2.955241734106088369e+00 -4.656368913543839305e+00
1.000000000000000000e+00 -1.417869260051259062e+02 -2.811032662712343040e+02 -7.010872746675506933e+05 4.874533474964315634e-07 -5.984414015303035512e+02 -1.141339840865577410e-01 -4.214916427077756822e+00 -5.371316988111635382e+00 -1.250671411379963516e+00
1.000000000000000000e+00 -6.612629132377070107e+01 -2.934337426128643074e+02 -7.040583650851987768e+05 4.408109383084669025e-07 5.822153241605163885e+02 -2.705023233497239610e-01 4.084472014418685681e+00 -4.707918291327241711e+00 2.872408489091721862e+00
1.000000000000000000e+00 1.134924899603302073e+01 -2.981496872224095682e+02 -7.070294933233038755e+05 4.324998620344278831e-07 -4.787979994233040202e+02 6.148988650413260704e-01 -3.345771676730167510e+00 -1.344550228722482421e+00 5.348589519533361702e+00
1.000000000000000000e+00 8.855755181369237050e+01 -2.950811813096765377e+02 -7.100006598312970018e+05 4.634157032553320269e-07 3.029419767140437898e+02 -8.677445394002207824e-01 2.108636793769607998e+00 2.790375867433235957e+00 4.756997759560752215e+00
1.000000000000000000e+00 1.634737338479636719e+02 -2.843463512544930722e+02 -7.129718637819928117e+05 5.305363112609635950e-07 -8.036653332664799620e+01 9.913378110585642222e-01 -5.572146583949045828e-01 5.324739746179669275e+00 1.436096027943214226e+00
1.000000000000000000e+00 2.342113992392910120e+02 -2.661958398313203134e+02 -7.159431034750640392e+05 6.269891073663520941e-07 -1.559980501484199351e+02 -9.672183369428508648e-01 -1.077402575683102048e+00 4.803689776953326884e+00 -2.709204623651358723e+00
1.000000000000000000e+00 2.988599942685706878e+02 -2.410883906650902873e+02 -7.189143762478994904e+05 7.426736739650640257e-07 3.708809853416190094e+02 7.989357731342456859e-01 2.551593397067843050e+00 1.525431020780810387e+00 -5.299838239688020813e+00
1.000000000000000000e+00 3.557452432491716081e+02 -2.097440076028277645e+02 -7.218856781237500254e+05 8.658676949966141580e-07 -5.319362288920830224e+02 -5.115385216324933593e-01 -3.645532766180331841e+00 -2.628761607147529489e+00 -4.848178789896978813e+00
1.000000000000000000e+00 4.034879501224937712e+02 -1.729685745368057042e+02 -7.248570048437975347e+05 9.843242634035176763e-07 6.146166659151283511e+02 1.478515547051249823e-01 4.196012060607062999e+00 -5.273883307410788923e+00 -1.612879420735984892e+00
1.000000000000000000e+00 4.408268290125741942e+02 -1.317168458816634313e+02 -7.278283516019631643e+05 1.085836827610009959e-06 -6.059194099092225088e+02 2.379036563032828067e-01 -4.120829048263732197e+00 -4.890722422350217258e+00 2.548736815275485679e+00
1.000000000000000000e+00 4.668600765907799541e+02 -8.712381769673014276e+01 -7.307997126156379236e+05 1.160247638490328459e-06 5.064308100458637796e+02 -5.881961071374155470e-01 3.431101169868612022e+00 -1.698899499855415662e+00 5.246805280874335509e+00
1.000000000000000000e+00 4.810633404527243897e+02 -4.031859875883257871e+01 -7.337710821021747543e+05 1.200567497448561685e-06 -3.303482623178326207e+02 8.507738426308892876e-01 -2.229643304978842000e+00 2.468691935030978613e+00 4.931610821621349672e+00
1.000000000000000000e+00 4.830886019754383369e+02 7.515097536354327090e+00 -7.367424540922765154e+05 1.202910391129170465e-06 1.034582860318615616e+02 -9.864663165084637253e-01 6.956404812614814803e-01 5.218467217714069406e+00 1.784047382684489813e+00
1.000000000000000000e+00 4.729806628380613915e+02 5.511590448252518115e+01 -7.397138224578929367e+05 1.167616800333153101e-06 1.406412550996759592e+02 9.750343846037069495e-01 9.420950128498228882e-01 4.971133337856936230e+00 -2.388107724384968211e+00
1.000000000000000000e+00 4.511519335947987202e+02 1.013291373250102936e+02 -7.426851816362709505e+05 1.098881632333079237e-06 -3.655211857092805872e+02 -8.181915503895763608e-01 -2.439288035869752402e+00 1.868894671912379568e+00 -5.188685562964605147e+00
1.000000000000000000e+00 4.181625660607197688e+02 1.450373233835563838e+02 -7.456565262600503629e+05 1.003425904185923253e-06 5.373621517459854431e+02 5.393444963044022877e-01 3.572664875118457761e+00 -2.306455889091671096e+00 -5.009539539488050863e+00
1.000000000000000000e+00 3.749189554563764659e+02 1.851357030567515665e+02 -7.486278510189497611e+05 8.909153003943834474e-07 -6.300436162044429693e+02 -1.800940439854628039e-01 -4.173270796723401510e+00 -5.157254486665505233e+00 -1.953957861825151632e+00
1.000000000000000000e+00 3.226158896299775733e+02 2.207062615759107587e+02 -7.515991514795619296e+05 7.729520653799426861e-07 6.291138515893717340e+02 -2.059804160096461445e-01 4.151661829717270713e+00 -5.047019926246476551e+00 2.223244257856255235e+00
1.000000000000000000e+00 2.625099741587769699e+02 2.509325406243469843e+02 -7.545704239816119662e+05 6.609720648243045037e-07 -5.340361464996591394e+02 5.613199429229923654e-01 -3.511204590294038752e+00 -2.039666741663225924e+00 5.123961821576417996e+00
1.000000000000000000e+00 1.961113117082117867e+02 2.750712892258779902e+02 -7.575416652596645290e+05 5.657669286374978973e-07 3.583643740089605103e+02 -8.329718138695696439e-01 2.347518439171322857e+00 2.138077736829095077e+00 5.083684565086191043e+00
1.000000000000000000e+00 1.251063119262980194e+02 2.926137564183616746e+02 -7.605128731514511164e+05 4.966117918831568211e-07 -1.278080775717792932e+02 9.804812969404561596e-01 -8.341556345439051778e-01 5.088619631247902397e+00 2.126305578814640995e+00
1.000000000000000000e+00 5.113447226762331610e+01 3.031834422496058323e+02 -7.634840460325609893e+05 4.600001660237984061e-07 -1.235347796749425129e+02 -9.819107561795962225e-01 -8.033198343557343968e-01 5.119560540078503585e+00 -2.050688918995493104e+00
1.000000000000000000e+00 -2.401902918164589451e+01 3.065061558964778783e+02 -7.664551828528476181e+05 4.593333841625990033e-07 3.582245142857610745e+02 8.370937059437750793e-01 2.320976926752410296e+00 2.214006380055953294e+00 -5.051079183213358803e+00
1.000000000000000000e+00 -9.851073020217272358e+01 3.025596440130331644e+02 -7.694262839195923880e+05 4.946861319847054329e-07 -5.410582950831193330e+02 -5.676414561394820257e-01 -3.492863622466181095e+00 -1.960948450660351616e+00 -5.154600502451432753e+00
1.000000000000000000e+00 -1.706536335326500478e+02 2.914557468254593573e+02 -7.723973502462238539e+05 5.626890400629290189e-07 6.443472068759651847e+02 2.137077205384091405e-01 4.144625544965103714e+00 -5.011248995987328314e+00 -2.302739383047024635e+00
1.000000000000000000e+00 -2.387205619107850225e+02 2.734114650733418443e+02 -7.753683832989066141e+05 6.567776969067425122e-07 -6.521031227754973543e+02 1.720014704131935246e-01 -4.179411154500349390e+00 -5.188682914919031219e+00 1.868902023768809428e+00
1.000000000000000000e+00 -3.010378381466643987e+02 2.488882308792230447e+02 -7.783393854928981746e+05 7.679660553957239432e-07 5.625033476090389968e+02 -5.320791265189773744e-01 3.592220970124540003e+00 -2.392316594973669552e+00 4.969109223536285036e+00
1.000000000000000000e+00 -3.561893765321477758e+02 2.184602720122626067e+02 -7.813103599522014847e+05 8.857437752296969368e-07 -3.882546525896332810e+02 8.129583423647209761e-01 -2.470582269685271282e+00 1.774740973460617877e+00 5.221639555076533767e+00
1.000000000000000000e+00 -4.028146134691540965e+02 1.827872301421420786e+02 -7.842813102764610667e+05 9.985478273503112377e-07 1.547909960730416685e+02 -9.728740204774697364e-01 9.814736132594464868e-01 4.924716986152202658e+00 2.482415713035140303e+00
1.000000000000000000e+00 -4.397071256164336432e+02 1.427429383575461088e+02 -7.872522410539479461e+05 1.095317802792302877e-06 1.034397451700224906e+02 9.880642568508757329e-01 6.535460246204104484e-01 5.253268875936332627e+00 -1.678806505568293694e+00
1.000000000000000000e+00 -4.660052401797550488e+02 9.927118852781249814e+01 -7.902231572124607628e+05 1.166955690872885449e-06 -3.480565213417503969e+02 -8.562920460257357202e-01 -2.191289670022875669e+00 2.572593838020135859e+00 -4.878215463732678003e+00
1.000000000000000000e+00 -4.809814345604577852e+02 5.335850244389101960e+01 -7.931940635885848897e+05 1.206110507130557719e-06 5.424454875071758124e+02 5.971696935863857192e-01 3.403085301213043756e+00 -1.581573582709687509e+00 -5.283355957012043191e+00
1.000000000000000000e+00 -4.841434710934437931e+02 6.151300910583973547e+00 -7.961649658665420720e+05 1.208267345180799775e-06 -6.572356525846259956e+02 -2.492380652818103892e-01 -4.108752330007201969e+00 -4.829820679746470447e+00 -2.662340580675797597e+00
1.000000000000000000e+00 -4.754054140809896012e+02 -4.119975828872156143e+01 -7.991358698358137626e+05 1.173060150711884723e-06 6.747303272932354048e+02 -1.357625368291901224e-01 4.203359643544887447e+00 -5.311700940035352758e+00 1.483596403894047899e+00
1.000000000000000000e+00 -4.548617449736445337e+02 -8.756794824031702262e+01 -8.021067811781470664e+05 1.103469894445813299e-06 -5.916293989322763309e+02 5.005797489949087575e-01 -3.672813290470274161e+00 -2.751101668813388912e+00 4.779818487544479133e+00
1.000000000000000000e+00 -4.228851511356077140e+02 -1.317446840919747046e+02 -8.050777057079951046e+05 1.005883973501376342e-06 4.196243719927213647e+02 -7.909556494293193962e-01 2.595959242965049096e+00 1.385487561967948089e+00 5.338131637722313805e+00
1.000000000000000000e+00 -3.802686497490791453e+02 -1.726036550161477123e+02 -8.080486487116017379e+05 8.899874165209271030e-07 -1.837625607013621618e+02 9.636897153239366576e-01 -1.132889355204686810e+00 4.728537490560292156e+00 2.838337253813502326e+00
1.000000000000000000e+00 -3.279757798937106372e+02 -2.091272883843685690e+02 -8.110196149572164286e+05 7.668987785246048059e-07 -8.119280235779004329e+01 -9.930641574926206694e-01 -4.988230201078808213e-01 5.362525937124233089e+00 -1.287843445333967551e+00
1.000000000000000000e+00 -2.672272242772534696e+02 -2.403077540637343930e+02 -8.139906092240163125e+05 6.485927890374134638e-07 3.358802158385591952e+02 8.746756517873612857e-01 2.056444689532004322e+00 2.923584186980098032e+00 -4.676310582891145096e+00
1.000000000000000000e+00 -1.996061847401007014e+02 -2.653127449168527505e+02 -8.169616354976916919e+05 5.472700200263119364e-07 -5.421820890460800229e+02 -6.261023310960496246e-01 -3.308160344578723766e+00 -1.191194460337936745e+00 -5.384819488495414141e+00
1.000000000000000000e+00 -1.267804305975827930e+02 -2.835016179537952326e+02 -8.199326964872615645e+05 4.732625743987225592e-07 6.689275364691243340e+02 2.843049628215223446e-01 4.067563294867156287e+00 -4.623452702527461433e+00 -3.006478051393576489e+00
1.000000000000000000e+00 -5.057416448646899454e+01 -2.943232970660139927e+02 -8.229037944078498986e+05 4.340042366382255173e-07 -6.966038437532906755e+02 9.985881857505933545e-02 -4.221434184177275561e+00 -5.405011241122786636e+00 1.095937338243440307e+00
1.000000000000000000e+00 2.696167574679943257e+01 -2.974737891282023838e+02 -8.258749303082700353e+05 4.336309290037175556e-07 6.203627373876041702e+02 -4.691937540808094886e-01 3.746655700517083520e+00 -3.086825157505703299e+00 4.570200828520524006e+00
1.000000000000000000e+00 1.038472973763956730e+02 -2.928902126340128120e+02 -8.288461042721498525e+05 4.723304707621282233e-07 -4.508587468320314997e+02 7.686799666371582074e-01 -2.713735324842152075e+00 1.002283871671063364e+00 5.423158877131285749e+00
1.000000000000000000e+00 1.781084793982935821e+02 -2.806347095554238535e+02 -8.318173155914902454e+05 5.461229040340598518e-07 2.127746597506622948e+02 -9.536726754691288166e-01 1.276382224960198153e+00 4.516692050786057067e+00 3.164603937996957050e+00
1.000000000000000000e+00 2.477253588098268438e+02 -2.610355273012623343e+02 -8.347885622601420619e+05 6.473213964551017339e-07 5.876430552636243476e+01 9.965654454501383652e-01 3.513283701356059163e-01 5.439363853174747909e+00 -9.102450432689881410e-01
1.000000000000000000e+00 3.109290628938773011e+02 -2.346514885753828992e+02 -8.377598410043482436e+05 7.656926316879196983e-07 -3.233693267004265408e+02 -8.909217533496101016e-01 -1.926824188586431452e+00 3.239969532467321223e+00 -4.462938784557019645e+00
1.000000000000000000e+00 3.661229181141108029e+02 -2.021381492312351327e+02 -8.407311481949818553e+05 8.892541927303099657e-07 5.413976969405587170e+02 6.524517582771871549e-01 3.215201376074554140e+00 -8.196029376615853179e-01 -5.453757987901214577e+00
1.000000000000000000e+00 4.118271394765403670e+02 -1.643724724166337126e+02 -8.437024794270800194e+05 1.005319514624419125e-06 -6.798964417846617607e+02 -3.166835811253027599e-01 -4.024277073923385295e+00 -4.408817961218204573e+00 -3.313238498940207499e+00
1.000000000000000000e+00 4.469516162894621516e+02 -1.223913010847238496e+02 -8.466738293988711666e+05 1.102379532155095649e-06 7.175887476267481588e+02 -6.632659171020989508e-02 4.233298095778430081e+00 -5.466476653969369437e+00 7.299713402782642691e-01
1.000000000000000000e+00 4.706849079896863941e+02 -7.724721836599964320e+01 -8.496451926659237361e+05 1.170813628300167266e-06 -6.481465367036965972e+02 4.394600665231441217e-01 -3.811003308908435638e+00 -3.384829603982107304e+00 4.354096199904882170e+00
1.000000000000000000e+00 4.824194669396479753e+02 -3.012539014778865010e+01 -8.526165631869054632e+05 1.203759883908862832e-06 4.812438380226240611e+02 -7.470599656176694081e-01 2.820323518562250165e+00 6.408274740312288609e-01 5.477642313490956205e+00
1.000000000000000000e+00 4.819908967586911785e+02 1.773169777184002527e+01 -8.555879347352378536e+05 1.198699126639000027e-06 -2.412168281402853722e+02 9.432418757280970345e-01 -1.409008730392447228e+00 4.298448766212878525e+00 3.455222622388140596e+00
1.000000000000000000e+00 4.695281860443025721e+02 6.516520142433785168e+01 -8.585593017924531596e+05 1.156767113203344563e-06 -3.648617548953620826e+01 -9.987457247387886428e-01 -2.124278426611927173e-01 5.487348055180802042e+00 -5.515763658128132185e-01
1.000000000000000000e+00 4.453600557894602048e+02 1.109802499788436023e+02 -8.615306586004901910e+05 1.082107218573355450e-06 3.105438045697385974e+02 9.053024220851114690e-01 1.802136288156712451e+00 3.524884413648049275e+00 -4.241510937913616885e+00
1.000000000000000000e+00 4.102266901452309753e+02 1.540227287796087694e+02 -8.645019995568258455e+05 9.825748763259561145e-07 -5.399159841588386826e+02 -6.768650894714296484e-01 -3.123037781982271888e+00 -4.616457679827474792e-01 -5.495644489131681354e+00
1.000000000000000000e+00 3.650976551530131360e+02 1.933063954896683185e+02 -8.674733197955797659e+05 8.684389196238975318e-07 6.899944432049452416e+02 3.475194991919966503e-01 3.978208438897802068e+00 -4.182909091841310101e+00 -3.594231029776898900e+00
1.000000000000000000e+00 3.110707910115480104e+02 2.278839348387957671e+02 -8.704446150074804900e+05 7.508853717379993318e-07 -7.378250485388239213e+02 3.361057041531949341e-02 -4.240243459659901681e+00 -5.502539750024268095e+00 3.705151352140189092e-01
1.000000000000000000e+00 2.495689799536451119e+02 2.569192818664642459e+02 -8.734158813802378718e+05 6.416152683016111059e-07 6.756142753540968897e+02 -4.096988987904847668e-01 3.870224994740001812e+00 -3.663579349997122758e+00 4.122306576698834490e+00
1.000000000000000000e+00 1.821371465159127467e+02 2.797971143376263399e+02 -8.763871162743000314e+05 5.512799767649449886e-07 -5.119842909104257274e+02 7.246963499806090558e-01 -2.923469338189422118e+00 2.777883411757940402e-01 5.507999528279445833e+00
1.000000000000000000e+00 1.103459778266001763e+02 2.959832936579352918e+02 -8.793583173461756669e+05 4.883310056487270482e-07 2.707775034086876644e+02 -9.316846550928250537e-01 1.541215911549828066e+00 4.059440361864976587e+00 3.733117881139216276e+00
1.000000000000000000e+00 3.598312102990936978e+01 3.050926977118365926e+02 -8.823294828706063563e+05 4.588328206608022705e-07 1.242300513463746192e+01 9.998619903202574655e-01 7.048407807308830486e-02 5.511955731593018548e+00 -1.832189372818109063e-01
1.000000000000000000e+00 -3.916128041530900106e+01 3.069823227313823963e+02 -8.853006125720483251e+05 4.656774931881191717e-07 -2.955487037505031935e+02 -9.191186669471616000e-01 -1.671518938516625363e+00 3.802913747334918160e+00 -3.994129717016072334e+00
1.000000000000000000e+00 -1.133784636004294271e+02 3.016022200741994652e+02 -8.882717066803692142e+05 5.080989746463263074e-07 5.362963381268900775e+02 7.015250417077690814e-01 3.023495726266138384e+00 -8.672465313844009149e-02 -5.514318090259013871e+00
1.000000000000000000e+00 -1.848521977093506905e+02 2.890610232980167211e+02 -8.912427661260830937e+05 5.819439334012154806e-07 -6.984471578511979715e+02 -3.795168385524635979e-01 -3.925226656224268584e+00 -3.926315681600017093e+00 -3.872889145643287456e+00
1.000000000000000000e+00 -2.518789954277429217e+02 2.697051712316005023e+02 -8.942137928883272689e+05 6.802908998712454810e-07 7.573102056844851404e+02 1.051623206752082046e-03 4.242638183637789773e+00 -5.514987816849226121e+00 -1.159939758817466263e-02
1.000000000000000000e+00 -3.129364327631873266e+02 2.439612951484413657e+02 -8.971847892651594011e+05 7.938494974993385285e-07 -7.034726225037273935e+02 3.775366801158200336e-01 -3.928662348324928999e+00 -3.942850599254302590e+00 3.856054242095122042e+00
1.000000000000000000e+00 -3.664969778723086620e+02 2.124008267761049922e+02 -9.001557584337261505e+05 9.114424079888889005e-07 5.442902546545633413e+02 -6.999222423863347142e-01 3.030174698157743318e+00 -1.115006666844299693e-01 5.513872755817704530e+00
1.000000000000000000e+00 -4.112502728314441924e+02 1.758065443166151454e+02 -9.031267045966775622e+05 1.021733233303055530e-06 -3.028840610348158293e+02 9.181616022590707304e-01 -1.680960049700777281e+00 3.783518638654334243e+00 4.012506931704300506e+00
1.000000000000000000e+00 -4.461540410947182522e+02 1.350064166830287036e+02 -9.060976321608375292e+05 1.114292649750281861e-06 1.478119689359301248e+01 -9.998142130471465716e-01 8.177841098949861776e-02 5.510901935580743150e+00 2.125676890597938129e-01
1.000000000000000000e+00 -4.702499699776245166e+02 9.093701249995534397e+01 -9.090685457729479531e+05 1.179776215836051722e-06 2.773119571208971479e+02 9.327565020858874512e-01 1.529501672774418397e+00 4.081482665923280351e+00 -3.709005852487643917e+00
1.000000000000000000e+00 -4.828837940217059099e+02 4.469678877773488068e+01 -9.120394509433133062e+05 1.211481810345476622e-06 -5.298370204412823341e+02 -7.269755100536978709e-01 -2.913265918172932789e+00 3.142821170204551096e-01 -5.506037769298440132e+00
1.000000000000000000e+00 -4.837350471405517851e+02 -2.628611160426522542e+00 -9.150103531132340431e+05 1.206068792045967695e-06 7.048728713598662807e+02 4.130792069355946339e-01 3.863751949859573376e+00 -3.632902233750982202e+00 -4.149367003053227698e+00
