5.400000232412145851e+04 -3.721824996863180282e-07 9.999999999999999547e-08
5.400917873819918896e+04 -3.240542860434838423e-07 9.999999999999999547e-08
5.401835513546728907e+04 -1.519888625709439090e-08 9.999999999999999547e-08
5.402753153385204496e+04 4.332676687135731778e-08 9.999999999999999547e-08
5.403670795209439530e+04 6.674102349088603907e-08 9.999999999999999547e-08
5.404588440867219470e+04 -1.775526689345617737e-08 9.999999999999999547e-08
5.405506092032771267e+04 -7.084507904983966393e-09 9.999999999999999547e-08
5.406423750382371509e+04 -5.629225989902579354e-08 9.999999999999999547e-08
5.407341417486053979e+04 6.635134112360051925e-08 9.999999999999999547e-08
5.408259094496635953e+04 -2.938320352323221336e-07 9.999999999999999547e-08
5.409176782387387357e+04 1.544281539123024563e-09 9.999999999999999547e-08
5.410094481893172633e+04 -2.195519637231866497e-07 9.999999999999999547e-08
5.411012193345904234e+04 -3.616017439571753728e-08 9.999999999999999547e-08
5.411929916858554498e+04 -1.362691249980244455e-07 9.999999999999999547e-08
5.412847652190118242e+04 -1.984024883858766874e-07 9.999999999999999547e-08
5.413765398626592651e+04 1.248276922427142525e-07 9.999999999999999547e-08
5.414683155287595582e+04 -1.064961595871764315e-07 9.999999999999999547e-08
5.415600921085735899e+04 -1.011702921653941273e-07 9.999999999999999547e-08
5.416518694590562518e+04 -1.468275105358649044e-07 9.999999999999999547e-08
5.417436474233464833e+04 -9.537607054077337104e-08 9.999999999999999547e-08
5.418354258309844590e+04 -3.490730822135487037e-09 9.999999999999999547e-08
5.419272044920234475e+04 3.886294031937045350e-08 9.999999999999999547e-08
5.420189832309626945e+04 -2.795798755730195070e-09 9.999999999999999547e-08
5.421107618710299721e+04 -3.131139918386346297e-08 9.999999999999999547e-08
5.422025402250762272e+04 1.125495418682744702e-07 9.999999999999999547e-08
5.422943181245171581e+04 7.392822039564577031e-08 9.999999999999999547e-08
5.423860954164282157e+04 -3.183628993001882723e-08 9.999999999999999547e-08
5.424778719599849865e+04 -1.367749055589298426e-08 9.999999999999999547e-08
5.425696476402460394e+04 2.797992367656542755e-08 9.999999999999999547e-08
5.426614223589498579e+04 1.395113400510249208e-07 9.999999999999999547e-08
5.427531960286568210e+04 9.719053691574431045e-08 9.999999999999999547e-08
5.428449685992259037e+04 2.061104353825292644e-07 9.999999999999999547e-08
5.429367400521183299e+04 2.995093226727299404e-08 9.999999999999999547e-08
5.430285103785176761e+04 1.227696906137907461e-07 9.999999999999999547e-08
5.431202796026840952e+04 1.490494925532381780e-07 9.999999999999999547e-08
5.432120477713207947e+04 3.728156943833126600e-08 9.999999999999999547e-08
5.433038149510481162e+04 9.467180265064331467e-08 9.999999999999999547e-08
5.433955812445227639e+04 2.950353472306686536e-07 9.999999999999999547e-08
5.434873467741507920e+04 2.488366403663335815e-07 9.999999999999999547e-08
5.435791116661855631e+04 4.115971134134383194e-08 9.999999999999999547e-08
5.436708760740683647e+04 4.893686514045225381e-08 9.999999999999999547e-08
5.437626401710697246e+04 1.194436806033974705e-07 9.999999999999999547e-08
5.438544041300784738e+04 1.594471106693243367e-07 9.999999999999999547e-08
5.439461681416779902e+04 -8.227876876977027178e-09 9.999999999999999547e-08
5.440379323896270216e+04 6.867356698735165503e-08 9.999999999999999547e-08
5.441296970480665914e+04 3.786380056491232198e-08 9.999999999999999547e-08
5.442214622960597626e+04 1.295639898028298657e-07 9.999999999999999547e-08
5.443132282998558367e+04 2.066787333325582690e-07 9.999999999999999547e-08
5.444049951969813264e+04 2.097567414341312758e-08 9.999999999999999547e-08
5.444967631083639571e+04 6.476813928025801888e-08 9.999999999999999547e-08
5.445885321283363737e+04 7.146514440739100905e-08 9.999999999999999547e-08
5.446803023119832505e+04 1.943680573269580318e-07 9.999999999999999547e-08
5.447720737015346822e+04 1.249517511031679673e-07 9.999999999999999547e-08
5.448638462974055437e+04 1.958096200945605107e-07 9.999999999999999547e-08
5.449556200544186140e+04 -6.037578218332946930e-08 9.999999999999999547e-08
5.450473949115510186e+04 6.990098159482848581e-08 9.999999999999999547e-08
5.451391707739889534e+04 1.581234886686254838e-07 9.999999999999999547e-08
5.452309475183427276e+04 2.083509675786334023e-07 9.999999999999999547e-08
5.453227250065291446e+04 -5.651934388225372686e-08 9.999999999999999547e-08
5.454145030775442137e+04 2.756637809474924531e-07 9.999999999999999547e-08
5.455062815466884058e+04 8.581185049427499832e-08 9.999999999999999547e-08
5.455980602404379897e+04 2.108074491254217605e-07 9.999999999999999547e-08
5.456898389789521025e+04 3.642705519310269634e-07 9.999999999999999547e-08
5.457816175730482792e+04 2.643051904537424582e-07 9.999999999999999547e-08
5.458733958516961138e+04 2.121968517961884112e-07 9.999999999999999547e-08
5.459651736446061113e+04 7.863486529797114511e-08 9.999999999999999547e-08
5.460569507954898290e+04 9.374920277709516341e-09 9.999999999999999547e-08
5.461487271795732522e+04 3.368915027453346149e-07 9.999999999999999547e-08
5.462405026787923271e+04 -6.078788594931821191e-09 9.999999999999999547e-08
5.463322771906298294e+04 -2.358987207378006673e-07 9.999999999999999547e-08
5.464240506468034437e+04 1.452232428013585291e-07 9.999999999999999547e-08
5.465158230005978112e+04 1.856320449440643615e-07 9.999999999999999547e-08
5.466075942259797012e+04 9.857386615057802318e-08 9.999999999999999547e-08
5.466993643334384979e+04 -1.601474784608896036e-07 9.999999999999999547e-08
5.467911333463210758e+04 -2.180343523084628619e-08 9.999999999999999547e-08
5.468829013086865598e+04 -5.562032650545479716e-08 9.999999999999999547e-08
5.469746683069887513e+04 4.530244962599366304e-08 9.999999999999999547e-08
5.470664344415722007e+04 -1.186085706584854402e-07 9.999999999999999547e-08
5.471581998307023605e+04 -2.175698502716801472e-07 9.999999999999999547e-08
5.472499646170826600e+04 -1.105249465187217143e-07 9.999999999999999547e-08
5.473417289527002868e+04 -1.295395644679862201e-07 9.999999999999999547e-08
5.474334930043791246e+04 -1.240132885462892929e-07 9.999999999999999547e-08
5.475252569632248196e+04 -3.499606076968666764e-10 9.999999999999999547e-08
5.476170210113270150e+04 -2.183533235070293730e-07 9.999999999999999547e-08
5.477087853244035068e+04 -2.406402134673785342e-07 9.999999999999999547e-08
5.478005500895551813e+04 -1.123678324058145473e-07 9.999999999999999547e-08
5.478923154779476317e+04 -9.302121484475506887e-08 9.999999999999999547e-08
5.479840816474581516e+04 -7.381489663092097051e-08 9.999999999999999547e-08
5.480758487425730709e+04 -1.945943993983063049e-07 9.999999999999999547e-08
5.481676168716305256e+04 -1.990415240014775798e-07 9.999999999999999547e-08
5.482593861156563798e+04 -1.432956586821365882e-07 9.999999999999999547e-08
5.483511566568473063e+04 -1.890492630762980168e-07 9.999999999999999547e-08
5.484429282912310009e+04 -2.548116830645503763e-07 9.999999999999999547e-08
5.485347011204077717e+04 -6.740108361492559669e-09 9.999999999999999547e-08
5.486264751073558728e+04 -8.445216240652769210e-08 9.999999999999999547e-08
5.487182501734031393e+04 -1.228516992664974107e-07 9.999999999999999547e-08
5.488100262197995471e+04 -1.180843051189702327e-07 9.999999999999999547e-08
5.489018031296508707e+04 -9.891843182040525010e-08 9.999999999999999547e-08
5.489935807509272854e+04 -2.220781855820971295e-07 9.999999999999999547e-08
5.490853589123862912e+04 -2.254694254852799708e-07 9.999999999999999547e-08
5.491771374438660132e+04 -1.113676059826723349e-07 9.999999999999999547e-08
5.492689161638863879e+04 -3.604173611318706452e-07 9.999999999999999547e-08
5.493606948871031636e+04 -2.341233571678446436e-07 9.999999999999999547e-08
5.494524734378840367e+04 -1.483960944525256557e-07 9.999999999999999547e-08
5.495442516342559247e+04 -1.569575550958368501e-07 9.999999999999999547e-08
5.496360293071302294e+04 -7.557958703037719868e-08 9.999999999999999547e-08
5.497278063204385398e+04 -6.541384614842683059e-08 9.999999999999999547e-08
5.498195825398917805e+04 3.976341651166308007e-08 9.999999999999999547e-08
5.499113578484346363e+04 -3.378374907061386385e-08 9.999999999999999547e-08
5.500031321580918302e+04 3.209117834112171074e-08 9.999999999999999547e-08
5.500949053983822523e+04 -2.585797472161703111e-08 9.999999999999999547e-08
5.501866775266473269e+04 -8.844592288035189313e-08 9.999999999999999547e-08
5.502784485347233567e+04 6.757582321421757272e-08 9.999999999999999547e-08
5.503702184224909433e+04 -3.828094974848712653e-08 9.999999999999999547e-08
5.504619872168383881e+04 2.173061116140096632e-08 9.999999999999999547e-08
5.505537549843749730e+04 6.715717293927149902e-08 9.999999999999999547e-08
5.506455218026819784e+04 2.499456229731181281e-07 9.999999999999999547e-08
5.507372877782707656e+04 -6.171673133948406834e-08 9.999999999999999547e-08
5.508290530406053585e+04 -7.919572269354742793e-08 9.999999999999999547e-08
5.509208177229940338e+04 8.954391733157693772e-08 9.999999999999999547e-08
5.510125819857286842e+04 1.287852205031541693e-07 9.999999999999999547e-08
5.511043460102814424e+04 2.687832446248371309e-08 9.999999999999999547e-08
5.511961099741142971e+04 8.172972748197549171e-08 9.999999999999999547e-08
5.512878740579273290e+04 8.446354771716238064e-08 9.999999999999999547e-08
5.513796384518819104e+04 1.099362525417861357e-07 9.999999999999999547e-08
5.514714033285131154e+04 1.862488229055582770e-08 9.999999999999999547e-08
5.515631688603224757e+04 7.513856090749740230e-08 9.999999999999999547e-08
5.516549352107701998e+04 1.714667083263150314e-07 9.999999999999999547e-08
5.517467025036226551e+04 1.799829754610663902e-07 9.999999999999999547e-08
5.518384708466786105e+04 1.726760961423340215e-07 9.999999999999999547e-08
5.519302403276702535e+04 -1.271834285869428240e-07 9.999999999999999547e-08
5.520220109946864250e+04 3.005437749913763564e-07 9.999999999999999547e-08
5.521137828674842604e+04 1.665104868875885038e-07 9.999999999999999547e-08
5.522055559367110254e+04 1.327025271364107902e-07 9.999999999999999547e-08
5.522973301445436664e+04 9.265929224772732865e-08 9.999999999999999547e-08
5.523891054140583583e+04 -4.566481879919293055e-08 9.999999999999999547e-08
5.524808816488098091e+04 2.775760317250058771e-08 9.999999999999999547e-08
5.525726587124793878e+04 -2.875958851032376359e-08 9.999999999999999547e-08
5.526644364541592222e+04 3.289108557958360158e-08 9.999999999999999547e-08
5.527562147083146556e+04 9.225344382303206146e-08 9.999999999999999547e-08
5.528479932919453131e+04 1.423120127390913049e-07 9.999999999999999547e-08
5.529397720271933940e+04 -3.100777204483362817e-08 9.999999999999999547e-08
5.530315507357839670e+04 1.582334654938033247e-07 9.999999999999999547e-08
5.531233292291620455e+04 -3.651230298186850814e-09 9.999999999999999547e-08
5.532151073321948934e+04 8.063323412212170965e-08 9.999999999999999547e-08
5.533068848911377427e+04 7.003907783294093696e-08 9.999999999999999547e-08
5.533986617553362157e+04 1.325656036073247869e-08 9.999999999999999547e-08
5.534904378018940042e+04 -9.682866701470482558e-09 9.999999999999999547e-08
5.535822129231970757e+04 4.018319811291038537e-08 9.999999999999999547e-08
5.536739870230503584e+04 -1.594383750439741242e-07 9.999999999999999547e-08
5.537657600437233486e+04 3.034256468384091523e-08 9.999999999999999547e-08
5.538575319540896453e+04 4.111558961559571348e-08 9.999999999999999547e-08
5.539493027370949130e+04 -2.588828235779219004e-08 9.999999999999999547e-08
5.540410724032823782e+04 6.659782139854564889e-08 9.999999999999999547e-08
5.541328409924740845e+04 8.836918382646940017e-08 9.999999999999999547e-08
5.542246085613336618e+04 -7.204071231977525202e-09 9.999999999999999547e-08
5.543163752024048154e+04 1.476792033426134223e-07 9.999999999999999547e-08
5.544081410307106125e+04 9.135933878412007760e-08 9.999999999999999547e-08
5.544999061632883968e+04 1.495154054730055507e-07 9.999999999999999547e-08
5.545916707486421365e+04 2.614707086745985976e-08 9.999999999999999547e-08
5.546834349536905211e+04 5.246293800080339562e-09 9.999999999999999547e-08
5.547751989501078788e+04 -6.638952576800674365e-08 9.999999999999999547e-08
5.548669629238558264e+04 -9.840016528746106267e-08 9.999999999999999547e-08
5.549587270602633362e+04 -1.477570737227971336e-07 9.999999999999999547e-08
5.550504915327562048e+04 1.002297705946471897e-07 9.999999999999999547e-08
5.551422565258221584e+04 1.442366964949378207e-07 9.999999999999999547e-08
5.552340222149150941e+04 1.229469483072553012e-08 9.999999999999999547e-08
5.553257887414119614e+04 -1.821633264568589522e-07 9.999999999999999547e-08
5.554175562362661003e+04 -4.457040946147300872e-08 9.999999999999999547e-08
5.555093248032443080e+04 -8.348398526662965996e-08 9.999999999999999547e-08
5.556010945148350584e+04 -5.117699779974160026e-08 9.999999999999999547e-08
5.556928654234488204e+04 -1.561962915820855425e-07 9.999999999999999547e-08
5.557846375429486943e+04 2.502128211075307510e-08 9.999999999999999547e-08
5.558764108403719729e+04 -8.351983044733190494e-08 9.999999999999999547e-08
5.559681852655477269e+04 1.999908648561775318e-08 9.999999999999999547e-08
5.560599607411997567e+04 -1.209979913501809199e-07 9.999999999999999547e-08
5.561517371505935444e+04 -2.967766245346033859e-07 9.999999999999999547e-08
5.562435143641012110e+04 -9.640352649939903390e-09 9.999999999999999547e-08
5.563352922254278383e+04 -1.081735145733518874e-07 9.999999999999999547e-08
5.564270705546352838e+04 -1.330567388515432661e-07 9.999999999999999547e-08
5.565188491842724034e+04 8.634279979049092360e-08 9.999999999999999547e-08
5.566106279340261972e+04 6.157368733510839623e-09 9.999999999999999547e-08
5.567024066121274518e+04 -9.540989124283131659e-08 9.999999999999999547e-08
5.567941850408340542e+04 -6.328385644065113605e-08 9.999999999999999547e-08
5.568859630505400128e+04 -6.635880132740480804e-08 9.999999999999999547e-08
5.569777404790627770e+04 9.361931192955858905e-08 9.999999999999999547e-08
5.570695171923111047e+04 -6.119507082763617287e-08 9.999999999999999547e-08
5.571612930661845166e+04 -8.981444394705480473e-09 9.999999999999999547e-08
5.572530679848400177e+04 -1.392004096052857377e-08 9.999999999999999547e-08
5.573448418739566841e+04 -1.882340829327694597e-07 9.999999999999999547e-08
5.574366146791401843e+04 1.235887646038176461e-10 9.999999999999999547e-08
5.575283863630667474e+04 -1.119652439871715226e-07 9.999999999999999547e-08
5.576201569230841415e+04 -2.058498191854501997e-08 9.999999999999999547e-08
5.577119263722700271e+04 1.455294121496742204e-08 9.999999999999999547e-08
5.578036947475839406e+04 1.129183095848595492e-07 9.999999999999999547e-08
5.578954621262699220e+04 5.610864028142147631e-08 9.999999999999999547e-08
5.579872286005513160e+04 -1.974089341084547304e-08 9.999999999999999547e-08
5.580789942747745226e+04 -1.130510790623978795e-07 9.999999999999999547e-08
5.581707592874545662e+04 -6.880740824770168256e-08 9.999999999999999547e-08
5.582625237853412546e+04 -5.065212193945861958e-08 9.999999999999999547e-08
