5.400000239827934274e+04 1.028992535918483553e-07 9.999999999999999547e-08
5.400917866988881724e+04 1.841967902158342892e-07 9.999999999999999547e-08
5.401835492649403750e+04 1.254582578377310068e-07 9.999999999999999547e-08
5.402753118914725928e+04 1.238082113270254850e-08 9.999999999999999547e-08
5.403670748026225192e+04 3.563208313644277735e-07 9.999999999999999547e-08
5.404588382173811988e+04 -1.262074356756154514e-07 9.999999999999999547e-08
5.405506023318571533e+04 1.144082822425751103e-08 9.999999999999999547e-08
5.406423673400835833e+04 6.954972373731043683e-09 9.999999999999999547e-08
5.407341334227649349e+04 1.560638784238988507e-07 9.999999999999999547e-08
5.408259007104410557e+04 1.740574141958094016e-07 9.999999999999999547e-08
5.409176693135071400e+04 -1.928906010307877204e-08 9.999999999999999547e-08
5.410094393119840242e+04 4.027934448379816408e-08 9.999999999999999547e-08
5.411012107347159326e+04 -2.454869318616619021e-08 9.999999999999999547e-08
5.411929835876839206e+04 7.181819806203066310e-08 9.999999999999999547e-08
5.412847578335437720e+04 2.617592883883402482e-08 9.999999999999999547e-08
5.413765333810561424e+04 1.794245948145217481e-07 9.999999999999999547e-08
5.414683101188550791e+04 -1.268225719839540521e-07 9.999999999999999547e-08
5.415600879093106778e+04 1.886122646689318027e-07 9.999999999999999547e-08
5.416518665759103169e+04 4.368899055417041746e-08 9.999999999999999547e-08
5.417436459291812935e+04 -1.061510636826803509e-08 9.999999999999999547e-08
5.418354257639624848e+04 4.190959400846298976e-08 9.999999999999999547e-08
5.419272058525828470e+04 -7.854852418162828683e-08 9.999999999999999547e-08
5.420189859844260354e+04 -4.347397165929785199e-08 9.999999999999999547e-08
5.421107659485349723e+04 2.594942550808486920e-07 9.999999999999999547e-08
5.422025455244031764e+04 8.011939682016191041e-08 9.999999999999999547e-08
5.422943245171051967e+04 1.832766106705469577e-07 9.999999999999999547e-08
5.423861027480874327e+04 5.480315080485176456e-08 9.999999999999999547e-08
5.424778800520997174e+04 6.563779038947015744e-08 9.999999999999999547e-08
5.425696562980011367e+04 -3.316609091953923511e-08 9.999999999999999547e-08
5.426614313764831604e+04 -2.237374771893443522e-08 9.999999999999999547e-08
5.427532051901797968e+04 4.116132862527094606e-08 9.999999999999999547e-08
5.428449776877772820e+04 2.556314054268779913e-08 9.999999999999999547e-08
5.429367488520796178e+04 -1.130472025903622554e-07 9.999999999999999547e-08
5.430285186785223777e+04 -9.688836494812415634e-08 9.999999999999999547e-08
5.431202872058736102e+04 4.492593760993485577e-09 9.999999999999999547e-08
5.432120544971360505e+04 5.218674688090019759e-08 9.999999999999999547e-08
5.433038206371619162e+04 -4.495535292235844335e-08 9.999999999999999547e-08
5.433955857544863829e+04 -6.271528828491840666e-08 9.999999999999999547e-08
5.434873499974529113e+04 -9.448291758991440511e-08 9.999999999999999547e-08
5.435791135229603242e+04 -6.971634230099433261e-08 9.999999999999999547e-08
5.436708765196573222e+04 -9.442627581634182637e-08 9.999999999999999547e-08
5.437626391939590394e+04 -1.441010519763054125e-08 9.999999999999999547e-08
5.438544017516267922e+04 6.369217816787864392e-08 9.999999999999999547e-08
5.439461644206217898e+04 -1.142979211396919326e-07 9.999999999999999547e-08
5.440379274197212362e+04 1.119353480016469575e-07 9.999999999999999547e-08
5.441296909540805791e+04 -5.704103270181231620e-08 9.999999999999999547e-08
5.442214552333105530e+04 -1.069951958037198171e-07 9.999999999999999547e-08
5.443132204499823274e+04 -8.278572125237396098e-08 9.999999999999999547e-08
5.444049867594976968e+04 6.035092465355776886e-08 9.999999999999999547e-08
5.444967543029402441e+04 -6.416967276852494370e-08 9.999999999999999547e-08
5.445885231842160283e+04 1.381217308822993204e-07 9.999999999999999547e-08
5.446802934611804812e+04 -6.203950035570148502e-08 9.999999999999999547e-08
5.447720651746314979e+04 1.204723665231188919e-07 9.999999999999999547e-08
5.448638383162403625e+04 1.153405124779716298e-07 9.999999999999999547e-08
5.449556128247974266e+04 4.137947932882596560e-08 9.999999999999999547e-08
5.450473886220295390e+04 -2.623043228896057968e-07 9.999999999999999547e-08
5.451391655873556738e+04 9.028375933522954357e-08 9.999999999999999547e-08
5.452309435647089413e+04 1.181637987912581242e-07 9.999999999999999547e-08
5.453227223874395713e+04 1.082854434599538843e-07 9.999999999999999547e-08
5.454145018585294019e+04 6.049803458639692013e-08 9.999999999999999547e-08
5.455062817570744664e+04 -7.678761659690460344e-09 9.999999999999999547e-08
5.455980618754676107e+04 1.620820966449979796e-08 9.999999999999999547e-08
5.456898419962025946e+04 -1.166705070487251051e-07 9.999999999999999547e-08
5.457816218952855706e+04 9.640779327213896950e-08 9.999999999999999547e-08
5.458734013732768653e+04 3.731364426205728808e-08 9.999999999999999547e-08
5.459651802314123051e+04 1.039343788142358953e-08 9.999999999999999547e-08
5.460569582866114797e+04 -1.591696778322115464e-07 9.999999999999999547e-08
5.461487353939900640e+04 -1.382693029661227514e-07 9.999999999999999547e-08
5.462405114192279871e+04 -2.323176927022461485e-08 9.999999999999999547e-08
5.463322862477778108e+04 1.131116756010836627e-08 9.999999999999999547e-08
5.464240598063526704e+04 6.118663472826181504e-08 9.999999999999999547e-08
5.465158320441625256e+04 -1.653036020735828320e-08 9.999999999999999547e-08
5.466076029370061588e+04 1.776007983499965418e-09 9.999999999999999547e-08
5.466993725056872063e+04 -1.812163543949283042e-07 9.999999999999999547e-08
5.467911407849731040e+04 5.446446880875407996e-08 9.999999999999999547e-08
5.468829078351907083e+04 -2.346626870824812273e-07 9.999999999999999547e-08
5.469746737657600170e+04 -3.547462648684940991e-08 9.999999999999999547e-08
5.470664387000610441e+04 -7.909991035071599491e-08 9.999999999999999547e-08
5.471582027836205089e+04 -2.530585742835222029e-08 9.999999999999999547e-08
5.472499661929802096e+04 -4.321559382448326321e-08 9.999999999999999547e-08
5.473417291125050542e+04 -9.384865916141387007e-09 9.999999999999999547e-08
5.474334917418892292e+04 -3.081522680366488771e-08 9.999999999999999547e-08
5.475252543101426272e+04 3.161735596180343849e-08 9.999999999999999547e-08
5.476170170319367026e+04 -2.703040540366612472e-07 9.999999999999999547e-08
5.477087801178410882e+04 -1.162267163672464747e-08 9.999999999999999547e-08
5.478005437893343333e+04 -6.190553500253296527e-08 9.999999999999999547e-08
5.478923082433368836e+04 9.822324121313063818e-09 9.999999999999999547e-08
5.479840736627881415e+04 -8.986164868660156313e-09 9.999999999999999547e-08
5.480758402142629348e+04 1.195984020762575415e-07 9.999999999999999547e-08
5.481676080203474703e+04 1.588389450099481665e-08 9.999999999999999547e-08
5.482593771715800540e+04 -2.259565307089011402e-10 9.999999999999999547e-08
5.483511478536726645e+04 -1.371689965768251897e-07 9.999999999999999547e-08
5.484429198567077401e+04 1.647772715533216365e-08 9.999999999999999547e-08
5.485346932733152062e+04 -9.613060030099395906e-08 9.999999999999999547e-08
5.486264680525490985e+04 -1.398752146475148747e-07 9.999999999999999547e-08
5.487182440936811327e+04 3.064240554763563005e-08 9.999999999999999547e-08
5.488100212704164005e+04 -1.611886252291270357e-07 9.999999999999999547e-08
5.489017994377139985e+04 1.019011018151950197e-07 9.999999999999999547e-08
5.489935784089328081e+04 -8.173934915880004982e-09 9.999999999999999547e-08
5.490853579790237563e+04 -2.441970261682081118e-08 9.999999999999999547e-08
5.491771379432891990e+04 9.031772510064274437e-08 9.999999999999999547e-08
5.492689180816915177e+04 -4.471677772918468524e-08 9.999999999999999547e-08
5.493606981738613104e+04 -4.987013913715354403e-08 9.999999999999999547e-08
5.494524780127406120e+04 -1.057362481953582108e-08 9.999999999999999547e-08
5.495442573837777309e+04 -1.166905291866198586e-08 9.999999999999999547e-08
5.496360360915321507e+04 1.924440329403664584e-07 9.999999999999999547e-08
5.497278139760492923e+04 8.360858582412018441e-08 9.999999999999999547e-08
5.498195908804568899e+04 1.224163597956645095e-07 9.999999999999999547e-08
5.499113666738201573e+04 -8.030772138957105976e-08 9.999999999999999547e-08
5.500031412593303685e+04 -2.815478960996837218e-08 9.999999999999999547e-08
5.500949145582731580e+04 5.700026836895046585e-08 9.999999999999999547e-08
5.501866865267451067e+04 6.678326652929985939e-08 9.999999999999999547e-08
5.502784571614532615e+04 5.730489376158335687e-09 9.999999999999999547e-08
5.503702264700383239e+04 -1.654065286354410153e-08 9.999999999999999547e-08
5.504619944935880631e+04 3.165009947429456752e-08 9.999999999999999547e-08
5.505537613175535080e+04 2.571057212103276642e-08 9.999999999999999547e-08
5.506455270393401588e+04 -6.252410219626684858e-08 9.999999999999999547e-08
5.507372917904797941e+04 -1.784291030998090344e-07 9.999999999999999547e-08
5.508290557315108890e+04 1.418573488853731849e-08 9.999999999999999547e-08
5.509208190263908909e+04 -1.008092022208751480e-07 9.999999999999999547e-08
5.510125818691006862e+04 -6.323540485524154837e-09 9.999999999999999547e-08
5.511043444764771266e+04 1.028202145695547730e-07 9.999999999999999547e-08
5.511961070588715666e+04 -2.011294705454937558e-07 9.999999999999999547e-08
5.512878698334502405e+04 -8.925352425028953745e-09 9.999999999999999547e-08
5.513796330258950911e+04 -8.498688082832897092e-08 9.999999999999999547e-08
5.514713968379941070e+04 -3.516655442138767133e-08 9.999999999999999547e-08
5.515631614704930689e+04 -2.082246216594517390e-08 9.999999999999999547e-08
5.516549271114951262e+04 -8.191142950440667666e-09 9.999999999999999547e-08
5.517466939030294452e+04 -2.041400724798452731e-07 9.999999999999999547e-08
5.518384619690225372e+04 2.013000115225133926e-08 9.999999999999999547e-08
5.519302314050644054e+04 -1.003931430375972054e-07 9.999999999999999547e-08
5.520220022582841193e+04 -2.689718519591938177e-07 9.999999999999999547e-08
5.521137745444069151e+04 1.091412834774047149e-08 9.999999999999999547e-08
5.522055482443446090e+04 -2.612142662704266085e-07 9.999999999999999547e-08
5.522973232823678700e+04 -2.184310768497126187e-08 9.999999999999999547e-08
5.523890995602186013e+04 1.525964490332501125e-08 9.999999999999999547e-08
5.524808769543835660e+04 9.667465182678999970e-08 9.999999999999999547e-08
5.525726552956305386e+04 1.548224018221026835e-07 9.999999999999999547e-08
5.526644344020964490e+04 1.458492641593073124e-07 9.999999999999999547e-08
5.527562140738315065e+04 4.097275858673328508e-08 9.999999999999999547e-08
5.528479940897302004e+04 6.803339539520222815e-08 9.999999999999999547e-08
5.529397742365244630e+04 -6.185006187429815453e-08 9.999999999999999547e-08
5.530315543016209267e+04 7.945867262213361465e-08 9.999999999999999547e-08
5.531233340621857496e+04 9.245859758729269101e-08 9.999999999999999547e-08
5.532151133151602698e+04 1.135310099129206943e-07 9.999999999999999547e-08
5.533068918789649615e+04 9.163527086456221438e-08 9.999999999999999547e-08
5.533986695774683176e+04 5.353687533455789854e-08 9.999999999999999547e-08
5.534904462703422178e+04 2.325591457917793020e-07 9.999999999999999547e-08
5.535822218366897141e+04 1.306735574486013846e-07 9.999999999999999547e-08
5.536739961689055781e+04 2.977155620801386770e-07 9.999999999999999547e-08
5.537657692050783226e+04 1.833400927718763380e-07 9.999999999999999547e-08
5.538575409133014909e+04 1.779859387961491666e-07 9.999999999999999547e-08
5.539493112800781091e+04 -1.059558090732220622e-07 9.999999999999999547e-08
5.540410803280584514e+04 1.777770836477119609e-07 9.999999999999999547e-08
5.541328481116074545e+04 1.432409335375515139e-07 9.999999999999999547e-08
5.542246147041884251e+04 3.109517463908296798e-07 9.999999999999999547e-08
5.543163802212174778e+04 2.763803010471653593e-07 9.999999999999999547e-08
5.544081448043780983e+04 1.783535581662526042e-07 9.999999999999999547e-08
5.544999085994547204e+04 2.521447410452985535e-07 9.999999999999999547e-08
5.545916717883977981e+04 1.312300899457820035e-07 9.999999999999999547e-08
5.546834345719328849e+04 3.087090623800750142e-07 9.999999999999999547e-08
5.547751971545566630e+04 7.969428867665394871e-08 9.999999999999999547e-08
5.548669597592069476e+04 7.179814882550203111e-08 9.999999999999999547e-08
5.549587226057769294e+04 2.459178555971489855e-07 9.999999999999999547e-08
5.550504859012254747e+04 1.382828517201752310e-09 9.999999999999999547e-08
5.551422498610671028e+04 1.101770621226373024e-07 9.999999999999999547e-08
5.552340146872015612e+04 2.260255448448925102e-08 9.999999999999999547e-08
5.553257805436947820e+04 1.224459940682661586e-07 9.999999999999999547e-08
5.554175475816779363e+04 1.845289859890732482e-08 9.999999999999999547e-08
5.555093159181980445e+04 6.341649580485164534e-08 9.999999999999999547e-08
5.556010856300737214e+04 8.912665034960649844e-08 9.999999999999999547e-08
5.556928567709479830e+04 -1.282554062186715308e-07 9.999999999999999547e-08
5.557846293484311900e+04 -1.780127222710252823e-07 9.999999999999999547e-08
5.558764033176156954e+04 1.429740106537993245e-07 9.999999999999999547e-08
5.559681786114323040e+04 -9.724316138406277182e-08 9.999999999999999547e-08
5.560599551276854618e+04 -3.522591946024274149e-08 9.999999999999999547e-08
5.561517327218868741e+04 -1.631300131730756183e-07 9.999999999999999547e-08
5.562435112338614272e+04 -1.220771964570673807e-07 9.999999999999999547e-08
5.563352904737597419e+04 -1.564954956539002454e-07 9.999999999999999547e-08
5.564270702258096571e+04 -2.370977579917757788e-07 9.999999999999999547e-08
5.565188502868629439e+04 -2.292680915451572849e-07 9.999999999999999547e-08
5.566106304401285888e+04 -1.233654081508572736e-07 9.999999999999999547e-08
5.567024104582431028e+04 -3.999032624511633131e-07 9.999999999999999547e-08
5.567941901336308365e+04 -1.168783758176111584e-07 9.999999999999999547e-08
5.568859692669061042e+04 -3.387808812105651774e-07 9.999999999999999547e-08
5.569777476672144985e+04 -7.491242895365118810e-08 9.999999999999999547e-08
5.570695251795228251e+04 -1.829625035168521647e-07 9.999999999999999547e-08
5.571613016607398458e+04 6.884578617073527757e-08 9.999999999999999547e-08
5.572530769817622058e+04 -1.988463878592097674e-07 9.999999999999999547e-08
5.573448510612453538e+04 -6.834580007923476842e-08 9.999999999999999547e-08
5.574366238379698916e+04 -1.665501770514877440e-07 9.999999999999999547e-08
5.575283952756159124e+04 -1.610171881745319979e-07 9.999999999999999547e-08
5.576201653791341960e+04 -9.423110132341827664e-08 9.999999999999999547e-08
5.577119341718882060e+04 -5.941992286275929876e-08 9.999999999999999547e-08
5.578037017055437173e+04 -2.498211107080084762e-07 9.999999999999999547e-08
5.578954680767801619e+04 -1.987398588676865545e-07 9.999999999999999547e-08
5.579872334006796882e+04 -3.693561542484184232e-08 9.999999999999999547e-08
5.580789978083366441e+04 3.990798330431050969e-08 9.999999999999999547e-08
5.581707614700499107e+04 -3.769718621045742886e-08 9.999999999999999547e-08
5.582625245642792288e+04 -1.109242886444531797e-07 9.999999999999999547e-08
