1.000000000000000000e+00 -3.769794119038182316e+02 -9.409322595864723837e+01 -2.546307517068532761e+05 -1.100007485492510156e+13 -6.327365891913290210e-06 -1.248947095097346605e-06 1.146897068322157055e-06 -9.991375407803027473e-07 -7.534811144035180632e+02 -9.154946299428200485e-01 -1.391223840534409974e+05 -2.920950378539961949e+07 -3.128867798765494701e+00 6.417685645410071693e-01 -6.990892505020708247e-01
1.000000000000000000e+00 -3.896382967546073246e+02 -7.570935139760960908e+01 -2.569673070409280772e+05 -1.120287996537735742e+13 -6.599848612651287500e-06 -1.014150082826700919e-06 1.207186428679540823e-06 -1.019080646339578266e-06 -5.927778245017610743e+02 -9.511119959585275785e-01 -1.121699524483721325e+05 -3.109997104102035984e+07 -2.401855320507089608e+00 7.679538759235572387e-01 -5.575298343226999798e-01
1.000000000000000000e+00 -3.926829468515259691e+02 -5.545436710477680720e+01 -2.593038585544663947e+05 -1.140753723053129297e+13 -6.711900119921728723e-06 -7.495827161253009204e-07 1.212723935725000437e-06 -1.033245371230311284e-06 -4.171791470131213941e+02 -9.772238197975107177e-01 -8.085589948352261854e+04 -3.272856045011612773e+07 -1.650338202238018193e+00 8.635222235712493033e-01 -3.936013747560016540e-01
1.000000000000000000e+00 -3.859850187046946530e+02 -3.380958617274057332e+01 -2.616404116080081731e+05 -1.161404711720154883e+13 -6.656864801748072670e-06 -4.611258941677211877e-07 1.162715893347974531e-06 -1.041908616403102608e-06 -2.283566192863106039e+02 -9.935409089814527528e-01 -4.530684518772313459e+04 -3.406275019127726555e+07 -8.824759316846406687e-01 9.245562009771567391e-01 -2.139824879546801395e-01
1.000000000000000000e+00 -3.695752675719381273e+02 -1.129994208662658473e+01 -2.639769719087753328e+05 -1.182241014025558203e+13 -6.430776367411963626e-06 -1.554952375145824315e-07 1.061466624488916494e-06 -1.045249701612406667e-06 -2.824438445073762338e+01 -9.999059050355783018e-01 -5.733385539731502831e+03 -3.507372590758390725e+07 -1.066823475888211969e-01 9.486384477759053357e-01 -2.603402433835745947e-02
1.000000000000000000e+00 -3.438359182385669897e+02 1.149175795538660161e+01 -2.663135450329405139e+05 -1.203262682081814844e+13 -6.035857286701638418e-06 1.595344786751421603e-07 9.189495041542746707e-07 -1.043358317916844691e-06 1.810084423944970524e+02 -9.962977120831294497e-01 3.757377267818211112e+04 -3.573706182457876951e+07 6.685783991090008538e-01 9.349678100465137476e-01 1.625665104014465123e-01
1.000000000000000000e+00 -3.093785353060675902e+02 3.399607546241931288e+01 -2.686501359740138869e+05 -1.224469764458422656e+13 -5.478626679961391131e-06 4.760917775256843279e-07 7.491521286387855014e-07 -1.036237166197134064e-06 3.970924799761529584e+02 -9.828285717044421554e-01 8.425048718587367330e+04 -3.603315333317611367e+07 1.434994995246245297e+00 8.843728121517713259e-01 3.442054711351949514e-01
1.000000000000000000e+00 -2.669710749757855410e+02 5.564119688759502935e+01 -2.709867496726710815e+05 -1.245862310822717578e+13 -4.768773884004552491e-06 7.859942174545146602e-07 5.686845859457165637e-07 -1.023801957603070360e-06 6.175630317830066360e+02 -9.597385651738296053e-01 1.338609113835954340e+05 -3.594753965644436330e+07 2.184481070891489907e+00 7.992405268236032478e-01 5.116710453218256127e-01
1.000000000000000000e+00 -2.177072535515867457e+02 7.584400808217486656e+01 -2.733233907301872969e+05 -1.267440369261269336e+13 -3.922330302670627041e-06 1.080619766255987117e-06 3.960553478404929231e-07 -1.005878664459873327e-06 8.398939121650982997e+02 -9.273876988616851502e-01 1.859063031985328125e+05 -3.547110767746435106e+07 2.909338364843248037e+00 6.833678409087606820e-01 6.584839204225715337e-01
1.000000000000000000e+00 -1.628517168193992291e+02 9.408464158371616293e+01 -2.756600624705028604e+05 -1.289203977372327148e+13 -2.959106908696982582e-06 1.351971126540551873e-06 2.489543106841102163e-07 -9.821934073937284490e-07 1.061552888313201265e+03 -8.862383702833857013e-01 2.398401968351155228e+05 -3.459988241943873465e+07 3.602473400421829730e+00 5.417217139914616286e-01 7.791856422823307815e-01
1.000000000000000000e+00 -1.037529820407624328e+02 1.098888454407796615e+02 -2.779967677046101890e+05 -1.311153168969843555e+13 -1.901230613458081862e-06 1.592458738862989812e-06 1.422631240351070618e-07 -9.523622049768485687e-07 1.280015790688584730e+03 -8.368435084599592511e-01 2.950715145656323293e+05 -3.333496076599384844e+07 4.257384265945955093e+00 3.801810396511152712e-01 8.695142659807157948e-01
1.000000000000000000e+00 -4.198948569222434912e+01 1.228190581984057417e+02 -2.803335084700837615e+05 -1.333287971402516992e+13 -7.759076467628052102e-07 1.794798123640170374e-06 8.697610385664760549e-08 -9.158738466640513676e-07 1.492811179907160522e+03 -7.798302056284331929e-01 3.509752497957351734e+05 -3.168220530980516598e+07 4.868248605720850719e+00 2.052395662387708763e-01 9.265362395555470920e-01
1.000000000000000000e+00 2.081256038225235017e+01 1.325463366032547867e+02 -2.826702855013838271e+05 -1.355608400166653711e+13 3.877931494054654553e-07 1.953092076423181936e-06 8.871554800473936106e-08 -8.720628180697209692e-07 1.697565740299397930e+03 -7.158781425408687893e-01 4.069045523346777190e+05 -2.965164469642318785e+07 5.430003845891909542e+00 2.368980603241840899e-02 9.486998877175035760e-01
1.000000000000000000e+00 8.307147024116765976e+01 1.388246077458600780e+02 -2.850070989508040366e+05 -1.378114465361652539e+13 1.560637502071212199e-06 2.062514280440744566e-06 1.472426182395315283e-07 -8.200812969631932572e-07 1.892004580865295793e+03 -6.457105358594983358e-01 4.621930513332858100e+05 -2.725730032026020437e+07 5.938276798019657576e+00 -1.576431738187792364e-01 9.358105121865543108e-01
1.000000000000000000e+00 1.431166722276118151e+02 1.414760807419336004e+02 -2.873439478674498969e+05 -1.400806166379232227e+13 2.710733032568030156e-06 2.119141254203510788e-06 2.563391564262702705e-07 -7.588522620549744454e-07 2.073982951033020527e+03 -5.700745946897181060e-01 5.161650017946320586e+05 -2.451651848868608475e+07 6.389417867987234878e+00 -3.321768541560916610e-01 8.889607548362075118e-01
1.000000000000000000e+00 1.993803329584345931e+02 1.404547091853457346e+02 -2.896808299280918436e+05 -1.423683488820517383e+13 3.807119749094942126e-06 2.120952256843718641e-06 4.045698758628907264e-07 -6.870053822789024186e-07 2.241499004465555572e+03 -4.897240157285872586e-01 5.681415010218999814e+05 -2.144929904671608657e+07 6.780474209478027703e+00 -4.938011182363201135e-01 8.104030742846741742e-01
1.000000000000000000e+00 2.504773101489251985e+02 1.358080567466066952e+02 -2.920177422970179468e+05 -1.446746412471882031e+13 4.821388127088499628e-06 2.067329041553879806e-06 5.768500793009494322e-07 -6.028043540982907516e-07 2.392675308271542690e+03 -4.054192663228078919e-01 6.174389966090209782e+05 -1.807833414053748548e+07 7.109072810940844533e+00 -6.370327050708975980e-01 7.034074359551899525e-01
1.000000000000000000e+00 2.950676937328007625e+02 1.276549679201715009e+02 -2.943546814697560039e+05 -1.469994909540849609e+13 5.725152690766037917e-06 1.958770252046044999e-06 7.554242466408600135e-07 -5.040363699563472768e-07 2.525764823200042883e+03 -3.179182403454960393e-01 6.633737096992173465e+05 -1.442861115715665743e+07 7.373387309064726836e+00 -7.571618361701240030e-01 5.721002038454515715e-01
1.000000000000000000e+00 3.320381995213759865e+02 1.162388634162125385e+02 -2.966916429517616052e+05 -1.493428941156189844e+13 6.493634317180332299e-06 1.797759117218900417e-06 9.220652432280440861e-07 -3.878529801170339393e-07 2.639152195455720630e+03 -2.279654121501814013e-01 7.052649695287507493e+05 -1.052690186243814044e+07 7.572094774112519744e+00 -8.503603780957573743e-01 4.212836548726914820e-01
1.000000000000000000e+00 3.605544936351887486e+02 1.018778835660775286e+02 -2.990286219184890506e+05 -1.517048463672759961e+13 7.106866154365385796e-06 1.588062188041943738e-06 1.060242425359825398e-06 -2.505656325035828291e-07 2.731338847769567110e+03 -1.362979076598681838e-01 7.424341854677540250e+05 -6.401994639545310289e+06 7.704291115335824003e+00 -9.137364121205717726e-01 2.562780926427716821e-01
1.000000000000000000e+00 3.799077842868317703e+02 8.493756353759722799e+01 -3.013656131459167809e+05 -1.540853427830195117e+13 7.546861032189099047e-06 1.334345596953101265e-06 1.156073887628524354e-06 -8.734024179644491096e-08 2.800942808851010341e+03 -4.364282490164602540e-02 7.742074798794549424e+05 -2.084537505594955292e+06 7.769455825077287159e+00 -9.453805264756469651e-01 8.275477551033975920e-02
1.000000000000000000e+00 3.896767630459735869e+02 6.587712766536425590e+01 -3.037026108368574060e+05 -1.564843776804603906e+13 7.800950080167406436e-06 1.042936848809692395e-06 1.200457201349177741e-06 1.082537493097291517e-07 2.846696434409830545e+03 4.928611246893260106e-02 7.999177237448742380e+05 2.393164015696269926e+06 7.767414426580343090e+00 -9.443851735332993158e-01 -9.343092542176160975e-02
1.000000000000000000e+00 3.897479296796927315e+02 4.519234431686579967e+01 -3.060396096283793449e+05 -1.589019456442769531e+13 7.862414225844858328e-06 7.209702452148162560e-07 1.189809814535615830e-06 3.448676991733091960e-07 2.867447780178519224e+03 1.417718909447178155e-01 8.189075597004556330e+05 6.996377474028946832e+06 7.698314280410269106e+00 -9.108473875067186754e-01 -2.663639082015838433e-01
1.000000000000000000e+00 3.801448141835728620e+02 2.338816256018373352e+01 -3.083766041488825576e+05 -1.613380410799691992e+13 7.727249878155844942e-06 3.759692768443888464e-07 1.125217330794357043e-06 6.343720747262688541e-07 2.862173546104885190e+03 2.331006490145823007e-01 8.305358130610394292e+05 1.168825348432288691e+07 7.562633336332409861e+00 -8.458665382651553433e-01 -4.302353954163997130e-01
1.000000000000000000e+00 3.611740001118493524e+02 1.023019602530794048e+00 -3.107135887836068869e+05 -1.637926579662909570e+13 7.397265229578205298e-06 1.656986744896977673e-08 1.013309586878356589e-06 9.934168694897404564e-07 2.829985833227347484e+03 3.225647544338444139e-01 8.341824366714193020e+05 1.642999495773840137e+07 7.361171962926088774e+00 -7.515133922958837642e-01 -5.795000589570798999e-01
1.000000000000000000e+00 3.334186615905983331e+02 -2.135088693073507571e+01 -3.130505585691608139e+05 -1.662657907958053320e+13 6.880164961927384244e-06 -3.484217319920071079e-07 8.656743826161144637e-07 1.445862020816564616e-06 2.770157241606998468e+03 4.094486525184566905e-01 8.292591387778067729e+05 2.118014988667465001e+07 7.095092450432038511e+00 -6.308008108155220839e-01 -7.090014353379980871e-01
1.000000000000000000e+00 2.975563019369318454e+02 -4.321117716068005166e+01 -3.153875089590350981e+05 -1.687574343497744727e+13 6.185974222041989567e-06 -7.104203905474931557e-07 6.967286550488711647e-07 2.026886708831085947e-06 2.682144555039385068e+03 4.930339551772489060e-01 8.152202658557342365e+05 2.589484734287884086e+07 6.765951430409078426e+00 -4.876272039459600971e-01 -8.141329187019974434e-01
1.000000000000000000e+00 2.544981049117145631e+02 -6.401931270707343913e+01 -3.177244357454591081e+05 -1.712675836304456250e+13 5.330029763843806040e-06 -1.060318786226460397e-06 5.229901733658302928e-07 2.790103489193786349e-06 2.565612549419148763e+03 5.726029594830183145e-01 7.915743763348690700e+05 3.052797396672032773e+07 6.375729705033437611e+00 -3.266933594586026723e-01 -8.909905439080458844e-01
1.000000000000000000e+00 2.053635459436250130e+02 -8.328012453166304851e+01 -3.200613355891917017e+05 -1.737962344498468750e+13 4.332624308992720402e-06 -1.389470756176528869e-06 3.613246449141573108e-07 3.820373620233224069e-06 2.420477172913662343e+03 6.474354900328402884e-01 7.579025382100151619e+05 3.503100610087106377e+07 5.926906868534549844e+00 -1.534094825061000089e-01 -9.365138718837091591e-01
1.000000000000000000e+00 1.512938396748069465e+02 -1.005600803966015349e+02 -3.223982057069078437e+05 -1.763433831222427734e+13 3.215202459389337282e-06 -1.690024729829661086e-06 2.269589389134295581e-07 5.258541002825414130e-06 2.246931102446540081e+03 7.168196117686524982e-01 7.138722110994836548e+05 3.935358827570860088e+07 5.422486973060625104e+00 2.624989441658332964e-02 -9.486325135172273271e-01
1.000000000000000000e+00 9.359216982542039887e+01 -1.154382597472072263e+02 -3.247350436193742789e+05 -1.789090262086978125e+13 2.003379097418701134e-06 -1.954131387679902432e-06 1.327800502631011103e-07 7.352386043717594866e-06 2.045462844125345782e+03 7.800615391732287351e-01 6.592497512079448206e+05 4.344411787461047620e+07 4.866006642212751920e+00 2.059244688119532540e-01 -9.263842706506205671e-01
1.000000000000000000e+00 3.368481543628716679e+01 -1.275647802440220318e+02 -3.270718480199915939e+05 -1.814931614930489844e+13 7.262260134255867826e-07 -2.174947517346207376e-06 8.785822722857240450e-08 1.057029215504744217e-05 1.816918261299718779e+03 8.364851058237845471e-01 5.939273151463961694e+05 4.724978753181752563e+07 4.261641987617197813e+00 3.790427710098001057e-01 -8.700110818920854250e-01
1.000000000000000000e+00 -2.706434212643175741e+01 -1.366736067938888652e+02 -3.294086184708940564e+05 -1.840957876887174609e+13 -5.876610365357851937e-07 -2.346899242501595476e-06 9.642275719149331223e-08 1.588543852926742512e-05 1.562520766211404407e+03 8.854478334468839362e-01 5.179377488967998652e+05 5.071757554241148382e+07 3.614211080630122197e+00 5.390634269530208966e-01 -7.810270979274220871e-01
1.000000000000000000e+00 -8.720956973185886341e+01 -1.425305248367663182e+02 -3.317453548558609327e+05 -1.867169038573130469e+13 -1.907056055111900955e-06 -2.464833378358321460e-06 1.577426392984461554e-07 2.559591167626779838e-05 1.283865941428786300e+03 9.263576600583187659e-01 4.314614385171887116e+05 5.379535085066661239e+07 2.929117887528664532e+00 6.797437706020145187e-01 -6.622243678757578911e-01
1.000000000000000000e+00 -1.452733373132237773e+02 -1.449903790079880537e+02 -3.340820581620421144e+05 -1.893565103075441797e+13 -3.199142095169185852e-06 -2.525033644953222116e-06 2.660481342406588264e-07 4.620771791797632856e-05 9.829704211592802494e+02 9.586796827146845112e-01 3.348515000190809369e+05 5.643247018880318105e+07 2.212422835803160570e+00 7.953849996552481150e-01 -5.176440963727121369e-01
1.000000000000000000e+00 -1.999271330999335703e+02 -1.440042144919634950e+02 -3.364187299936743802e+05 -1.920146080838563281e+13 -4.433496497547760418e-06 -2.525400145528951315e-06 4.112596449509765130e-07 1.020107956842633578e-04 6.622537113777644890e+02 9.819540326933092755e-01 2.286371574834889616e+05 5.858107101948218048e+07 1.470758854353310330e+00 8.811115492936554272e-01 -3.524700653854586641e-01
1.000000000000000000e+00 -2.498430512427391079e+02 -1.395645112320916041e+02 -3.387553725113559631e+05 -1.946911989210932812e+13 -5.578891704785663336e-06 -2.464540857046984656e-06 5.795400117090830442e-07 3.313008327530047128e-04 3.245266529261886035e+02 9.958087930584343939e-01 1.135289458151466824e+05 6.019714989037798345e+07 7.112685698454012106e-01 9.331192246384859557e-01 -1.728618610536941935e-01
1.000000000000000000e+00 -2.937537891222390272e+02 -1.317610106660483780e+02 -3.410919889879772672e+05 -1.973862859099729688e+13 -6.604644724998938430e-06 -2.342789498064084033e-06 7.545911832742546958e-07 9.837006745640702963e-04 -2.699567316748578349e+01 9.999718029511931450e-01 -9.567741666791427633e+03 6.124163422120453417e+07 -5.840074194341726005e-02 9.488885990302230455e-01 1.425265353205728419e-02
1.000000000000000000e+00 -3.306252082750173713e+02 -1.207811254585999450e+02 -3.434285832008091384e+05 -2.000998728327756250e+13 -7.484570189558610237e-06 -2.162272086770329662e-06 9.198748587826897150e-07 2.662776281968425116e-04 -3.887585257792482594e+02 9.942846937917365624e-01 -1.395665698793123593e+05 6.168164825969048589e+07 -8.302672935352440886e-01 9.273624284256846151e-01 2.014736681356133763e-01
1.000000000000000000e+00 -3.595031937299755214e+02 -1.068520705251485623e+02 -3.457651591449684929e+05 -2.028319638471630469e+13 -8.193669587812726319e-06 -1.925923371359422578e-06 1.059317066853644288e-06 8.757395523355368441e-05 -7.569290761175793705e+02 9.787105479035717037e-01 -2.752148609652066370e+05 6.149144516374030709e+07 -1.596165712683903060e+00 8.690414928403914496e-01 3.812605374736487418e-01
1.000000000000000000e+00 -3.795804795249161998e+02 -9.029437607042719094e+01 -3.481017216240221169e+05 -2.055825641924117188e+13 -8.709726259550102458e-06 -1.638482111450057695e-06 1.158825474864638210e-06 4.091912551182686934e-05 -1.127417332461524666e+03 9.533409719052449161e-01 -4.150949230222178739e+05 6.065333853990918398e+07 -2.347802036062308861e+00 7.760108290129923425e-01 5.462599272076095192e-01
1.000000000000000000e+00 -3.903556558978089015e+02 -7.151377183264779092e+01 -3.504382758939199848e+05 -2.083516797980628906e+13 -9.017091478651817509e-06 -1.306399637313219184e-06 1.208521852521169016e-06 2.296346118731893877e-05 -1.495962541309068456e+03 9.184001302114103149e-01 -5.576503618559574243e+05 5.915847145768362284e+07 -3.076939320644909159e+00 6.518818026779185093e-01 6.896686387396637752e-01
1.000000000000000000e+00 -3.914713843629100438e+02 -5.093930230965700190e+01 -3.527748271939656115e+05 -2.111393167404151562e+13 -9.103157855692737898e-06 -9.367536884103822797e-07 1.202956949475136743e-06 1.430973150588621395e-05 -1.858233223102613920e+03 8.742417288744619430e-01 -7.012199137304055039e+05 5.700714491555547714e+07 -3.775597432806986120e+00 5.016364369281957059e-01 8.055765650606746542e-01
1.000000000000000000e+00 -3.827811509042315379e+02 -2.907355520264071203e+01 -3.551113813287387602e+05 -2.139454819430513672e+13 -8.960032808798550666e-06 -5.381924056014313695e-07 1.142114435596494996e-06 9.509861633080622553e-06 -2.209872972400147773e+03 8.213487193201328695e-01 -8.440533185961296549e+05 5.420931180021602660e+07 -4.436129555447823059e+00 3.314153143004233137e-01 8.892449648895750514e-01
1.000000000000000000e+00 -3.644870979019746073e+02 -6.474923275202782769e+00 -3.574479438689656090e+05 -2.167701822300004297e+13 -8.587948420315550546e-06 -1.206485929775528492e-07 1.032074370889647201e-06 6.581193532092226243e-06 -2.546624616304944084e+03 7.603204655777031640e-01 -9.843587368450961076e+05 5.078423166827580333e+07 -5.051448705358133395e+00 1.482088439212247699e-01 9.373509789951611770e-01
1.000000000000000000e+00 -3.369614988940110152e+02 1.630863697437398230e+01 -3.597845200385244680e+05 -2.196134241785240234e+13 -7.991296036137735667e-06 3.058686531971004998e-07 8.832888249295582945e-07 4.667084207498153371e-06 -2.864409714651961622e+03 6.918590136270270641e-01 -1.120336116818399401e+06 4.676000406995926052e+07 -5.615150763240383647e+00 -4.048625168323997936e-02 9.481316278711746648e-01
1.000000000000000000e+00 -3.008038294126277492e+02 3.869247057644187038e+01 -3.621211151747317053e+05 -2.224752146709379297e+13 -7.180119531865289784e-06 7.303905436714358459e-07 7.101632025252643173e-07 3.349648601503778022e-06 -3.159377212069970028e+03 6.167600828298411830e-01 -1.250200546341923997e+06 4.217335962217228860e+07 -6.121569160547291943e+00 -2.270130430446987424e-01 9.214433242136742530e-01
1.000000000000000000e+00 -2.569502154770835318e+02 6.008116902935725534e+01 -3.644577341810339713e+05 -2.253555602222768750e+13 -6.172919613392552028e-06 1.141459158061921147e-06 5.303645918053801254e-07 2.405602776781986117e-06 -3.427993131061127315e+03 5.358917287572221300e-01 -1.372223366469914792e+06 3.706855522295247018e+07 -6.565904441911709633e+00 -4.039306082036346335e-01 8.587390676520849642e-01
1.000000000000000000e+00 -2.064703670256788257e+02 7.993697838701289982e+01 -3.667943810144287418e+05 -2.282544663251468750e+13 -4.992003350451335890e-06 1.528428874342846724e-06 3.621148729491298477e-07 1.706939158559034625e-06 -3.667106279228662061e+03 4.501692977826113329e-01 -1.484766040864977520e+06 3.149590845317980647e+07 -6.944299603832462253e+00 -5.643631579189252179e-01 7.629462298516792584e-01
1.000000000000000000e+00 -1.506087481225322051e+02 9.773283730503965216e+01 -3.691310592673278297e+05 -2.311719381410045312e+13 -3.664588816791133974e-06 1.880597816991923608e-06 2.225579898650677742e-07 1.176120298908932839e-06 -3.873959676139445037e+03 3.605447483352849924e-01 -1.586293614618683001e+06 2.551122965738639608e+07 -7.253808695725934008e+00 -7.022709790274698216e-01 6.382853568603229499e-01
1.000000000000000000e+00 -9.086489116310522718e+01 1.129814735262253578e+02 -3.714677715854945127e+05 -2.341079797520468359e+13 -2.224906247775668701e-06 2.187777777845780400e-06 1.261420596947444647e-07 7.639492394976437156e-07 -4.046230464409139131e+03 2.679811786407210183e-01 -1.675400274619266391e+06 1.917414457829260081e+07 -7.492420285281879089e+00 -8.126934615519222360e-01 4.900225131794241906e-01
1.000000000000000000e+00 -2.876629885756120331e+01 1.253006077633901469e+02 -3.738045194421011256e+05 -2.370625938371054297e+13 -7.087988435586990468e-07 2.441588985070837165e-06 8.270361620290790119e-08 4.380026022820190840e-07 -4.182033737702168764e+03 1.734324990886696727e-01 -1.750820904781751335e+06 1.254666815771838091e+07 -7.659013284806888144e+00 -8.919062807530024894e-01 3.241849986206973289e-01
1.000000000000000000e+00 3.410151594772473516e+01 1.343607965539319196e+02 -3.761413038759852643e+05 -2.400357825674031641e+13 8.455108315555130082e-07 2.634501360555538201e-06 9.674073725340082963e-08 1.762540579480805694e-07 -4.279900818226973570e+03 7.784065840735457376e-02 -1.811431941683802521e+06 5.692965547325124033e+06 -7.753269324317612288e+00 -9.374953935201009170e-01 1.472926176405126297e-01
1.000000000000000000e+00 9.603365588618801496e+01 1.399109201287461417e+02 -3.784781246750723803e+05 -2.430275465406585938e+13 2.395844955621624476e-06 2.760369547053231824e-06 1.667449364695894623e-07 -3.670396279129982387e-08 -4.338774579373884990e+03 -1.788882987031329905e-02 -1.856258913476594724e+06 -1.322504434714762261e+06 -7.775621357815044377e+00 -9.483882657088054113e-01 -3.394741012378534734e-02
1.000000000000000000e+00 1.554438395241056128e+02 1.418341233513823738e+02 -3.808149802807812230e+05 -2.460378846079683594e+13 3.901952725869515327e-06 2.815591104519950019e-06 2.853988542502260527e-07 -2.119032716339656660e-07 -4.357970802154752164e+03 -1.128977375450995052e-01 -1.884469169261410832e+06 -8.435944179310109466e+06 -7.727145285653030271e+00 -9.248040374232381344e-01 -2.129089539202792258e-01
1.000000000000000000e+00 2.108289599671754786e+02 1.400856442011608181e+02 -3.831518687000411446e+05 -2.490667950061307031e+13 5.324706554658301175e-06 2.797946533888198809e-06 4.405260295523086103e-07 -3.573806473569016791e-07 -4.337144391948014345e+03 -2.063665360346699229e-01 -1.895365678989724023e+06 -1.558375614892524667e+07 -7.609466889817687374e+00 -8.681656091941238884e-01 -3.832508400667148929e-01
1.000000000000000000e+00 2.607095476588560246e+02 1.347107076294018100e+02 -3.854887868624952971e+05 -2.521142744996236719e+13 6.624653235164812442e-06 2.707002761878810490e-06 6.160536190380312628e-07 -4.791102404589606505e-07 -4.276255786927766167e+03 -2.975282704868793537e-01 -1.888379976128851064e+06 -2.270375479185039550e+07 -7.424674952810749851e+00 -7.809796251278938728e-01 -5.391322264898030792e-01
1.000000000000000000e+00 3.038593529167728207e+02 1.258885728583566816e+02 -3.878257307942104526e+05 -2.551803185664844922e+13 7.767901188974805601e-06 2.545058452916079735e-06 7.941902009661352863e-07 -5.815970012146151667e-07 -4.175533312982563075e+03 -3.856668599965620281e-01 -1.863062375127613544e+06 -2.973524371896301582e+07 -7.175232739477040766e+00 -6.666904570315979051e-01 -6.753640263689505430e-01
1.000000000000000000e+00 3.392461514828844429e+02 1.138594668473041338e+02 -3.901626962517807260e+05 -2.582649222019603125e+13 8.724793117549315484e-06 2.315739594759468764e-06 9.569968041071862558e-07 -6.682733619701816419e-07 -4.035459297497528041e+03 -4.701069613274952985e-01 -1.819081867138917092e+06 -3.661842778418531269e+07 -6.863935279955787117e+00 -5.295385164998577254e-01 -7.875161549193420152e-01
1.000000000000000000e+00 3.659610146145282670e+02 9.893645748738384782e+01 -3.924996782185325865e+05 -2.613680792368605469e+13 9.468225491725270766e-06 2.024279572922734242e-06 1.087838413569012904e-06 -7.417908670182569966e-07 -3.856736431259854271e+03 -5.502200776901503554e-01 -1.756216630360707641e+06 -4.329505514156040549e+07 -6.493836012601177821e+00 -3.743937120853917389e-01 -8.720218369813207415e-01
1.000000000000000000e+00 3.834262938032751435e+02 8.153990662927905930e+01 -3.948366710695808870e+05 -2.644897825280267969e+13 9.979156594413352062e-06 1.678272672959400190e-06 1.174150202272743028e-06 -8.042134474077157455e-07 -3.640269490033492275e+03 -6.254190343231890159e-01 -1.674350685335188638e+06 -4.970816385704693943e+07 -6.068203399060465131e+00 -2.065983100158344798e-01 -9.262342442522322195e-01
1.000000000000000000e+00 3.913040694412861171e+02 6.211679299162941703e+01 -3.971736695186247816e+05 -2.676300252101867578e+13 1.024446488579448929e-05 1.286069108605678553e-06 1.208014620884793894e-06 -8.571493316925909196e-07 -3.387199026265989687e+03 -6.951431606896062432e-01 -1.573494194764916552e+06 -5.580105648095639795e+07 -5.590565869285409661e+00 -3.184067565438631481e-02 -9.484613378553309326e-01
1.000000000000000000e+00 3.894122070708687033e+02 4.115180982226441841e+01 -3.995106680272985250e+05 -2.707887999086920312e+13 1.025492306229381018e-05 8.570223584262857531e-07 1.186136738335096641e-06 -9.018620682991625488e-07 -3.098881925870833584e+03 -7.588650793125401028e-01 -1.453779751719267573e+06 -6.151795544434083998e+07 -5.064667331933170757e+00 1.440123834335738096e-01 -9.380048894093155898e-01
1.000000000000000000e+00 3.779096099742388333e+02 1.919700148522918681e+01 -4.018476608920450089e+05 -2.739660988479775000e+13 1.001022513065673577e-05 4.021329638871731139e-07 1.111198722114786802e-06 -9.393435629533312376e-07 -2.776897782875261328e+03 -8.160878919652335695e-01 -1.315470368273813743e+06 -6.680390482474576682e+07 -4.494467038942482340e+00 3.150655063853577964e-01 -8.951684014361128705e-01
1.000000000000000000e+00 3.571755972336477498e+02 -3.211912127868949529e+00 -4.041846430345285917e+05 -2.771619149290341016e+13 9.516035476309727309e-06 -6.767344656582218085e-08 9.910013175372896541e-07 -9.703643322734047185e-07 -2.423109225529637115e+03 -8.663375033237354916e-01 -1.158993448024159996e+06 -7.160425707037961483e+07 -3.884225932826455452e+00 4.755240106950792689e-01 -8.212610161218875104e-01
1.000000000000000000e+00 3.277189060918824453e+02 -2.554033247746985680e+01 -4.065216093936128891e+05 -2.803762409154984375e+13 8.781720230067244288e-06 -5.412339295587223558e-07 8.373251745280066279e-07 -9.955190992648434565e-07 -2.039644624256080078e+03 -9.091710434637898519e-01 -9.849389285644378979e+05 -7.586546622518667579e+07 -3.238464864102197804e+00 6.198687481608403660e-01 -7.185787900488962432e-01
1.000000000000000000e+00 2.903469748008992042e+02 -4.722608765584263324e+01 -4.088585553075197386e+05 -2.836090699645142969e+13 7.825009247286401979e-06 -1.006537338791268259e-06 6.655876338128784178e-07 -1.015254349148574597e-06 -1.628939400320998857e+03 -9.441762147738449462e-01 -7.940855199665336404e+05 -7.953515698620125651e+07 -2.562017319838729268e+00 7.430042333423760859e-01 -5.903706063105236268e-01
1.000000000000000000e+00 2.460251763339261117e+02 -6.776271964306015150e+01 -4.111954770870574284e+05 -2.868603964423663672e+13 6.668410783394807366e-06 -1.452492801257450901e-06 4.924801149919708890e-07 -1.029889130152350138e-06 -1.193799692483257559e+03 -9.709738750673329033e-01 -5.874390803195374319e+05 -8.256246592487023771e+07 -1.860114046030082680e+00 8.404120731545131617e-01 -4.407950679871468491e-01
1.000000000000000000e+00 1.957860507919275221e+02 -8.667787166444595925e+01 -4.135323713120312314e+05 -2.901302149757817969e+13 5.336858920878695620e-06 -1.868497763232643337e-06 3.342948746952789045e-07 -1.039633459430132966e-06 -7.373678715084889745e+02 -9.892296931294862761e-01 -3.662239896834279643e+05 -8.489917321192850173e+07 -1.138311474974483595e+00 9.083319196187517042e-01 -2.748197037566151302e-01
1.000000000000000000e+00 1.408901721811976984e+02 -1.035039519242416901e+02 -4.158692350657209754e+05 -2.934185207934713281e+13 3.862175084266816953e-06 -2.243822803078293202e-06 2.062498112395365102e-07 -1.044597198353566716e-06 -2.631478292573966087e+02 -9.986596532448568375e-01 -1.319035398208864208e+05 -8.650035728307443857e+07 -4.025155058873949310e-01 9.439111284915316924e-01 -9.810468075728492887e-02
1.000000000000000000e+00 8.267318973676198368e+01 -1.178593200224662638e+02 -4.182060664820178063e+05 -2.967253105225023047e+13 2.279027086472045014e-06 -2.569384448433983932e-06 1.205624251192192498e-07 -1.044795599464129753e-06 2.249475618896464937e+02 -9.990384262210201261e-01 1.137877674913544033e+05 -8.732532634649594128e+07 3.409623975567472876e-01 9.453472898324606355e-01 8.313392561726731800e-02
1.000000000000000000e+00 2.245962100411056284e+01 -1.294201339133887529e+02 -4.205428642676597228e+05 -3.000505815481988281e+13 6.225971898460332867e-07 -2.837180359687795548e-06 8.527587196736357005e-08 -1.040152115011045365e-06 7.226418291932257034e+02 -9.902108583845050660e-01 3.688580063383454690e+05 -8.733886434776590765e+07 1.085491583893516410e+00 9.120181208465188982e-01 2.623274601240871418e-01
1.000000000000000000e+00 -3.828012759665084275e+01 -1.378904121771970210e+02 -4.228796278064055368e+05 -3.033943321863337891e+13 -1.067049593290692730e-06 -3.039664594697568886e-06 1.037353560196311563e-07 -1.030496117668283074e-06 1.225306449438354093e+03 -9.721012733353076030e-01 6.310554382935361937e+05 -8.651233709220422804e+07 1.824153611046512191e+00 8.445698526089722158e-01 4.327753623498766244e-01
1.000000000000000000e+00 -9.809047098095676631e+01 -1.430802719562492200e+02 -4.252163576279813424e+05 -3.067565623865781641e+13 -2.749357703755688361e-06 -3.171498801449884433e-06 1.741724268271059045e-07 -1.015558231269952429e-06 1.727955649974044036e+03 -9.447252490021931237e-01 8.978577417550917016e+05 -8.482506494457647204e+07 2.549747259218602569e+00 7.449725893365493068e-01 5.878848462374471895e-01
1.000000000000000000e+00 -1.556105825750175313e+02 -1.448717394296932355e+02 -4.275530546176717035e+05 -3.101372726312433203e+13 -4.385545352265864120e-06 -3.228854832212457637e-06 2.900624375906760871e-07 -9.949591507538839373e-07 2.225359243868252634e+03 -9.081962021967363574e-01 1.166522968831178499e+06 -8.226528074518084526e+07 3.254965932910572235e+00 6.165061855530061807e-01 7.214657826804530272e-01
1.000000000000000000e+00 -2.094193809579241474e+02 -1.431885336783709590e+02 -4.298897203115777811e+05 -3.135364643800638672e+13 -5.934284947375299768e-06 -3.208781414917523676e-06 4.403150494373555641e-07 -9.681945122650968529e-07 2.712078707371606015e+03 -8.627325061645423343e-01 1.434103021744875237e+06 -7.883116807428899407e+07 3.932454526866452138e+00 4.636932789584368164e-01 8.279983674851065789e-01
1.000000000000000000e+00 -2.582020695655222084e+02 -1.380705966922225514e+02 -4.322263574958625832e+05 -3.169541409748574219e+13 -7.356401601354834569e-06 -3.110908806323590420e-06 6.104858898598330700e-07 -9.346173666776618419e-07 3.182498471925069680e+03 -8.086683650696497860e-01 1.697455573506224202e+06 -7.453227965919974446e+07 4.574856469270264014e+00 2.921853702631854732e-01 9.028955997338627970e-01
1.000000000000000000e+00 -3.008221263726759389e+02 -1.296336890580117540e+02 -4.345629693121546879e+05 -3.203903063699596094e+13 -8.617017141298364036e-06 -2.936604280834063429e-06 7.844965533639912929e-07 -8.934069251737044545e-07 3.630984795889260113e+03 -7.464510487425524143e-01 1.953325474947848124e+06 -6.938973907191082835e+07 5.175040212081576385e+00 1.085445443619435096e-01 9.427676477315241055e-01
1.000000000000000000e+00 -3.361668352996713907e+02 -1.180385284376508253e+02 -4.368995594660022762e+05 -3.238449654553401562e+13 -9.681238892721970860e-06 -2.688315431745477003e-06 9.454010243614664306e-07 -8.435312621328469092e-07 4.051966072132281624e+03 -6.766416895364913975e-01 2.198387913645809516e+06 -6.343676354712095857e+07 5.726203194985974854e+00 -8.001176734112278033e-02 9.456166633008741274e-01
1.000000000000000000e+00 -3.633176757974913471e+02 -1.035606568496301776e+02 -4.392361324526913231e+05 -3.273181244155132812e+13 -1.051911130444044372e-05 -2.371197272985283238e-06 1.077418402264843375e-06 -7.836994247489762160e-07 4.440025256769426051e+03 -5.999151529170533292e-01 2.429300415707517881e+06 -5.671910296998654306e+07 6.221987564463515419e+00 -2.659120172647291835e-01 9.109794492769193175e-01
1.000000000000000000e+00 -3.816100094667072540e+02 -8.654256993380852236e+01 -4.415726929667102522e+05 -3.308097898760282422e+13 -1.110750277706307449e-05 -1.992080241470064490e-06 1.167627403707713216e-06 -7.122894858054479894e-07 4.790044746128130100e+03 -5.170469708383217400e-01 2.642786320892994758e+06 -4.929424464109435678e+07 6.656663026529035854e+00 -4.415912716313521447e-01 8.399939927493672576e-01
1.000000000000000000e+00 -3.904754321136438762e+02 -6.736103419132945191e+01 -4.439092460928724613e+05 -3.343199691992419141e+13 -1.142568823223199578e-05 -1.558754674307849803e-06 1.206409683573965912e-06 -6.272586173864482265e-07 5.097297804592225475e+03 -4.289054753787888141e-01 2.835692515411848668e+06 -4.123105599599745125e+07 7.025226976206269569e+00 -5.998413527950854363e-01 7.353795697585833180e-01
1.000000000000000000e+00 -3.896113288223722293e+02 -4.649142676957180242e+01 -4.462457976624593721e+05 -3.378486710390562500e+13 -1.146041066586806524e-05 -1.081488349695581681e-06 1.189517571841262009e-06 -5.260262110794746919e-07 5.357539555926886351e+03 -3.364449219123125667e-01 3.005049437826341018e+06 -3.260948581130940467e+07 7.323499113427317297e+00 -7.341521799001815562e-01 6.013429454101099081e-01
1.000000000000000000e+00 -3.790200914379443589e+02 -2.445094880354657008e+01 -4.485823531416557380e+05 -3.413959036785842578e+13 -1.120724538991538283e-05 -5.717586356096991371e-07 1.118663165877887055e-06 -4.052880330565656111e-07 5.567142825413815444e+03 -2.406742650285756679e-01 3.148158935807613190e+06 -2.351785339879958704e+07 7.548272304477056771e+00 -8.390562173139601843e-01 4.433705296237255844e-01
1.000000000000000000e+00 -3.588412605087542602e+02 -1.763116686851351256e+00 -4.509189178921992425e+05 -3.449616754144811328e+13 -1.066584563762711087e-05 -4.144330132818799357e-08 1.000213617978875451e-06 -2.607763564148617023e-07 5.723148806746420632e+03 -1.426427539143149681e-01 3.262637317370788660e+06 -1.405164645416909456e+07 7.697341573426212058e+00 -9.103773159413585114e-01 2.679662405542655446e-01
1.000000000000000000e+00 -3.295122184789748303e+02 2.098317991412622163e+01 -4.532554975535992417e+05 -3.485459951406450000e+13 -9.844849192236621084e-06 4.957802434308297473e-07 8.455948087380255385e-07 -8.692765388347895632e-08 5.823315727285132198e+03 -4.342772536704914838e-02 3.346458648268163670e+06 -4.312468605858924799e+06 7.769529029951213417e+00 -9.454161113551322604e-01 8.234768334852933525e-02
1.000000000000000000e+00 -2.917773442772659109e+02 4.319910639805824815e+01 -4.555920971400443232e+05 -3.521488709631438281e+13 -8.762382624477447723e-06 1.025949010433530634e-06 6.703813042219955998e-07 1.236352279076452597e-07 5.866166666297037409e+03 5.589840858625720610e-02 3.397998883652774617e+06 5.595153633818880655e+06 7.764706524914315011e+00 -9.430651369839097020e-01 -1.059288113480451460e-01
1.000000000000000000e+00 -2.465024087545655220e+02 6.433308768405119338e+01 -4.579287213097240310e+05 -3.557703105939083594e+13 -7.440695210993177429e-06 1.535702569647000474e-06 4.920454334438001256e-07 3.808376080696155396e-07 5.850987837060322818e+03 1.542822090168126659e-01 3.416052407953863032e+06 1.556520755528650805e+07 7.683752153608451430e+00 -9.038177746183831962e-01 -2.893202327133999607e-01
1.000000000000000000e+00 -1.948188937087142847e+02 8.381437031147325456e+01 -4.602653743041331763e+05 -3.594103212418308594e+13 -5.910630920639892029e-06 2.010951620202140328e-06 3.288823827686734288e-07 6.982737784524911531e-07 5.777817375227950834e+03 2.507069396494820412e-01 3.399842938365825452e+06 2.549207206950484589e+07 7.528496429249861066e+00 -8.296993736797801944e-01 -4.606427218509246968e-01
1.000000000000000000e+00 -1.380986873346692789e+02 1.011233849802909361e+02 -4.626020592446906376e+05 -3.630689084921662500e+13 -4.211061426896680779e-06 2.438563067012728154e-06 1.977978009536444029e-07 1.094995825158529092e-06 5.647394219997358960e+03 3.442181393354008523e-01 3.349010448024869896e+06 3.527328344752203673e+07 7.301619370873853931e+00 -7.241100210910357271e-01 -6.133982770922891126e-01
1.000000000000000000e+00 -7.774959240372959357e+01 1.158259735175808913e+02 -4.649387784367693239e+05 -3.667460767417721094e+13 -2.382804192314667064e-06 2.807220721698906031e-06 1.121355809315519768e-07 1.598335458427538919e-06 5.461098327397288813e+03 4.339299159891645274e-01 3.263591515609086957e+06 4.481043189113721251e+07 7.006541180648004463e+00 -5.916130603919573794e-01 -7.420153346551053852e-01
1.000000000000000000e+00 -1.534352088899214550e+01 1.275145283275632409e+02 -4.672755366091603064e+05 -3.704418343030579688e+13 -4.725987168690208482e-07 3.106043583014066053e-06 8.082518232902323421e-08 2.248211994986123400e-06 5.221048674875793040e+03 5.189885521284425263e-01 3.144093082053218503e+06 5.400564649642457813e+07 6.647518754270667962e+00 -4.377733754930966947e-01 -8.419900491718899094e-01
1.000000000000000000e+00 4.743534225737356280e+01 1.358767897898755166e+02 -4.696123284167277161e+05 -3.741561735859425000e+13 1.468371655073646531e-06 3.326286084880892822e-06 1.071778029067969235e-07 3.106672597559380408e-06 4.929423507993897147e+03 5.987528136617912278e-01 2.991096812854039017e+06 6.278062625716873258e+07 6.228755386822954598e+00 -2.685564125691264903e-01 -9.102033979109032114e-01
1.000000000000000000e+00 1.090037798055602849e+02 1.407205176693733222e+02 -4.719491562181087211e+05 -3.778890991676314844e+13 3.391026909015002127e-06 3.462003237647112254e-06 1.884959076814718901e-07 4.270872523442327819e-06 4.589201943676647716e+03 6.725429752871956435e-01 2.805714044807645492e+06 7.105097080429884791e+07 5.755332429657348925e+00 -9.050751287573383097e-02 -9.446698701234576001e-01
1.000000000000000000e+00 1.677550235412748805e+02 1.419072706642874380e+02 -4.742860187160638161e+05 -3.816406098166514844e+13 5.244575249617134699e-06 3.508486431655251099e-06 3.163831147977377984e-07 5.902700526589892211e-06 4.203585153025948784e+03 7.398032574291266705e-01 2.589247515299457591e+06 7.874331535530553758e+07 5.232456335270389225e+00 8.979180566379046935e-02 -9.447381680376537583e-01
1.000000000000000000e+00 2.221195486347287726e+02 1.394143869637947262e+02 -4.766229133457506541e+05 -3.854107022103580469e+13 6.978404886481429078e-06 3.463836162670322684e-06 4.775786325154153989e-07 8.287418633138377008e-06 3.776011918758706997e+03 8.000623333329472953e-01 2.343206144369436428e+06 8.579158739678694308e+07 4.665473183774051513e+00 2.659080870814514164e-01 -9.109806061830786339e-01
1.000000000000000000e+00 2.707676816730941027e+02 1.333455913328940312e+02 -4.789598368913189624e+05 -3.891993718867576562e+13 8.548509292336353197e-06 3.329297391482083719e-06 6.558309422403454328e-07 1.196544799390825115e-05 3.310137180377413642e+03 8.529208391530083144e-01 2.069297087356053060e+06 9.213599234065024555e+07 4.059837216730549869e+00 4.317436009085919846e-01 -8.450977693716877903e-01
1.000000000000000000e+00 3.124720495372370692e+02 1.238563337776849949e+02 -4.812967856595905614e+05 -3.930066135023335938e+13 9.913308044922459092e-06 3.107463336917308186e-06 8.329888647693235556e-07 1.806195142849016316e-05 2.809802493376493203e+03 8.980450281291705306e-01 1.769412100112264045e+06 9.772260832711027563e+07 3.421070912076183745e+00 5.817056326925897913e-01 -7.498075317851636834e-01
1.000000000000000000e+00 3.461592345850993411e+02 1.112083033483345531e+02 -4.836337548981173313e+05 -3.968324198581239844e+13 1.103537233209661708e-05 2.803681339782368026e-06 9.908839405059540493e-07 2.923943019097414081e-05 2.278946553791036422e+03 9.351653897361107415e-01 1.445575069191713352e+06 1.025034948631076068e+08 2.754654355125012444e+00 7.108628685417238691e-01 -6.287024423860725353e-01
1.000000000000000000e+00 3.710876099117326703e+02 9.576701772126854451e+01 -4.859707393857354182e+05 -4.006767828315296094e+13 1.188724022672163427e-05 2.426056527624823497e-06 1.114139564356471489e-06 5.304657867135739355e-05 1.721627965425158891e+03 9.640649474784920292e-01 1.099958798770995112e+06 1.064356557668339163e+08 2.066054060636789647e+00 8.150377616421083937e-01 -4.861133891763783632e-01
1.000000000000000000e+00 3.866849269308752923e+02 7.792169896612291780e+01 -4.883077339102221886e+05 -4.045396941491589844e+13 1.244644460716037265e-05 1.983475532463284580e-06 1.190827665080466625e-06 1.175648106098564887e-04 1.142061548186874916e+03 9.845726578667487461e-01 7.349111339758516988e+05 1.094805137103953660e+08 1.360766704426981999e+00 8.908854736147707731e-01 -3.269798985363726596e-01
1.000000000000000000e+00 3.925846961559759620e+02 5.813637104489246354e+01 -4.906447328687611734e+05 -4.084211447220204688e+13 1.269682024619706147e-05 1.486927835655731161e-06 1.213533239648882597e-06 3.766862615487824063e-04 5.445760858543181939e+02 9.965625130240758356e-01 3.529311652923966758e+05 1.116039918449411988e+08 6.442680641655984530e-01 9.359694565404117483e-01 -1.566970282860094543e-01
1.000000000000000000e+00 3.887761817155706581e+02 3.693923996151063704e+01 -4.929817306500794366e+05 -4.123211252692602344e+13 1.263353650429824676e-05 9.492784287888367572e-07 1.180735492070795625e-06 9.735998966192614896e-04 -6.634567044232746014e+01 9.999497791306330985e-01 -4.330204235706124746e+04 1.127762683999516070e+08 -7.793925960798162023e-02 9.488050381200991978e-01 1.902059393620964337e-02
1.000000000000000000e+00 3.754165553330818170e+02 1.484171047802201393e+01 -4.953187219818581943e+05 -4.162396269017179688e+13 1.225723827074965746e-05 3.832159094003484774e-07 1.095871449688903590e-06 2.810047538085979615e-04 -6.860237847629764474e+02 9.946912158000394966e-01 -4.508975101823482546e+05 1.129719655257040411e+08 -8.002763657840539224e-01 9.288971100100509304e-01 1.942754319935753593e-01
1.000000000000000000e+00 3.528571475215217674e+02 -7.609007072043870501e+00 -4.976557014009651029e+05 -4.201766402407876562e+13 1.157503644940875323e-05 -1.973930253463192250e-07 9.673669482947467192e-07 9.630721422224574821e-05 -1.309631771969051442e+03 9.807863532160961961e-01 -8.667813342216567835e+05 1.121704598541033119e+08 -1.517149355540135636e+00 8.767616719790656266e-01 3.631552782424186665e-01
1.000000000000000000e+00 3.217714660214020341e+02 -2.984383608444214886e+01 -4.999926639308949234e+05 -4.241321565601688281e+13 1.060487675742183359e-05 -7.778450814428473974e-07 8.084674813585214720e-07 4.576747587057453744e-05 -1.932121088061622913e+03 9.582802887496441047e-01 -1.287643001724231057e+06 1.103563745218976140e+08 -2.222862972121986580e+00 7.939318899214624636e-01 5.198701192010577454e-01
1.000000000000000000e+00 2.829486301533830783e+02 -5.135028363648094540e+01 -5.023296054987228708e+05 -4.281061685158525781e+13 9.368948134130215754e-06 -1.344641321124959465e-06 6.346503085820225836e-07 2.593404313377611838e-05 -2.548181421895506446e+03 9.272714486071118589e-01 -1.709903656975761987e+06 1.075206600941200256e+08 -2.911578683292008307e+00 6.829586663494364718e-01 6.589083759037431820e-01
1.000000000000000000e+00 2.373186009925261430e+02 -7.161528438545914810e+01 -5.046665221100079943e+05 -4.320986687690435938e+13 7.894611081458051323e-06 -1.884018003386701947e-06 4.624278651181285151e-07 1.627372018005115875e-05 -3.152340866574601932e+03 8.879139298262035407e-01 -2.129777775372906588e+06 1.036610792533815801e+08 -3.577433221096245841e+00 5.473639013094272476e-01 7.752325769901207142e-01
1.000000000000000000e+00 1.860658719187223653e+02 -9.013966246789223646e+01 -5.070034104307555826e+05 -4.361096509904502344e+13 6.218305682040098011e-06 -2.382328464590319243e-06 3.084309242745429987e-07 1.087890787669399900e-05 -3.738928097512287877e+03 8.404253076883895224e-01 -2.543243736894980073e+06 9.878334546849226952e+07 -4.214496769542537713e+00 3.915835115517041776e-01 8.644392075037743428e-01
1.000000000000000000e+00 1.304118827330379986e+02 -1.065125592031297117e+02 -5.093402679959216621e+05 -4.401391102468239062e+13 4.378442408388251921e-06 -2.828027731487299511e-06 1.872192404735228380e-07 7.571480383590054103e-06 -4.302091626604854355e+03 7.850952545358931278e-01 -2.946052445366667584e+06 9.290239464286965132e+07 -4.816796735935508167e+00 2.208779057536456869e-01 9.229332271861726555e-01
1.000000000000000000e+00 7.164565466419030315e+01 -1.203490113479824970e+02 -5.116770928012059885e+05 -4.441870423266843750e+13 2.416463804183073951e-06 -3.210061353647356230e-06 1.102180308146596567e-07 5.402212038832486393e-06 -4.835890970082137756e+03 7.222881097819791041e-01 -3.333786049923833460e+06 8.604297698055690527e+07 -5.378420561552670343e+00 4.118662780213822733e-02 9.481014997826734403e-01
1.000000000000000000e+00 1.122788274370249262e+01 -1.313043752114156462e+02 -5.140138837286910857e+05 -4.482534445009582812e+13 3.804233647605755943e-07 -3.518267680114614059e-06 8.472255936957724224e-08 3.905207112647221124e-06 -5.334324667079888059e+03 6.524517230619185648e-01 -3.701875358975128736e+06 7.824101353691728413e+07 -5.893544674285251972e+00 -1.410335671554845960e-01 9.384574184483369663e-01
1.000000000000000000e+00 -4.943209340606905045e+01 -1.391441404923397442e+02 -5.163506406945316121e+05 -4.523383158168825000e+13 -1.682473325221196190e-06 -3.745281577130683565e-06 1.130208776059213996e-07 2.830465089184134520e-06 -5.791408125264996670e+03 5.761240340480148214e-01 -4.045652832026123535e+06 6.954472147410766780e+07 -6.356516991180419573e+00 -3.190164695231968439e-01 8.937680272776084012e-01
1.000000000000000000e+00 -1.089377841683804178e+02 -1.436765045385018027e+02 -5.186873638932790491e+05 -4.564416558090213281e+13 -3.724591687236145910e-06 -3.884778426086753899e-06 1.924594739761820310e-07 2.034115853663088676e-06 -6.201325642999694537e+03 4.939256897261426471e-01 -4.360459860870300792e+06 6.001407388688991964e+07 -6.762017091598313989e+00 -4.859567963775123234e-01 8.151311474668825330e-01
1.000000000000000000e+00 -1.658094702323550393e+02 -1.447672476347274539e+02 -5.210240543711551582e+05 -4.605634655238028906e+13 -5.694578316641900395e-06 -3.931904158356370946e-06 3.153987011952804067e-07 1.428734718845085537e-06 -6.558490521162283585e+03 4.065662366229428892e-01 -4.641693200127381831e+06 4.972188495465271920e+07 -7.105110569847119528e+00 -6.352650998967059870e-01 7.050042903946068806e-01
1.000000000000000000e+00 -2.187090871578309930e+02 -1.424041131221809451e+02 -5.233607143039979856e+05 -4.647037480468706250e+13 -7.545055032719794534e-06 -3.885066747043942427e-06 4.701152874108824281e-07 9.587556165755376812e-07 -6.857655707321387126e+03 3.148462072206557050e-01 -4.884889045604373328e+06 3.875441900706905127e+07 -7.381355683169491755e+00 -7.608513365147420160e-01 5.671843099475646355e-01
1.000000000000000000e+00 -2.663933171911407953e+02 -1.366243620761211162e+02 -5.256973461720476625e+05 -4.688625070758683594e+13 -9.231102531520588551e-06 -3.744025201867314626e-06 6.418972236103800238e-07 5.874556019404472064e-07 -7.094078059151630441e+03 2.196396919794403046e-01 -5.085848582631721161e+06 2.720959185112868249e+07 -7.586963274095539944e+00 -8.574335499701962737e-01 4.066946105099586428e-01
1.000000000000000000e+00 -3.076247025199854761e+02 -1.275303912647784870e+02 -5.280339533244986087e+05 -4.730397479440139844e+13 -1.070723957795893664e-05 -3.510349619224591823e-06 8.139964388821445334e-07 2.898175240955046079e-07 -7.263611440272135042e+03 1.218940361293125163e-01 -5.240716724271819927e+06 1.519722443313039094e+07 -7.718874939559088766e+00 -9.207950278345916617e-01 2.296286494599436290e-01
1.000000000000000000e+00 -3.413949587110481616e+02 -1.153472331750586619e+02 -5.303705398491458036e+05 -4.772354774199572656e+13 -1.193523461917218231e-05 -3.189050568112131844e-06 9.698954926386052193e-07 4.832387767522738212e-08 -7.362836350324288105e+03 2.261685896157149961e-02 -5.346089928737420589e+06 2.837704311850118451e+06 -7.774876831269287081e+00 -9.480248152788454119e-01 4.291562254668290777e-02
1.000000000000000000e+00 -3.668678475342359206e+02 -1.003442423616427845e+02 -5.327071099208364030e+05 -4.814497025593426562e+13 -1.288227628693911734e-05 -2.786479055868742681e-06 1.094414911219512868e-06 -1.496000632291280038e-07 -7.389169480871099950e+03 -7.714837083252357175e-02 -5.399112907304973342e+06 -9.740859501640228555e+06 -7.753688118730440060e+00 -9.376990808099583408e-01 -1.459905339279371772e-01
1.000000000000000000e+00 -3.832944166309339380e+02 -8.285088567241491830e+01 -5.350436684789115097e+05 -4.856824319381459375e+13 -1.351811654998372798e-05 -2.310793919722052848e-06 1.174593794240110425e-06 -3.131436784585803137e-07 -7.340943122785095511e+03 -1.763275357012572264e-01 -5.397556197998024523e+06 -2.240315531486060470e+07 -7.655014676924883688e+00 -8.899844730033369400e-01 -3.294244087294060375e-01
1.000000000000000000e+00 -3.902295197903405324e+02 -6.330572366777713000e+01 -5.373802210446904646e+05 -4.899336753501749219e+13 -1.382280754790371934e-05 -1.773370529691559590e-06 1.202291838984439636e-06 -4.491472862384720912e-07 -7.217488590126429699e+03 -2.738366086893342932e-01 -5.339898882757660002e+06 -3.500919889552938938e+07 -7.479604958747412269e+00 -8.066719748259283396e-01 -4.998731132892836881e-01
1.000000000000000000e+00 -3.874589443000866140e+02 -4.217105279634540693e+01 -5.397167729743531672e+05 -4.942034424619093750e+13 -1.378434296557622232e-05 -1.186465706438036839e-06 1.174635951800271876e-06 -5.627944606332833935e-07 -7.019162029241860182e+03 -3.686122411009499777e-01 -5.225370700636919588e+06 -4.741822899639323354e+07 -7.229244474902321471e+00 -6.911061356224065255e-01 -6.503576821791882123e-01
1.000000000000000000e+00 -3.749117030980576146e+02 -1.994779892150761569e+01 -5.420533297976030735e+05 -4.984917434288482031e+13 -1.339570202071371636e-05 -5.636530093085335553e-07 1.093665113263637926e-06 -6.580580855014295215e-07 -6.747357150798341536e+03 -4.596248843927119854e-01 -5.053985091643480584e+06 -5.949048772673475742e+07 -6.906737068860159035e+00 -5.480354518400097907e-01 -7.747579945352476294e-01
1.000000000000000000e+00 -3.528622338875354671e+02 2.784633208348704425e+00 -5.443898972609880148e+05 -5.027985889824096094e+13 -1.266221550002218165e-05 7.902288602720099634e-08 9.672289463436759960e-07 -7.380174287079320066e-07 -6.404499461750946466e+03 -5.458964208570037391e-01 -4.826558644500597380e+06 -7.108965047366218269e+07 -6.515868060054206268e+00 -3.833887476646348769e-01 -8.681047608665964921e-01
1.000000000000000000e+00 -3.218330571224099685e+02 2.546064800145607165e+01 -5.467264805026340764e+05 -5.071239889075540625e+13 -1.159832367113318617e-05 7.256286032454907760e-07 8.077518153154392349e-07 -8.050909510978511785e-07 -5.993953090099907058e+03 -6.265281062440899440e-01 -4.544664102527410723e+06 -8.208669052802342176e+07 -6.061280349528095357e+00 -2.039629583430171422e-01 -9.268181700875448570e-01
1.000000000000000000e+00 -2.824948429195714539e+02 4.751449672691720849e+01 -5.490630846341358265e+05 -5.114679531027637500e+13 -1.022415050537924609e-05 1.359950843755188515e-06 6.308390001407114178e-07 -8.611859387681938003e-07 -5.519979396829770849e+03 -7.007058968827649670e-01 -4.210620327947782353e+06 -9.236089582866723835e+07 -5.548407023066061150e+00 -1.710326727837141805e-02 -9.488415505943170736e-01
1.000000000000000000e+00 -2.358472972574085702e+02 6.834752699847177837e+01 -5.513997144451674540e+05 -5.158304910263236719e+13 -8.572192298448605242e-06 1.964554917727778379e-06 4.546924605057052787e-07 -9.078179033550797605e-07 -4.987629932540167829e+03 -7.677159152624349892e-01 -3.827430734041500371e+06 -1.018022552960046232e+08 -4.983340786308273707e+00 1.696571336499421989e-01 -9.337072710399570985e-01
1.000000000000000000e+00 -1.830905660481266750e+02 8.742420334852799613e+01 -5.537363735522171482e+05 -5.202116100841098438e+13 -6.682877245708535797e-06 2.523536364118315940e-06 2.974721791557464288e-07 -9.462001083451805477e-07 -4.402551303982904756e+03 -8.269605316794225169e-01 -3.398650765984746162e+06 -1.103140007109921873e+08 -4.372620566081276472e+00 3.489717560070620950e-01 -8.825029890067987992e-01
1.000000000000000000e+00 -1.255082144103474775e+02 1.042562643732011196e+02 -5.560730651108279126e+05 -5.246113169269705469e+13 -4.600430506426334920e-06 3.022100137204578584e-06 1.751616544707566717e-07 -9.772989007650045591e-07 -3.770918694371776382e+03 -8.779528153178899341e-01 -2.928349937180246226e+06 -1.178123228784219772e+08 -3.723152675320718696e+00 5.139782388223148590e-01 -7.977588502919301661e-01
1.000000000000000000e+00 -6.462647894752008426e+01 1.183718561627851216e+02 -5.584097915550111793e+05 -5.290296169387042188e+13 -2.378800297308877458e-06 3.445690886906005999e-06 1.005227326977732087e-07 -1.001882446952978929e-06 -3.099288494683298268e+03 -9.203196077131047259e-01 -2.421008840374839492e+06 -1.242272250742051899e+08 -3.042055372416048620e+00 6.585805733002160212e-01 -6.832747930217900612e-01
1.000000000000000000e+00 -2.057240265206106589e+00 1.294091101380560076e+02 -5.607465540848134551e+05 -5.334665132324512500e+13 -7.604069782115054377e-08 3.782738293364771885e-06 8.139399510272060122e-08 -1.020556860661141845e-06 -2.394413217522302148e+03 -9.538011056412419864e-01 -1.881382468340632040e+06 -1.295029171092039347e+08 -2.336472058834395238e+00 7.776764364808754770e-01 -5.438861788602977754e-01
1.000000000000000000e+00 6.062916338968539520e+01 1.370928662492710828e+02 -5.630833531006464036e+05 -5.379220074316189844e+13 2.250343047437631279e-06 4.024040807570207587e-06 1.198633452147846063e-07 -1.033789260697016805e-06 -1.663172271924780489e+03 -9.782403731389464063e-01 -1.314450016140968306e+06 -1.335968323806707114e+08 -1.613503373849955347e+00 8.672951836109742407e-01 -3.852166676086462016e-01
1.000000000000000000e+00 1.217558450242675292e+02 1.411995963663582927e+02 -5.654201881164684892e+05 -5.423960994716150781e+13 4.537907032184278253e-06 4.161784588414322892e-06 2.119931399821125860e-07 -1.041926943476584082e-06 -9.124625908849004645e+02 -9.935757129145765809e-01 -7.253308605726106325e+05 -1.364789877097668946e+08 -8.801029221953570181e-01 9.246875388280567654e-01 -2.134145570477480047e-01
1.000000000000000000e+00 1.797099455940917210e+02 1.416426523871179768e+02 -5.677570572039817926e+05 -5.468887864939532812e+13 6.725570325915045735e-06 4.192097969200902452e-06 3.482656506402972229e-07 -1.045210553954864286e-06 -1.490421473918798654e+02 -9.998310909978359584e-01 -1.191598638587410533e+05 -1.381310378267961144e+08 -1.429314113870750191e-01 9.483545680111783449e-01 -3.487738610611069989e-02
1.000000000000000000e+00 2.330619941875668530e+02 1.384364571589830462e+02 -5.700939578612404875e+05 -5.514000644693250781e+13 8.758149629538338125e-06 4.114070656669075974e-06 5.149590582404520844e-07 -1.043780738302459237e-06 6.204236463480212933e+02 -9.971024350557003979e-01 4.988784905289783492e+05 -1.385447115001214743e+08 5.915907656213648114e-01 9.380125188404441205e-01 1.439629616719939054e-01
1.000000000000000000e+00 2.804122488597434426e+02 1.316543871909047994e+02 -5.724308869432245847e+05 -5.559299280400013281e+13 1.058070251233567829e-05 3.928558519191983348e-06 6.949835892222263888e-07 -1.037683265748212151e-06 1.389413400216665650e+03 -9.855490521776848478e-01 1.123593828191814013e+06 -1.377208976177386642e+08 1.317325514057962055e+00 8.945364991840394353e-01 3.168552864760913468e-01
1.000000000000000000e+00 3.205560600459320995e+02 1.215041104385913542e+02 -5.747678401407693746e+05 -5.604783694781033594e+13 1.214481534668350280e-05 3.640476751898939727e-06 8.699468790584299595e-07 -1.026868576596343388e-06 2.151645280875634853e+03 -9.653826929653636091e-01 1.749870872821910307e+06 -1.356683595539658666e+08 2.028499152251597604e+00 8.198634634469077476e-01 4.779296217547638337e-01
1.000000000000000000e+00 3.525773155085276471e+02 1.082782488353661563e+02 -5.771048128230965231e+05 -5.650453802892910938e+13 1.341230828653656751e-05 3.257397443436356303e-06 1.022553553315851524e-06 -1.011188676484438212e-06 2.900978666202062414e+03 -9.368603001791502294e-01 2.372594502907816786e+06 -1.324029187265298218e+08 2.719599998675514385e+00 7.168850530161092749e-01 6.218268600771744703e-01
1.000000000000000000e+00 3.756771212421347741e+02 9.230754776851274812e+01 -5.794417998988786712e+05 -5.696309509268446875e+13 1.434891400743330611e-05 2.788186798438506428e-06 1.137559062752762907e-06 -9.903896850036638793e-07 3.631434035990554548e+03 -9.002780148107656366e-01 2.986669345735910814e+06 -1.279467820438028425e+08 3.385389610525151305e+00 5.893272814968775197e-01 7.438320909589689611e-01
1.000000000000000000e+00 3.893231186762584457e+02 7.402962574260304507e+01 -5.817787957381053129e+05 -5.742350706191578125e+13 1.493009414686180620e-05 2.245113357623866837e-06 1.203874332444055630e-06 -9.640987049712841782e-07 4.337195266339418595e+03 -8.559653974897792894e-01 3.587025366947286297e+06 -1.223278716467159241e+08 4.020897334110038912e+00 4.416184894359914126e-01 8.399797230592609409e-01
1.000000000000000000e+00 3.933097434238754317e+02 5.392946168259104667e+01 -5.841157949103282299e+05 -5.788577288115779688e+13 1.514356477910771165e-05 1.642101005021201089e-06 1.215723519336083764e-06 -9.318088203069901891e-07 5.012512591154380971e+03 -8.042879192187399884e-01 4.168540924327853136e+06 -1.155803157431950867e+08 4.621323444907912581e+00 2.787751851478359466e-01 9.071258030801344630e-01
1.000000000000000000e+00 3.875679975309879524e+02 3.249302431613857323e+01 -5.864527920022764010e+05 -5.834989148113847656e+13 1.498219452853995550e-05 9.933402317915101664e-07 1.171966501895104917e-06 -8.928544466567543929e-07 5.651725033986089329e+03 -7.456459765839769105e-01 4.726063049851370044e+06 -1.077444487741028965e+08 5.182055022396566457e+00 1.062645945596144836e-01 9.430273927710787207e-01
1.000000000000000000e+00 3.722996954769104718e+02 1.027441836305938772e+01 -5.887897813399340957e+05 -5.881586172332230469e+13 1.444932000558956238e-05 3.153496413699117780e-07 1.077170297184133708e-06 -8.463751397866099395e-07 6.249288201597911211e+03 -6.804719755579629048e-01 5.254432856097371317e+06 -9.886652625865180790e+07 5.698686196000656068e+00 -7.014575790656084331e-02 9.463997048429361181e-01
1.000000000000000000e+00 3.480088883505947592e+02 -1.216897399566514615e+01 -5.911267577528116526e+05 -5.928368255217288281e+13 1.356017889269009752e-05 -3.749811296737917926e-07 9.413725375165815812e-07 -7.912748489926553555e-07 6.799702648038092775e+03 -6.092396069535528369e-01 5.748427664115902968e+06 -8.900020701071493328e+07 6.166947540476901857e+00 -2.445127291913371526e-01 9.169549362144385762e-01
1.000000000000000000e+00 3.152990710048038068e+02 -3.431798491422158293e+01 -5.934637166173466248e+05 -5.975335300588928125e+13 1.233420969287532343e-05 -1.061673024376049926e-06 7.778471536551018883e-07 -7.261624195636936226e-07 7.297543195115784329e+03 -5.324681295837223605e-01 6.202786965814657509e+06 -7.820734597238144279e+07 6.582728830908853190e+00 -4.108727940044357707e-01 8.554392895098635874e-01
1.000000000000000000e+00 2.749997969615232591e+02 -5.562289474306543724e+01 -5.958006534487030003e+05 -6.022487213605109375e+13 1.080010089553545496e-05 -1.727545098242041240e-06 6.024601411909955450e-07 -6.492639471119501767e-07 7.737531278959828342e+03 -4.507198946835400122e-01 6.612275956218297593e+06 -6.655780925197275728e+07 6.942139674648475811e+00 -5.634217372709827698e-01 7.636417864196664018e-01
1.000000000000000000e+00 2.281783205050581955e+02 -7.556993468096064248e+01 -5.981375646737033967e+05 -6.069823916504109375e+13 8.996424129014993042e-06 -2.356269472420514171e-06 4.322184021833418318e-07 -5.583177243978036653e-07 8.114530130739984997e+03 -3.646132734816102672e-01 6.971684776840860024e+06 -5.413156436341967434e+07 7.241499318949817798e+00 -6.966713323747495412e-01 6.443926502904661069e-01
1.000000000000000000e+00 1.759315341402161721e+02 -9.371583356823938971e+01 -6.004744472139439313e+05 -6.117345340471953125e+13 6.963581858222945596e-06 -2.933474619767289344e-06 2.831107328718154442e-07 -4.504121130803560137e-07 8.423650712138882227e+03 -2.748192301387512582e-01 7.275923274425765499e+06 -4.101839066694314778e+07 7.477425114612905155e+00 -8.056487411826891432e-01 5.015206277287330705e-01
1.000000000000000000e+00 1.195119749654557211e+02 -1.096167992809699427e+02 -6.028112983294744045e+05 -6.165051422641192188e+13 4.748837089499384719e-06 -3.444556653490296773e-06 1.693027306178024761e-07 -3.217576891285194341e-07 8.660332455776915594e+03 -1.820592030814061624e-01 7.520096800609593280e+06 -2.731776988218151778e+07 7.646895925990190968e+00 -8.860857230214647107e-01 3.397718746007116208e-01
1.000000000000000000e+00 6.032702146585763359e+01 -1.228947621680273272e+02 -6.051481164438404376e+05 -6.212942123166221875e+13 2.406401189443546606e-06 -3.876768704545876169e-06 1.016219267740460550e-07 -1.673847187827748002e-07 8.820407647227813868e+03 -8.711719404313188198e-02 7.699569970867744647e+06 -1.314090966622385010e+07 7.747299156883554083e+00 -9.345910724918019552e-01 1.647190445462848873e-01
1.000000000000000000e+00 -2.697818219364090386e-01 -1.332646183611733761e+02 -6.074849007446069736e+05 -6.261017417450213281e+13 -1.080295670325988433e-08 -4.220123682928364821e-06 8.626446085911245611e-08 1.932480873174854805e-08 8.900237970075175326e+03 9.168704086713892754e-03 7.810095498964545317e+06 1.390293268841166981e+06 7.776539374928781889e+00 -9.488361445203806754e-01 -1.740139002392810524e-02
1.000000000000000000e+00 -6.084958303455762518e+01 -1.404616276948906943e+02 -6.098216508881025948e+05 -6.309277290338532031e+13 -2.445991313056474756e-06 -4.465142955408912671e-06 1.245956820644771247e-07 2.473381211241153174e-07 8.896826248481320363e+03 1.059160410356069504e-01 7.847924911270973273e+06 1.614452260308896005e+07 7.733121988391779666e+00 -9.277036381747910676e-01 -1.998969693260844727e-01
1.000000000000000000e+00 -1.199179828909240655e+02 -1.443067529148986239e+02 -6.121583674510684796e+05 -6.357721745685997656e+13 -4.838854564355704168e-06 -4.604953789091255874e-06 2.128773319268488261e-07 5.290130918930784916e-07 8.807926193523009715e+03 2.021979319218436821e-01 7.809920578354736790e+06 3.098085492723029852e+07 7.616232588037069817e+00 -8.713982131698165823e-01 -3.758430441266192301e-01
1.000000000000000000e+00 -1.761219246013912141e+02 -1.447265365239503296e+02 -6.144950518178020138e+05 -6.406350804368652344e+13 -7.133887841289328502e-06 -4.635978260858282048e-06 3.427429434140160915e-07 8.817501061493219874e-07 8.632162427269306136e+03 2.970544720775926129e-01 7.693679915996978059e+06 4.575034186188194156e+07 7.425822691840418877e+00 -7.815143597335791892e-01 -5.383568949772331580e-01
1.000000000000000000e+00 -2.281159458765100112e+02 -1.416792614692648442e+02 -6.168317058589000953e+05 -6.455164497879948438e+13 -9.275061496711863872e-06 -4.555623292825483850e-06 5.017430130945401688e-07 1.330683131229617639e-06 8.369121542166594736e+03 3.895096060096935320e-01 7.497636935707233846e+06 6.029849076314921677e+07 7.162668071351674826e+00 -6.610367484293042661e-01 -6.808988611906416910e-01
1.000000000000000000e+00 -2.745798856330691819e+02 -1.352191712794851526e+02 -6.191683325132044265e+05 -6.504162880749824219e+13 -1.120654966867895318e-05 -4.364372772550828068e-06 6.744055598166926497e-07 1.913116793752283188e-06 8.019467933839133366e+03 4.785762349764673962e-01 7.221188622085173614e+06 7.446599569207359850e+07 6.828446376854909516e+00 -5.142888372934616426e-01 -7.975586717511212731e-01
1.000000000000000000e+00 -3.144214911782411832e+02 -1.255082728426826151e+02 -6.215049353884024313e+05 -6.553346022545367969e+13 -1.288105009256391559e-05 -4.066228373994574688e-06 8.443517273751334536e-07 2.686349216915632272e-06 7.585007057105433887e+03 5.632786755912408960e-01 6.864776894914761186e+06 8.809220613589508832e+07 6.425767878610959549e+00 -3.467955493174086912e-01 -8.833604536818886466e-01
1.000000000000000000e+00 -3.466362040237584097e+02 -1.127404180437435315e+02 -6.238415181966078235e+05 -6.602713996188360938e+13 -1.425419380247906066e-05 -3.666306318192185208e-06 9.950633269123973806e-07 3.742089392437472385e-06 7.068678553627150905e+03 6.426771114348494018e-01 6.429908518256580457e+06 1.010190156954341382e+08 5.958146169583576679e+00 -1.650609682708445436e-01 -9.345307496354945398e-01
1.000000000000000000e+00 -3.703312769713103876e+02 -9.720398965521323476e+01 -6.261780855708257295e+05 -6.652266895344238281e+13 -1.528560812811586105e-05 -3.172902936701045759e-06 1.111263446304618478e-06 5.234249311226359018e-06 6.474631824754271292e+03 7.158738106467883444e-01 5.919250212982736528e+06 1.130919867321940511e+08 5.430038875860118353e+00 2.367803645153161024e-02 -9.487002671844956270e-01
1.000000000000000000e+00 -3.849190769960777629e+02 -7.928427783629368264e+01 -6.285146426221346483e+05 -6.702004825343376562e+13 -1.594701122955616599e-05 -2.597630090067125253e-06 1.181447751617798438e-06 7.437189895002665616e-06 5.808183178861335364e+03 7.820373718249788997e-01 5.336617018022458069e+06 1.241643666995015889e+08 4.846788343417425260e+00 2.117825332987383069e-01 -9.250627038536590740e-01
1.000000000000000000e+00 -3.899657070867119160e+02 -5.938374354066409921e+01 -6.308511945576363942e+05 -6.751927895192504688e+13 -1.621615219412509562e-05 -1.952852011353176802e-06 1.198303951972460596e-06 1.087875050137751734e-05 5.075720556945036151e+03 8.404233462037450364e-01 4.686911068540413864e+06 1.341006415003784597e+08 4.214520562875625487e+00 3.915772666893700960e-01 -8.644420702331033768e-01
1.000000000000000000e+00 -3.852167300280046334e+02 -3.798256797139972463e+01 -6.331877470539989881e+05 -6.802036225638350000e+13 -1.607800305488760531e-05 -1.253694317779797789e-06 1.159547214967920890e-06 1.668001087712548362e-05 4.284661259738383706e+03 8.903851866512911828e-01 3.976106945806571748e+06 1.427786359317631721e+08 3.540090874666147247e+00 5.557048970497537876e-01 -7.692755794103128819e-01
1.000000000000000000e+00 -3.707727438644928952e+02 -1.563059061038454978e+01 -6.355243057103664614e+05 -6.852329937556135938e+13 -1.553225207394960401e-05 -5.178242500478791979e-07 1.068994255295100848e-06 2.756733044858694620e-05 3.443272064042795137e+03 9.313919722269120571e-01 3.211107522200670093e+06 1.500927577958973348e+08 2.830918146619703979e+00 6.974947735424400497e-01 -6.435012755764136783e-01
1.000000000000000000e+00 -3.469190808895322107e+02 7.137262337637694465e+00 -6.378608757965350524e+05 -6.902809146468481250e+13 -1.458641670378055011e-05 2.373189709274417381e-07 9.351633948407772325e-07 5.159684035226704007e-05 2.560486804900938751e+03 9.630379385886027599e-01 2.399592487513765693e+06 1.559559993708148599e+08 2.094821741732855624e+00 8.112813810407062398e-01 -4.923569565564421824e-01
1.000000000000000000e+00 -3.141449781680843785e+02 2.974236123708907087e+01 -6.401974628001541132e+05 -6.953473974301650781e+13 -1.325679481930431757e-05 9.925770384530620022e-07 7.708964376666746388e-07 1.208768686073121069e-04 1.645824851834878245e+03 9.850447170848356526e-01 1.549956877962560859e+06 1.603007979135280848e+08 1.339945387818135325e+00 8.926502160923271978e-01 -3.221310986361203277e-01
1.000000000000000000e+00 -2.732922378274595303e+02 5.157991999956037432e+01 -6.425340718621978303e+05 -7.004324537163982031e+13 -1.157491800629755019e-05 1.727633663910135226e-06 5.930308144624526180e-07 4.319266232077180272e-04 7.091427488211719492e+02 9.972672032103105932e-01 6.710894721227209084e+05 1.630804999634616077e+08 5.745480953550755610e-01 9.386362329982173014e-01 -1.398387507326696588e-01
1.000000000000000000e+00 -2.253589293077602633e+02 7.210643780169696981e+01 -6.448707071602838114e+05 -7.055360931714601562e+13 -9.579478892012948188e-06 2.423938085975468315e-06 4.196812075927853616e-07 8.688667571227176416e-04 -2.396380403742396084e+02 9.996913092698629377e-01 -2.278783639214637224e+05 1.642695199458851218e+08 -1.932181450371292797e-01 9.478241048876803188e-01 4.714150403627863362e-02
1.000000000000000000e+00 -1.715049087484209736e+02 9.078064961102849395e+01 -6.472073725426638266e+05 -7.106583248704479688e+13 -7.316686968913937459e-06 3.062750176774939249e-06 2.684894174017382443e-07 2.147024580996614136e-04 -1.190603475236151780e+03 9.924256351813244281e-01 -1.137640301557544619e+06 1.638624843489231765e+08 -9.553638523633438684e-01 9.203524401386065090e-01 2.313962883134457749e-01
1.000000000000000000e+00 -1.131702540865543085e+02 1.070864874916589997e+02 -6.495440709897086490e+05 -7.157991560976987500e+13 -4.845464077385851088e-06 3.625919251247188290e-06 1.552061397252473921e-07 7.732655383180186916e-05 -2.134082787576273859e+03 9.756927312691578980e-01 -2.048941649377215421e+06 1.618732682415905893e+08 -1.704246526818889995e+00 8.578471504642893875e-01 4.058215418876044422e-01
1.000000000000000000e+00 -5.185386973345864448e+01 1.206174205631450747e+02 -6.518808044574512169e+05 -7.209585919663153125e+13 -2.228146947937300871e-06 4.098765397655814611e-06 9.157254477652713808e-08 3.801886085430746957e-05 -3.060804443132147753e+03 9.498155176243939790e-01 -2.952735374165730551e+06 1.583331830215066075e+08 -2.432686367186888798e+00 7.632763342030050024e-01 5.639167457797117367e-01
1.000000000000000000e+00 1.089278303645368418e+01 1.310122226832949082e+02 -6.542175743118056562e+05 -7.261366363414671875e+13 4.697378159401426051e-07 4.467955642064518567e-06 8.430939516787721284e-08 2.204215822154120537e-05 -3.961936071574576999e+03 9.152050869025171176e-01 -3.840229950890702195e+06 1.532893315281175971e+08 -3.133986915292303888e+00 6.407625704850095083e-01 7.000115626873901764e-01
1.000000000000000000e+00 7.336887435227856713e+01 1.379772967918241875e+02 -6.565543807465521386e+05 -7.313332905203873438e+13 3.175243413507206653e-06 4.722295580551169567e-06 1.342980316876367347e-07 1.406981271773486696e-05 -4.829251146413159404e+03 8.723438038505082481e-01 -4.703061745120282285e+06 1.468021133693681657e+08 -3.802054910218213735e+00 4.953448472195153829e-01 8.094605259486913340e-01
1.000000000000000000e+00 1.339579659429316507e+02 1.413606254075960749e+02 -6.588912226182101294e+05 -7.365485528167264062e+13 5.818040377784656026e-06 4.855310535458356328e-06 2.364317810808749263e-07 9.536804854203088786e-06 -5.655193931747026909e+03 8.217674784969267732e-01 -5.533372442352291197e+06 1.389424934421520531e+08 -4.431437051411521111e+00 3.327212916759020866e-01 8.887572243909196423e-01
1.000000000000000000e+00 1.911325183666783118e+02 1.410777507378496693e+02 -6.612280982189940987e+05 -7.417824202417771875e+13 8.330677968393014225e-06 4.862780413225940368e-06 3.803855642201164227e-07 6.717350976206354472e-06 -6.432789604573620636e+03 7.640570650317658474e-01 -6.323736078012879938e+06 1.297908040969618410e+08 -5.017234967150814740e+00 1.590197926025315733e-01 9.355776656738183927e-01
1.000000000000000000e+00 2.433607439120559661e+02 1.371291443441471927e+02 -6.635650049466964556e+05 -7.470348877388139062e+13 1.064457834549709507e-05 4.743381679916308712e-06 5.513479707836251909e-07 4.845221762179840935e-06 -7.155692897769358751e+03 6.998246116680950646e-01 -7.067220394771470688e+06 1.194345263526082486e+08 -5.555130094954981779e+00 -1.944589565421188382e-02 9.487964593076507747e-01
1.000000000000000000e+00 2.893339040857264877e+02 1.296600393155525524e+02 -6.659019391222102568e+05 -7.523059477353209375e+13 1.270001023875526332e-05 4.500816015041108556e-06 7.319674039691676455e-07 3.538760534131800963e-06 -7.818185198040387149e+03 6.297000713432742147e-01 -7.757398396475843154e+06 1.079661519589950144e+08 -6.041368039550141233e+00 -1.964000156298240929e-01 9.284502673911257942e-01
1.000000000000000000e+00 3.279510762186821466e+02 1.188754093319806771e+02 -6.682388966669951333e+05 -7.575955916364045312e+13 1.444558972480646834e-05 4.140936858190524926e-06 9.041153642322151313e-07 2.590842275660588262e-06 -8.415063581643595171e+03 5.543304095366774487e-01 -8.388252119903914630e+06 9.548310109050895274e+07 -6.472660231778331941e+00 -3.657767270663691006e-01 8.756713151635109327e-01
1.000000000000000000e+00 3.582137748950424339e+02 1.050527797434105963e+02 -6.705758727469140431e+05 -7.629038089985496875e+13 1.583378232639699881e-05 3.672233631120522933e-06 1.050280870760681099e-06 1.881184159702974361e-06 -8.941644929844658691e+03 4.743694993975321461e-01 -8.954188581780381501e+06 8.208604134825961292e+07 -6.846176410540253165e+00 -5.218974946802390491e-01 7.926007017506395691e-01
1.000000000000000000e+00 3.794338518437775178e+02 8.859011382368059628e+01 -6.729128618677542545e+05 -7.682305877177626562e+13 1.683020354289838661e-05 3.107555692661929466e-06 1.156308548185899945e-06 1.336084062501846906e-06 -9.393708026708400212e+03 3.904745152484311310e-01 -9.449993458227863535e+06 6.787828844665482640e+07 -7.159490036771769539e+00 -6.596083034615204399e-01 6.822827525881597355e-01
1.000000000000000000e+00 3.911875882092460870e+02 6.991265718833200538e+01 -6.752498588567521656e+05 -7.735759162522931250e+13 1.741181456351717236e-05 2.460906665008387695e-06 1.212341454594964461e-06 9.084128207553619381e-07 -9.767393585233259728e+03 3.033180917625126760e-01 -9.870740673285592347e+06 5.296794294381940365e+07 -7.410493259938317756e+00 -7.743769651550141964e-01 5.485737739060441154e-01
1.000000000000000000e+00 3.931936013827722149e+02 4.948530529730996363e+01 -6.775868581937565468e+05 -7.789397820976178125e+13 1.756167275997842967e-05 1.747897897060911326e-06 1.212827068545400273e-06 5.668532079208588667e-07 -1.005924725690006744e+04 2.135785308009648942e-01 -1.021184436050063744e+07 3.746623360336717218e+07 -7.597422201902461758e+00 -8.624173404711142910e-01 3.960166682609326805e-01
1.000000000000000000e+00 3.855003774275854198e+02 2.785414916191210466e+01 -6.799238540894024773e+05 -7.843221719530181250e+13 1.727744622530258582e-05 9.872451448022419674e-07 1.158177418502759175e-06 2.899436322431030159e-07 -1.026619507365779282e+04 1.219406216735323262e-01 -1.046904311962327547e+07 2.148768452652212232e+07 -7.718830746140223908e+00 -9.207735049594967247e-01 2.297150938791600039e-01
1.000000000000000000e+00 3.684100084024676107e+02 5.549696268281624434e+00 -6.822608412581939483e+05 -7.897230735006079688e+13 1.656823819867992510e-05 1.973760676126623303e-07 1.054377346090702832e-06 6.260934711322133542e-08 -1.038552688094198311e+04 2.910862631368360195e-02 -1.063839179859138094e+07 5.152439436045924202e+06 -7.773571001367781896e+00 -9.473875269017134615e-01 5.522451238269616286e-02
1.000000000000000000e+00 3.423453032938202227e+02 -1.689680496029835766e+01 -6.845978146231680876e+05 -7.951424747392620312e+13 1.544878562967851878e-05 -6.029966940638367023e-07 9.116529570062830988e-07 -1.259984157982562482e-07 -1.041494711469312097e+04 -6.419733270293441485e-02 -1.071632209180220403e+07 -1.141430338641466387e+07 -7.760824485324874011e+00 -9.411735312276333643e-01 -1.215946467526256847e-01
1.000000000000000000e+00 3.080238099707282231e+02 -3.891330988584148542e+01 -6.869347693245958071e+05 -8.005803640131664062e+13 1.394743196299672926e-05 -1.393440737362029441e-06 7.442906484073016932e-07 -2.838445498530090460e-07 -1.035261477677360745e+04 -1.572408156673136270e-01 -1.069969337823120877e+07 -2.808214673486248031e+07 -7.680124460731199143e+00 -9.020684994427566883e-01 -2.947291933640280304e-01
1.000000000000000000e+00 2.663582906375053199e+02 -5.998387086915244026e+01 -6.892717014148645103e+05 -8.060367316456310938e+13 1.210183234457838578e-05 -2.155260493909675354e-06 5.686040844172298357e-07 -4.168642080114999611e-07 -1.019722054934011430e+04 -2.492585022413631168e-01 -1.058588322810794972e+07 -4.471353497033898532e+07 -7.531405099361609068e+00 -8.310738894793623377e-01 -4.581583421035569925e-01
1.000000000000000000e+00 2.183220157895868851e+02 -7.962579046753228340e+01 -6.916086072504420299e+05 -8.115115685483548438e+13 9.952962928272534996e-06 -2.870707724490727225e-06 4.010870968860287040e-07 -5.295613213779839655e-07 -9.948059958479398119e+03 -3.394719227864704258e-01 -1.037287588530485518e+07 -6.116576131967654079e+07 -7.315046463052718551e+00 -7.302689350528999146e-01 -6.060529348296599395e-01
1.000000000000000000e+00 1.651164839810632827e+02 -9.734915106830064246e+01 -6.939454835439665476e+05 -8.170048663561410938e+13 7.552839397359094962e-06 -3.521537794772058420e-06 2.578100218156332511e-07 -6.253966722787248466e-07 -9.605101544016950356e+03 -4.270897057539188024e-01 -1.005934754632735252e+07 -7.729131466340118647e+07 -7.031914637564192994e+00 -6.027914213975874569e-01 -7.329634238581814731e-01
1.000000000000000000e+00 1.080563243812135994e+02 -1.127520046906144700e+02 -6.962823282241595443e+05 -8.225166194726454688e+13 4.959410164384544835e-06 -4.092460314839113216e-06 1.524309618091999173e-07 -7.070471159136081340e-07 -9.169132388148193058e+03 -5.112999352105959128e-01 -9.644834901464616880e+06 -9.293643955127125978e+07 -6.683457194560734393e+00 -4.528083286918825334e-01 -8.340008974798365227e-01
1.000000000000000000e+00 4.843919924739526550e+01 -1.254901130085477803e+02 -6.986191397321918048e+05 -8.280468234506128125e+13 2.230652395863855748e-06 -4.570090724181372943e-06 9.471310062927395972e-08 -7.766118742216984719e-07 -8.641816750475318258e+03 -5.912884033953749174e-01 -9.129815848699204624e+06 -1.079443870423317403e+08 -6.271733126828599403e+00 -2.854162029782570387e-01 -9.050582697886604411e-01
1.000000000000000000e+00 -1.228915372913195192e+01 -1.352365926640605096e+02 -7.009559171432487201e+05 -8.335954753013318750e+13 -5.678153744870674095e-07 -4.941510902139562216e-06 9.001207366439354494e-08 -8.357467016836563853e-07 -8.025780566239098334e+03 -6.662456773534976007e-01 -8.515819278255697340e+06 -1.221567015016205609e+08 -5.799460685847884989e+00 -1.065090116263073955e-01 -9.429998473929893654e-01
1.000000000000000000e+00 -7.266028141035515375e+01 -1.417745503909712852e+02 -7.032926605833929498e+05 -8.391625745145660938e+13 -3.368430763893671120e-06 -5.197675898516202884e-06 1.386534786155196565e-07 -8.857597734850861692e-07 -7.324732555684654471e+03 -7.353731115693928899e-01 -7.805576198914615437e+06 -1.354143470149929225e+08 -5.270090324321959230e+00 7.738796913731023353e-02 -9.458350728742539459e-01
1.000000000000000000e+00 -1.313056626133827365e+02 -1.449590763260297024e+02 -7.056293706475287909e+05 -8.447481217066417188e+13 -6.107374750496553855e-06 -5.332082912334857542e-06 2.360327163185470509e-07 -9.276906044497194756e-07 -6.543459062502029155e+03 -7.979029890683138060e-01 -7.003039039626278915e+06 -1.475614750478417277e+08 -4.687785313855660441e+00 2.593589749166877456e-01 -9.128668063205170879e-01
1.000000000000000000e+00 -1.867937107622947792e+02 -1.446782037505925871e+02 -7.079660486512212083e+05 -8.503521192439640625e+13 -8.717042133268084218e-06 -5.339374350300307475e-06 3.727571593306623149e-07 -9.623608432801934534e-07 -5.687880531780547244e+03 -8.531089132240918804e-01 -6.113467072225164622e+06 -1.584474773278796077e+08 -4.057446821616311539e+00 4.323526163384745491e-01 -8.447864228326168456e-01
1.000000000000000000e+00 -2.377621989288592204e+02 -1.409422342240339106e+02 -7.103026970562194474e+05 -8.559745722971687500e+13 -1.113219324532834202e-05 -5.218665333910978888e-06 5.356065385327586351e-07 -9.904126499911732982e-07 -4.765127567913144958e+03 -9.003176455081560725e-01 -5.143534520712388679e+06 -1.679293579159373343e+08 -3.384752257362513728e+00 5.894627402611264388e-01 -7.437247905013524285e-01
1.000000000000000000e+00 -2.830321278778378087e+02 -1.338373445658740764e+02 -7.126393187928635161e+05 -8.616154872480726562e+13 -1.329535631921780462e-05 -4.971894711794499722e-06 7.091838846105072641e-07 -1.012342710107364769e-06 -3.783423345854714626e+03 -9.389313127986055330e-01 -4.101230836106496863e+06 -1.758761036069642007e+08 -2.676055688135936972e+00 7.242583731423930526e-01 -6.132232025950600240e-01
1.000000000000000000e+00 -3.214462196368626792e+02 -1.234881687861736310e+02 -7.149759171992104966e+05 -8.672748715605643750e+13 -1.514935701718465699e-05 -4.602476669252278119e-06 8.766282101002360267e-07 -1.028523089810475412e-06 -2.752005459588965550e+03 -9.684413412568666502e-01 -2.995800674238964450e+06 -1.821716037679115534e+08 -1.938318541838779385e+00 8.310898997035545133e-01 -4.581293125132939181e-01
1.000000000000000000e+00 -3.520054001471681318e+02 -1.101427085579229299e+02 -7.173124966115832794e+05 -8.729527352341351562e+13 -1.664378846090021376e-05 -4.118499150377489683e-06 1.021434592637790812e-06 -1.039215328537354159e-06 -1.681131933834857136e+03 -9.884393984889118245e-01 -1.837773729726271704e+06 -1.867170714951991141e+08 -1.179101084024068324e+00 9.053655428905188485e-01 -2.844400169193407324e-01
1.000000000000000000e+00 -3.739711398160038129e+02 -9.411648105154525012e+01 -7.196490615741037764e+05 -8.786490889132203125e+13 -1.773998775722250194e-05 -3.530703725962184314e-06 1.129440395675164282e-06 -1.044583680749379375e-06 -5.818216959863375450e+02 -9.986338516351224159e-01 -6.387032261462135939e+05 -1.894345626648069024e+08 -4.063686499972140598e-01 9.438133938721036120e-01 -9.904124459781568635e-02
