1.000000000000000000e+00 -4.643344690541495652e+02 3.916086099341368509e+01 -4.305828255564027349e+05 -1.860122845651591016e+13 1.110130839650159542e-06 -3.704299355731920684e+01 -2.099531754636192016e+00 -3.807545505017934095e-01 3.410520725787855034e-01 -3.562951993319853727e+01
1.000000000000000000e+00 -4.800460272487878797e+02 -6.937415529488845323e+00 -4.345340253467208822e+05 -1.894417938382476953e+13 1.178884654499123137e-06 -3.345823190745964126e+01 -1.879633083156021511e+00 5.609019143471000168e-01 3.052682523294164563e-01 -3.693368405329273685e+01
1.000000000000000000e+00 -4.839125523668167261e+02 -5.285556672264282696e+01 -4.384852136930613196e+05 -1.929026198538949609e+13 1.211239798404089449e-06 4.589782125886630038e-01 2.555934156825522344e-02 9.997153730243814040e-01 -4.126714588323214007e-03 -2.024798447987976857e+01
1.000000000000000000e+00 -4.757731552993922719e+02 -9.750043030300888347e+01 -4.424363983216631459e+05 -1.963947691991624219e+13 1.203789972770190819e-06 3.456381753858793360e+01 1.908094916166845900e+00 5.420854678258768544e-01 -3.098120357688305404e-01 -3.199548559834711980e+01
1.000000000000000000e+00 -4.556628350367435587e+02 -1.397189898740741114e+02 -4.463875873216885375e+05 -1.999182490312147266e+13 1.156626176874744636e-06 3.799760186578838272e+01 2.079637971181061751e+00 -4.016232370513281857e-01 -3.377360136088114473e-01 -3.948792341918845494e+01
1.000000000000000000e+00 -4.240496708656528426e+02 -1.783885123128491159e+02 -4.503387888553372468e+05 -2.034730668297533203e+13 1.074246073906854407e-06 7.148882546691147866e+00 3.879314838958080602e-01 -9.855130280988539937e-01 -6.299267564316447798e-02 -2.188333290698814437e+01
1.000000000000000000e+00 -3.816846703332404900e+02 -2.125511116090823123e+02 -4.542900104232358863e+05 -2.070592297302621094e+13 9.646186829744305684e-07 -3.068170939180000190e+01 -1.650871303958802550e+00 -6.866588455425295390e-01 2.681905769230833458e-01 -2.814292904909139992e+01
1.000000000000000000e+00 -3.295116182365739519e+02 -2.412782910343284755e+02 -4.582412595963225467e+05 -2.106767451707524609e+13 8.381476014540494212e-07 -4.144090639254128661e+01 -2.211111592767471379e+00 2.272443769795648993e-01 3.591288745211589362e-01 -4.086145640389335654e+01
1.000000000000000000e+00 -2.688759399071327039e+02 -2.637656127675081734e+02 -4.621925436705727479e+05 -2.143256205743367188e+13 7.076851990895558482e-07 -1.492121474704515904e+01 -7.895211568978236505e-01 9.374063644992511879e-01 1.282238671172820366e-01 -2.466519493549121123e+01
1.000000000000000000e+00 -2.013342348947625453e+02 -2.794545983585489353e+02 -4.661438681621652213e+05 -2.180058619307725781e+13 5.866560787024480768e-07 2.554470661119498587e+01 1.340505513039447871e+00 8.070124332500624442e-01 -2.176378621268042490e-01 -2.461191309228810908e+01
1.000000000000000000e+00 -1.285467198035936462e+02 -2.878889430029140044e+02 -4.700952378678472596e+05 -2.217174747261402344e+13 4.871371589608017215e-07 4.358050659069174060e+01 2.268284248106034795e+00 -4.709422374407282175e-02 -3.683437057474587828e-01 -4.084906258396360812e+01
1.000000000000000000e+00 -5.245734133775500396e+01 -2.888025241638654848e+02 -4.740466566145780380e+05 -2.254604636761823438e+13 4.192759686940070401e-07 2.252469451082464147e+01 1.162868404817614332e+00 -8.590823303046423165e-01 -1.888650365340566462e-01 -2.819907677530413892e+01
1.000000000000000000e+00 2.493039658977328799e+01 -2.822176768356005141e+02 -4.779981265792770428e+05 -2.292348320354012500e+13 3.901151631284672954e-07 -1.921204772028003660e+01 -9.838757340214465685e-01 -9.014240059158293850e-01 1.598485793347173001e-01 -2.185079167538715694e+01
1.000000000000000000e+00 1.016674926479350631e+02 -2.682825596444935172e+02 -4.819496489094211720e+05 -2.330405821318099609e+13 4.025461416519988388e-07 -4.427566459030031609e+01 -2.249337528269588216e+00 -1.362727584959399496e-01 3.653669102774627087e-01 -3.945972662003148912e+01
1.000000000000000000e+00 1.756949485954738464e+02 -2.473454031543706435e+02 -4.859012233303745161e+05 -2.368777149432665234e+13 4.551084884112679253e-07 -2.974426031779470136e+01 -1.499143593170561894e+00 7.509197918187363596e-01 2.434654607679511140e-01 -3.205215228505709035e+01
1.000000000000000000e+00 2.450796780461390085e+02 -2.200249760684811804e+02 -4.898528473811874283e+05 -2.407462292899352734e+13 5.423443692481620098e-07 1.191495775575117477e+01 5.958133442204156527e-01 9.647552450445051608e-01 -9.671895407864422589e-02 -2.023407151216731847e+01
1.000000000000000000e+00 3.081134184075594362e+02 -1.870264760439807787e+02 -4.938045179072138853e+05 -2.446461232265837891e+13 6.553888212588923437e-07 4.346299995748142209e+01 2.156461930642830982e+00 3.132911745693148786e-01 -3.501570389844700371e-01 -3.689210416474170273e+01
1.000000000000000000e+00 3.631432652343269751e+02 -1.492046479813563167e+02 -4.977562306922957068e+05 -2.485773936477066016e+13 7.825756216475468488e-07 3.622146150275004572e+01 1.783276765078074311e+00 -6.191785843633763609e-01 -2.896195589805062864e-01 -3.566875283602542623e+01
1.000000000000000000e+00 4.087950391781896542e+02 -1.076126699710109733e+02 -5.017079801494588610e+05 -2.525400359340526953e+13 9.109983545883875222e-07 -3.840315140824227758e+00 -1.876187501567950222e-01 -9.968002579748408420e-01 3.050099964575649775e-02 -1.996947398325768930e+01
1.000000000000000000e+00 4.440381843999406328e+02 -6.330454649600499550e+01 -5.056597598142178613e+05 -2.565340443988039844e+13 1.027919998404682539e-06 -4.104975501931124171e+01 -1.990224433480279220e+00 -4.813714745516186055e-01 3.233034049588605630e-01 -3.346151478480943808e+01
1.000000000000000000e+00 4.679966659430323261e+02 -1.739748294839393594e+01 -5.096115625870415824e+05 -2.605594125007205469e+13 1.121567982567370503e-06 -4.176601764383300264e+01 -2.009656343092920849e+00 4.653460711098089675e-01 3.263915955444356976e-01 -3.862065718467393083e+01
1.000000000000000000e+00 4.801483891103326300e+02 2.888924760822373372e+01 -5.135633804834366892e+05 -2.646161325614169141e+13 1.183014225728200343e-06 -4.751230534192564470e+00 -2.269012275173381832e-01 9.947755721172202303e-01 3.686600242856295784e-02 -2.109293274628567971e+01
1.000000000000000000e+00 4.803506805944267626e+02 7.443270457264047479e+01 -5.175152059566114913e+05 -2.687041971037790625e+13 1.206937611787220771e-06 3.712409719356958959e+01 1.759717916806335269e+00 6.319430070831919544e-01 -2.857141603016055131e-01 -2.965275917351186408e+01
1.000000000000000000e+00 4.686297621820330619e+02 1.181341289650277560e+02 -5.214670313220318058e+05 -2.728235982671890234e+13 1.191032723625400976e-06 4.607444495285704278e+01 2.167842496310735889e+00 -2.977135864985656633e-01 -3.520525773897162924e-01 -4.047638111541467509e+01
1.000000000000000000e+00 4.453605594838030015e+02 1.588813539748633161e+02 -5.254188483731851447e+05 -2.769743273969640234e+13 1.137083046281591868e-06 1.355093718303734285e+01 6.329087539485662717e-01 -9.605740471695360938e-01 -1.027858226447069395e-01 -2.344714569702779983e+01
1.000000000000000000e+00 4.112591609981843703e+02 1.957382327134459956e+02 -5.293706496057920158e+05 -2.811563763240541016e+13 1.051076185813058764e-06 -3.167527843596130310e+01 -1.468654792980521373e+00 -7.627688227623851125e-01 2.385941699147384187e-01 -2.593735733909817753e+01
1.000000000000000000e+00 3.671581081284832067e+02 2.278574363058164352e+02 -5.333224280692735920e+05 -2.853697372339330469e+13 9.415541167247029789e-07 -4.897877855489037557e+01 -2.254539124505680281e+00 1.184219346163169484e-01 3.661911805291818700e-01 -4.102197365597310608e+01
1.000000000000000000e+00 3.141779754903579374e+02 2.544414858565518500e+02 -5.372741772658547852e+05 -2.896144025797781250e+13 8.192801191071741487e-07 -2.230655806726440815e+01 -1.019425816206744884e+00 8.933708561666944270e-01 1.655578880353077986e-01 -2.674112368612368940e+01
1.000000000000000000e+00 2.536964845272176490e+02 2.749193234363582974e+02 -5.412258917713979026e+05 -2.938903657746629297e+13 6.963446023170415916e-07 2.491298694480326859e+01 1.130432099407321811e+00 8.671097338165723034e-01 -1.835263487678393535e-01 -2.282835419131008692e+01
1.000000000000000000e+00 1.871184706441758863e+02 2.888437158933968476e+02 -5.451775668741434347e+05 -2.981976208389296484e+13 5.843744012198288339e-07 5.030097420756348470e+01 2.266275777916762824e+00 6.311736941741652451e-02 -3.680085771170502063e-01 -4.017186920673488260e+01
1.000000000000000000e+00 1.160485398065026459e+02 2.958521449850775298e+02 -5.491291981837796047e+05 -3.025361619976787109e+13 4.940523586286849372e-07 3.062889228576929668e+01 1.370272957977642259e+00 -7.975445973246841902e-01 -2.225501025582304337e-01 -3.050941786685589108e+01
1.000000000000000000e+00 4.224354112933238525e+01 2.958307961943452824e+02 -5.530807829223878216e+05 -3.069059851262160938e+13 4.342316575949207572e-07 -1.694954417604393626e+01 -7.529995366361766918e-01 -9.436070318928947431e-01 1.223443700235409826e-01 -2.072281425008005940e+01
1.000000000000000000e+00 -3.261619381045160537e+01 2.887981385489455874e+02 -5.570323196715017548e+05 -3.113070875312596875e+13 4.105724157352643843e-07 -4.990424093401728101e+01 -2.201690076737131463e+00 -2.443701880739164722e-01 3.576359604548832727e-01 -3.803076294153029124e+01
1.000000000000000000e+00 -1.067492459170897234e+02 2.748671604547737957e+02 -5.609838074674130185e+05 -3.157394669864569531e+13 4.252542488677513504e-07 -3.828907505159178015e+01 -1.677631281980520805e+00 6.737535209869196517e-01 2.724556287675510280e-01 -3.429766515371645852e+01
1.000000000000000000e+00 -1.783344320159490337e+02 2.543982507335388448e+02 -5.649352467055140296e+05 -3.202031227755705078e+13 4.770106752344384121e-07 8.066244609990727454e+00 3.510075966029465033e-01 9.877638785291399381e-01 -5.696988824436319265e-02 -1.990653961408959916e+01
1.000000000000000000e+00 -2.457338365953687571e+02 2.278700584948152539e+02 -5.688866388357547112e+05 -3.246980553987174219e+13 5.610888383918328593e-07 4.777830185679689379e+01 2.064997934001712387e+00 4.159413969091143026e-01 -3.352977546912006002e-01 -3.490091085483139466e+01
1.000000000000000000e+00 -3.073100764181334625e+02 1.958427200754847206e+02 -5.728379861487073358e+05 -3.292242663682667188e+13 6.693518812571358455e-07 4.489480016792349915e+01 1.927297500377308959e+00 -5.288765659342274938e-01 -3.130041471877081927e-01 -3.755594861976919674e+01
1.000000000000000000e+00 -3.614999004201706043e+02 1.591003821564382008e+02 -5.767892925609538797e+05 -3.337817591511541797e+13 7.912926411772367060e-07 1.477302371725141450e+00 6.299493935760151764e-02 -9.998362159572935504e-01 -1.020969711573769395e-02 -2.048735082603324997e+01
1.000000000000000000e+00 -4.070270793557557454e+02 1.185093102321328331e+02 -5.807405628628452541e+05 -3.383705383567480469e+13 9.154254581311011922e-07 -4.385037823443536809e+01 -1.857430803259977115e+00 -5.752115517609978079e-01 3.017383576109333720e-01 -3.116536818614032001e+01
1.000000000000000000e+00 -4.427138530559204810e+02 7.498018361939216447e+01 -5.846918021517036250e+05 -3.429906091064973828e+13 1.029634642731845089e-06 -5.024328777614766750e+01 -2.114168519779408673e+00 3.646422963436849463e-01 3.433730291454585859e-01 -3.989756893074262933e+01
1.000000000000000000e+00 -4.675629667818618032e+02 2.959995008821566387e+01 -5.886430167317317100e+05 -3.476419781090382812e+13 1.122372912735263601e-06 -1.138041312597969323e+01 -4.757302763464912876e-01 9.775939100878981991e-01 7.726992384084924170e-02 -2.239571277371426916e+01
1.000000000000000000e+00 -4.809538949257333798e+02 -1.652312084658641211e+01 -5.925942137918923981e+05 -3.523246533250031250e+13 1.184435084694850182e-06 3.827799228811463905e+01 1.589687775734345943e+00 7.139629468121770905e-01 -2.581017323585446666e-01 -2.735101384870611341e+01
1.000000000000000000e+00 -4.824436472757182059e+02 -6.229921754766405684e+01 -5.965454007070837542e+05 -3.570386431655841406e+13 1.209210746673762001e-06 5.403376598183059087e+01 2.229493965997295657e+00 -1.898773606275702130e-01 -3.620560346163094190e-01 -4.097423935583164933e+01
1.000000000000000000e+00 -4.718487384853145841e+02 -1.065355974466494331e+02 -6.004965856645549648e+05 -3.617839572547003906e+13 1.193699378092094685e-06 2.125467715312150219e+01 8.713490687164036075e-01 -9.236326558065177661e-01 -1.415157906682291411e-01 -2.536494565565142523e+01
1.000000000000000000e+00 -4.494153542621749580e+02 -1.481026667495370930e+02 -6.044477766784805572e+05 -3.665606052660006250e+13 1.139463612145928941e-06 -3.110041946775959687e+01 -1.266830399074704072e+00 -8.300386296039810041e-01 2.058113770567323864e-01 -2.393814067013993707e+01
1.000000000000000000e+00 -4.155995326176747540e+02 -1.859726348424285050e+02 -6.083989814485727111e+05 -3.713685967433946875e+13 1.051427176668368617e-06 -5.609566886751801462e+01 -2.270460092382092565e+00 7.001998165653278150e-03 3.687862192630462776e-01 -4.066225723725821695e+01
1.000000000000000000e+00 -3.711372186570093845e+02 -2.191051027537995992e+02 -6.123502079760073684e+05 -3.762079418453987500e+13 9.377492777185640564e-07 -3.081989463715594368e+01 -1.239554183163213308e+00 8.376823754614300954e-01 2.013060794296662737e-01 -2.902735749657298925e+01
1.000000000000000000e+00 -3.171794762781919417e+02 -2.466176574555211687e+02 -6.163014638301911764e+05 -3.810786504503275781e+13 8.099805380788457413e-07 2.259968828802904639e+01 9.032415849518218298e-01 9.172953543644977170e-01 -1.466364287288454415e-01 -2.139795457844158122e+01
1.000000000000000000e+00 -2.550424092569339791e+02 -2.678139292180110829e+02 -6.202527554313512519e+05 -3.859807312462975000e+13 6.810571472790383937e-07 5.629792046675371608e+01 2.236031941011351609e+00 1.743173904212154957e-01 -3.630884991085288616e-01 -3.900226600404364774e+01
1.000000000000000000e+00 -1.862576218020930412e+02 -2.820679068192986279e+02 -6.242040886088308180e+05 -3.909141923849525000e+13 5.639125533951744550e-07 3.962869008194860498e+01 1.564214801292584722e+00 -7.250191730632010723e-01 -2.540466324668125830e-01 -3.285701464437030239e+01
1.000000000000000000e+00 -1.126715198727351179e+02 -2.889881178242728765e+02 -6.281554679838709999e+05 -3.958790406800702344e+13 4.706466640023520693e-07 -1.296495405459736716e+01 -5.085987851904100188e-01 -9.748015405766319308e-01 8.264271076682651318e-02 -2.005843256677307096e+01
1.000000000000000000e+00 -3.616557160747935029e+01 -2.884224983887773988e+02 -6.321068967087258352e+05 -4.008752812287732812e+13 4.108288966788244848e-07 -5.452222207832690515e+01 -2.125748975457388834e+00 -3.513970177599869960e-01 3.453085670990948541e-01 -3.620035805090162739e+01
1.000000000000000000e+00 4.130697348134844304e+01 -2.803316992675955817e+02 -6.360583771797493100e+05 -4.059029182634130469e+13 3.905127087623578135e-07 -4.744118394524807059e+01 -1.838418046732329447e+00 5.867925527699791033e-01 2.985730413437636677e-01 -3.639273048614448669e+01
1.000000000000000000e+00 1.176451642479966466e+02 -2.649372550185940440e+02 -6.400099102414312074e+05 -4.109619540993987500e+13 4.118027276564822058e-07 2.532829133772408703e+00 9.755757728082851965e-02 9.988557161387482397e-01 -1.581715167056198593e-02 -2.009841520571206175e+01
1.000000000000000000e+00 1.908935826742395250e+02 -2.426958323348338809e+02 -6.439614945870697265e+05 -4.160523882992454688e+13 4.725166299254857206e-07 5.083595405391034916e+01 1.946293313941844572e+00 5.150877128339230726e-01 -3.160162221281308526e-01 -3.265705561802050738e+01
1.000000000000000000e+00 2.591990207235215848e+02 -2.141575324951606376e+02 -6.479131282633660594e+05 -4.211742195434019531e+13 5.663609367974827419e-07 5.385281724113659862e+01 2.049479558731097217e+00 -4.306462442394894397e-01 -3.328403254030817271e-01 -3.911899768282170697e+01
1.000000000000000000e+00 3.207368589635213425e+02 -1.800968232715499369e+02 -6.518648077930154977e+05 -4.263274444569427344e+13 6.836410363170363839e-07 8.355531838561169877e+00 3.160986064702203113e-01 -9.904800587510641519e-01 -5.132421154201054214e-02 -2.150660684768189768e+01
1.000000000000000000e+00 3.739939998600189028e+02 -1.414602313580836608e+02 -6.558165283355518477e+05 -4.315120577608067188e+13 8.125877982498344377e-07 -4.520680152412084851e+01 -1.700125071416026978e+00 -6.629251774013509291e-01 2.761902778560675342e-01 -2.881000402518453996e+01
1.000000000000000000e+00 4.176963044946575110e+02 -9.921527804359541847e+01 -6.597682844176725484e+05 -4.367280531846128906e+13 9.401980620015731247e-07 -5.866480454814190892e+01 -2.193302024853247101e+00 2.585616837249495870e-01 3.562337856213849130e-01 -4.071809811712002869e+01
1.000000000000000000e+00 4.507212076903087450e+02 -5.447218271833083492e+01 -6.637200694592739455e+05 -4.419754228103335156e+13 1.053406255047863583e-06 -1.937339549256729043e+01 -7.200874072491939559e-01 9.481819168643613738e-01 1.169488826512052743e-01 -2.410523999071688905e+01
1.000000000000000000e+00 4.723540727451489261e+02 -8.417612347692415398e+00 -6.676718757489952259e+05 -4.472541569956435156e+13 1.141355651924410411e-06 3.787050746382330857e+01 1.399439177282601809e+00 7.873822005880315444e-01 -2.272076826936887672e-01 -2.519629503361434075e+01
1.000000000000000000e+00 4.821757662248476777e+02 3.783460150919048459e+01 -6.716236958848886425e+05 -4.525642462706147656e+13 1.195909880217029225e-06 6.161065067153242580e+01 2.263584621707848576e+00 -7.967484428490578807e-02 -3.675831896115365205e-01 -4.095389755693633305e+01
1.000000000000000000e+00 4.799589863965928203e+02 8.312014954133054800e+01 -6.755755221676374786e+05 -4.579056805274268750e+13 1.211716186547036571e-06 3.006907727913864647e+01 1.098407573463854536e+00 -8.753898082245921142e-01 -1.783954221807346474e-01 -2.752877999000992304e+01
1.000000000000000000e+00 4.658966168169520756e+02 1.262925375964774304e+02 -6.795273463579027448e+05 -4.632784486777102344e+13 1.187670355922046831e-06 -2.892242790492722548e+01 -1.050497261411744043e+00 -8.867132519586773398e-01 1.706706403772372538e-01 -2.227049819275850240e+01
1.000000000000000000e+00 4.404534623905334456e+02 1.663611358184379867e+02 -6.834791609380068257e+05 -4.686825403614838281e+13 1.126628186172944125e-06 -6.253026192150853291e+01 -2.258298308810831934e+00 -1.036051733891494298e-01 3.668197846588259758e-01 -3.980482554060118616e+01
1.000000000000000000e+00 4.042538625984286682e+02 2.023591810165945901e+02 -6.874309582888926379e+05 -4.741179448404750781e+13 1.034626579529585723e-06 -4.015712659498289838e+01 -1.442110518163871813e+00 7.722715968638158568e-01 2.342025266398979066e-01 -3.136044378512506370e+01
1.000000000000000000e+00 3.582903603929606788e+02 2.334089498085184289e+02 -6.913827313204231905e+05 -4.795846518685290625e+13 9.211067751824088314e-07 1.870099259334326547e+01 6.678197252090052327e-01 9.555716504361264629e-01 -1.084106489112450639e-01 -2.042989203692059519e+01
1.000000000000000000e+00 3.037505882864564910e+02 2.588442305441623148e+02 -6.953344741515327478e+05 -4.850826526615626562e+13 7.973395244259030803e-07 6.135450705975012653e+01 2.178780053052638888e+00 2.817670872291986872e-01 -3.537834497171181702e-01 -3.743151282997353491e+01
1.000000000000000000e+00 2.419051326565991076e+02 2.780677175647422246e+02 -6.992861813280832721e+05 -4.906119388480180469e+13 6.749237049893847757e-07 4.915560279020948542e+01 1.735904373722292338e+00 -6.447675264640246873e-01 -2.819272209889107650e-01 -3.505079321116084401e+01
1.000000000000000000e+00 1.743058289610557097e+02 2.906138335028656456e+02 -7.032378478416806320e+05 -4.961725025123440625e+13 5.656575292908677597e-07 -7.464131156016155622e+00 -2.621387687478966000e-01 -9.935319966644298173e-01 4.260640864711653930e-02 -1.991329439275667568e+01
1.000000000000000000e+00 1.025975890839795710e+02 2.962552040413306145e+02 -7.071894701377106830e+05 -5.017643376431138281e+13 4.801587703935804412e-07 -5.798179078716378854e+01 -2.025144724588833434e+00 -4.522276576509972612e-01 3.289738450647728962e-01 -3.412219127228024718e+01
1.000000000000000000e+00 2.841185904673177731e+01 2.948502508585272039e+02 -7.111410456308182329e+05 -5.073874394992706250e+13 4.264180309151669839e-07 -5.682169005547239493e+01 -1.973804417050849525e+00 4.942085274876543144e-01 3.205668736973974475e-01 -3.816127668178093302e+01
1.000000000000000000e+00 -4.643982640526660077e+01 2.864063166554188342e+02 -7.150925725294924341e+05 -5.130418043968550000e+13 4.094750446106665568e-07 -4.416714384475123545e+00 -1.525905910228589346e-01 9.975191378497287875e-01 2.479990352259098946e-02 -2.079325634552145985e+01
1.000000000000000000e+00 -1.201636015486800915e+02 2.711709016150526850e+02 -7.190440507287083892e+05 -5.187274310284064844e+13 4.310204020650806449e-07 5.255135128070044459e+01 1.805774839957434263e+00 6.062340728813021551e-01 -2.931940320916345821e-01 -3.034394728926147877e+01
1.000000000000000000e+00 -1.910821079090381716e+02 2.494705120840051507e+02 -7.229954805933019379e+05 -5.244443187647995312e+13 4.890541323309101055e-07 6.274912974270434773e+01 2.144624928710447076e+00 -3.287148065595610902e-01 -3.482844630130949581e-01 -4.023490658944087528e+01
1.000000000000000000e+00 -2.574434165882503862e+02 2.217753211534819684e+02 -7.269468634389230283e+05 -5.301924683754300781e+13 5.779249810064976881e-07 1.652179202796655488e+01 5.616648591035371396e-01 -9.691330147158374597e-01 -9.121337160173531577e-02 -2.294870807621514430e+01
1.000000000000000000e+00 -3.176259960164860559e+02 1.887752633125902264e+02 -7.308982024189634249e+05 -5.359718833666874219e+13 6.890963621294089870e-07 -4.506848469625433751e+01 -1.523989264984449976e+00 -7.414029550919742917e-01 2.475820074124307213e-01 -2.656512840659790342e+01
1.000000000000000000e+00 -3.702277867605798747e+02 1.512105066176552839e+02 -7.348495013992211316e+05 -5.417825683954538281e+13 8.120230751571863116e-07 -6.673358139377793918e+01 -2.244680279760255193e+00 1.504253493510798734e-01 3.645872875621644638e-01 -4.102834484415743077e+01
1.000000000000000000e+00 -4.138757918335546719e+02 1.099364365777887826e+02 -7.388007649656828726e+05 -5.476245293088809375e+13 9.346665450780189390e-07 -2.849985294855808604e+01 -9.535992697552079234e-01 9.073525176613328469e-01 1.548682010307503298e-01 -2.611286091857698466e+01
1.000000000000000000e+00 -4.474358280523845224e+02 6.598384068619753862e+01 -7.427519989468256244e+05 -5.534977739513739062e+13 1.045019175110617998e-06 3.584207610580969572e+01 1.193003383670035111e+00 8.507062968747933773e-01 -1.936864949074658948e-01 -2.331188907862548376e+01
1.000000000000000000e+00 -4.700864629478177790e+02 2.038131324506763065e+01 -7.467032095962250605e+05 -5.594023109891243750e+13 1.132266292344755389e-06 6.854604473956479183e+01 2.269697666778816458e+00 3.120924611778758129e-02 -3.685668422469319805e-01 -4.041833254285823074e+01
1.000000000000000000e+00 -4.811246961569388532e+02 -2.578171344691377342e+01 -7.506544038791656494e+05 -5.653381503586668750e+13 1.187146041669179187e-06 3.982788677585249815e+01 1.311963363175904895e+00 -8.163482399046582128e-01 -2.130801058111707613e-01 -2.983732128840478737e+01
1.000000000000000000e+00 -4.801747169276705449e+02 -7.131079665795579103e+01 -7.546055899574947543e+05 -5.713053040292481250e+13 1.203839267066424588e-06 -2.503882066519974359e+01 -8.205570084764408634e-01 -9.326102010156668287e-01 1.333186667529949465e-01 -2.100139866303637248e+01
1.000000000000000000e+00 -4.672366449014284058e+02 -1.150900776285162692e+02 -7.585567756476730574e+05 -5.773037837032396094e+13 1.180760580919202198e-06 -6.803337436220635936e+01 -2.218139405755554794e+00 -2.135674177183111977e-01 3.603054751778113629e-01 -3.848203652052475832e+01
1.000000000000000000e+00 -4.424796352991185699e+02 -1.560211525092502711e+02 -7.625079686856742483e+05 -5.833336012077534375e+13 1.119574143313751757e-06 -5.020345235869714173e+01 -1.628484813107998530e+00 6.967410082956465578e-01 2.644729754161788682e-01 -3.366862901520175910e+01
1.000000000000000000e+00 -4.064397480404198291e+02 -1.929915901074873830e+02 -7.664591772912463639e+05 -5.893947693592668750e+13 1.025866132462039279e-06 1.306202104097102712e+01 4.215557918476555144e-01 9.824020258764878388e-01 -6.842478123680320601e-02 -1.994817617275364441e+01
1.000000000000000000e+00 -3.600316544385673296e+02 -2.250585475864695013e+02 -7.704104091919236816e+05 -5.954873004740270312e+13 9.090420192822417121e-07 6.520280132039235355e+01 2.093710441245030029e+00 3.871151759203281806e-01 -3.399620820950546851e-01 -3.549544076242018775e+01
1.000000000000000000e+00 -3.043198710560499762e+02 -2.513836479756141671e+02 -7.743616715942900628e+05 -6.016112063038878125e+13 7.806030196158719729e-07 5.911114158730060097e+01 1.888584442589156698e+00 -5.553086602501412505e-01 -3.067185806139559046e-01 -3.704963480687050748e+01
1.000000000000000000e+00 -2.406964587637315276e+02 -2.712056378943471486e+02 -7.783129712630127324e+05 -6.077664981390951562e+13 6.535663253180184192e-07 -2.637343267331518359e-01 -8.384193993114408272e-03 -1.000214476390540952e+00 1.385364569426285027e-03 -2.028901666602999043e+01
1.000000000000000000e+00 -1.708502596224165870e+02 -2.840139829458984764e+02 -7.822643134392718785e+05 -6.139531850930496875e+13 5.411441196207626536e-07 -5.998859744107871705e+01 -1.897587250992554875e+00 -5.491876094078642634e-01 3.082598098333065861e-01 -3.182687916679014606e+01
1.000000000000000000e+00 -9.651481956290368203e+01 -2.894683802723251915e+02 -7.862157022730079480e+05 -6.201712747238338281e+13 4.547200716602941356e-07 -6.630515396427817620e+01 -2.087033408356316233e+00 3.937930310292342972e-01 3.389637319757438649e-01 -3.957901902943568473e+01
1.000000000000000000e+00 -1.962620297501847944e+01 -2.873642908063513914e+02 -7.901671462739891140e+05 -6.264207816338392969e+13 4.031501224623746124e-07 -1.294300250258116769e+01 -4.053935051501967313e-01 9.837188466650671481e-01 6.584879790222106233e-02 -2.198154944194734739e+01
1.000000000000000000e+00 5.774050507331455862e+01 -2.777868787348763249e+02 -7.941186373844876653e+05 -6.327016942955774219e+13 3.919404894881313511e-07 5.262431575068874423e+01 1.640205723014104500e+00 6.914588509899672886e-01 -2.663055210597801148e-01 -2.799578480307821238e+01
1.000000000000000000e+00 1.336341160895954658e+02 -2.610049388638981895e+02 -7.980701806921382667e+05 -6.390140219769723438e+13 4.222971146150640042e-07 7.140381644750581813e+01 2.214694168226982729e+00 -2.209290502548322821e-01 -3.596551036917527422e-01 -4.088446908352005948e+01
1.000000000000000000e+00 2.060740922911556368e+02 -2.374226544419674099e+02 -8.020217752684468869e+05 -6.453577644254058594e+13 4.910146626191693033e-07 2.605440157180858307e+01 8.042002105775509779e-01 -9.353775020133306972e-01 -1.306089263328633343e-01 -2.478688444195462282e+01
1.000000000000000000e+00 2.731251331696370812e+02 -2.077114294464778652e+02 -8.059734184273539577e+05 -6.517329185163920312e+13 5.910542063118103502e-07 -4.317878775456847507e+01 -1.326338685454241828e+00 -8.117972263027194435e-01 2.154775815997450605e-01 -2.448159024979500487e+01
1.000000000000000000e+00 3.331470591990299113e+02 -1.726774400359869048e+02 -8.099251064226776361e+05 -6.581394793173695312e+13 7.124567778179500413e-07 -7.421609809298364269e+01 -2.268783703450895750e+00 3.905346331902320722e-02 3.685113129786699027e-01 -4.081862568878919717e+01
1.000000000000000000e+00 3.846255382982193964e+02 -1.332032941830139521e+02 -8.138768347580995178e+05 -6.645774405519099219e+13 8.428534106750737067e-07 -3.870856753135335282e+01 -1.177668449816508867e+00 8.548169951805429934e-01 1.912558245056048545e-01 -2.835685846272838617e+01
1.000000000000000000e+00 4.262354489319270670e+02 -9.036461244758095290e+01 -8.178285973395718029e+05 -6.710467931790351562e+13 9.688888031286250116e-07 3.203871343376162883e+01 9.701119621182512365e-01 9.039637975614551735e-01 -1.574943784297434257e-01 -2.176709135574219900e+01
1.000000000000000000e+00 4.570602867439793044e+02 -4.528085740312183560e+01 -8.217803870717949467e+05 -6.775475263134445312e+13 1.078330980841690343e-06 7.458479040610350808e+01 2.247696732299441891e+00 1.422865478527962635e-01 -3.649852267596896960e-01 -3.938783062480859343e+01
1.000000000000000000e+00 4.763922615539084973e+02 9.416582866795035756e-01 -8.257321968386127846e+05 -6.840796288102327344e+13 1.160591504464095329e-06 5.033683623095226523e+01 1.509814923683142851e+00 -7.470599492672830300e-01 -2.452122158636590166e-01 -3.218248407241828346e+01
1.000000000000000000e+00 4.837768502070470618e+02 4.709800284241713797e+01 -8.296840189591513481e+05 -6.906430883586217188e+13 1.207683994629541417e-06 -1.944737316263092453e+01 -5.805755263385928844e-01 -9.669656570467896062e-01 9.433499514228205207e-02 -2.019912027756067374e+01
1.000000000000000000e+00 4.791979157679079435e+02 9.203753659565047940e+01 -8.336358454000973143e+05 -6.972378918146593750e+13 1.215614021307265217e-06 -7.238030238901963287e+01 -2.150738872394786672e+00 -3.205370372242156152e-01 3.493655314639472764e-01 -3.676904420241757521e+01
1.000000000000000000e+00 4.628464413167603198e+02 1.347084216222254724e+02 -8.375876685495444108e+05 -7.038640264878437500e+13 1.183837130265918592e-06 -6.064444985124520571e+01 -1.793648412024718697e+00 6.130706857058811909e-01 2.913006240475367603e-01 -3.580560694636238139e+01
1.000000000000000000e+00 4.351525929297349080e+02 1.740435637443811743e+02 -8.415394803546366747e+05 -7.105214787016353125e+13 1.115544545436000328e-06 5.849683758804739675e+00 1.722134144808907530e-01 9.968997798461218807e-01 -2.793906819170863601e-02 -1.998725002626147074e+01
1.000000000000000000e+00 3.969437550838679840e+02 2.091087004879831284e+02 -8.454912732068336336e+05 -7.172102352778732812e+13 1.018149021429574126e-06 6.769690831017130961e+01 1.983814415855462920e+00 4.865479696804917431e-01 -3.221106053728189922e-01 -3.333352905233518726e+01
1.000000000000000000e+00 3.491901593233393442e+02 2.391290669801906290e+02 -8.494430409165216843e+05 -7.239302852156039062e+13 9.013417504529889768e-07 6.911496410855005479e+01 2.016095561664023261e+00 -4.601996803560614024e-01 -3.274207507709602227e-01 -3.870040918532127705e+01
1.000000000000000000e+00 2.930356757206409384e+02 2.633712424117671844e+02 -8.533947771996202646e+05 -7.306816171557856250e+13 7.761482267814434758e-07 8.324391328778263599e+00 2.417171452417271049e-01 -9.945366666495720764e-01 -3.924167208637505122e-02 -2.115676283376765454e+01
1.000000000000000000e+00 2.299381768270934572e+02 2.812840236165131955e+02 -8.573464765701703727e+05 -7.374642209131054688e+13 6.547784403946375171e-07 -6.050281545449570331e+01 -1.748861977990009642e+00 -6.378470915155967091e-01 2.841058700453920616e-01 -2.950193707694915091e+01
1.000000000000000000e+00 1.614015517327399323e+02 2.925069633798177620e+02 -8.612981346783367917e+05 -7.442780880917846875e+13 5.488454272696264451e-07 -7.550820600130904836e+01 -2.172741439669956254e+00 2.902843079052198072e-01 3.528918962775013379e-01 -4.052746756867902889e+01
1.000000000000000000e+00 8.901313958842781915e+01 2.967489844864106772e+02 -8.652497478698164923e+05 -7.511232113656714062e+13 4.682625348666142506e-07 -2.264669815162583433e+01 -6.487264627697033603e-01 9.581144600192450511e-01 1.053610793396290157e-01 -2.356341852174403328e+01
1.000000000000000000e+00 1.457225666054708135e+01 2.939232965640098882e+02 -8.692013137004279997e+05 -7.579995854033298438e+13 4.207245029463935090e-07 5.110976484126838670e+01 1.457512324662712633e+00 7.666890306321777482e-01 -2.366378912121907541e-01 -2.580976147855189495e+01
1.000000000000000000e+00 -6.018453264780880829e+01 2.841396639719448558e+02 -8.731528311650203541e+05 -7.649072073170809375e+13 4.106869228177558739e-07 7.947912275975947693e+01 2.256429528179975996e+00 -1.123385240394339790e-01 -3.664239228740446275e-01 -4.101422394421974360e+01
1.000000000000000000e+00 -1.335363004586703823e+02 2.675803842207374146e+02 -8.771042997428305680e+05 -7.718460750398962500e+13 4.389849286853884221e-07 3.654136723331637882e+01 1.032814928644353980e+00 -8.907490815015901564e-01 -1.677418185866778322e-01 -2.687151149188614241e+01
1.000000000000000000e+00 -2.036591038558370883e+02 2.446308637993506636e+02 -8.810557199020434637e+05 -7.788161882366214062e+13 5.028497450560400251e-07 -3.964436592852492680e+01 -1.115569843399702998e+00 -8.711509703708183450e-01 1.812410123606858769e-01 -2.272247887766158669e+01
1.000000000000000000e+00 -2.689030399727815279e+02 2.158569511517631554e+02 -8.850070938979589846e+05 -7.858175497606045312e+13 5.961913467730913708e-07 -8.083865396462736896e+01 -2.264750860384153963e+00 -7.121851370621345989e-02 3.678652481354569015e-01 -4.010609514135858689e+01
1.000000000000000000e+00 -3.277347884940753602e+02 1.818774457928719528e+02 -8.889584246332289185e+05 -7.928501636914621875e+13 7.100072864647152477e-07 -4.963705188835221094e+01 -1.384528270307618270e+00 7.924388436938698543e-01 2.248505874435811347e-01 -3.067680622278981772e+01
1.000000000000000000e+00 -3.786278304878063636e+02 1.434905380829963235e+02 -8.929097161213338841e+05 -7.999140361911546875e+13 8.331167585013640198e-07 2.655762076813567418e+01 7.375438487119663211e-01 9.455819922066448502e-01 -1.197318025345567999e-01 -2.066373350264127495e+01
1.000000000000000000e+00 -4.203376050191553759e+02 1.016361011924268354e+02 -8.968609735293141566e+05 -8.070091756249179688e+13 9.537308388257234248e-07 7.949934331848935187e+01 2.198230963685608774e+00 2.507710538767183861e-01 -3.569442908052483099e-01 -3.792764130919788101e+01
1.000000000000000000e+00 -4.518314761753806010e+02 5.726336540068385972e+01 -9.008122022881095763e+05 -8.141355909988789062e+13 1.060063256317049868e-06 6.131646995061822025e+01 1.688131278442301930e+00 -6.689249604381407588e-01 -2.741696077803230658e-01 -3.443206841997258039e+01
1.000000000000000000e+00 -4.721840475542706486e+02 1.145229084542337361e+01 -9.047634089910567272e+05 -8.212932936017225000e+13 1.140996492105667936e-06 -1.218256407888181769e+01 -3.339605669717891079e-01 -9.893414329050943534e-01 5.427352372655018520e-02 -1.990263684088322194e+01
1.000000000000000000e+00 -4.808439876564552264e+02 -3.463980418939065231e+01 -9.087146012621048139e+05 -8.284822968104729688e+13 1.188314946590714768e-06 -7.535180779474052315e+01 -2.056769485522677243e+00 -4.236283966510130949e-01 3.341089324693933826e-01 -3.474493795499850535e+01
1.000000000000000000e+00 -4.775446132710110305e+02 -7.991489498924825341e+01 -9.126657867185475770e+05 -8.357026142317509375e+13 1.197245106369503180e-06 -7.127596717859290720e+01 -1.937218003503671016e+00 5.215266093202617359e-01 3.146230599796154825e-01 -3.768685541016539986e+01
1.000000000000000000e+00 -4.621955816902188303e+02 -1.232178686212899521e+02 -9.166169731163984397e+05 -8.429542599688929688e+13 1.166237380274956653e-06 -2.986651890650721342e+00 -8.082976554618996612e-02 9.991451860133910845e-01 1.314789152137253031e-02 -2.054394160642723577e+01
1.000000000000000000e+00 -4.351321080287012819e+02 -1.634040293618079716e+02 -9.205681688404101878e+05 -8.502372495326146875e+13 1.098099748709588992e-06 6.858604083888948821e+01 1.848338941345129438e+00 5.808356101874191380e-01 -3.001068198086989658e-01 -3.101075531950217368e+01
1.000000000000000000e+00 -3.969954053197253643e+02 -1.994749372449069824e+02 -9.245193815190454479e+05 -8.575515972965273438e+13 9.994220948934152118e-07 7.900104596717231686e+01 2.120047785523496486e+00 -3.583061307747915647e-01 -3.442953877743961666e-01 -3.996234058738620121e+01
1.000000000000000000e+00 -3.486093128623215307e+02 -2.304629209987788272e+02 -9.284706189371056389e+05 -8.648973181674398438e+13 8.795672229378179536e-07 1.841788232012702053e+01 4.921835839569812521e-01 -9.764369367466978478e-01 -7.992712537590267174e-02 -2.249679521549978745e+01
1.000000000000000000e+00 -2.912032756882168769e+02 -2.555061559539422547e+02 -9.324218885752774077e+05 -8.722744267300564062e+13 7.507844815554226969e-07 -5.922802447398581194e+01 -1.576147745585430027e+00 -7.199286078562598945e-01 2.560538487251444728e-01 -2.718990105118768952e+01
1.000000000000000000e+00 -2.262542555046600796e+02 -2.739732016289393073e+02 -9.363731963094978128e+05 -8.796829347911429688e+13 6.264203296018631742e-07 -8.425501613807011836e+01 -2.232827901959694827e+00 1.814427697897876834e-01 3.626597050066658889e-01 -4.099220120376663345e+01
1.000000000000000000e+00 -1.553422849230068152e+02 -2.853392848855934290e+02 -9.403245473647725303e+05 -8.871228531156204688e+13 5.189571637388801428e-07 -3.365714838842945511e+01 -8.882477222346452095e-01 9.201205596287376220e-01 1.442557898052816978e-01 -2.551569602456945063e+01
1.000000000000000000e+00 -8.034678129816514058e+01 -2.892579712331368569e+02 -9.442759462051594164e+05 -8.945941911923073438e+13 4.395071924356986878e-07 4.768729405726881510e+01 1.253326422489538183e+00 8.337256929295014940e-01 -2.034816661309291064e-01 -2.381598505378307706e+01
1.000000000000000000e+00 -3.253379022474160553e+00 -2.856625919304775039e+02 -9.482273956071952125e+05 -9.020969554407653125e+13 3.964967059674099299e-07 8.675729288851898957e+01 2.270803769577485198e+00 -3.671321341838229557e-04 -3.687490344684464794e-01 -4.062206567800185297e+01
1.000000000000000000e+00 7.400308799141187421e+01 -2.746245173799466670e+02 -9.521788970654252917e+05 -9.096311499192178125e+13 3.944116405470962142e-07 4.805527945665964751e+01 1.252662645547279130e+00 -8.342269313301238221e-01 -2.034489733950183565e-01 -2.917150307816266164e+01
1.000000000000000000e+00 1.493560574832782777e+02 -2.564120769098881851e+02 -9.561304509526253678e+05 -9.171967765811237500e+13 4.334933904944890081e-07 -3.417898341226162984e+01 -8.873170234076531715e-01 -9.206696237148618289e-01 1.441633755055259647e-01 -2.131821275740928812e+01
1.000000000000000000e+00 2.208171650789061573e+02 -2.315636545552749510e+02 -9.600820554228550754e+05 -9.247938331174492188e+13 5.098338164908056498e-07 -8.634335574801370683e+01 -2.232453581352610517e+00 -1.823486999968330635e-01 3.626281000751275796e-01 -3.890383877922619149e+01
1.000000000000000000e+00 2.866236793383413328e+02 -2.007250994087933407e+02 -9.640337078129495494e+05 -9.324223155797739062e+13 6.158423791851160743e-07 -6.124301435821927697e+01 -1.577070274724448939e+00 7.193073465623140983e-01 2.561221235161164622e-01 -3.301874253771083545e+01
1.000000000000000000e+00 3.450491405209605773e+02 -1.646953437403457770e+02 -9.679854045211267658e+05 -9.400822181121026562e+13 7.406945514866278285e-07 1.922055563031712921e+01 4.929563619288118148e-01 9.759395417853895527e-01 -8.001807416294355602e-02 -2.003351718057885478e+01
1.000000000000000000e+00 3.946069238620305555e+02 -1.244769917698446307e+02 -9.719371401884556981e+05 -9.477735313172839062e+13 8.717244514691995273e-07 8.302948433318589139e+01 2.120947654755283462e+00 3.572151891233491527e-01 -3.443869918250926365e-01 -3.608326167672054652e+01
1.000000000000000000e+00 4.341657807047961910e+02 -8.109994044227971699e+01 -9.758889086759283673e+05 -9.554962441006501562e+13 9.960309539194960024e-07 7.258856300786959537e+01 1.846833946937090021e+00 -5.819127032628218510e-01 -2.999396227437087226e-01 -3.650192396395134153e+01
1.000000000000000000e+00 4.627387355075545088e+02 -3.566245318439236200e+01 -9.798407032178668305e+05 -9.632503439407031250e+13 1.101216261423811823e-06 -3.237767446152480577e+00 -8.204918245093312246e-02 -9.995679396608290190e-01 1.335179556891484542e-02 -2.012650384759311351e+01
1.000000000000000000e+00 4.796668989477449259e+02 1.062846183032703706e+01 -9.837925160861769691e+05 -9.710358162014785938e+13 1.177159067820453044e-06 -7.674784083004983870e+01 -1.937182747236691815e+00 -5.216724252455415822e-01 3.146899745288108119e-01 -3.250604489283028187e+01
1.000000000000000000e+00 4.846941373564974924e+02 5.663545046810857997e+01 -9.877443396966331638e+05 -9.788526462870381250e+13 1.217086920939996030e-06 -8.180535355443535650e+01 -2.056689761795418736e+00 4.236240535050791456e-01 3.340333463729909247e-01 -3.921029024749850578e+01
1.000000000000000000e+00 4.777326528128934910e+02 1.012428830041706931e+02 -9.916961663503526943e+05 -9.867008191327229688e+13 1.217106124321004463e-06 -1.325387589955467149e+01 -3.319092507593753849e-01 9.890422637074683943e-01 5.391668462819267788e-02 -2.158720215734476611e+01
1.000000000000000000e+00 4.590282281382918086e+02 1.433167524340269665e+02 -9.956479878360251896e+05 -9.945803184059187500e+13 1.177421790698221963e-06 6.778868370372545371e+01 1.690946116358616580e+00 6.673470265713130622e-01 -2.745455841792128759e-01 -2.867605181524942282e+01
1.000000000000000000e+00 4.291993588650611287e+02 1.818760315402003300e+02 -9.995997963828322245e+05 -1.002491128397092188e+14 1.102728393162765238e-06 8.841980357569882187e+01 2.196973852852195819e+00 -2.529262817604940317e-01 -3.567799299536074664e-01 -4.074692759611976101e+01
1.000000000000000000e+00 3.889873164900678830e+02 2.160303853663589564e+02 -1.003551585011523799e+06 -1.010433234744223125e+14 1.000473036616488380e-06 2.964627936588495771e+01 7.337615146353456685e-01 -9.465485353409569536e-01 -1.191675645384874943e-01 -2.421217206278242529e+01
1.000000000000000000e+00 3.394119797784393313e+02 2.449370723883374410e+02 -1.007503346886759973e+06 -1.018406623154858281e+14 8.806017251562189164e-07 -5.623332632141487863e+01 -1.386418879695131556e+00 -7.920753211413095185e-01 2.252365721776959928e-01 -2.506885773502789760e+01
1.000000000000000000e+00 2.817865753992005011e+02 2.679617723035275958e+02 -1.011455076213582652e+06 -1.026411281231273906e+14 7.549397400492215268e-07 -9.220873862997017056e+01 -2.264619524324887223e+00 7.202187130360679368e-02 3.678322550727792795e-01 -4.093519169952593728e+01
1.000000000000000000e+00 2.174612038954314812e+02 2.845997511508230104e+02 -1.015406767936766264e+06 -1.034447197899155156e+14 6.353257367390876534e-07 -4.548988368420000938e+01 -1.112927667455046343e+00 8.714703598243975780e-01 1.807420787399073581e-01 -2.767827115888178113e+01
1.000000000000000000e+00 1.479779171947564294e+02 2.944312272048501313e+02 -1.019358417304877890e+06 -1.042514362545242344e+14 5.330758902787954151e-07 4.256246733276996963e+01 1.037323647157543771e+00 8.893815943935715618e-01 -1.684078151052798289e-01 -2.218136100160940671e+01
1.000000000000000000e+00 7.507010235945355703e+01 2.972719064256087336e+02 -1.023310021170806605e+06 -1.050612767699836562e+14 4.580701117881440972e-07 9.296628414066873347e+01 2.257120263654329939e+00 1.096091592565498485e-01 -3.665180896273276256e-01 -3.974089734634598869e+01
1.000000000000000000e+00 4.052133354736626725e-01 2.930785367949166584e+02 -1.027261577649221756e+06 -1.058742408394329375e+14 4.172317444654768559e-07 6.008509272340695873e+01 1.453262392419287119e+00 -7.685124869755213250e-01 -2.360280170851574710e-01 -3.149400739842610619e+01
1.000000000000000000e+00 -7.425628958428444548e+01 2.819049266301761349e+02 -1.031213085362471989e+06 -1.066903280650830312e+14 4.142199836257658695e-07 -2.706809171793385360e+01 -6.522127593469061457e-01 -9.580616361159308703e-01 1.059721085507934202e-01 -2.038440319282126367e+01
1.000000000000000000e+00 -1.470726129130490278e+02 2.640430980401446845e+02 -1.035164544161924627e+06 -1.075095383000622500e+14 4.492917777704168674e-07 -9.054061296653605950e+01 -2.173379999999505596e+00 -2.893927524463006939e-01 3.530408950167129301e-01 -3.730968174820466032e+01
1.000000000000000000e+00 -2.163757316363416123e+02 2.399147682990455905e+02 -1.039115955150156631e+06 -1.083318716579159844e+14 5.190813875834235509e-07 -7.306506406000532650e+01 -1.747305222165839611e+00 6.384940288041007772e-01 2.837728170693947782e-01 -3.520016592415074541e+01
1.000000000000000000e+00 -2.805067777586518218e+02 2.100283966439525045e+02 -1.043067320192142623e+06 -1.091573284152581406e+14 6.167214799058043790e-07 1.031303805672848384e+01 2.457075680227876202e-01 9.939094547515006095e-01 -3.987233163098313771e-02 -1.992209871814579714e+01
1.000000000000000000e+00 -3.378375216989589376e+02 1.751107036630564266e+02 -1.047018642715646769e+06 -1.099859091829506875e+14 7.326254240243026328e-07 8.504111832932834147e+01 2.018551684172465333e+00 4.580135566947279857e-01 -3.277530335241163328e-01 -3.398554296397011854e+01
1.000000000000000000e+00 -3.870202344382104798e+02 1.359849926404957614e+02 -1.050969927229170455e+06 -1.108176148106404688e+14 8.557855852208208947e-07 8.378499444364042859e+01 1.981354555622255376e+00 -4.885928597030860798e-01 -3.217806244479025635e-01 -3.825673871256491054e+01
1.000000000000000000e+00 -4.268151118195630715e+02 9.352760537377079686e+01 -1.054921178365521366e+06 -1.116524461885868594e+14 9.741516455132331011e-07 7.176746303595813892e+00 1.690886999518112221e-01 -9.974435909130621170e-01 -2.744381709313795797e-02 -2.085528203014687065e+01
1.000000000000000000e+00 -4.561196766044787978e+02 4.878851034989496327e+01 -1.058872402155335993e+06 -1.124904045187420312e+14 1.075644093316829802e-06 -7.643825650418035877e+01 -1.794298736997393728e+00 -6.128677770521300250e-01 2.914853067462869762e-01 -3.017687489587521554e+01
1.000000000000000000e+00 -4.742072137990863325e+02 2.857058695966912421e+00 -1.062823605560840340e+06 -1.133314912208595469e+14 1.150165326056264396e-06 -9.195499107558281082e+01 -2.150612554933207132e+00 3.206559279683908192e-01 3.492954458424440967e-01 -4.030149970548927740e+01
1.000000000000000000e+00 -4.805404472242088332e+02 -4.318378776778085637e+01 -1.066774795810819138e+06 -1.141757077938321719e+14 1.190000408338848370e-06 -2.485603994341411394e+01 -5.791986712796901582e-01 9.667121024993854395e-01 9.407106482519513035e-02 -2.306899803438891894e+01
1.000000000000000000e+00 -4.748029441622709896e+02 -8.814812350834630195e+01 -1.070725980821169913e+06 -1.150230559071043906e+14 1.190608551975733122e-06 6.512366631178223031e+01 1.511990354737011488e+00 7.459594392224556669e-01 -2.454844288585218137e-01 -2.642011801092888490e+01
1.000000000000000000e+00 -4.571157417293295566e+02 -1.308919021502500470e+02 -1.074677168684464181e+06 -1.158735372933235312e+14 1.151874638740323783e-06 9.714454273627004000e+01 2.247237182589189697e+00 -1.436962488748617650e-01 -3.649336991331350033e-01 -4.102938112123812431e+01
1.000000000000000000e+00 -4.278277131974649592e+02 -1.703591717643774928e+02 -1.078628367020885227e+06 -1.167271536085595469e+14 1.077171841199174991e-06 4.202014072241556164e+01 9.685321740409437163e-01 -9.046541476668954473e-01 -1.573008201939778417e-01 -2.625239177864590090e+01
1.000000000000000000e+00 -3.875389125112006923e+02 -2.054803236183704485e+02 -1.082579583980932599e+06 -1.175839066482488594e+14 9.732714732165264258e-07 -5.126120943499589089e+01 -1.177272828860766785e+00 -8.552462467216115360e-01 1.912639477080088635e-01 -2.319013970106723121e+01
1.000000000000000000e+00 -3.372840574654957777e+02 -2.353216501052735055e+02 -1.086530827531782677e+06 -1.184437981937080000e+14 8.507962281343414872e-07 -9.914130044833291322e+01 -2.268716545116934213e+00 -3.980379256672023081e-02 3.685068354153934744e-01 -4.035887640497679030e+01
1.000000000000000000e+00 -2.782908520337630307e+02 -2.591241942389528958e+02 -1.090482104210326448e+06 -1.193068297385534219e+14 7.222177667168947130e-07 -5.820747513700603548e+01 -1.327233492247793967e+00 8.112219758952790016e-01 2.155455102060707673e-01 -3.001223348559422632e+01
1.000000000000000000e+00 -2.119865025550815290e+02 -2.762004462928875341e+02 -1.094433420213594567e+06 -1.201730027224975156e+14 6.004173104237019823e-07 3.542005704716694936e+01 8.047598826898748614e-01 9.348970821928822561e-01 -1.306457520732779432e-01 -2.093097421915493328e+01
1.000000000000000000e+00 -1.401439571692810375e+02 -2.860790706452049221e+02 -1.098384780655976851e+06 -1.210423183662923438e+14 4.980558186801836277e-07 9.784008989388429711e+01 2.215072280120235160e+00 2.201711800236258176e-01 -3.596813954135516522e-01 -3.838350676436554920e+01
1.000000000000000000e+00 -6.460925875520354111e+01 -2.885244109534993981e+02 -1.102336189272741554e+06 -1.219147776018590000e+14 4.257793932932765421e-07 7.267097290181118296e+01 1.639424782238217748e+00 -6.920296455880591280e-01 -2.662602281186050024e-01 -3.380725032939292163e+01
1.000000000000000000e+00 1.270649700498885259e+01 -2.834204729244275995e+02 -1.106287649024917511e+06 -1.227903812010956250e+14 3.910688466451040149e-07 -1.800296206506979146e+01 -4.047057504008637063e-01 -9.842022722094495579e-01 6.576575769015279016e-02 -1.993443944965275705e+01
1.000000000000000000e+00 8.970759487837392498e+01 -2.709016172472665289e+02 -1.110239161228108918e+06 -1.236691295787265469e+14 3.976899530878945421e-07 -9.312952825714613425e+01 -2.086186287047387289e+00 -3.947315376176032675e-01 3.388852790242058433e-01 -3.534770928953226132e+01
1.000000000000000000e+00 1.644016536109790252e+02 -2.513437660053110392e+02 -1.114190725243235938e+06 -1.245510227166375469e+14 4.451166720127483779e-07 -8.505440698929723453e+01 -1.898620334858534653e+00 5.483611707352216147e-01 3.083527251274937875e-01 -3.718257361660742077e+01
1.000000000000000000e+00 2.349055397984818683e+02 -2.252303313014777189e+02 -1.118142339465496596e+06 -1.254360603780145469e+14 5.286049819960270732e-07 -3.794187483637387337e-01 -8.439972477526551733e-03 9.997717947138995420e-01 1.393808401658320388e-03 -2.033291082164497610e+01
1.000000000000000000e+00 2.993303591501540950e+02 -1.932668333782882257e+02 -1.122094001231767936e+06 -1.263242420826656406e+14 6.396696875825985116e-07 8.524350706373655839e+01 1.889599500064704563e+00 5.545022569386548472e-01 -3.068080754064850257e-01 -3.168436849797527444e+01
1.000000000000000000e+00 3.560615104456614972e+02 -1.563452244635265629e+02 -1.126045706071251538e+06 -1.272155669335076562e+14 7.671930375775467498e-07 9.474033152993543183e+01 2.092834139749668143e+00 -3.880993847927754481e-01 -3.398780952532689525e-01 -3.964576202587278431e+01
1.000000000000000000e+00 4.037403212813468940e+02 -1.153971892376807062e+02 -1.129997448900699615e+06 -1.281100338804088438e+14 8.984274058543733766e-07 1.910178831964578094e+01 4.205044550248879243e-01 -9.829167699252192580e-01 -6.828376892266356524e-02 -2.206658632176453949e+01
1.000000000000000000e+00 4.411339811832777400e+02 -7.149948676860451258e+01 -1.133949223340570694e+06 -1.290076415621609062e+14 1.020058385937341385e-06 -7.421754199214035452e+01 -1.628189599669294996e+00 -6.970897734043126626e-01 2.645066086778040670e-01 -2.784626112747769611e+01
1.000000000000000000e+00 4.673917465391504606e+02 -2.582222979288383158e+01 -1.137901021940477658e+06 -1.299083883528152344e+14 1.120387511796991736e-06 -1.014632175884131868e+02 -2.218268015751812872e+00 2.132879571324819978e-01 3.602923303102994468e-01 -4.091115968726754204e+01
1.000000000000000000e+00 4.819887852259526539e+02 2.051814942290937793e+01 -1.141852837604691274e+06 -1.308122726840522969e+14 1.190112779277787555e-06 -3.761849509597652741e+01 -8.196319720073763637e-01 9.323831388509860041e-01 1.331134459781636026e-01 -2.491790350379001495e+01
1.000000000000000000e+00 4.845755149406399482e+02 6.635263791580777593e+01 -1.145804662697158987e+06 -1.317192928408174219e+14 1.222351882957204916e-06 6.054272275522267677e+01 1.314608948807835187e+00 8.152277406847064922e-01 -2.134327380992746270e-01 -2.436703942756804864e+01
1.000000000000000000e+00 4.752087228299695312e+02 1.105152310556432269e+02 -1.149756488872161834e+06 -1.326294469201090156e+14 1.214333966509549963e-06 1.048778487963873260e+02 2.269554493412693663e+00 -3.316734114379210618e-02 -3.685488433815392595e-01 -4.079079223442600011e+01
1.000000000000000000e+00 4.542579929417424296e+02 1.519795444546707301e+02 -1.153708308359114919e+06 -1.335427331255984062e+14 1.167516396911483490e-06 5.516536308768594665e+01 1.189735847394113089e+00 -8.519138718247788455e-01 -1.932287497660833131e-01 -2.848539797506718330e+01
1.000000000000000000e+00 4.222417189031440330e+02 1.897444596283166334e+02 -1.157660113629806321e+06 -1.344591496926118281e+14 1.086614368440481832e-06 -4.446141409935447086e+01 -9.556514933306451409e-01 -9.072980628453160001e-01 1.552637868051700287e-01 -2.168592390143395576e+01
1.000000000000000000e+00 3.800415715451539995e+02 2.228867887976076076e+02 -1.161611897298287833e+06 -1.353786948657569062e+14 9.799387792455958167e-07 -1.047953807022942101e+02 -2.244892599359613161e+00 -1.498194426494034448e-01 3.646460006806935272e-01 -3.930462664193375844e+01
1.000000000000000000e+00 3.287802339316208986e+02 2.506828407152075044e+02 -1.165563653246133123e+06 -1.363013671626632656e+14 8.581364184288941366e-07 -7.130130364771346763e+01 -1.522274515941840489e+00 7.418426593513196554e-01 2.472222881844943765e-01 -3.233658490811939146e+01
1.000000000000000000e+00 2.696551462337261000e+02 2.724836047366816274e+02 -1.169515375655304641e+06 -1.372271651520478594e+14 7.325930935556338346e-07 2.659507172601546543e+01 5.659051429130544930e-01 9.682390719701488013e-01 -9.186275850740190096e-02 -2.016621799264793680e+01
1.000000000000000000e+00 2.041451984104793667e+02 2.877636230611383326e+02 -1.173467059020905988e+06 -1.381560874579086406e+14 6.153867730735932405e-07 1.012165014764857602e+02 2.146572813051044193e+00 3.261923213197087112e-01 -3.485502803243246683e-01 -3.666138222703941807e+01
1.000000000000000000e+00 1.338692484988367255e+02 2.962278714365461951e+02 -1.177418699532457395e+06 -1.390881330871062500e+14 5.178847988546222202e-07 8.526478471652764313e+01 1.802273341563121356e+00 -6.084143223452880278e-01 -2.927041639411716023e-01 -3.591744933402789997e+01
1.000000000000000000e+00 6.042551188244483740e+01 2.976768549351487536e+02 -1.181370294285699027e+06 -1.400233012492381094e+14 4.490958966166518507e-07 -7.436962100531494535e+00 -1.566779863289546604e-01 -9.978368065551889154e-01 2.547483322732704489e-02 -2.000615279965586879e+01
1.000000000000000000e+00 -1.440504280079928279e+01 2.920534696849320540e+02 -1.185321841002912726e+06 -1.409615912937114062e+14 4.153805310292200146e-07 -9.405820035586674521e+01 -1.975037284366160772e+00 -4.933601600276112942e-01 3.208372113948779747e-01 -3.318228008701122889e+01
1.000000000000000000e+00 -8.881285548756690673e+01 2.795371117648392101e+02 -1.189273339008823736e+06 -1.419030029451146562e+14 4.199091373824906964e-07 -9.671027527200423890e+01 -2.024054532256903460e+00 4.530828685157601843e-01 3.287308859931368787e-01 -3.880301705318910166e+01
1.000000000000000000e+00 -1.611112270018739991e+02 2.603993165188968533e+02 -1.193224788231481565e+06 -1.428475360703507188e+14 4.621527989577535779e-07 -1.238183721829214079e+01 -2.582916343577411067e-01 9.932906676690420600e-01 4.196300391449740708e-02 -2.123206022379384450e+01
1.000000000000000000e+00 -2.295354502281431621e+02 2.350499335047501290e+02 -1.197176189679964213e+06 -1.437951907957845625e+14 5.378708938045784333e-07 8.365728915908482577e+01 1.739439674049420903e+00 6.427335216027411091e-01 -2.824209274594955410e-01 -2.935802434057534072e+01
1.000000000000000000e+00 -2.924056959298214906e+02 2.041193027383538094e+02 -1.201127546029792400e+06 -1.447459676526236562e+14 6.396689547845562476e-07 1.050514764267316821e+02 2.177171897607758755e+00 -2.842026604251663424e-01 -3.535666019049975572e-01 -4.056767734955228377e+01
1.000000000000000000e+00 -3.482676854212250532e+02 1.683042910867317516e+02 -1.205078860845271498e+06 -1.456998673954787500e+14 7.578425484475616679e-07 3.213821946156078013e+01 6.638989125477099407e-01 -9.565057965397155693e-01 -1.078196505691234736e-01 -2.367487771298631571e+01
1.000000000000000000e+00 -3.956936510989248177e+02 1.284134361696776239e+02 -1.209030138078300050e+06 -1.466568908842969688e+14 8.808005851679609196e-07 -7.010970155414146632e+01 -1.443618464903175580e+00 -7.719888669255955405e-01 2.345275408575372700e-01 -2.566489382025135413e+01
1.000000000000000000e+00 -4.334502579917074740e+02 8.543625932255224598e+01 -1.212981383310531732e+06 -1.476170393882344062e+14 9.963577305047584548e-07 -1.100246399762631881e+02 -2.258202990941019728e+00 1.040026678507786628e-01 3.667874501962413714e-01 -4.100477036586037372e+01
1.000000000000000000e+00 -4.606251005410715607e+02 4.037938081162239001e+01 -1.216932602601323510e+06 -1.485803143107990625e+14 1.093134417171621770e-06 -5.127587708780667697e+01 -1.049033478035627187e+00 8.867014022777166549e-01 1.703659763232382163e-01 -2.703227267164750813e+01
