5.400000270910149266e+04 -6.121287630195714131e-08 9.999999999999999547e-08
5.400917913291592413e+04 -1.080787571770565177e-07 9.999999999999999547e-08
5.401835553015240293e+04 6.796386325050397722e-08 9.999999999999999547e-08
5.402753191875465563e+04 1.209589820814331873e-08 9.999999999999999547e-08
5.403670831750927755e+04 -2.247328955619063256e-07 9.999999999999999547e-08
5.404588474537248840e+04 -1.383367468639149045e-07 9.999999999999999547e-08
5.405506121976403665e+04 4.578638290525646989e-08 9.999999999999999547e-08
5.406423775826697238e+04 -2.195168447791238636e-07 9.999999999999999547e-08
5.407341437782576395e+04 -2.148879940406679738e-07 9.999999999999999547e-08
5.408259109125139366e+04 -8.725092317303909372e-08 9.999999999999999547e-08
5.409176790968403657e+04 -8.686438788388746040e-08 9.999999999999999547e-08
5.410094484201155865e+04 1.157211503433199592e-07 9.999999999999999547e-08
5.411012189328973182e+04 1.155718121080131158e-07 9.999999999999999547e-08
5.411929906618350651e+04 -1.657106248843726543e-07 9.999999999999999547e-08
5.412847636005504319e+04 -1.986269693229733608e-07 9.999999999999999547e-08
5.413765376918894617e+04 8.937431036506960183e-08 9.999999999999999547e-08
5.414683128625874087e+04 -4.264960969131554762e-08 9.999999999999999547e-08
5.415600890147264727e+04 4.494117236843848094e-08 9.999999999999999547e-08
5.416518660185525368e+04 8.083183270181274652e-09 9.999999999999999547e-08
5.417436437239318911e+04 1.256034000210148195e-07 9.999999999999999547e-08
5.418354219659820956e+04 7.684621575502804100e-08 9.999999999999999547e-08
5.419272005592681671e+04 1.109079520054225205e-07 9.999999999999999547e-08
5.420189793285203632e+04 1.070014073607659175e-07 9.999999999999999547e-08
5.421107580952700664e+04 2.072046255955302283e-07 9.999999999999999547e-08
5.422025366689258954e+04 -1.436915049830913313e-08 9.999999999999999547e-08
5.422943148752055276e+04 3.358218383652325823e-08 9.999999999999999547e-08
5.423860925526858773e+04 1.770386284066622138e-07 9.999999999999999547e-08
5.424778695504600910e+04 1.213563707267209007e-07 9.999999999999999547e-08
5.425696457425558765e+04 -1.612904161772280493e-07 9.999999999999999547e-08
5.426614210195453052e+04 6.552428529680071512e-08 9.999999999999999547e-08
5.427531952794661629e+04 1.168958405147417288e-07 9.999999999999999547e-08
5.428449684578028973e+04 1.253706085992180520e-07 9.999999999999999547e-08
5.429367405216125189e+04 2.009522063489394226e-08 9.999999999999999547e-08
5.430285114485133818e+04 -1.046833498833225755e-08 9.999999999999999547e-08
5.431202812476883992e+04 -7.925943298104050842e-08 9.999999999999999547e-08
5.432120499528116488e+04 4.983573892292655627e-08 9.999999999999999547e-08
5.433038176170804218e+04 1.817733841033411620e-08 9.999999999999999547e-08
5.433955843314548110e+04 8.109121446994181020e-08 9.999999999999999547e-08
5.434873502071879921e+04 2.243397422156909575e-07 9.999999999999999547e-08
5.435791153626620508e+04 6.009828711024826858e-08 9.999999999999999547e-08
5.436708799442884629e+04 2.335408297797209611e-08 9.999999999999999547e-08
5.437626441190265177e+04 3.488257890094665512e-07 9.999999999999999547e-08
5.438544080581537128e+04 7.950301131188917206e-08 9.999999999999999547e-08
5.439461719518140308e+04 1.627583613536202346e-07 9.999999999999999547e-08
5.440379359861318517e+04 2.703739920535771438e-07 9.999999999999999547e-08
5.441297003399283858e+04 1.322507191840405367e-07 9.999999999999999547e-08
5.442214651990261336e+04 5.996303601939127471e-08 9.999999999999999547e-08
5.443132307392199436e+04 1.627164443935583827e-07 9.999999999999999547e-08
5.444049971096157969e+04 1.348855409711806405e-07 9.999999999999999547e-08
5.444967644455966365e+04 1.367776783500277418e-07 9.999999999999999547e-08
5.445885328544880758e+04 2.142678509280277284e-07 9.999999999999999547e-08
5.446803024094992725e+04 1.027711303463583062e-07 9.999999999999999547e-08
5.447720731662840262e+04 1.914761203202822407e-07 9.999999999999999547e-08
5.448638451444552629e+04 1.792412993892893110e-07 9.999999999999999547e-08
5.449556183136655454e+04 1.644298182662593796e-07 9.999999999999999547e-08
5.450473926285505877e+04 6.546503589131537195e-08 9.999999999999999547e-08
5.451391680083522806e+04 1.566016446729792644e-07 9.999999999999999547e-08
5.452309443406535138e+04 -1.007672572549885593e-07 9.999999999999999547e-08
5.453227214983402519e+04 8.232044020185926046e-08 9.999999999999999547e-08
5.454144993285935197e+04 -3.636525659249318452e-08 9.999999999999999547e-08
5.455062776523215871e+04 1.737232724444003693e-07 9.999999999999999547e-08
5.455980562976186047e+04 2.174990828873972839e-07 9.999999999999999547e-08
5.456898350856727484e+04 -5.011699284115675757e-08 9.999999999999999547e-08
5.457816138251301891e+04 5.464915482290044057e-08 9.999999999999999547e-08
5.458733923413973389e+04 8.139894451441419162e-09 9.999999999999999547e-08
5.459651704575263284e+04 -1.593941451189284825e-07 9.999999999999999547e-08
5.460569480088529235e+04 -6.675048383372616944e-08 9.999999999999999547e-08
5.461487248587929207e+04 1.041428839860338074e-08 9.999999999999999547e-08
5.462405008806772094e+04 -1.085943908108923921e-08 9.999999999999999547e-08
5.463322759581888386e+04 -7.961884553132858740e-08 9.999999999999999547e-08
5.464240500087741384e+04 5.757413189932679800e-08 9.999999999999999547e-08
5.465158229723896511e+04 -2.253866696016252634e-07 9.999999999999999547e-08
5.466075948074286862e+04 -9.904344040261817583e-08 9.999999999999999547e-08
5.466993655114521971e+04 1.689385747385172979e-07 9.999999999999999547e-08
5.467911350929331093e+04 -1.028593341820891364e-07 9.999999999999999547e-08
5.468829035824266612e+04 -1.493012228305421746e-07 9.999999999999999547e-08
5.469746710531684948e+04 -1.393822051619280292e-07 9.999999999999999547e-08
5.470664375949394162e+04 -1.005830546969313161e-07 9.999999999999999547e-08
5.471582033142462751e+04 -4.772736351417079128e-08 9.999999999999999547e-08
5.472499683464519330e+04 4.829960562183655808e-08 9.999999999999999547e-08
5.473417328367917798e+04 -2.435826914272267250e-07 9.999999999999999547e-08
5.474334969470305805e+04 -1.668068476668897059e-07 9.999999999999999547e-08
5.475252608667221648e+04 -2.123011084310380312e-07 9.999999999999999547e-08
5.476170247773991287e+04 -2.084025410625177476e-07 9.999999999999999547e-08
5.477087888587249472e+04 -1.088612917056851526e-07 9.999999999999999547e-08
5.478005533015981928e+04 -2.623264620406260007e-07 9.999999999999999547e-08
5.478923182854862534e+04 -1.172778256743662208e-07 9.999999999999999547e-08
5.479840839777576912e+04 -2.881677602739090076e-07 9.999999999999999547e-08
5.480758505355178204e+04 -2.059551127438894040e-07 9.999999999999999547e-08
5.481676180804899195e+04 -6.756692178593422747e-08 9.999999999999999547e-08
5.482593867090538697e+04 -6.272413500564019360e-08 9.999999999999999547e-08
5.483511566188438883e+04 -2.134402634633069964e-07 9.999999999999999547e-08
5.484429276227240916e+04 -2.688808821970094670e-07 9.999999999999999547e-08
5.485346998388517386e+04 -9.361236576761532867e-08 9.999999999999999547e-08
5.486264732456631464e+04 -1.361262436465357939e-07 9.999999999999999547e-08
5.487182477807761461e+04 -1.853638049773143918e-07 9.999999999999999547e-08
5.488100233571880381e+04 -3.688595516211957735e-08 9.999999999999999547e-08
5.489017998704743513e+04 -6.987124203126733467e-09 9.999999999999999547e-08
5.489935771791046136e+04 -7.154591460204721259e-08 9.999999999999999547e-08
5.490853551182947558e+04 -7.892946383176473195e-08 9.999999999999999547e-08
5.491771335227762756e+04 -6.130490506029360996e-08 9.999999999999999547e-08
5.492689122141655389e+04 -1.011722853206380513e-07 9.999999999999999547e-08
5.493606910058936774e+04 -1.844013103511191887e-07 9.999999999999999547e-08
5.494524697211787134e+04 1.258860856790097582e-07 9.999999999999999547e-08
5.495442481729979045e+04 8.218651923114714081e-09 9.999999999999999547e-08
5.496360261846475623e+04 -7.729985135849528593e-08 9.999999999999999547e-08
5.497278036123775382e+04 -4.993075970371935151e-08 9.999999999999999547e-08
5.498195803102439095e+04 -4.087183744398666721e-08 9.999999999999999547e-08
5.499113561508385465e+04 1.058865467603666749e-07 9.999999999999999547e-08
5.500031310331391433e+04 3.954004877929297368e-08 9.999999999999999547e-08
5.500949048722766747e+04 -1.568090477789160564e-08 9.999999999999999547e-08
5.501866776114865934e+04 2.375715298493358149e-08 9.999999999999999547e-08
5.502784492274247896e+04 -1.969318459170076027e-08 9.999999999999999547e-08
5.503702197079968755e+04 -6.443069193327922546e-08 9.999999999999999547e-08
5.504619890640761150e+04 -1.153917552859734073e-08 9.999999999999999547e-08
5.505537573480405990e+04 9.422391409042558751e-08 9.999999999999999547e-08
5.506455246273026569e+04 1.129679022659013088e-07 9.999999999999999547e-08
5.507372909950728354e+04 1.029183473514198054e-07 9.999999999999999547e-08
5.508290565713526303e+04 2.381060073504704437e-08 9.999999999999999547e-08
5.509208214822723676e+04 -7.556049033031891776e-09 9.999999999999999547e-08
5.510125858809583588e+04 -2.520918095720952909e-08 9.999999999999999547e-08
5.511043499444720510e+04 -1.763229156222405007e-08 9.999999999999999547e-08
5.511961138497207139e+04 2.032837218538282189e-07 9.999999999999999547e-08
5.512878777768329746e+04 4.736220315512475308e-08 9.999999999999999547e-08
5.513796419205397979e+04 1.758204258199513471e-07 9.999999999999999547e-08
5.514714064580074773e+04 1.692386653626278808e-07 9.999999999999999547e-08
5.515631715700334462e+04 2.280739051751105432e-07 9.999999999999999547e-08
5.516549374303520744e+04 2.855820163212752039e-07 9.999999999999999547e-08
5.517467041754285310e+04 7.715225307589480671e-08 9.999999999999999547e-08
5.518384719266104366e+04 9.085424012974449458e-08 9.999999999999999547e-08
5.519302407875728386e+04 1.649036684687578191e-07 9.999999999999999547e-08
5.520220108227990568e+04 2.969776278027254191e-07 9.999999999999999547e-08
5.521137820669991197e+04 2.120629318039440361e-07 9.999999999999999547e-08
5.522055545288304711e+04 4.465152472399727796e-08 9.999999999999999547e-08
5.522973281654222228e+04 1.732681573281624284e-08 9.999999999999999547e-08
5.523891029149240785e+04 -2.103547255744638213e-07 9.999999999999999547e-08
5.524808786936866818e+04 1.498227729743961277e-07 9.999999999999999547e-08
5.525726553772521584e+04 1.371330297415555215e-07 9.999999999999999547e-08
5.526644328230457177e+04 1.507925921904983134e-07 9.999999999999999547e-08
5.527562108739386167e+04 9.604353077712416691e-08 9.999999999999999547e-08
5.528479893504503707e+04 1.025610379012040291e-07 9.999999999999999547e-08
5.529397680764421239e+04 1.720389315962449913e-08 9.999999999999999547e-08
5.530315468731118017e+04 -4.606707478812252238e-08 9.999999999999999547e-08
5.531233255497566279e+04 1.292445189324078221e-07 9.999999999999999547e-08
5.532151039259041863e+04 -2.137323042905891203e-07 9.999999999999999547e-08
5.533068818394654227e+04 -1.687581619305300239e-07 9.999999999999999547e-08
5.533986591316937847e+04 -5.883141706549775879e-09 9.999999999999999547e-08
5.534904356680047931e+04 7.823948329258546422e-08 9.999999999999999547e-08
5.535822113309939596e+04 -1.308836255427407703e-08 9.999999999999999547e-08
5.536739860103120009e+04 4.595559181021201147e-08 9.999999999999999547e-08
5.537657596328693035e+04 -3.154089006800487629e-08 9.999999999999999547e-08
5.538575321548800275e+04 2.699440416175147604e-08 9.999999999999999547e-08
5.539493035443491681e+04 5.467724507844810946e-09 9.999999999999999547e-08
5.540410737978247926e+04 -7.970267945145227799e-08 9.999999999999999547e-08
5.541328429409135424e+04 -6.318224821794241365e-08 9.999999999999999547e-08
5.542246110169283929e+04 1.663433492492902846e-07 9.999999999999999547e-08
5.543163781054771243e+04 -7.172559612950505282e-09 9.999999999999999547e-08
5.544081443112668785e+04 1.019795917392433718e-08 9.999999999999999547e-08
5.544999097418918245e+04 3.873956537935758067e-08 9.999999999999999547e-08
5.545916745374099992e+04 3.294305897661833199e-08 9.999999999999999547e-08
5.546834388595147902e+04 1.487743413280049314e-07 9.999999999999999547e-08
5.547752028760904795e+04 1.499650833200777265e-08 9.999999999999999547e-08
5.548669667709788337e+04 -1.168630798359688186e-07 9.999999999999999547e-08
5.549587307321251865e+04 1.784069735738067391e-08 9.999999999999999547e-08
5.550504949365036009e+04 -1.127734929643293400e-07 9.999999999999999547e-08
5.551422595734045171e+04 -2.081297659916609438e-08 9.999999999999999547e-08
5.552340248278607760e+04 4.552539906438697505e-08 9.999999999999999547e-08
5.553257908516878524e+04 -1.383184469018072871e-08 9.999999999999999547e-08
5.554175577888079715e+04 -4.629798067192341299e-08 9.999999999999999547e-08
5.555093257579998317e+04 -5.120270012331228297e-08 9.999999999999999547e-08
5.556010948460127111e+04 1.382669632839898198e-07 9.999999999999999547e-08
5.556928651216147409e+04 -3.243724582296061159e-08 9.999999999999999547e-08
5.557846366153600684e+04 -9.909906377349609755e-08 9.999999999999999547e-08
5.558764093124063947e+04 -2.265550982458360639e-08 9.999999999999999547e-08
5.559681831754832092e+04 -9.132252491302573122e-08 9.999999999999999547e-08
5.560599581427410885e+04 -2.222654993052509697e-08 9.999999999999999547e-08
5.561517341103484068e+04 5.535630409204068501e-08 9.999999999999999547e-08
5.562435109602497687e+04 2.403751798077977203e-08 9.999999999999999547e-08
5.563352885442842671e+04 9.205975159532937964e-08 9.999999999999999547e-08
5.564270666894209717e+04 5.106353898868723654e-09 9.999999999999999547e-08
5.565188452308659907e+04 3.969821640886889687e-08 9.999999999999999547e-08
5.566106239912765159e+04 -1.797602761363823481e-07 9.999999999999999547e-08
5.567024027768283122e+04 -8.746877533225324457e-08 9.999999999999999547e-08
5.567941814070541295e+04 -4.607244131934150826e-08 9.999999999999999547e-08
5.568859597071157623e+04 -3.633769872947674569e-08 9.999999999999999547e-08
5.569777375054791628e+04 -9.181095177464603598e-08 9.999999999999999547e-08
5.570695146600474254e+04 -2.378490604645802674e-07 9.999999999999999547e-08
5.571612910357001965e+04 -2.019600203341194613e-07 9.999999999999999547e-08
5.572530665045895148e+04 -1.384297909119414612e-07 9.999999999999999547e-08
5.573448409782192903e+04 -1.107256536594393629e-07 9.999999999999999547e-08
5.574366143891398679e+04 1.232528115740909543e-08 9.999999999999999547e-08
5.575283866844525619e+04 -1.561133815268214808e-07 9.999999999999999547e-08
5.576201578484746278e+04 4.825304733747720325e-08 9.999999999999999547e-08
5.577119278795349237e+04 -1.140749493056267268e-07 9.999999999999999547e-08
5.578036968010687269e+04 -1.351932649420450728e-07 9.999999999999999547e-08
5.578954646752134431e+04 -1.350112380047522587e-07 9.999999999999999547e-08
5.579872315847479331e+04 4.030753526430078243e-08 9.999999999999999547e-08
5.580789976214525814e+04 -6.602563951570168895e-08 9.999999999999999547e-08
5.581707629149579589e+04 -1.172323304527028961e-08 9.999999999999999547e-08
5.582625276059890166e+04 -3.701620232521832352e-08 9.999999999999999547e-08
