5.400000347184640850e+04 2.739049925951896975e-08 9.999999999999999547e-08
5.400918000126098923e+04 9.896562132130792207e-08 9.999999999999999547e-08
5.401835648275270796e+04 -8.409467808466243487e-08 9.999999999999999547e-08
5.402753293166280491e+04 -7.630957611566128708e-08 9.999999999999999547e-08
5.403670936535158398e+04 6.402113137722916716e-08 9.999999999999999547e-08
5.404588580188591004e+04 5.277942439590655640e-08 9.999999999999999547e-08
5.405506225831305346e+04 6.661742159116664638e-08 9.999999999999999547e-08
5.406423875217659952e+04 -7.216509342063837929e-08 9.999999999999999547e-08
5.407341530127615988e+04 -1.922585430591726740e-07 9.999999999999999547e-08
5.408259192049807461e+04 -2.731118122293346439e-07 9.999999999999999547e-08
5.409176862328384595e+04 -2.620794699346944593e-07 9.999999999999999547e-08
5.410094542171552894e+04 -1.280009635229972712e-07 9.999999999999999547e-08
5.411012232397658954e+04 -2.467641529974046359e-07 9.999999999999999547e-08
5.411929933653149783e+04 -1.657889848850872504e-07 9.999999999999999547e-08
5.412847646306468960e+04 -6.687360566603230677e-08 9.999999999999999547e-08
5.413765370259111660e+04 -5.075417866947956469e-08 9.999999999999999547e-08
5.414683105194076052e+04 -1.272404507722276670e-07 9.999999999999999547e-08
5.415600850559962419e+04 -2.867386010706376702e-07 9.999999999999999547e-08
5.416518605453000782e+04 -2.253298128267568840e-07 9.999999999999999547e-08
5.417436368758620665e+04 -1.308981510812499451e-07 9.999999999999999547e-08
5.418354139201338694e+04 -1.057006419883715741e-07 9.999999999999999547e-08
5.419271915203478420e+04 -2.424430307098233230e-07 9.999999999999999547e-08
5.420189695206400211e+04 -1.128431987994230421e-07 9.999999999999999547e-08
5.421107477606739121e+04 -1.278559102888932868e-07 9.999999999999999547e-08
5.422025260631596029e+04 -2.399204600741155100e-07 9.999999999999999547e-08
5.422943042578446330e+04 -3.106708392708185501e-07 9.999999999999999547e-08
5.423860821838889387e+04 -9.827679035417449832e-08 9.999999999999999547e-08
5.424778596800583182e+04 -1.130951847354534430e-07 9.999999999999999547e-08
5.425696366046063486e+04 -1.983900110466341188e-07 9.999999999999999547e-08
5.426614128335649002e+04 -3.607674349644487237e-08 9.999999999999999547e-08
5.427531882429180405e+04 -2.210606385759126104e-07 9.999999999999999547e-08
5.428449627394517302e+04 -2.854832805586721470e-07 9.999999999999999547e-08
5.429367362569743273e+04 -9.573540346716422307e-08 9.999999999999999547e-08
5.430285087375733565e+04 -1.518299834685549838e-07 9.999999999999999547e-08
5.431202801561769593e+04 1.090120896536135186e-07 9.999999999999999547e-08
5.432120505100250011e+04 -1.304597920739614394e-07 9.999999999999999547e-08
5.433038198116582498e+04 -9.992844510466942906e-08 9.999999999999999547e-08
5.433955881098406098e+04 -2.394734520982888444e-07 9.999999999999999547e-08
5.434873554781877465e+04 6.856121626642245138e-08 9.999999999999999547e-08
5.435791220000985777e+04 -2.488963270877173845e-07 9.999999999999999547e-08
5.436708877884291724e+04 1.048621225907037892e-08 9.999999999999999547e-08
5.437626529792354268e+04 -7.599119104499150494e-08 9.999999999999999547e-08
5.438544177135529026e+04 -2.842413537472014793e-07 9.999999999999999547e-08
5.439461821600434632e+04 1.355760544372597220e-07 9.999999999999999547e-08
5.440379464921547333e+04 2.452527763827725549e-08 9.999999999999999547e-08
5.441297108800394926e+04 -2.867347044256272975e-08 9.999999999999999547e-08
5.442214755050024542e+04 2.164999718528739281e-08 9.999999999999999547e-08
5.443132405459439906e+04 -1.597561878011416895e-08 9.999999999999999547e-08
5.444050061626574461e+04 -4.731607214698324813e-09 9.999999999999999547e-08
5.444967725105286809e+04 8.585042303595039800e-08 9.999999999999999547e-08
5.445885397251055838e+04 -3.769599850586423082e-08 9.999999999999999547e-08
5.446803079071351385e+04 2.142816410217991149e-07 9.999999999999999547e-08
5.447720771469740430e+04 1.175388067838197012e-07 9.999999999999999547e-08
5.448638475035032025e+04 1.947579908537265915e-07 9.999999999999999547e-08
5.449556189919197641e+04 1.582702971753054253e-07 9.999999999999999547e-08
5.450473916105554963e+04 3.057889753422612132e-07 9.999999999999999547e-08
5.451391653220564331e+04 1.743348479576849969e-07 9.999999999999999547e-08
5.452309400548801204e+04 2.411292323254382202e-07 9.999999999999999547e-08
5.453227157218059438e+04 1.610702583975773687e-07 9.999999999999999547e-08
5.454144922103575664e+04 7.784074612525139100e-08 9.999999999999999547e-08
5.455062693750295875e+04 2.238285568609521233e-07 9.999999999999999547e-08
5.455980470693452662e+04 5.546252964827414210e-08 9.999999999999999547e-08
5.456898251354078093e+04 1.389357584666488899e-07 9.999999999999999547e-08
5.457816033983654052e+04 9.752387351257621383e-08 9.999999999999999547e-08
5.458733816941553960e+04 2.541003805485911397e-07 9.999999999999999547e-08
5.459651598520180414e+04 1.057483376607653000e-07 9.999999999999999547e-08
5.460569377016250655e+04 2.479639238143867040e-07 9.999999999999999547e-08
5.461487150965812907e+04 1.335106590601428770e-07 9.999999999999999547e-08
5.462404918959827046e+04 2.517637491800768419e-07 9.999999999999999547e-08
5.463322679671972583e+04 1.102647531156832922e-07 9.999999999999999547e-08
5.464240432033925754e+04 3.033148823107735912e-07 9.999999999999999547e-08
5.465158175146083522e+04 1.789128907025316742e-07 9.999999999999999547e-08
5.466075908250916109e+04 1.498871887116681068e-08 9.999999999999999547e-08
5.466993630984466290e+04 2.554338866516314853e-08 9.999999999999999547e-08
5.467911343089702132e+04 -2.872582517061036462e-08 9.999999999999999547e-08
5.468829044479708682e+04 1.435911267860123089e-07 9.999999999999999547e-08
5.469746735481554788e+04 2.126099228333159676e-07 9.999999999999999547e-08
5.470664416579224780e+04 9.828547077350734472e-08 9.999999999999999547e-08
5.471582088473442127e+04 1.057376552356742744e-07 9.999999999999999547e-08
5.472499752163385710e+04 4.259024070805216172e-07 9.999999999999999547e-08
5.473417408789499314e+04 4.680309558705130442e-08 9.999999999999999547e-08
5.474335059626009752e+04 2.222649643355730534e-07 9.999999999999999547e-08
5.475252706297404802e+04 -3.196276264971487185e-08 9.999999999999999547e-08
5.476170350437269371e+04 1.110098929349132688e-07 9.999999999999999547e-08
5.477087993708949944e+04 1.788702423404296791e-07 9.999999999999999547e-08
5.478005637946665229e+04 -1.360680457255661353e-08 9.999999999999999547e-08
5.478923284904068714e+04 -2.070289012318671616e-08 9.999999999999999547e-08
5.479840936310440156e+04 2.143698388106851500e-07 9.999999999999999547e-08
5.480758593858520180e+04 1.462514844377418751e-07 9.999999999999999547e-08
5.481676259004168242e+04 9.423957005216709565e-08 9.999999999999999547e-08
5.482593932964062697e+04 1.608745585389301400e-07 9.999999999999999547e-08
5.483511618013163388e+04 1.117842331902423312e-07 9.999999999999999547e-08
5.484429312633522204e+04 2.685731144286379480e-07 9.999999999999999547e-08
5.485347018423749250e+04 1.731836133084718730e-07 9.999999999999999547e-08
5.486264735616320104e+04 1.157999303035841014e-07 9.999999999999999547e-08
5.487182464032951975e+04 1.844968979604551434e-07 9.999999999999999547e-08
5.488100203213805798e+04 1.643765774142654620e-07 9.999999999999999547e-08
5.489017952525969304e+04 -1.080552762255671957e-07 9.999999999999999547e-08
5.489935710973560344e+04 -3.043425402806113744e-08 9.999999999999999547e-08
5.490853477291627496e+04 6.316287714815209596e-08 9.999999999999999547e-08
5.491771250143166253e+04 9.568120181831151866e-09 9.999999999999999547e-08
5.492689027983785491e+04 3.912395026083117408e-08 9.999999999999999547e-08
5.493606809152406640e+04 1.890160789162850325e-07 9.999999999999999547e-08
5.494524592035370006e+04 -2.889010329944569515e-07 9.999999999999999547e-08
5.495442374880827265e+04 -2.158690146860001223e-08 9.999999999999999547e-08
5.496360155934162322e+04 4.703084272097161650e-08 9.999999999999999547e-08
5.497277933689275233e+04 -1.391242962201894016e-07 9.999999999999999547e-08
5.498195706591910857e+04 -1.144644330398871860e-07 9.999999999999999547e-08
5.499113473218205036e+04 -1.801150658785417980e-07 9.999999999999999547e-08
5.500031232383906172e+04 -2.221325413068101803e-07 9.999999999999999547e-08
5.500948982982174493e+04 3.585442325137283335e-08 9.999999999999999547e-08
5.501866724124176108e+04 -4.503021537521124932e-08 9.999999999999999547e-08
5.502784455250000610e+04 1.026925676041435855e-07 9.999999999999999547e-08
5.503702175901047303e+04 -2.793033349669905377e-07 9.999999999999999547e-08
5.504619885823567165e+04 1.532178354602995407e-07 9.999999999999999547e-08
5.505537585158386355e+04 -2.914007204657565707e-07 9.999999999999999547e-08
5.506455274150500190e+04 -1.784097549878054044e-07 9.999999999999999547e-08
5.507372953336284991e+04 -5.390807195198559468e-10 9.999999999999999547e-08
5.508290623562636029e+04 2.970419323811700329e-08 9.999999999999999547e-08
5.509208285751203221e+04 7.848771066210929785e-08 9.999999999999999547e-08
5.510125941079995391e+04 -1.165218572673167956e-07 9.999999999999999547e-08
5.511043591013547848e+04 -7.962061275155200941e-08 9.999999999999999547e-08
5.511961237066538160e+04 -1.893706551755550706e-07 9.999999999999999547e-08
5.512878880872288573e+04 1.878981853629676954e-08 9.999999999999999547e-08
5.513796524240268627e+04 -1.311540954793699170e-07 9.999999999999999547e-08
5.514714168893605529e+04 -2.218309390308899814e-07 9.999999999999999547e-08
5.515631816595559212e+04 -1.008381864536649098e-07 9.999999999999999547e-08
5.516549469159325236e+04 -2.234908631713665495e-07 9.999999999999999547e-08
5.517467128117737593e+04 1.087375730189774326e-07 9.999999999999999547e-08
5.518384794911043718e+04 -8.040089070001540177e-08 9.999999999999999547e-08
5.519302470826035278e+04 -3.464021413370838709e-07 9.999999999999999547e-08
5.520220156820303964e+04 -1.904802446345656188e-07 9.999999999999999547e-08
5.521137853617629298e+04 -1.584047178717858444e-07 9.999999999999999547e-08
5.522055561727660825e+04 -1.135007449019269484e-08 9.999999999999999547e-08
5.522973281184984080e+04 -2.768732752170811502e-10 9.999999999999999547e-08
5.523891011777510721e+04 -6.263322515997654320e-08 9.999999999999999547e-08
5.524808753095923748e+04 -6.346732192520562612e-08 9.999999999999999547e-08
5.525726504310705059e+04 -1.726632609949313907e-07 9.999999999999999547e-08
5.526644264422447304e+04 -1.189618966797325284e-07 9.999999999999999547e-08
5.527562032208177698e+04 2.098117976867475174e-08 9.999999999999999547e-08
5.528479806186325732e+04 -7.361928598347359063e-08 9.999999999999999547e-08
5.529397584815320442e+04 2.145426283921701844e-07 9.999999999999999547e-08
5.530315366512557375e+04 -8.411352144871893726e-08 9.999999999999999547e-08
5.531233149528767535e+04 -2.320578449103396792e-09 9.999999999999999547e-08
5.532150932139927318e+04 -4.674441924927214428e-08 9.999999999999999547e-08
5.533068712720650365e+04 1.233791922439277450e-07 9.999999999999999547e-08
5.533986489617448387e+04 -5.679603900484497918e-08 9.999999999999999547e-08
5.534904261376462819e+04 -3.650124788641990625e-08 9.999999999999999547e-08
5.535822026670078048e+04 -4.554866545792840689e-08 9.999999999999999547e-08
5.536739784207486809e+04 -8.032383625303903516e-08 9.999999999999999547e-08
5.537657532972651825e+04 -3.124744685992683189e-08 9.999999999999999547e-08
5.538575272207249509e+04 -4.304615826020882368e-08 9.999999999999999547e-08
5.539493001268622174e+04 -2.722441227618522750e-07 9.999999999999999547e-08
5.540410719785762194e+04 -1.121926282662780598e-07 9.999999999999999547e-08
5.541328427646580531e+04 -1.976183354327719306e-08 9.999999999999999547e-08
5.542246124876012618e+04 -5.003571780022310539e-08 9.999999999999999547e-08
5.543163811851539504e+04 -8.598489795793888420e-08 9.999999999999999547e-08
5.544081489236198104e+04 -1.041478945646077574e-07 9.999999999999999547e-08
5.544999157771022874e+04 4.360815576395186843e-08 9.999999999999999547e-08
5.545916818490021979e+04 8.757075439242391059e-08 9.999999999999999547e-08
5.546834472664582427e+04 5.671679276283216553e-08 9.999999999999999547e-08
5.547752121689038904e+04 4.625438007925645812e-09 9.999999999999999547e-08
5.548669767160754418e+04 2.062638302848886713e-07 9.999999999999999547e-08
5.549587410795176402e+04 -5.475157467384559585e-08 9.999999999999999547e-08
5.550505054263304191e+04 -1.675054662304873659e-07 9.999999999999999547e-08
5.551422699371101044e+04 3.578016141806239057e-08 9.999999999999999547e-08
5.552340347959410428e+04 5.658122899264150625e-08 9.999999999999999547e-08
5.553258001665298798e+04 -1.903130402804124586e-07 9.999999999999999547e-08
5.554175662085545628e+04 -1.418255670177625256e-07 9.999999999999999547e-08
5.555093330638089537e+04 1.185007130715845424e-07 9.999999999999999547e-08
5.556011008471538662e+04 -1.623419777876953062e-07 9.999999999999999547e-08
5.556928696575071081e+04 -2.301097176169885856e-08 9.999999999999999547e-08
5.557846395663351723e+04 -1.721403373077979390e-07 9.999999999999999547e-08
5.558764106021431508e+04 -2.874998263445833966e-08 9.999999999999999547e-08
5.559681827712976519e+04 -6.703690578360397639e-08 9.999999999999999547e-08
5.560599560533985641e+04 -3.301056214227252056e-08 9.999999999999999547e-08
5.561517303882723354e+04 7.562417003161795057e-08 9.999999999999999547e-08
5.562435056981413800e+04 -2.049187155850793679e-08 9.999999999999999547e-08
5.563352818771789316e+04 5.423779232286364004e-08 9.999999999999999547e-08
5.564270587877387152e+04 1.389445158862031839e-07 9.999999999999999547e-08
5.565188362915682956e+04 -7.123669849686466395e-08 9.999999999999999547e-08
5.566106142337477650e+04 -5.432406076817233015e-08 9.999999999999999547e-08
5.567023924427345628e+04 1.170508856621494646e-07 9.999999999999999547e-08
5.567941707497626339e+04 -3.096723654694273757e-08 9.999999999999999547e-08
5.568859489871162077e+04 6.661818074827971769e-08 9.999999999999999547e-08
5.569777269821353548e+04 1.604243512581269483e-07 9.999999999999999547e-08
5.570695045827793365e+04 8.579421829682934616e-08 9.999999999999999547e-08
5.571612816442848271e+04 3.332054659723113081e-08 9.999999999999999547e-08
5.572530580243164150e+04 3.067601541919071244e-07 9.999999999999999547e-08
5.573448336110735545e+04 1.656183686619659421e-07 9.999999999999999547e-08
5.574366083073941263e+04 2.393213809989295969e-07 9.999999999999999547e-08
5.575283820303992252e+04 -3.864161762002328817e-09 9.999999999999999547e-08
5.576201547306760040e+04 5.365820297979049365e-08 9.999999999999999547e-08
5.577119263725374913e+04 2.656801564600151936e-07 9.999999999999999547e-08
5.578036969417505316e+04 2.735154441367409428e-07 9.999999999999999547e-08
5.578954664580620738e+04 3.316337200995378661e-07 9.999999999999999547e-08
5.579872349638266314e+04 3.840115211008572394e-07 9.999999999999999547e-08
5.580790025158919889e+04 -8.240160263756837753e-09 9.999999999999999547e-08
5.581707692058280372e+04 1.328802875287563120e-07 9.999999999999999547e-08
5.582625351396332553e+04 7.029423639178580195e-08 9.999999999999999547e-08
