1.000000000000000000e+00 -2.557846562268530306e+02 -2.185848158459301942e+02 -4.260503617748265970e+05 -1.840546307837196875e+13 -4.094303532344633588e-06 -2.901393914178526619e-06 6.943046143329734940e-07
1.000000000000000000e+00 -2.991942678238346502e+02 -2.167173822031386123e+02 -4.299599766881506075e+05 -1.874480527314362500e+13 -4.833101414733288903e-06 -2.903003396863448471e-06 8.606216729203174074e-07
1.000000000000000000e+00 -3.352188585209617600e+02 -2.094984027524197927e+02 -4.338695584346067044e+05 -1.908724427231394531e+13 -5.464271018778260688e-06 -2.831820121234813386e-06 1.007120452987441926e-06
1.000000000000000000e+00 -3.629525942288729539e+02 -1.970770724555482616e+02 -4.377791146007524803e+05 -1.943278067052141406e+13 -5.969659388485334901e-06 -2.687923523865164977e-06 1.119278226142067567e-06
1.000000000000000000e+00 -3.815749258967821333e+02 -1.796902257140932875e+02 -4.416886537701018387e+05 -1.978141517576363672e+13 -6.331996708635557644e-06 -2.472671735743375721e-06 1.185348059773631252e-06
1.000000000000000000e+00 -3.905525451489065176e+02 -1.577659295128007955e+02 -4.455981852799564367e+05 -2.013314859137529297e+13 -6.538339910479622956e-06 -2.190193074062821344e-06 1.198447533357193356e-06
1.000000000000000000e+00 -3.896375435741891806e+02 -1.318410706307423084e+02 -4.495077181515142438e+05 -2.048798172148748828e+13 -6.580252495745179421e-06 -1.846348344928987237e-06 1.157030653174224319e-06
1.000000000000000000e+00 -3.787308796121819796e+02 -1.025212068693096938e+02 -4.534172618679738371e+05 -2.084591544132150391e+13 -6.451688271423594306e-06 -1.448229958688955422e-06 1.064436506885262084e-06
1.000000000000000000e+00 -3.580694973349909560e+02 -7.057155415287010669e+01 -4.573268263259056839e+05 -2.120695069451035156e+13 -6.152315700107221814e-06 -1.005500119151960734e-06 9.299263141910323325e-07
1.000000000000000000e+00 -3.281919174837603919e+02 -3.681671446597729869e+01 -4.612364201574517065e+05 -2.157108833780318750e+13 -5.687168330543979429e-06 -5.290471623967278039e-07 7.674193828541363315e-07
1.000000000000000000e+00 -2.897843829388652352e+02 -2.095042012234911155e+00 -4.651460513382255449e+05 -2.193832919339575781e+13 -5.064177555319986753e-06 -3.036042468202475973e-08 5.932355572793204568e-07
1.000000000000000000e+00 -2.438444995255733261e+02 3.266073285412911531e+01 -4.690557273332075565e+05 -2.230867406020614062e+13 -4.297164858838541779e-06 4.772831868706422563e-07 4.252772524176438797e-07
1.000000000000000000e+00 -1.916103625531130490e+02 6.653660743097819363e+01 -4.729654538323184242e+05 -2.268212359057421484e+13 -3.404811096851157586e-06 9.804283050271205565e-07 2.809110078705942726e-07
1.000000000000000000e+00 -1.343885467932636857e+02 9.868170895785958407e+01 -4.768752355771546136e+05 -2.305867836317679688e+13 -2.407751357287165871e-06 1.466112170890888423e-06 1.748859269598915292e-07
1.000000000000000000e+00 -7.369696016656185122e+01 1.282304456904968788e+02 -4.807850760692072799e+05 -2.343833885081990234e+13 -1.331205679116322627e-06 1.920736977551611438e-06 1.182209982026282701e-07
1.000000000000000000e+00 -1.116770110881120104e+01 1.544173736170116626e+02 -4.846949762811125256e+05 -2.382110528884757812e+13 -2.033653269253208273e-07 2.331795432270181707e-06 1.166887956853137155e-07
1.000000000000000000e+00 5.163148232363803913e+01 1.766104130832837882e+02 -4.886049359940260765e+05 -2.420697779763171484e+13 9.478007596810807209e-07 2.688437370047877472e-06 1.703233105201326999e-07
1.000000000000000000e+00 1.130605336085060202e+02 1.942270308826195730e+02 -4.925149537733100005e+05 -2.459595637541996094e+13 2.092064455214818747e-06 2.980264842838100794e-06 2.735421667343695402e-07
1.000000000000000000e+00 1.715113703047712761e+02 2.068406043057525778e+02 -4.964250262147404719e+05 -2.498804081762973047e+13 3.198830240172697082e-06 3.199007310957260984e-06 4.156661621011870488e-07
1.000000000000000000e+00 2.255754790854919065e+02 2.141955546004274140e+02 -5.003351486739802640e+05 -2.538323078305497656e+13 4.240309046567941385e-06 3.338852500589254967e-06 5.823830556163689041e-07
1.000000000000000000e+00 2.738965958140901762e+02 2.161132794809213920e+02 -5.042453154367951793e+05 -2.578152580635497656e+13 5.188873887316433113e-06 3.395072815429532598e-06 7.568309177231678511e-07
1.000000000000000000e+00 3.152667992349251449e+02 2.125869131462492305e+02 -5.081555190625186078e+05 -2.618292522615543750e+13 6.018932780628786429e-06 3.365572418503017415e-06 9.216087528216751940e-07
1.000000000000000000e+00 3.487707969757262276e+02 2.037780237752243977e+02 -5.120657519889094983e+05 -2.658742834485748828e+13 6.709813557960811978e-06 3.250939173479648272e-06 1.060994955799495448e-06
1.000000000000000000e+00 3.736188750598674346e+02 1.899139274949477851e+02 -5.159760061917214189e+05 -2.699503439253357031e+13 7.242740478793304591e-06 3.052896557238172249e-06 1.161389868851106219e-06
1.000000000000000000e+00 3.892308627556004126e+02 1.713747894193318757e+02 -5.198862726497590775e+05 -2.740574246869628516e+13 7.602566504931442639e-06 2.775754494250197075e-06 1.213016173583475661e-06
1.000000000000000000e+00 3.953543254428024625e+02 1.486760506943923872e+02 -5.237965423175066244e+05 -2.781955164166051562e+13 7.780253196054505633e-06 2.426215711901325306e-06 1.211574731294768629e-06
1.000000000000000000e+00 3.918782191725599091e+02 1.223616353089134634e+02 -5.277068064655592898e+05 -2.823646098487846094e+13 7.769416980087307783e-06 2.011702407212330928e-06 1.157512161156799454e-06
1.000000000000000000e+00 3.789094159898329508e+02 9.308956083479810673e+01 -5.316170562915623887e+05 -2.865646953624878906e+13 7.567961478664626547e-06 1.541791528324811699e-06 1.056298025442313072e-06
1.000000000000000000e+00 3.568682222735860137e+02 6.160477429210786937e+01 -5.355272837226380361e+05 -2.907957638497245312e+13 7.180159439886386334e-06 1.027831065752362257e-06 9.181741139027508404e-07
1.000000000000000000e+00 3.262879616524620019e+02 2.863227462416682911e+01 -5.394374813910718076e+05 -2.950578067178558203e+13 6.612821175008445631e-06 4.811968072647720228e-07 7.561625263670500485e-07
1.000000000000000000e+00 2.878904296523230641e+02 -5.034442097295674046e+00 -5.433476420020940714e+05 -2.993508152209298438e+13 5.876917894571853452e-06 -8.522262443578924728e-08 5.856346489349453947e-07
1.000000000000000000e+00 2.426630906501585230e+02 -3.856720516482120331e+01 -5.472577593794668792e+05 -3.036747816229774219e+13 4.989307388529696224e-06 -6.575607216467388661e-07 4.231675060494549740e-07
1.000000000000000000e+00 1.916499056896567197e+02 -7.120762920791753459e+01 -5.511678290247503901e+05 -3.080296998674753906e+13 3.968597724823828695e-06 -1.222745728248110166e-06 2.840764948712541463e-07
1.000000000000000000e+00 1.360291899426934776e+02 -1.021743651753236435e+02 -5.550778466583468253e+05 -3.124155640015766406e+13 2.836812392439280760e-06 -1.766939217802123509e-06 1.814486553244086871e-07
1.000000000000000000e+00 7.717513422968828252e+01 -1.307023453729227356e+02 -5.589878095811912790e+05 -3.168323697283945703e+13 1.620781008424213941e-06 -2.276205586753325746e-06 1.250910932462626912e-07
1.000000000000000000e+00 1.644343973931518121e+01 -1.561430262220401914e+02 -5.628977163586454699e+05 -3.212801141088258594e+13 3.477497020947409575e-07 -2.738279948479396299e-06 1.203719757353960193e-07
1.000000000000000000e+00 -4.474831857583708228e+01 -1.778675663634554382e+02 -5.668075663341833279e+05 -3.257587950526867969e+13 -9.529211563756793320e-07 -3.140929360677001734e-06 1.678567879309808876e-07
1.000000000000000000e+00 -1.048735355471872026e+02 -1.953106817812325176e+02 -5.707173606506483629e+05 -3.302684125315449609e+13 -2.248700423718951942e-06 -3.472744617434233319e-06 2.630112518943391111e-07
1.000000000000000000e+00 -1.625136522716468903e+02 -2.080643987111073727e+02 -5.746271020071064122e+05 -3.348089683667121094e+13 -3.508492599417324554e-06 -3.724857376384957920e-06 3.968441150516826120e-07
1.000000000000000000e+00 -2.162759065513062637e+02 -2.157769819088917416e+02 -5.785367936375719728e+05 -3.393804650927402734e+13 -4.700929457647498015e-06 -3.889214227988872860e-06 5.565924788646247881e-07
1.000000000000000000e+00 -2.647584980888485120e+02 -2.181994907027395243e+02 -5.824464402836442459e+05 -3.439829071274690625e+13 -5.793626752985356342e-06 -3.959455763067024548e-06 7.265229592616841688e-07
1.000000000000000000e+00 -3.067669345028672865e+02 -2.152695343135055168e+02 -5.863560482188238529e+05 -3.486163008607023828e+13 -6.757943624001192602e-06 -3.932509204466377159e-06 8.900089240933558699e-07
1.000000000000000000e+00 -3.412275485360590324e+02 -2.070038667700340227e+02 -5.902656241299812682e+05 -3.532806533760236719e+13 -7.567216969812084563e-06 -3.806726863083222731e-06 1.030747520985423670e-06
1.000000000000000000e+00 -3.671594338496625483e+02 -1.935440968739507070e+02 -5.941751762115743477e+05 -3.579759737856569531e+13 -8.196223715513673103e-06 -3.582780490923196438e-06 1.134234607790933686e-06
1.000000000000000000e+00 -3.838831444843754639e+02 -1.752262006959164182e+02 -5.980847133145902772e+05 -3.627022722579946875e+13 -8.625938443173794727e-06 -3.265032541314423144e-06 1.190152251175238159e-06
1.000000000000000000e+00 -3.909216092532886364e+02 -1.524627445921609024e+02 -6.019942442170650465e+05 -3.674595591530652344e+13 -8.841513728022773965e-06 -2.859445607033223224e-06 1.192544720551218369e-06
1.000000000000000000e+00 -3.879687011565771400e+02 -1.257835024283181582e+02 -6.059037784265151713e+05 -3.722478460056160156e+13 -8.831713262193220613e-06 -2.374395778637793168e-06 1.140295068617766555e-06
1.000000000000000000e+00 -3.750800676257701980e+02 -9.588786796481301167e+01 -6.098133257908765227e+05 -3.770671450728922656e+13 -8.593409445105374312e-06 -1.821739772637026083e-06 1.038559622004077784e-06
1.000000000000000000e+00 -3.525489065841230172e+02 -6.351373625257799205e+01 -6.137228953313477105e+05 -3.819174678954993750e+13 -8.128984698600059936e-06 -1.214411171637830360e-06 8.975779534591776795e-07
1.000000000000000000e+00 -3.208601691770741127e+02 -2.947150751980265682e+01 -6.176324959232298424e+05 -3.867988261173994531e+13 -7.445443197802747313e-06 -5.670981837590447684e-07 7.314502899698634097e-07
1.000000000000000000e+00 -2.808547856836140113e+02 5.318701452293212562e+00 -6.215421357123489724e+05 -3.917112307445614844e+13 -6.558386591409592021e-06 1.029916358734905502e-07 5.573909756209406168e-07
1.000000000000000000e+00 -2.335717057893818094e+02 3.996915876529882894e+01 -6.254518212153634522e+05 -3.966546909748988281e+13 -5.488563620255359274e-06 7.788335230595279018e-07 3.932191111674683409e-07
1.000000000000000000e+00 -1.801841971915261809e+02 7.359258566096737297e+01 -6.293615584139853017e+05 -4.016292155302535938e+13 -4.260509327510618320e-06 1.442979103364807452e-06 2.556847043515039438e-07
1.000000000000000000e+00 -1.221379181472763236e+02 1.052722989990859475e+02 -6.332713519525497686e+05 -4.066348116046842969e+13 -2.905928763311854067e-06 2.076967574754848747e-06 1.591992251215973407e-07
1.000000000000000000e+00 -6.096365996223939732e+01 1.342064842332854084e+02 -6.371812041410655947e+05 -4.116714835232308594e+13 -1.459414299249468614e-06 2.664171775291272230e-06 1.137238321148598969e-07
1.000000000000000000e+00 1.794517651894312893e+00 1.596685914002269726e+02 -6.410911162682765862e+05 -4.167392343564768750e+13 4.322272087092745493e-08 3.189077107646949532e-06 1.238425636775785093e-07
1.000000000000000000e+00 6.445533697778262194e+01 1.809750470648446878e+02 -6.450010879694443429e+05 -4.218380650531091406e+13 1.561938533588789272e-06 3.636678530849737198e-06 1.884270081274766318e-07
1.000000000000000000e+00 1.253996190871943526e+02 1.976212083519174882e+02 -6.489111168859273894e+05 -4.269679739263869531e+13 3.057215413181731805e-06 3.995255261352862826e-06 3.008077350478764670e-07
1.000000000000000000e+00 1.831321626958530544e+02 2.092251351670419695e+02 -6.528211997350773308e+05 -4.321289579915052344e+13 4.491624915796114591e-06 4.255336157753000771e-06 4.496116558544892547e-07
1.000000000000000000e+00 2.361558683557392158e+02 2.154876065462659085e+02 -6.567313317752967123e+05 -4.373210122165143750e+13 5.826813090206160727e-06 4.408956368874835707e-06 6.195700835715926213e-07
1.000000000000000000e+00 2.831643485353936853e+02 2.163141985621223569e+02 -6.606415063197150594e+05 -4.425441288129257031e+13 7.028279718879084273e-06 4.452220345042107616e-06 7.936887921117776646e-07
1.000000000000000000e+00 3.230791609849641759e+02 2.117397489097898244e+02 -6.645517164626175072e+05 -4.477982994852356250e+13 8.066448013729275002e-06 4.383862712476023112e-06 9.550951198179817804e-07
1.000000000000000000e+00 3.549120979348361971e+02 2.018822540495874591e+02 -6.684619545444956748e+05 -4.530835146970670312e+13 8.913373528924686996e-06 4.204366885109911819e-06 1.087834387521811153e-06
1.000000000000000000e+00 3.779417256707368438e+02 1.870524168577566968e+02 -6.723722117629962740e+05 -4.583997631107940625e+13 9.547270045982869633e-06 3.918310496495785528e-06 1.179129995073512010e-06
1.000000000000000000e+00 3.917217122857240952e+02 1.676621907649488321e+02 -6.762824796075568302e+05 -4.637470335097710938e+13 9.952917159211135793e-06 3.532555877531345245e-06 1.220612048756741022e-06
1.000000000000000000e+00 3.959304948558141746e+02 1.441777266034979164e+02 -6.801927490812946344e+05 -4.691253137365809375e+13 1.011802060495297913e-05 3.055314622353935779e-06 1.208346419432475194e-06
1.000000000000000000e+00 3.905329662460133022e+02 1.172213083695529434e+02 -6.841030109198542777e+05 -4.745345909773635156e+13 1.003745960998216218e-05 2.498353186519137908e-06 1.144094831516550097e-06
1.000000000000000000e+00 3.757636745167828849e+02 8.746949185212146460e+01 -6.880132569530954352e+05 -4.799748536511039062e+13 9.713063083292194428e-06 1.874904611634140041e-06 1.034645285363469950e-06
1.000000000000000000e+00 3.519679772176297092e+02 5.560951402982643543e+01 -6.919234792297205422e+05 -4.854460902247158594e+13 9.149678389581333214e-06 1.198761909810400319e-06 8.902502688996980550e-07
1.000000000000000000e+00 3.197549091040888811e+02 2.243802920630720976e+01 -6.958336699200090952e+05 -4.909482890844687500e+13 8.359249138118449613e-06 4.864250315714768999e-07 7.247856191953470365e-07
1.000000000000000000e+00 2.799609966339520497e+02 -1.124669807055226656e+01 -6.997438223857232369e+05 -4.964814400590489062e+13 7.360057592361232828e-06 -2.451827300515443694e-07 5.542812556847461037e-07
1.000000000000000000e+00 2.334869815504103769e+02 -4.468296771464178363e+01 -7.036539308639963856e+05 -5.020455340157237500e+13 6.172575314788017636e-06 -9.795506460584484703e-07 3.947726135689683192e-07
1.000000000000000000e+00 1.814471274415331550e+02 -7.704786575833635709e+01 -7.075639902484902414e+05 -5.076405625810360156e+13 4.823479402601042818e-06 -1.698447405189461182e-06 2.614129770671196937e-07
1.000000000000000000e+00 1.251173877623072315e+02 -1.075684382596477491e+02 -7.114739972808732418e+05 -5.132665198859336719e+13 3.344423832076701120e-06 -2.384348115723749344e-06 1.668276995080169933e-07
1.000000000000000000e+00 6.576998101683642517e+01 -1.355540018806967169e+02 -7.153839493593458319e+05 -5.189234009105035938e+13 1.767712028865832462e-06 -3.021184881192288419e-06 1.198488469392688007e-07
1.000000000000000000e+00 4.821505693399101844e+00 -1.602986471742757146e+02 -7.192938446602163604e+05 -5.246112016873435938e+13 1.302967660041549781e-07 -3.592212074263406557e-06 1.250113031379835936e-07
1.000000000000000000e+00 -5.623325422002947249e+01 -1.811943782513640997e+02 -7.232036834752749419e+05 -5.303299212938230469e+13 -1.527912398630360958e-06 -4.082546272410249835e-06 1.818444182126724810e-07
1.000000000000000000e+00 -1.159873732811158078e+02 -1.977566893409569673e+02 -7.271134672148431418e+05 -5.360795604659062500e+13 -3.168527717105815896e-06 -4.479805294263002684e-06 2.850053341385652701e-07
1.000000000000000000e+00 -1.729743645646590267e+02 -2.095266893190724886e+02 -7.310231982375631342e+05 -5.418601213901625000e+13 -4.750698966106970048e-06 -4.771954314288596285e-06 4.245989247403243104e-07
1.000000000000000000e+00 -2.257479293078025364e+02 -2.161847826677444289e+02 -7.349328806041901698e+05 -5.476716088648096875e+13 -6.233271765050921146e-06 -4.949924397165104633e-06 5.870530908849809148e-07
1.000000000000000000e+00 -2.730453987158874725e+02 -2.175667116121402671e+02 -7.388425192508503096e+05 -5.535140291284573438e+13 -7.579339339311944536e-06 -5.008066596529362469e-06 7.566966032707139058e-07
1.000000000000000000e+00 -3.136395178187433430e+02 -2.135632822206906098e+02 -7.427521200133577222e+05 -5.593873899314332031e+13 -8.752241373975186363e-06 -4.941926183781397072e-06 9.165610397273711801e-07
1.000000000000000000e+00 -3.464282113932564471e+02 -2.042320516159092563e+02 -7.466616906484849751e+05 -5.652917021178340625e+13 -9.718108190045441231e-06 -4.750874264913346667e-06 1.050427697899085160e-06
1.000000000000000000e+00 -3.705881701383757445e+02 -1.897990590349757554e+02 -7.505712393020550953e+05 -5.712269773699370312e+13 -1.045028367021763239e-05 -4.438249789872243404e-06 1.145115410419641138e-06
1.000000000000000000e+00 -3.854202628823727537e+02 -1.705525547227554171e+02 -7.544807743387356168e+05 -5.771932279631949219e+13 -1.092514801726953586e-05 -4.008964162531294094e-06 1.190697202155853959e-06
1.000000000000000000e+00 -3.904406126029555821e+02 -1.469491445751797301e+02 -7.583903052174129989e+05 -5.831904681212074219e+13 -1.112480396701682660e-05 -3.472047053720849465e-06 1.181912129442836151e-06
1.000000000000000000e+00 -3.855129837924227445e+02 -1.195965876971081343e+02 -7.622998414455982856e+05 -5.892187124427143750e+13 -1.104102638098177325e-05 -2.840340362343650397e-06 1.119485887859935148e-06
1.000000000000000000e+00 -3.706778204911366288e+02 -8.913843786451619167e+01 -7.662093923849149141e+05 -5.952779756012856250e+13 -1.067059608774204390e-05 -2.127836515652274435e-06 1.009250878648842613e-06
1.000000000000000000e+00 -3.462325085402289346e+02 -5.635234446947441000e+01 -7.701189675915074768e+05 -6.013682728711745312e+13 -1.001775188432163491e-05 -1.352058790983632419e-06 8.622113299245549837e-07
1.000000000000000000e+00 -3.128318527962703683e+02 -2.211343758070967525e+01 -7.740285756245719967e+05 -6.074896182648027344e+13 -9.097301117003186375e-06 -5.332600160015452565e-07 6.936982746359005721e-07
1.000000000000000000e+00 -2.712916796367699703e+02 1.272876793767173353e+01 -7.779382238275081618e+05 -6.136420241479889062e+13 -7.929141974779512598e-06 3.085014765798317424e-07 5.207686665848154776e-07
1.000000000000000000e+00 -2.226502749118847930e+02 4.725769015804969087e+01 -7.818479242123670410e+05 -6.198255105217817188e+13 -6.540186486374740902e-06 1.151119856049770499e-06 3.611016477309734091e-07
1.000000000000000000e+00 -1.682355586652496982e+02 8.053897384829909356e+01 -7.857576725481866160e+05 -6.260400718854706250e+13 -4.966506793206955753e-06 1.971607627316567267e-06 2.314529544859330013e-07
1.000000000000000000e+00 -1.094434666368969857e+02 1.117437621891970849e+02 -7.896674774914231384e+05 -6.322857232420525000e+13 -3.246973182050920569e-06 2.749117537216951027e-06 1.452442119066679822e-07
1.000000000000000000e+00 -4.778542716950077107e+01 1.400538730128713496e+02 -7.935773417654567165e+05 -6.385624703208295312e+13 -1.424719409093050476e-06 3.462662389556250502e-06 1.113915228324466915e-07
1.000000000000000000e+00 1.506663933716883363e+01 1.647129811103068278e+02 -7.974872659538699081e+05 -6.448703154768990625e+13 4.514241180102186691e-07 4.092393176211087181e-06 1.333745578530971697e-07
1.000000000000000000e+00 7.751324315755901750e+01 1.851388771441417589e+02 -8.013972490840270184e+05 -6.512092585547476562e+13 2.333825411416772778e-06 4.622439546128531405e-06 2.089390927319902875e-07
1.000000000000000000e+00 1.379781310459001418e+02 2.008183857017796754e+02 -8.053072892592852004e+05 -6.575792978590253125e+13 4.174615650370690879e-06 5.038379416306141200e-06 3.304175253485653193e-07
1.000000000000000000e+00 1.948668285080021576e+02 2.113515556832598463e+02 -8.092173825647882186e+05 -6.639804283222697656e+13 5.924445776150513955e-06 5.328395088081513855e-06 4.852896473355848880e-07
1.000000000000000000e+00 2.467933800833309306e+02 2.165464723423881424e+02 -8.131275234565121355e+05 -6.704126420664132812e+13 7.539399849734881505e-06 5.485744068440513069e-06 6.580524576088631763e-07
1.000000000000000000e+00 2.925120040442750451e+02 2.162996615773207907e+02 -8.170377058068510378e+05 -6.768759300706187500e+13 8.979050238368562929e-06 5.505841521495279678e-06 8.316502672524526921e-07
1.000000000000000000e+00 3.308665603995958122e+02 2.106323347369959436e+02 -8.209479223210352939e+05 -6.833702811765707031e+13 1.020500198452406957e-05 5.387241157957372507e-06 9.888246383849014847e-07
1.000000000000000000e+00 3.609995305853621517e+02 1.997681702082463175e+02 -8.248581647802917287e+05 -6.898956824489425000e+13 1.118743496141063385e-05 5.133710053334796989e-06 1.114543438614204240e-06
1.000000000000000000e+00 3.822561114658605561e+02 1.840007656648286911e+02 -8.287684250874294667e+05 -6.964521208960653125e+13 1.190233701253512107e-05 4.750929590667930042e-06 1.196801190080752308e-06
1.000000000000000000e+00 3.941228940542291639e+02 1.637267389696783653e+02 -8.326786941239865264e+05 -7.030395815448960938e+13 1.232973448538024614e-05 4.247396761198802642e-06 1.227557848088288670e-06
1.000000000000000000e+00 3.964173301436635484e+02 1.395112686469790617e+02 -8.365889625769739505e+05 -7.096580488031390625e+13 1.245975123470318011e-05 3.636195171120776702e-06 1.204607825142667648e-06
1.000000000000000000e+00 3.891656279500916185e+02 1.119470616780923109e+02 -8.404992221060411539e+05 -7.163075084409412500e+13 1.228899591775683400e-05 2.931404714953494353e-06 1.130720102044736577e-06
1.000000000000000000e+00 3.725359741159903706e+02 8.169006683403658542e+01 -8.444094642492568819e+05 -7.229879457557065625e+13 1.181859683818479674e-05 2.149057872789681152e-06 1.012881573013068914e-06
1.000000000000000000e+00 3.470124080976801793e+02 4.951765520838218748e+01 -8.483196807635319419e+05 -7.296993461529190625e+13 1.105984792817757260e-05 1.308715907742767914e-06 8.626728185965823379e-07
1.000000000000000000e+00 3.132522397193419579e+02 1.618330205823126988e+01 -8.522298644999929238e+05 -7.364416966677067188e+13 1.002987551004429452e-05 4.296844691667012509e-07 6.944954767430336917e-07
1.000000000000000000e+00 2.720194073402041113e+02 -1.754181523654123609e+01 -8.561400087474525208e+05 -7.432149848683626562e+13 8.749622010551615019e-06 -4.678914319298745090e-07 5.241699154912596514e-07
1.000000000000000000e+00 2.243471545360031030e+02 -5.081545202378701731e+01 -8.600501076700957492e+05 -7.500191996370835938e+13 7.249180757135719618e-06 -1.361586745181267701e-06 3.680701050719942504e-07
1.000000000000000000e+00 1.713803636284546599e+02 -8.287088509109645429e+01 -8.639601571342222160e+05 -7.568543326531840625e+13 5.562876053367376807e-06 -2.230598774853279685e-06 2.408680914834428064e-07
1.000000000000000000e+00 1.143116334375527998e+02 -1.129685715930200587e+02 -8.678701535410756478e+05 -7.637203764063764062e+13 3.727260890724564355e-06 -3.054486132417461275e-06 1.543418890148249436e-07
1.000000000000000000e+00 5.453518719253336400e+01 -1.403470860266771183e+02 -8.717800941672807094e+05 -7.706173248198496875e+13 1.786192926900265906e-06 -3.811852748589361282e-06 1.167202163967982139e-07
1.000000000000000000e+00 -6.522598635593808147e+00 -1.643686552419223688e+02 -8.756899783563049277e+05 -7.775451754008287500e+13 -2.145930456475971595e-07 -4.484305055725458110e-06 1.315616172120764407e-07
1.000000000000000000e+00 -6.746433012140877850e+01 -1.844640005776436169e+02 -8.795998061810947256e+05 -7.845039269369612500e+13 -2.229481876005062615e-06 -5.055015777795710207e-06 1.974548143773514348e-07
1.000000000000000000e+00 -1.267754799134784349e+02 -2.000874612162131143e+02 -8.835095790762923425e+05 -7.914935806579831250e+13 -4.208149250612316019e-06 -5.507530406861363654e-06 3.079983589834901978e-07
1.000000000000000000e+00 -1.830035603351043676e+02 -2.108589532074093142e+02 -8.874193002759075025e+05 -7.985141410773476562e+13 -6.101449451615781583e-06 -5.829706403147755471e-06 4.525509541848142037e-07
1.000000000000000000e+00 -2.348160269804061500e+02 -2.165008301705132965e+02 -8.913289735489083687e+05 -8.055656137780615625e+13 -7.863400003243970133e-06 -6.012060706267382867e-06 6.172541866602933531e-07
1.000000000000000000e+00 -2.808600469062302523e+02 -2.167956854284770145e+02 -8.952386039529965492e+05 -8.126480068023573438e+13 -9.446553187215572448e-06 -6.046655185676443495e-06 7.856607658884539481e-07
1.000000000000000000e+00 -3.199480633223423638e+02 -2.117214454037770963e+02 -8.991481983452569693e+05 -8.197613316339070312e+13 -1.080824978346495923e-05 -5.930917676432843577e-06 9.409580636258686125e-07
1.000000000000000000e+00 -3.511080887024225490e+02 -2.013770163447004222e+02 -9.030577640934062656e+05 -8.269056009089981250e+13 -1.191244680552236345e-05 -5.665669019681123100e-06 1.067823694933290701e-06
1.000000000000000000e+00 -3.734437728614980756e+02 -1.859390926397431656e+02 -9.069673091730577871e+05 -8.340808286156687500e+13 -1.272510763167171723e-05 -5.253976285043938416e-06 1.153092332674812461e-06
1.000000000000000000e+00 -3.863194271740196086e+02 -1.657866453337943824e+02 -9.108768428728833096e+05 -8.412870314203782812e+13 -1.322058943386205782e-05 -4.704732897658117749e-06 1.187863840926624825e-06
1.000000000000000000e+00 -3.893926140315555244e+02 -1.414110955639164331e+02 -9.147863741654475452e+05 -8.485242256977403125e+13 -1.338295462542165349e-05 -4.030221739355687929e-06 1.168399889759765288e-06
1.000000000000000000e+00 -3.824645123141759768e+02 -1.133677156000949964e+02 -9.186959124853175599e+05 -8.557924289676551562e+13 -1.320102147036632699e-05 -3.244792629998330913e-06 1.095858492840405500e-06
1.000000000000000000e+00 -3.656540358078422628e+02 -8.238726083883138074e+01 -9.226054678506451892e+05 -8.630916601411040625e+13 -1.267450491393372156e-05 -2.368109910627284634e-06 9.774511205762743069e-07
1.000000000000000000e+00 -3.394000075587092056e+02 -4.926874780507635876e+01 -9.265150490394650260e+05 -8.704219361167020312e+13 -1.181432555886400015e-05 -1.422164290476586868e-06 8.254923839395480868e-07
1.000000000000000000e+00 -3.042916553379749303e+02 -1.482421025063422171e+01 -9.304246643921314972e+05 -8.777832732456164062e+13 -1.063691934061764375e-05 -4.297130545918766219e-07 6.551978700063764573e-07
1.000000000000000000e+00 -2.612233500589200048e+02 2.002033221693794829e+01 -9.343343217383621959e+05 -8.851756871759840625e+13 -9.169779783442877846e-06 5.827729020447495068e-07 4.840669920706899421e-07
1.000000000000000000e+00 -2.113596828745570519e+02 5.434542393898590262e+01 -9.382440274732367834e+05 -8.925991910745767188e+13 -7.450451054218313186e-06 1.588563416206235353e-06 3.299627036236516012e-07
1.000000000000000000e+00 -1.559443038293958921e+02 8.729452673278680663e+01 -9.421537867274101591e+05 -9.000537958951481250e+13 -5.519959898813500281e-06 2.562327160151050820e-06 2.087921015521646882e-07
1.000000000000000000e+00 -9.643647827836765885e+01 1.179762656571194697e+02 -9.460636036345848115e+05 -9.075395108414753125e+13 -3.427727477110285234e-06 3.477288684787602331e-06 1.332796131173763056e-07
1.000000000000000000e+00 -3.444617667624433466e+01 1.455885456012737791e+02 -9.499734798968725372e+05 -9.150563405640260938e+13 -1.229411057621936712e-06 4.308880563757750863e-06 1.113262695121615786e-07
1.000000000000000000e+00 2.846735530907010414e+01 1.694652622536659123e+02 -9.538834158546958352e+05 -9.226042871331978125e+13 1.020204016410975462e-06 5.036185908860050441e-06 1.452155836126390694e-07
1.000000000000000000e+00 9.066452952860495884e+01 1.889729551918473760e+02 -9.577934108272109879e+05 -9.301833506465534375e+13 3.262525133456005805e-06 5.638937316715753606e-06 2.315458996459517247e-07
1.000000000000000000e+00 1.505021255932814483e+02 2.036287688387890285e+02 -9.617034620180884376e+05 -9.377935270543021875e+13 5.437865003416170428e-06 6.101071044423404149e-06 3.614737217525167412e-07
1.000000000000000000e+00 2.065264539149741267e+02 2.131283150988807904e+02 -9.656135651963631390e+05 -9.454348094086706250e+13 7.492446580537036281e-06 6.411656940076034791e-06 5.219986920646026294e-07
1.000000000000000000e+00 2.573317633038736858e+02 2.172323261280390909e+02 -9.695237151341184508e+05 -9.531071886675637500e+13 9.373384694518822579e-06 6.561583450445411314e-06 6.969947244074540621e-07
1.000000000000000000e+00 3.016315809406384574e+02 2.158747236767319464e+02 -9.734339049499533139e+05 -9.608106523589964062e+13 1.103133028692207637e-05 6.546874724295609578e-06 8.690330286879249212e-07
1.000000000000000000e+00 3.384297873216318635e+02 2.091694195308179474e+02 -9.773441272275226656e+05 -9.685451867324704688e+13 1.242683973660423467e-05 6.369003185854273744e-06 1.021643967168955358e-06
1.000000000000000000e+00 3.668590331220235612e+02 1.972886842797295230e+02 -9.812543742100531235e+05 -9.763107771248314062e+13 1.352463121166604816e-05 6.031280813936991159e-06 1.139922596038809249e-06
1.000000000000000000e+00 3.862399963579763948e+02 1.805640262458064456e+02 -9.851646370465622749e+05 -9.841074064408235938e+13 1.429587253779983247e-05 5.541990942344285024e-06 1.212317389214591453e-06
1.000000000000000000e+00 3.962270924548887479e+02 1.594759857688118245e+02 -9.890749065942690941e+05 -9.919350567191626562e+13 1.472373390495332575e-05 4.914170791853295831e-06 1.232581006146277282e-06
1.000000000000000000e+00 3.966263423696267978e+02 1.345290007331563515e+02 -9.929851742453509942e+05 -9.997937107858173438e+13 1.479683830686428635e-05 4.161831068134067688e-06 1.199140587886272848e-06
1.000000000000000000e+00 3.874456218294780001e+02 1.063500855851611817e+02 -9.968954310029243352e+05 -1.007683350407181094e+14 1.451125493839489872e-05 3.303035311042000817e-06 1.115395273481152884e-06
1.000000000000000000e+00 3.690191148669827612e+02 7.566759698800879619e+01 -1.000805668623900972e+06 -1.015603958594157812e+14 1.387532703887422269e-05 2.359312485051483387e-06 9.898881039106008436e-07
1.000000000000000000e+00 3.418087650366642833e+02 4.318677077302274370e+01 -1.004715879448772990e+06 -1.023555519285237500e+14 1.290241688967439586e-05 1.351822793985204678e-06 8.344792440139636582e-07
1.000000000000000000e+00 3.064519646642401653e+02 9.689743174571177065e+00 -1.008626055866667768e+06 -1.031538016275445156e+14 1.161280682730770452e-05 3.044866223776839153e-07 6.638689930201808526e-07
1.000000000000000000e+00 2.638701579120249789e+02 -2.399221603259152857e+01 -1.012536191409553983e+06 -1.039551435465073594e+14 1.003795954462156894e-05 -7.568445463269880888e-07 4.946142293159021500e-07
1.000000000000000000e+00 2.150581695947574872e+02 -5.710020354797985931e+01 -1.016446281044043950e+06 -1.047595765506488594e+14 8.212681585781379169e-06 -1.808205787204653570e-06 3.425551060914499121e-07
1.000000000000000000e+00 1.611340194773983683e+02 -8.884500313203432142e+01 -1.020356320223062648e+06 -1.055670995898709219e+14 6.177086861166279550e-06 -2.824298745823361558e-06 2.218002824069145532e-07
1.000000000000000000e+00 1.034347681410286555e+02 -1.184393225146965136e+02 -1.024266305615333957e+06 -1.063777118521944531e+14 3.980375463286097737e-06 -3.779501901091834884e-06 1.437584748801805839e-07
1.000000000000000000e+00 4.329650774526753310e+01 -1.452150540775489276e+02 -1.028176235324218869e+06 -1.071914128142093125e+14 1.672495809810372533e-06 -4.651627932948045609e-06 1.156990463186844640e-07
1.000000000000000000e+00 -1.789204251306380300e+01 -1.685175818375596180e+02 -1.032086108206868405e+06 -1.080082021042606719e+14 -6.937779020183225094e-07 -5.418597824872273506e-06 1.402246960417160640e-07
1.000000000000000000e+00 -7.860580362984245539e+01 -1.877419552736834589e+02 -1.035995924822549801e+06 -1.088280797046746875e+14 -3.059547978077550387e-06 -6.059616659863979480e-06 2.148659865231706033e-07
1.000000000000000000e+00 -1.374104932590947783e+02 -2.024441856372795883e+02 -1.039905687456956482e+06 -1.096510459636332969e+14 -5.368568030104639919e-06 -6.558809676229084873e-06 3.324508621109133455e-07
1.000000000000000000e+00 -1.929048731319424803e+02 -2.122314040604099716e+02 -1.043815398760520737e+06 -1.104771013137770156e+14 -7.565044849353194049e-06 -6.901748252316534985e-06 4.816877037342608332e-07
1.000000000000000000e+00 -2.436486447063990681e+02 -2.168012633648966130e+02 -1.047725062988523394e+06 -1.113062465371395000e+14 -9.590824448342801325e-06 -7.076767195364332014e-06 6.477697278248297241e-07
1.000000000000000000e+00 -2.883928733603947876e+02 -2.160440729667159303e+02 -1.051634685879519442e+06 -1.121384827455817812e+14 -1.139446752024098240e-05 -7.078366171546238909e-06 8.143639026646827555e-07
1.000000000000000000e+00 -3.260157640952290876e+02 -2.099258253086982791e+02 -1.055544273925849004e+06 -1.129738112305189219e+14 -1.292884304766900671e-05 -6.903480312684760706e-06 9.649252199380468161e-07
1.000000000000000000e+00 -3.554584957644734686e+02 -1.985285010386984084e+02 -1.059453834859968163e+06 -1.138122335703961719e+14 -1.414866763660345811e-05 -6.552856659597222588e-06 1.083985332592957012e-06
1.000000000000000000e+00 -3.759512104627791018e+02 -1.821385370534967763e+02 -1.063363377265388612e+06 -1.146537515517063750e+14 -1.501958023304077439e-05 -6.034055635631612633e-06 1.159608195303606528e-06
1.000000000000000000e+00 -3.869353067572636178e+02 -1.611185170567321165e+02 -1.067272909676988376e+06 -1.154983669776375781e+14 -1.551523844616830379e-05 -5.357309157595112232e-06 1.183860017590282778e-06
1.000000000000000000e+00 -3.879982491343463948e+02 -1.359446801924786712e+02 -1.071182441505019553e+06 -1.163460818686016875e+14 -1.561485011457024066e-05 -4.536818757591577638e-06 1.153367383191269139e-06
1.000000000000000000e+00 -3.790838234444092905e+02 -1.072778528989509113e+02 -1.075091982767631300e+06 -1.171968984073884219e+14 -1.531177308106003744e-05 -3.593200597960006929e-06 1.071092942940529737e-06
1.000000000000000000e+00 -3.603899420888642453e+02 -7.582122766442759598e+01 -1.079001542583284900e+06 -1.180508186116932500e+14 -1.460963400707306344e-05 -2.548816940018376055e-06 9.453831636134500577e-07
1.000000000000000000e+00 -3.322905654553962336e+02 -4.235258997119095881e+01 -1.082911129948858405e+06 -1.189078445014289219e+14 -1.351933833623370447e-05 -1.428889215147816927e-06 7.887097452782511184e-07
1.000000000000000000e+00 -2.955204613223352226e+02 -7.778040736576772751e+00 -1.086820753277657088e+06 -1.197679779964211094e+14 -1.206674368195857742e-05 -2.633624802039772269e-07 6.172925424802784281e-07
1.000000000000000000e+00 -2.510402112867689937e+02 2.702101753040807708e+01 -1.090730419742866652e+06 -1.206312207688717188e+14 -1.028739287960842723e-05 9.182160758040233957e-07 4.488114437460861548e-07
1.000000000000000000e+00 -1.999388591736847047e+02 6.115830183268696629e+01 -1.094640135763881961e+06 -1.214975743464015469e+14 -8.222676158131135286e-06 2.085703418908118958e-06 3.005749727478819514e-07
1.000000000000000000e+00 -1.435928308163635734e+02 9.369942968979820819e+01 -1.098549906592939049e+06 -1.223670400169730000e+14 -5.926484564548183888e-06 3.206878502137263700e-06 1.882747965909158179e-07
1.000000000000000000e+00 -8.350080839986281944e+01 1.238163274310874300e+02 -1.102459735172261717e+06 -1.232396185687535312e+14 -3.458581591970285603e-06 4.252716401726388828e-06 1.237001587069099478e-07
1.000000000000000000e+00 -2.117373526245266646e+01 1.507521478168947056e+02 -1.106369623252591118e+06 -1.241153105319168281e+14 -8.801208929150384983e-07 5.196243794080174791e-06 1.135497902341036809e-07
1.000000000000000000e+00 4.171990210379134822e+01 1.737783063323743420e+02 -1.110279571368880570e+06 -1.249941161684471875e+14 1.740284445522582794e-06 6.011096174923932340e-06 1.589862535164819755e-07
1.000000000000000000e+00 1.035344084395411954e+02 1.923395604852859719e+02 -1.114189577770383563e+06 -1.258760352255718750e+14 4.333995009672481828e-06 6.676571100611316743e-06 2.554524578598650664e-07
1.000000000000000000e+00 1.627519879948652317e+02 2.060043814796737536e+02 -1.118099639758035541e+06 -1.267610672299424062e+14 6.836777063115246283e-06 7.176004993258261400e-06 3.933096007168063938e-07
1.000000000000000000e+00 2.178338003508949328e+02 2.144151020944728714e+02 -1.122009753003608668e+06 -1.276492113289567969e+14 9.182617813639864889e-06 7.495105847654183201e-06 5.585411709977318410e-07
1.000000000000000000e+00 2.673978656227519082e+02 2.174184235903167348e+02 -1.125919911306549096e+06 -1.285404662287790469e+14 1.131123550374747518e-05 7.626576120078004691e-06 7.346773348349841968e-07
1.000000000000000000e+00 3.103022896335424434e+02 2.149970888293464668e+02 -1.129830108198827598e+06 -1.294348305546227812e+14 1.317172736022659038e-05 7.567832138882286562e-06 9.046993623952189125e-07
1.000000000000000000e+00 3.454815696686485467e+02 2.072129373535712205e+02 -1.133740336361360969e+06 -1.303323027155163281e+14 1.471577338089568164e-05 7.319075593279042959e-06 1.051802891009019458e-06
1.000000000000000000e+00 3.721122321116529292e+02 1.943248812679003663e+02 -1.137650587210637052e+06 -1.312328808055589062e+14 1.590477210218435119e-05 6.887523182007635305e-06 1.161716090117401473e-06
1.000000000000000000e+00 3.896667768001512968e+02 1.767037851917085618e+02 -1.141560852065882878e+06 -1.321365628691079375e+14 1.671233201365017321e-05 6.284499368002354715e-06 1.224355125830116466e-06
1.000000000000000000e+00 3.977344617202937229e+02 1.547730857960132482e+02 -1.145471122173374984e+06 -1.330433469060405625e+14 1.711677633469052675e-05 5.523385476148784477e-06 1.233818740989380594e-06
1.000000000000000000e+00 3.961746432395885336e+02 1.291197044352139187e+02 -1.149381388244440546e+06 -1.339532307637777188e+14 1.710785043052408819e-05 4.623623377484549082e-06 1.189706113930807112e-06
1.000000000000000000e+00 3.851434145752278937e+02 1.003969784371699490e+02 -1.153291641890096944e+06 -1.348662124706976406e+14 1.668807449748569850e-05 3.607327348139490932e-06 1.096902071397806513e-06
1.000000000000000000e+00 3.649040954451346579e+02 6.926805941227418373e+01 -1.157201875061782077e+06 -1.357822901084571250e+14 1.586472232129454288e-05 2.497283896801131626e-06 9.640565492648189680e-07
1.000000000000000000e+00 3.359730498844024282e+02 3.651400895660221124e+01 -1.161112079443459399e+06 -1.367014616702028594e+14 1.465626111585483777e-05 1.320868028401617061e-06 8.039152287395943509e-07
1.000000000000000000e+00 2.991248398270495841e+02 2.929365525886602484e+00 -1.165022248153732391e+06 -1.376237254616517969e+14 1.309276301157319228e-05 1.063245498252587735e-07 6.320793188062582572e-07
1.000000000000000000e+00 2.551976831691856944e+02 -3.072835352395846797e+01 -1.168932375162258977e+06 -1.385490799684394375e+14 1.120755098559672331e-05 -1.119062763875661106e-06 4.646162863870471140e-07
1.000000000000000000e+00 2.052360579289054670e+02 -6.363206624747951423e+01 -1.172842454997960012e+06 -1.394775237900931406e+14 9.043529330849327759e-06 -2.325099117877959028e-06 3.172503301290928947e-07
1.000000000000000000e+00 1.504794085822281886e+02 -9.499378990686312818e+01 -1.176752483745977515e+06 -1.404090558801626250e+14 6.652835852336382296e-06 -3.482620127746912141e-06 2.038447645818795277e-07
1.000000000000000000e+00 9.216515766752755212e+01 -1.241075286662610466e+02 -1.180662458342508879e+06 -1.413436753835511562e+14 4.088247061856262665e-06 -4.565093206815629042e-06 1.348567258713867686e-07
1.000000000000000000e+00 3.166996319816429306e+01 -1.502447017648363783e+02 -1.184572376599124866e+06 -1.422813816457322500e+14 1.409463288271997141e-06 -5.544808277992482164e-06 1.167533003941873255e-07
1.000000000000000000e+00 -2.951527345373387945e+01 -1.727650057259223502e+02 -1.188482238199716667e+06 -1.432221744565013125e+14 -1.317905030230418953e-06 -6.396968935864805798e-06 1.511507362226418127e-07
1.000000000000000000e+00 -8.998412597716684047e+01 -1.911506702718315012e+02 -1.192392044141238322e+06 -1.441660539221646250e+14 -4.031155777933895786e-06 -7.101018795243318643e-06 2.346815511385656922e-07
1.000000000000000000e+00 -1.482742300650458276e+02 -2.049039971534085112e+02 -1.196301796125799185e+06 -1.451130203232647500e+14 -6.664246324630928990e-06 -7.636897338711400921e-06 3.592505747181517576e-07
1.000000000000000000e+00 -2.029044313247322009e+02 -2.136584979613936923e+02 -1.200211497703523841e+06 -1.460630743955431562e+14 -9.149427571682513925e-06 -7.989207868686110079e-06 5.126292114198850863e-07
1.000000000000000000e+00 -2.525736088662389136e+02 -2.172026106283138063e+02 -1.204121153421482071e+06 -1.470162171294442500e+14 -1.142622480592477284e-05 -8.148187124240387590e-06 6.799172152697182912e-07
