5.400000578044085705e+04 -1.316584084071914996e-07 9.999999999999999547e-08
5.400918235642900981e+04 -4.012414692417145298e-08 9.999999999999999547e-08
5.401835882611779380e+04 -1.277084296554031933e-07 9.999999999999999547e-08
5.402753520524698251e+04 8.308069420920239729e-08 9.999999999999999547e-08
5.403671151185250346e+04 4.144419760463346265e-08 9.999999999999999547e-08
5.404588776744290954e+04 -1.662338368632946155e-08 9.999999999999999547e-08
5.405506399275730655e+04 4.307724987242485013e-08 9.999999999999999547e-08
5.406424021085106506e+04 -2.244288467749422127e-07 9.999999999999999547e-08
5.407341644669369271e+04 1.471792804843504929e-07 9.999999999999999547e-08
5.408259272349856474e+04 -4.083082570734065470e-08 9.999999999999999547e-08
5.409176906298597169e+04 -1.244100016170946742e-07 9.999999999999999547e-08
5.410094548657578707e+04 -3.513958249164390409e-08 9.999999999999999547e-08
5.411012201271273807e+04 -1.229282269919584249e-08 9.999999999999999547e-08
5.411929865718430665e+04 -6.248328025273530950e-08 9.999999999999999547e-08
5.412847543384406890e+04 1.015752272159418625e-07 9.999999999999999547e-08
5.413765235058549297e+04 8.646382909611738227e-08 9.999999999999999547e-08
5.414682941197070613e+04 -2.126526643142316976e-08 9.999999999999999547e-08
5.415600662016501883e+04 9.487757889523589701e-09 9.999999999999999547e-08
5.416518397236845340e+04 4.585418374498913807e-09 9.999999999999999547e-08
5.417436146193875175e+04 -5.607487574485531060e-08 9.999999999999999547e-08
5.418353907927779073e+04 3.386855549832403876e-08 9.999999999999999547e-08
5.419271681023223937e+04 1.552058748725897178e-07 9.999999999999999547e-08
5.420189463955609244e+04 -1.513613790686801838e-07 9.999999999999999547e-08
5.421107255035201524e+04 -5.523344270235523086e-08 9.999999999999999547e-08
5.422025052221670194e+04 7.092930552191291026e-08 9.999999999999999547e-08
5.422942853409249074e+04 -6.286938113488745347e-08 9.999999999999999547e-08
5.423860656493090937e+04 -1.035854316902933906e-07 9.999999999999999547e-08
5.424778459253272013e+04 -6.251011430784366765e-08 9.999999999999999547e-08
5.425696259607590036e+04 1.134538370753507364e-07 9.999999999999999547e-08
5.426614055559378176e+04 -6.832833706069128182e-10 9.999999999999999547e-08
5.427531845083223016e+04 1.228010557621287998e-08 9.999999999999999547e-08
5.428449626329721650e+04 -8.495126815958420701e-08 9.999999999999999547e-08
5.429367397816837183e+04 2.208483974893151618e-07 9.999999999999999547e-08
5.430285158146457252e+04 -6.592381738821035844e-09 9.999999999999999547e-08
5.431202906171869108e+04 1.771264655747417788e-07 9.999999999999999547e-08
5.432120641090392746e+04 -1.023684094738446520e-07 9.999999999999999547e-08
5.433038362234435044e+04 1.450866621737403265e-07 9.999999999999999547e-08
5.433956069391732308e+04 1.027954321440411096e-07 9.999999999999999547e-08
5.434873762745522981e+04 -1.467053347167012414e-07 9.999999999999999547e-08
5.435791442629617086e+04 1.776082522007351607e-07 9.999999999999999547e-08
5.436709109704160801e+04 -8.485269169598701749e-08 9.999999999999999547e-08
5.437626765111400164e+04 -1.025408014883819235e-07 9.999999999999999547e-08
5.438544410140436230e+04 -4.825670517093976725e-08 9.999999999999999547e-08
5.439462046434158401e+04 3.330942280359489365e-07 9.999999999999999547e-08
5.440379675963700720e+04 5.601044685734906062e-08 9.999999999999999547e-08
5.441297300713457662e+04 1.598769860063270169e-07 9.999999999999999547e-08
5.442214922879372170e+04 -5.998295030187012555e-09 9.999999999999999547e-08
5.443132544902763038e+04 1.803488881229011585e-07 9.999999999999999547e-08
5.444050169117133191e+04 2.000103959353649634e-07 9.999999999999999547e-08
5.444967797836086538e+04 1.865484016294261955e-07 9.999999999999999547e-08
5.445885433359918534e+04 1.913895688425444301e-07 9.999999999999999547e-08
5.446803077588989981e+04 2.457095217646362861e-07 9.999999999999999547e-08
5.447720732426155155e+04 -3.136111977870925167e-08 9.999999999999999547e-08
5.448638399494232726e+04 7.697447211298334570e-08 9.999999999999999547e-08
5.449556079855450662e+04 1.243197898453004139e-07 9.999999999999999547e-08
5.450473774361763208e+04 3.745804105711147455e-08 9.999999999999999547e-08
5.451391483496483852e+04 1.728111757636926585e-07 9.999999999999999547e-08
5.452309207214362686e+04 2.415641712362103210e-07 9.999999999999999547e-08
5.453226945202517527e+04 -1.258952475878691874e-07 9.999999999999999547e-08
5.454144696867200400e+04 1.311923446687435017e-07 9.999999999999999547e-08
5.455062460954696144e+04 -2.590293022943143228e-07 9.999999999999999547e-08
5.455980236139982298e+04 -1.193595346139691403e-07 9.999999999999999547e-08
5.456898020890047337e+04 1.576838348864262305e-07 9.999999999999999547e-08
5.457815813324859482e+04 -2.990828490822883776e-08 9.999999999999999547e-08
5.458733611472434131e+04 -1.248716992007436071e-07 9.999999999999999547e-08
5.459651413261503330e+04 -9.822045685965046104e-09 9.999999999999999547e-08
5.460569216417387361e+04 -1.641026205821328643e-07 9.999999999999999547e-08
5.461487018858840747e+04 -2.265974121773226282e-07 9.999999999999999547e-08
5.462404818549154152e+04 -3.514948101686886339e-08 9.999999999999999547e-08
5.463322613339071540e+04 5.500365880497015556e-08 9.999999999999999547e-08
5.464240401336232026e+04 1.799631409889292497e-08 9.999999999999999547e-08
5.465158180825708405e+04 -4.422604905868966966e-08 9.999999999999999547e-08
5.466075950160554930e+04 -1.502767718184992058e-08 9.999999999999999547e-08
5.466993708128773869e+04 -1.138616776300271796e-07 9.999999999999999547e-08
5.467911453666531452e+04 9.840726115611445494e-08 9.999999999999999547e-08
5.468829185839137790e+04 -1.370668574730248643e-07 9.999999999999999547e-08
5.469746904212266236e+04 6.682319870411329558e-08 9.999999999999999547e-08
5.470664608662052342e+04 2.754590900987087007e-08 9.999999999999999547e-08
5.471582299260029686e+04 9.479719016876185125e-08 9.999999999999999547e-08
5.472499976535546011e+04 1.485749218804754416e-09 9.999999999999999547e-08
5.473417641255124181e+04 -9.085610344613802985e-08 9.999999999999999547e-08
5.474335294436824188e+04 -1.093640096816474932e-07 9.999999999999999547e-08
5.475252937586537882e+04 -2.101360771306541285e-07 9.999999999999999547e-08
5.476170572453197383e+04 -1.953387129355021973e-08 9.999999999999999547e-08
5.477088200843409868e+04 4.126222825595523384e-08 9.999999999999999547e-08
5.478005824891042721e+04 -8.689394863234734510e-08 9.999999999999999547e-08
5.478923446897770191e+04 7.459870926223632659e-08 9.999999999999999547e-08
5.479841069138357125e+04 -8.384456048089322757e-08 9.999999999999999547e-08
5.480758694084382296e+04 1.996141045360933032e-07 9.999999999999999547e-08
5.481676324057731108e+04 1.060124820413409234e-07 9.999999999999999547e-08
5.482593961112244142e+04 -1.032249384972925268e-07 9.999999999999999547e-08
5.483511608490314393e+04 -3.929664189504100038e-08 9.999999999999999547e-08
5.484429265705525177e+04 2.110311044094216193e-07 9.999999999999999547e-08
5.485346935307704553e+04 -9.444850556596408747e-09 9.999999999999999547e-08
5.486264618462273938e+04 -1.259518940154102303e-07 9.999999999999999547e-08
5.487182315904854477e+04 6.282991755436449954e-08 9.999999999999999547e-08
5.488100027903688169e+04 -5.776658918426008152e-08 9.999999999999999547e-08
5.489017754526560020e+04 -1.517896143812146828e-07 9.999999999999999547e-08
5.489935495380840439e+04 4.584334748779486293e-08 9.999999999999999547e-08
5.490853249577521638e+04 -4.198933274812329496e-08 9.999999999999999547e-08
5.491771015991031163e+04 4.315766444018156281e-08 9.999999999999999547e-08
5.492688793271449686e+04 -1.292778827306566786e-08 9.999999999999999547e-08
5.493606579691308434e+04 -8.052309428210537790e-08 9.999999999999999547e-08
5.494524373468576960e+04 -8.832634407020985631e-08 9.999999999999999547e-08
5.495442172555784055e+04 5.681879721819759195e-08 9.999999999999999547e-08
5.496359974744724605e+04 1.435827871200940693e-07 9.999999999999999547e-08
5.497277777959783270e+04 9.601777468632400380e-08 9.999999999999999547e-08
5.498195580072340090e+04 -6.060994785492576346e-08 9.999999999999999547e-08
5.499113378925438883e+04 1.261765594408799591e-10 9.999999999999999547e-08
5.500031172556981619e+04 9.028924410569431342e-08 9.999999999999999547e-08
5.500948959026580269e+04 1.148323308094808911e-07 9.999999999999999547e-08
5.501866736553267401e+04 1.045650782200989855e-07 9.999999999999999547e-08
5.502784503778657381e+04 2.551578032259935711e-09 9.999999999999999547e-08
5.503702259397628222e+04 5.199853662472851392e-08 9.999999999999999547e-08
5.504620002276144078e+04 -1.314689899072956794e-08 9.999999999999999547e-08
5.505537731772112602e+04 5.210803358518155887e-08 9.999999999999999547e-08
5.506455447414307855e+04 1.053814033175752821e-08 9.999999999999999547e-08
5.507373149055887916e+04 1.357308914823589934e-07 9.999999999999999547e-08
5.508290837005375215e+04 8.168838925846042232e-08 9.999999999999999547e-08
5.509208511722359981e+04 1.491837756411880580e-07 9.999999999999999547e-08
5.510126174000081664e+04 -5.334939420201601127e-08 9.999999999999999547e-08
5.511043825101172843e+04 1.535328197152461426e-07 9.999999999999999547e-08
5.511961466503510019e+04 -1.648576532230381132e-07 9.999999999999999547e-08
5.512879099885260075e+04 1.263339499338473113e-07 9.999999999999999547e-08
5.513796727285248926e+04 9.490382560864838969e-08 9.999999999999999547e-08
5.514714350785412535e+04 -8.483067550713859634e-08 9.999999999999999547e-08
5.515631972612638492e+04 5.434329767406042868e-10 9.999999999999999547e-08
5.516549595277915796e+04 -2.100726239340634982e-08 9.999999999999999547e-08
5.517467221082258766e+04 8.898707705279728687e-08 9.999999999999999547e-08
5.518384852273472643e+04 2.006503253714420009e-07 9.999999999999999547e-08
5.519302491037545406e+04 -5.149886637117015553e-08 9.999999999999999547e-08
5.520220139373444545e+04 1.819912841313178764e-07 9.999999999999999547e-08
5.521137798919083434e+04 1.210803733688787186e-07 9.999999999999999547e-08
5.522055471207784285e+04 5.520565879761392994e-08 9.999999999999999547e-08
5.522973157200971036e+04 -6.244523370887655229e-08 9.999999999999999547e-08
5.523890857493415388e+04 1.690894470758674108e-07 9.999999999999999547e-08
5.524808572475425171e+04 1.302370055881827971e-07 9.999999999999999547e-08
5.525726301997482369e+04 -1.607387571602575876e-07 9.999999999999999547e-08
5.526644045569199079e+04 5.480627228426014293e-08 9.999999999999999547e-08
5.527561802354969404e+04 6.996935296941845059e-08 9.999999999999999547e-08
5.528479571087220393e+04 3.164728555897891283e-08 9.999999999999999547e-08
5.529397350297971570e+04 1.493628250709208636e-07 9.999999999999999547e-08
5.530315138391734217e+04 9.280031600037182626e-08 9.999999999999999547e-08
5.531232933433001745e+04 -2.502786556051806686e-07 9.999999999999999547e-08
5.532150733274796221e+04 1.172012610498956393e-07 9.999999999999999547e-08
5.533068535894528031e+04 1.137373028065715647e-07 9.999999999999999547e-08
5.533986339091340778e+04 4.753082704472878414e-08 9.999999999999999547e-08
5.534904140717873088e+04 7.398745343020327086e-08 9.999999999999999547e-08
5.535821938752754068e+04 8.182019439965643206e-08 9.999999999999999547e-08
5.536739731118341297e+04 1.668567602534457039e-07 9.999999999999999547e-08
5.537657515898186830e+04 -1.211225491161141357e-08 9.999999999999999547e-08
5.538575291553226998e+04 1.224175794491207307e-07 9.999999999999999547e-08
5.539493056583128055e+04 1.396096534110686389e-07 9.999999999999999547e-08
5.540410809731611516e+04 1.055184901541557046e-07 9.999999999999999547e-08
5.541328550041787094e+04 4.732619912503413685e-08 9.999999999999999547e-08
5.542246276801119529e+04 2.222324716265378392e-08 9.999999999999999547e-08
5.543163989625786780e+04 1.602295954181752818e-07 9.999999999999999547e-08
5.544081688591848797e+04 -5.119811471979246810e-08 9.999999999999999547e-08
5.544999373871276475e+04 7.849399793217702039e-08 9.999999999999999547e-08
5.545917046004983422e+04 -2.642542636536178503e-07 9.999999999999999547e-08
5.546834705999366997e+04 2.162751620386281448e-07 9.999999999999999547e-08
5.547752355059588444e+04 -7.754355059182557792e-08 9.999999999999999547e-08
5.548669994728371967e+04 2.730875319312430994e-08 9.999999999999999547e-08
5.549587626817949786e+04 4.039793224811255375e-08 9.999999999999999547e-08
5.550505253263957275e+04 -1.092125242867593850e-07 9.999999999999999547e-08
5.551422876200028986e+04 -3.251448776214795957e-08 9.999999999999999547e-08
5.552340498086415755e+04 2.486448904391787468e-08 9.999999999999999547e-08
5.553258121200585447e+04 -9.107363740757140154e-08 9.999999999999999547e-08
5.554175747900129500e+04 -2.377040246667533697e-07 9.999999999999999547e-08
5.555093380483610963e+04 -9.019766172394706843e-08 9.999999999999999547e-08
5.556011021001548215e+04 -1.789014705780401707e-07 9.999999999999999547e-08
5.556928671415191639e+04 -2.370917760622788629e-07 9.999999999999999547e-08
5.557846333502467314e+04 -1.714966145308480349e-07 9.999999999999999547e-08
5.558764008442273916e+04 -2.464133253036199513e-07 9.999999999999999547e-08
5.559681697219725902e+04 -1.386141225221999864e-07 9.999999999999999547e-08
5.560599400495541340e+04 -1.798865928318440884e-07 9.999999999999999547e-08
5.561517118393466080e+04 -1.720427561703983483e-07 9.999999999999999547e-08
5.562434850796352839e+04 -2.387346392577268347e-07 9.999999999999999547e-08
5.563352597139725549e+04 -1.805738249548368517e-07 9.999999999999999547e-08
5.564270356383824401e+04 -1.211698259617471681e-07 9.999999999999999547e-08
5.565188127323057415e+04 -1.257505948033133766e-07 9.999999999999999547e-08
5.566105908539335360e+04 -3.888674367348372169e-08 9.999999999999999547e-08
5.567023698169581621e+04 -8.619620480115110337e-08 9.999999999999999547e-08
5.567941494332900038e+04 -4.866426745734071666e-08 9.999999999999999547e-08
5.568859294966511516e+04 -5.855718643792049314e-08 9.999999999999999547e-08
5.569777097851083090e+04 -2.298650934691359150e-07 9.999999999999999547e-08
5.570694900914719619e+04 -9.554017901999297661e-08 9.999999999999999547e-08
5.571612702058652212e+04 -9.864183372057000889e-08 9.999999999999999547e-08
5.572530499093778053e+04 -1.063919993822468583e-07 9.999999999999999547e-08
5.573448290072066447e+04 -2.244409610806588930e-08 9.999999999999999547e-08
5.574366073225408763e+04 -2.644420728401869123e-07 9.999999999999999547e-08
5.575283846871381684e+04 -1.942329721879699987e-07 9.999999999999999547e-08
5.576201609631560859e+04 -1.347808529306598882e-07 9.999999999999999547e-08
5.577119360327663890e+04 -4.426243124874953342e-08 9.999999999999999547e-08
5.578037097965848807e+04 1.838227156922607209e-07 9.999999999999999547e-08
5.578954821960438858e+04 2.447713259661919438e-08 9.999999999999999547e-08
5.579872532090588356e+04 -7.806271218032026797e-08 9.999999999999999547e-08
5.580790228272457171e+04 4.290789457359081531e-08 9.999999999999999547e-08
5.581707910876910319e+04 -3.280747242913084173e-08 9.999999999999999547e-08
5.582625580567181896e+04 5.704590851377192758e-08 9.999999999999999547e-08
