1.000000000000000000e+00 -2.681529482754458513e+02 -5.413488607015557363e+01 -1.386937464766988996e+06 -5.991604481708557031e+13 -3.592912354066614978e-06 -7.185622204439425174e-07 3.701378016119406682e-07 1.161519196929916234e+03 8.295478537950938147e+00 -4.592080041302453175e-01 -1.575831626262334251e-01 2.559340499776484812e+00 5.561210623583773850e+05 -3.799234840404336900e+07 -4.131355216088583027e-01
1.000000000000000000e+00 -3.243090446162127591e+02 -7.892364432446652245e+01 -1.399664728234040784e+06 -6.102073218167129688e+13 -4.385208491112093325e-06 -1.057210388671473729e-06 5.509166391921677377e-07 -1.147664888632641805e+03 -8.118729261741206571e+00 -4.940575717882000895e-01 1.542367645687995892e-01 1.040133972119149952e+01 -5.547536074896483915e+05 -4.126732683863025159e+07 4.082373461082320354e-01
1.000000000000000000e+00 -3.724595430496396489e+02 -1.017576768464686410e+02 -1.412391844271375099e+06 -6.213549746378358594e+13 -5.082079731494980081e-06 -1.375474860956445750e-06 7.370505870343708078e-07 7.993910311241093325e+01 5.601822281493280542e-01 9.982058703051527315e-01 -1.063865622479313877e-02 4.180360170214505011e+00 3.900741940342688031e+04 8.416892999670086801e+07 -2.842591658452750872e-02
1.000000000000000000e+00 -4.114044500492092311e+02 -1.220869227598129783e+02 -1.425118834708931623e+06 -6.326034225079589844e+13 -5.664052001819933357e-06 -1.665139028155864294e-06 9.101866469412329991e-07 1.081500945379974382e+03 7.508142194293200511e+00 -5.946042941754152711e-01 -1.426264891840394178e-01 1.380402064677399565e+00 5.326958601416691672e+05 -5.060858534656453878e+07 -3.846736040474355023e-01
1.000000000000000000e+00 -4.400262489324433091e+02 -1.393565464667405251e+02 -1.437845724561282666e+06 -6.439526848456911719e+13 -6.112206828599691172e-06 -1.917652621076592796e-06 1.052672047644617301e-06 -1.271853226390860527e+03 -8.748142115214912806e+00 -3.497769244759141305e-01 1.661942461160962614e-01 9.872234671492785552e+00 -6.322897859852302354e+05 -3.004789570378936082e+07 4.524128557291229313e-01
1.000000000000000000e+00 -4.575234664162334184e+02 -1.530947542135643573e+02 -1.450572543659277959e+06 -6.554027862151732812e+13 -6.411505128082062576e-06 -2.125347926560461164e-06 1.149972804264723657e-06 2.980033070379807327e+02 2.031001201649768273e+00 9.760681520155207735e-01 -3.857987976366934746e-02 5.787022238454102130e+00 1.495167990091783868e+05 8.462385152814966440e+07 -1.059911319010036074e-01
1.000000000000000000e+00 -4.634335145677092669e+02 -1.629604453942519626e+02 -1.463299320766566554e+06 -6.669537511537541406e+13 -6.551304354736698202e-06 -2.282157676140133272e-06 1.192169142058919266e-06 9.674388688532537799e+02 6.533700518965463111e+00 -7.144636609414878325e-01 -1.241154758115751572e-01 6.095154302684682168e-01 4.898305228778598830e+05 -6.250952439047828317e+07 -3.441026578189992358e-01
1.000000000000000000e+00 -4.574629456516649384e+02 -1.686503955101929648e+02 -1.476026087859350955e+06 -6.786056080649257812e+13 -6.523146356042195243e-06 -2.382383487825504518e-06 1.174131074058648321e-06 -1.367845394169851033e+03 -9.154928702980225097e+00 -1.970370760790364217e-01 1.739224091574640696e-01 8.895459052866485194e+00 -6.988388851366876625e+05 -1.739529275548093766e+07 4.865588463308336276e-01
1.000000000000000000e+00 -4.397056940942754295e+02 -1.699853888981573675e+02 -1.488752879568562144e+06 -6.903583888283223438e+13 -6.324000145764686025e-06 -2.421946138017702908e-06 1.097371518343535480e-06 5.198495880982546851e+02 3.448362698751186173e+00 9.293263939113692862e-01 -6.550539947439598665e-02 7.352379351160621468e+00 2.679788219413571642e+05 8.278178358550684154e+07 -1.849011542921444040e-01
1.000000000000000000e+00 -4.106286060612651454e+02 -1.669443700901703096e+02 -1.501479728089522803e+06 -7.022121241436607812e+13 -5.956290087751689415e-06 -2.398951808696445225e-06 9.699454062711254903e-07 8.204959532970667624e+02 5.394650909055891397e+00 -8.162490105313382482e-01 -1.024774592789486766e-01 3.192065303880834426e-01 4.267244666419339483e+05 -7.335631500389817357e+07 -2.918362466728218751e-01
1.000000000000000000e+00 -3.708811624808623719e+02 -1.595652560346412656e+02 -1.514206663546730764e+06 -7.141668437782948438e+13 -5.425341693120862186e-06 -2.312351007922379416e-06 8.045375523495974340e-07 -1.431684262047942866e+03 -9.330815407809415873e+00 -3.918601801654053585e-02 1.772640381453091107e-01 7.566974774522885916e+00 -7.511607863607610343e+05 -3.552716303053039126e+06 5.092676310817394469e-01
1.000000000000000000e+00 -3.214867702256361213e+02 -1.480240325070141694e+02 -1.526933715648038546e+06 -7.262225780586200000e+13 -4.742315650093099211e-06 -2.163130340101643143e-06 6.180874344934157571e-07 7.400581046806134964e+02 4.781418839255525910e+00 8.589752344955484675e-01 -9.082920964332112657e-02 8.724589505672899037e+00 3.916813145669678343e+05 7.855818037027585506e+07 -2.632281454397506493e-01
1.000000000000000000e+00 -2.637845768059578404e+02 -1.326510737881056912e+02 -1.539660909974996466e+06 -7.383793542954773438e+13 -3.923572211881779193e-06 -1.954637049833505329e-06 4.299543002434705047e-07 6.424567389445103345e+02 4.115153874810672185e+00 -8.976596750166929706e-01 -7.817136572618257895e-02 5.398767984133269193e-01 3.429728186564871576e+05 -8.280780405436496437e+07 -2.285089928038110119e-01
1.000000000000000000e+00 -1.992157011825149482e+02 -1.138220664178093955e+02 -1.552388268423724920e+06 -7.506371970469521875e+13 -2.987659386918903748e-06 -1.691052500108572320e-06 2.593749740816114820e-07 -1.459690096328796244e+03 -9.270136030903241675e+00 1.203321509243592824e-01 1.761114613480249669e-01 6.014065333018259629e+00 -7.859469259648941224e+05 1.119587332678167336e+07 5.192302117673387452e-01
1.000000000000000000e+00 -1.294889926307536996e+02 -9.202881346106293847e+01 -1.565115810208141571e+06 -7.629961289504450000e+13 -1.957881928821410213e-06 -1.378480332194500820e-06 1.241188596504112083e-07 9.527176102804316997e+02 5.999352493541161735e+00 7.663329757171586376e-01 -1.139659029535936008e-01 9.766656903568733838e+00 5.173470891523133614e+05 7.190830784410338104e+07 -3.388695204671476335e-01
1.000000000000000000e+00 -5.648924614220168650e+01 -6.787929860706658758e+01 -1.577843546275939560e+06 -7.754561651276503125e+13 -8.610668781226769707e-07 -1.025018153105013689e-06 3.818018828101155344e-08 4.360004072173833833e+02 2.722530640727196083e+00 -9.565500907317674439e-01 -5.171616375488738426e-02 1.256757894219829197e+00 2.387585965554232243e+05 -9.051562987222521007e+07 -1.550737213143503213e-01
1.000000000000000000e+00 1.794797729627758898e+01 -4.198065244984925215e+01 -1.590571482954473933e+06 -7.880173164694295312e+13 2.757883206956107768e-07 -6.390467767269400862e-07 1.015632856687006712e-08 -1.448607794290650645e+03 -8.970421059697377686e+00 2.778077720445030208e-01 1.704177477953643383e-01 4.388477617059563407e+00 -7.999204696039293194e+05 2.650843705767692998e+07 5.152886620071792656e-01
1.000000000000000000e+00 9.187981904821228341e+01 -1.500613409905018436e+01 -1.603299623246873729e+06 -8.006795907471935938e+13 1.423121529301148842e-06 -2.302575007832551604e-07 4.286609174896584238e-08 1.151315976194558971e+03 7.070703129201366899e+00 6.532164122995988143e-01 -1.343178627850019624e-01 1.036738365469531331e+01 6.410390156798564130e+05 6.284789813320285082e+07 -4.095090098313750038e-01
1.000000000000000000e+00 1.633596970325546351e+02 1.231399400801129396e+01 -1.616027963269766886e+06 -8.134429888949070312e+13 2.550356884806957331e-06 1.904487305676578572e-07 1.328403807084803724e-07 2.050514535700158376e+02 1.249011470780076793e+00 -9.910079598914647292e-01 -2.372408135878031205e-02 2.406643552528848762e+00 1.151111205196335941e+05 -9.613362304810836911e+07 -7.292620591465745483e-02
1.000000000000000000e+00 2.306533967509614058e+02 3.931068342344514122e+01 -1.628756493810799439e+06 -8.263075063163990625e+13 3.629302618245572739e-06 6.127693401803983658e-07 2.708881417085541698e-07 -1.395978132694812984e+03 -8.434253646553852235e+00 4.291831741233759212e-01 1.602319683388898630e-01 2.856424124169769208e+00 -7.900754677309164545e+05 4.197361620200658590e+07 4.965681944174227813e-01
1.000000000000000000e+00 2.920714085474353396e+02 6.530578244199351445e+01 -1.641485201558068395e+06 -8.392731339312685938e+13 4.631622808812664149e-06 1.025932722178302238e-06 4.429804885717761810e-07 1.328870991345912216e+03 7.964230710484112130e+00 5.221469716943709649e-01 -1.512916727465719591e-01 1.045487465313501829e+01 7.581930753673372092e+05 5.147940210998759419e+07 -4.726631835997110453e-01
1.000000000000000000e+00 3.460654546100363973e+02 8.962287134185265813e+01 -1.654214066881889943e+06 -8.523398557264335938e+13 5.530407405785298742e-06 1.418864217221596298e-06 6.317579883247876841e-07 -4.499380027193347331e+01 -2.675067265037939235e-01 -9.995827735318379981e-01 5.084996410314603955e-03 3.877824184753006609e+00 -2.587787729456020679e+04 -9.934327527475467324e+07 1.601424284220667044e-02
1.000000000000000000e+00 3.914196547054328903e+02 1.116994678051083980e+02 -1.666943068637136370e+06 -8.655076534925487500e+13 6.303337542385370648e-06 1.781977205431150833e-06 8.189110934446718757e-07 -1.300618498715328542e+03 -7.671505269159671236e+00 5.701607441752322147e-01 1.457416688759702594e-01 1.582565740624829465e+00 -7.540102844735997496e+05 5.711739521623013914e+07 4.626481698757371475e-01
1.000000000000000000e+00 4.270597466191800322e+02 1.310081983256865783e+02 -1.679672183388394304e+06 -8.787765059531364062e+13 6.929794167776699392e-06 2.105975318354403534e-06 9.861597099995222116e-07 1.478342056083539774e+03 8.651300653248974015e+00 3.764657562444978511e-01 -1.643434193607427596e-01 1.000999099074587662e+01 8.638263801229503006e+05 3.801200233769349009e+07 -5.258278810931876768e-01
1.000000000000000000e+00 4.521364903672176183e+02 1.470659281924849040e+02 -1.692401382837720681e+06 -8.921463859618542188e+13 7.392308749107680558e-06 2.382021695357549388e-06 1.117035425184594449e-06 -3.072971186145670686e+02 -1.784298612128515593e+00 -9.815685080582975397e-01 3.389944482101367451e-02 5.517462017159965093e+00 -1.809703566773605708e+05 -9.988799796732310951e+07 1.093153945033604746e-01
1.000000000000000000e+00 4.661870614309044072e+02 1.595359046697281542e+02 -1.705130637779628159e+06 -9.056172645107742188e+13 7.679360239899351616e-06 2.603432788284816379e-06 1.199402125414646013e-06 -1.163027949364686947e+03 -6.700822816500649814e+00 6.964754560583464871e-01 1.273011205364164289e-01 7.090728596322822819e-01 -6.902559717698855093e+05 7.142817854898607731e+07 4.137061838717578932e-01
1.000000000000000000e+00 4.689205250814701458e+02 1.681391043665988150e+02 -1.717859919021354988e+06 -9.191891116792204688e+13 7.782052504103440587e-06 2.764310029601983570e-06 1.225649744073752632e-06 1.593220973198102683e+03 9.108961980390066770e+00 2.202697484428224883e-01 -1.730371609640262709e-01 9.074362425074571803e+00 9.528864341635364108e+05 2.276479392355241627e+07 -5.666883350868512359e-01
1.000000000000000000e+00 4.602925518846626005e+02 1.726624059905282991e+02 -1.730589195774145424e+06 -9.328618948999281250e+13 7.695469170407390688e-06 2.859710363835778337e-06 1.193473776370806293e-06 -5.739202509361205102e+02 -3.256303568850988039e+00 -9.372240400853064646e-01 6.186325671955157646e-02 7.148293007041706559e+00 -3.458885749624947202e+05 -9.760494607710173726e+07 2.041536896907366339e-01
1.000000000000000000e+00 4.406400291758630487e+02 1.730500726959028839e+02 -1.743318439159302041e+06 -9.466355827033893750e+13 7.421092385124179891e-06 2.887212721989513578e-06 1.106590143512488021e-06 -9.855702318404751168e+02 -5.549662393879866151e+00 8.042434296963508755e-01 1.054319584455451209e-01 3.345817575632351604e-01 -5.985033626547566382e+05 8.439374843711055815e+07 3.505831623035900457e-01
1.000000000000000000e+00 4.104483748063217945e+02 1.693064669136459486e+02 -1.756047621484483127e+06 -9.605101440018971875e+13 6.963089808397979874e-06 2.845378915415006506e-06 9.732105423300141723e-07 1.668103042065060208e+03 9.322498638431284235e+00 5.819258751347761160e-02 -1.770933871053166631e-01 7.748426496746036563e+00 1.020637271931575611e+06 6.152618062567391433e+06 -5.933222829473162596e-01
1.000000000000000000e+00 3.704246186268707675e+02 1.615055041404799283e+02 -1.768776714658619370e+06 -9.744855463900282812e+13 6.329654744682037587e-06 2.733950284785450334e-06 8.059006296825709544e-07 -8.363679634022815890e+02 -4.639399421596564821e+00 -8.678448721566135449e-01 8.813823115366452299e-02 8.592012587046742311e+00 -5.155740117045969819e+05 -9.244415748136419058e+07 2.975073811968647619e-01
1.000000000000000000e+00 3.216100021151431179e+02 1.498726314756329430e+02 -1.781505693031813949e+06 -9.885617592805812500e+13 5.535080335016299542e-06 2.555287792437314314e-06 6.210262609895202294e-07 -7.723662660904790300e+02 -4.252719020612331313e+00 8.902837111752317512e-01 8.079334406711051464e-02 4.991485110549808701e-01 -4.796648658653907478e+05 9.554033882701410353e+07 2.747451008401375905e-01
1.000000000000000000e+00 2.651352193399219459e+02 1.346806145815630487e+02 -1.794234536049241666e+06 -1.002738756967735000e+14 4.595722532378482161e-06 2.312674832691246304e-06 4.360331832986100038e-07 1.699099672339852077e+03 9.286776905198200538e+00 -1.049246458792451597e-01 -1.764146081348875184e-01 6.178525999253556833e+00 1.062993731367659988e+06 -1.134313491441735812e+07 -6.043467057376620266e-01
1.000000000000000000e+00 2.022959116128149049e+02 1.162615988189745337e+02 -1.806963224320082460e+06 -1.017016514404017344e+14 3.531372955259690159e-06 2.010554628398602290e-06 2.682439726844897408e-07 -1.086184035092717522e+03 -5.893533279106871525e+00 -7.756720672676501449e-01 1.119634515030306504e-01 9.693673691120189062e+00 -6.845246533296109410e+05 -8.447098711119014025e+07 3.863685265943320180e-01
1.000000000000000000e+00 1.346463691012724837e+02 9.508086822216127132e+01 -1.819691741940236650e+06 -1.031395009879484062e+14 2.367007521214158329e-06 1.655850928296573948e-06 1.336750979063211164e-07 -5.289614481530389867e+02 -2.849348580486181781e+00 9.523164666950685309e-01 5.413298179932666404e-02 1.179521318509800354e+00 -3.357843591810496291e+05 1.044627546822318137e+08 1.881646997851506853e-01
1.000000000000000000e+00 6.374676037910572290e+01 7.162693078330013918e+01 -1.832420077777096070e+06 -1.045874226626571094e+14 1.128470804264541569e-06 1.256121521574694662e-06 4.503152347364624520e-08 1.683998364038516002e+03 9.006067598014547926e+00 -2.643715774383101347e-01 -1.710819732835695273e-01 4.536194107898821493e+00 1.076728310097169597e+06 -2.920942227241957188e+07 -5.989747120319652840e-01
1.000000000000000000e+00 -8.758832255915129039e+00 4.642585549511818499e+01 -1.845148222571618157e+06 -1.060454149678253906e+14 -1.561293800888016471e-07 8.198255468350349301e-07 1.084826159001911757e-08 -1.315477746099913247e+03 -6.985080782317232284e+00 -6.636673902009357917e-01 1.327001090043969933e-01 1.034122707453020240e+01 -8.471368657989685889e+05 -7.385234557679651678e+07 4.679302693694431525e-01
1.000000000000000000e+00 -8.106611527094779035e+01 2.010754299207658136e+01 -1.857876173379852436e+06 -1.075134771082874688e+14 -1.455001007609588429e-06 3.575246942547921381e-07 3.450234968652882852e-08 -2.618460483340029441e+02 -1.380544592886842281e+00 9.890180548983888986e-01 2.622967888847287446e-02 2.295244291824817484e+00 -1.698242138103553443e+05 1.108412836387719363e+08 9.315074259777920973e-02
1.000000000000000000e+00 -1.514687257208852031e+02 -6.709071688868547767e+00 -1.870603932743198704e+06 -1.089916089187603750e+14 -2.737234353464213252e-06 -1.201087226935947067e-07 1.137658075420186485e-07 1.622175184422415668e+03 8.492595534426818915e+00 -4.158423519092908638e-01 -1.613277138326152660e-01 2.995059364385146417e+00 1.059529540389584145e+06 -4.693402202592218667e+07 -5.769843954963134181e-01
1.000000000000000000e+00 -2.182786308978068064e+02 -3.340049453895388609e+01 -1.883331505291341105e+06 -1.104798104870338125e+14 -3.971413975312572288e-06 -6.020186445850222488e-07 2.412198431278209758e-07 -1.517251297134805554e+03 -7.887873838784330793e+00 -5.352289543090932300e-01 1.498510333551278662e-01 1.047620986518843367e+01 -9.979598820219459012e+05 -6.083295360383965820e+07 5.397033204192163147e-01
1.000000000000000000e+00 -2.797650897022109575e+02 -5.927937576235786565e+01 -1.896058900180072756e+06 -1.119780824501959688e+14 -5.124511969229846972e-06 -1.075686501813948031e-06 4.044949745492746959e-07 2.203140779124500881e+01 1.137432453015962408e-01 9.999326543833583214e-01 -2.157599953921633153e-03 3.722812573232978650e+00 1.459206941114043002e+04 1.144429718480596393e+08 -7.825017547975163593e-03
1.000000000000000000e+00 -3.344146287364786190e+02 -8.371307067166702609e+01 -1.908786133251517313e+06 -1.134864262694468594e+14 -6.166655759006319606e-06 -1.529258195960996771e-06 5.876719540836897287e-07 1.514315320689611326e+03 7.764285403678096387e+00 -5.556039185648657952e-01 -1.474923236125404158e-01 1.710595722852862544e+00 1.009925051805760479e+06 -6.402975900827220827e+07 -5.386194361470934000e-01
1.000000000000000000e+00 -3.808474962911647594e+02 -1.061068842449228811e+02 -1.921513222384602297e+06 -1.150048437000438438e+14 -7.069710811837335040e-06 -1.951269302028852997e-06 7.726927757038235784e-07 -1.685511243365628388e+03 -8.583002268889137198e+00 -3.939119010282059463e-01 1.630569314393440494e-01 1.009516525897930883e+01 -1.131832301745293662e+06 -4.570811070988194644e+07 5.995556170716974664e-01
1.000000000000000000e+00 -4.177658084183104279e+02 -1.258504568752275219e+02 -1.934240190365044167e+06 -1.165333371451940156e+14 -7.806393925231606132e-06 -2.329675714167446665e-06 9.407861549853541890e-07 3.156322045376399501e+02 1.596362748530910647e+00 9.852863434946503851e-01 -3.032305030538422555e-02 5.313142785966491921e+00 2.133973570335725381e+05 1.151102319666085690e+08 -1.122587939384705469e-01
1.000000000000000000e+00 -4.442075645457253472e+02 -1.424374952380499906e+02 -1.946967064531089738e+06 -1.180719096325365625e+14 -8.355101342894551340e-06 -2.654075089474906683e-06 1.075196278892712313e-06 1.362063499680754603e+03 6.842429900978139301e+00 -6.805171082035248453e-01 -1.299802646141628992e-01 8.062548536992784065e-01 9.271336776237492450e+05 -8.004381654294292629e+07 -4.844647633724054048e-01
1.000000000000000000e+00 -4.594495073053171836e+02 -1.554446030861680867e+02 -1.959693872404880822e+06 -1.196205642988612969e+14 -8.698276160186980120e-06 -2.915373191203834158e-06 1.162287299873898566e-06 -1.815162661379727979e+03 -9.057555930490499563e+00 -2.432311219578318084e-01 1.720724970291516720e-01 9.244068583512108361e+00 -1.243878834570141044e+06 -2.880218329962283373e+07 6.456746986978693092e-01
1.000000000000000000e+00 -4.629527220605019124e+02 -1.644800259915134575e+02 -1.972420644442601828e+06 -1.211793047287569531e+14 -8.821518485620462836e-06 -3.104866834125176102e-06 1.192404752849243375e-06 6.119973260021444048e+02 3.033520609586906058e+00 9.457715575868181901e-01 -5.762469279067915923e-02 6.907983044553796859e+00 4.221921005490572425e+05 1.127432541699940711e+08 -2.176752037645640070e-01
1.000000000000000000e+00 -4.545983394292252910e+02 -1.692998914168751696e+02 -1.985147414503625361e+06 -1.227481350242590469e+14 -8.718219006145338503e-06 -3.216471553921057774e-06 1.162227844671005590e-06 1.167741237575917694e+03 5.749965032353539840e+00 -7.879430151544788430e-01 -1.092272074577892299e-01 3.661571425216680331e-01 8.109349804543848149e+05 -9.455357754613226652e+07 -4.153459938181305877e-01
1.000000000000000000e+00 -4.345614497557948539e+02 -1.697763003945476328e+02 -1.997874214951982489e+06 -1.243270592086721250e+14 -8.387383598871428716e-06 -3.246201546509781949e-06 1.074722644536942907e-06 -1.901778123573828680e+03 -9.302904136916961164e+00 -8.660264941942730221e-02 1.767337286381736872e-01 8.009738599364645495e+00 -1.329410647474779515e+06 -1.046102456941231340e+07 6.764855470159786277e-01
1.000000000000000000e+00 -4.032405464996104456e+02 -1.658434088636108186e+02 -2.010601077875726856e+06 -1.259160813733705156e+14 -7.832443536759795460e-06 -3.191202767313927371e-06 9.384132772190573042e-07 9.041524396772165346e+02 4.393991015128718480e+00 8.823852396746347804e-01 -8.346933820410649962e-02 8.352655409173879164e+00 6.361831414040791569e+05 1.072858560032416880e+08 -3.215934733946791413e-01
1.000000000000000000e+00 -3.614632453358344719e+02 -1.576048374422060760e+02 -2.023328035178338178e+06 -1.275152056882260312e+14 -7.065413921849302292e-06 -3.051870599391817244e-06 7.674176488888213345e-07 9.342796790649769036e+02 4.510987901221095164e+00 -8.755784978867963142e-01 -8.569087470337595491e-02 4.321881587984965356e-01 6.616680240468503907e+05 -1.071524413397798389e+08 -3.323055540238694650e-01
1.000000000000000000e+00 -3.103195072723508474e+02 -1.452848336246306360e+02 -2.036055113216482569e+06 -1.291244357207429219e+14 -6.103877002351214083e-06 -2.831001391686199332e-06 5.792713827150228182e-07 -1.941405391656565598e+03 -9.313361189240930926e+00 7.257730488279506842e-02 1.769325810930823806e-01 6.511511413679007099e+00 -1.383834076091222931e+06 8.939482206088436767e+06 6.905821953887213427e-01
1.000000000000000000e+00 -2.510691375558380400e+02 -1.291678868861488070e+02 -2.048782338381397538e+06 -1.307437751264271562e+14 -4.969312623759901797e-06 -2.532681915599836179e-06 3.930951893341712906e-07 1.184848155998078937e+03 5.647631208578229867e+00 7.963936630821549789e-01 -1.072843864649691420e-01 9.505812366107704747e+00 8.499963647791935364e+05 9.872471875303412974e+07 -4.214350500532994537e-01
1.000000000000000000e+00 -1.853160288812877354e+02 -1.096947796337466627e+02 -2.061509733180450276e+06 -1.323732271457054688e+14 -3.690672780879296458e-06 -2.164221078407604092e-06 2.284207308727123171e-07 6.654404865043974269e+02 3.151693672616964204e+00 -9.413176527518926084e-01 -5.986884361915308789e-02 1.002177238698376049e+00 4.804325735445442260e+05 -1.174365179960618913e+08 -2.366812613489393258e-01
1.000000000000000000e+00 -1.148039670969118617e+02 -8.739577209960343396e+01 -2.074237312345967861e+06 -1.340127940857274375e+14 -2.300501415970396927e-06 -1.734918742117482745e-06 1.023300201515539641e-07 -1.930581062640203299e+03 -9.085973572508049045e+00 2.307567669157011836e-01 1.726129250528939951e-01 4.894056219455257484e+00 -1.402692962828853400e+06 2.897161865213341638e+07 6.867325951470022449e-01
1.000000000000000000e+00 -4.131195813408823625e+01 -6.282487998498540804e+01 -2.086965087693972280e+06 -1.356624779212254062e+14 -8.329101058229650574e-07 -1.254807553817299565e-06 2.762881724255247034e-08 1.446305157111414019e+03 6.764088624491379598e+00 6.894460777251929517e-01 -1.284932650420597122e-01 1.024888559125233201e+01 1.057471287469765870e+06 8.710692701027296484e+07 -5.144329456823163449e-01
1.000000000000000000e+00 3.319027467219341787e+01 -3.664727356456975116e+01 -2.099693065927670803e+06 -1.373222799956462031e+14 6.732460710193979131e-07 -7.364237004224846295e-07 1.197277330722436347e-08 3.662221306249952590e+02 1.702068081950295131e+00 -9.832419582935094660e-01 -3.233070225365834022e-02 2.027515657049796527e+00 2.694450726757624652e+05 -1.250056959669910371e+08 -1.302508544429010762e-01
1.000000000000000000e+00 1.067645591335537603e+02 -9.560441941160139123e+00 -2.112421246419495437e+06 -1.389922007090094375e+14 2.178787149033155912e-06 -1.932808239119138597e-07 5.685835865767789838e-08 -1.866651408603120217e+03 -8.621749549677486968e+00 3.840871755848307978e-01 1.637939081928659613e-01 3.318931128330600888e+00 -1.381939548027543351e+06 4.913595121748657525e+07 6.639927532044552771e-01
1.000000000000000000e+00 1.776003503090319384e+02 1.777069140377058076e+01 -2.125149624829975422e+06 -1.406722399679405469e+14 3.646200093518904393e-06 3.614299276681143641e-07 1.576887242812011822e-07 1.680197138938577837e+03 7.712743741828075983e+00 5.637801145328383834e-01 -1.465143418663016894e-01 1.049772785430540090e+01 1.251611611377778463e+06 7.257095434443388879e+07 -5.976256684339396053e-01
1.000000000000000000e+00 2.438589574251924148e+02 4.462885632232316624e+01 -2.137878192924246192e+06 -1.423623971465160312e+14 5.036499986897297289e-06 9.131223813549733711e-07 3.040672278745244556e-07 4.325684683105347972e+01 1.973496864039959164e-01 -9.997698134031742789e-01 -3.745832431464409494e-03 3.411913522540951149e+00 3.242136389642094946e+04 -1.294852142852363139e+08 -1.537320965291897462e-02
1.000000000000000000e+00 3.038911984662339592e+02 7.032630203135519764e+01 -2.150606933314176276e+06 -1.440626703664011875e+14 6.313734721157787266e-06 1.447468415512488601e-06 4.811224899007537741e-07 -1.748323762227163115e+03 -7.927798553974902518e+00 5.284246704677540984e-01 1.506105997971375066e-01 1.951557579345187143e+00 -1.318405840510820504e+06 6.885794879103000462e+07 6.219028756353405241e-01
1.000000000000000000e+00 3.563068272884477210e+02 9.426176162693268168e+01 -2.163335827622621320e+06 -1.457730575608293438e+14 7.446552469574483416e-06 1.951595318222437882e-06 6.714950731387316804e-07 1.878012810942548867e+03 8.464367492073042953e+00 4.223928434448956937e-01 -1.607924078655875444e-01 1.021579564568681597e+01 1.424821940974640893e+06 5.537609580065120012e+07 -6.679859766116333919e-01
1.000000000000000000e+00 3.998054652157844657e+02 1.158326827866226694e+02 -2.176064854587799869e+06 -1.474935562137084062e+14 8.404806674369442576e-06 2.412310586498087389e-06 8.563584121730741197e-07 -2.950747852770641657e+02 -1.321932059712425334e+00 -9.899225638769526547e-01 2.511586113680615989e-02 5.015507472195048777e+00 -2.252231706407738093e+05 -1.305647465234336704e+08 1.049708767104102908e-01
1.000000000000000000e+00 4.333772252630293451e+02 1.345139810469510735e+02 -2.188793988135011401e+06 -1.492241630852550312e+14 9.163853527086800681e-06 2.817750829093609190e-06 1.017624927813220777e-06 -1.576237574974275276e+03 -7.019326820687675550e+00 6.595166343106975138e-01 1.333519028210815027e-01 9.425470247880743946e-01 -1.210335836852530017e+06 8.750919892732033134e+07 5.606905035890409339e-01
1.000000000000000000e+00 4.563390123553336934e+02 1.499029838485626840e+02 -2.201523200914192013e+06 -1.509648746780717812e+14 9.705502635931560063e-06 3.158375900654530674e-06 1.140006466946302714e-06 2.031712448499560651e+03 8.993904596744995317e+00 2.690786192775479480e-01 -1.708515463073175811e-01 9.424511123645604727e+00 1.569402031805921812e+06 3.591657350458700210e+07 -7.226543927928806843e-01
1.000000000000000000e+00 4.681498364469209719e+02 1.616267590300153074e+02 -2.214252464198340196e+06 -1.527156872180772500e+14 1.001426730868850944e-05 3.425079638862515094e-06 1.211689904070748839e-06 -6.389269235308740917e+02 -2.811672861632600551e+00 -9.535873670938692648e-01 5.341654515160620259e-02 6.667685475846313103e+00 -4.964729519945918000e+05 -1.280408743110238612e+08 2.272793519126789785e-01
1.000000000000000000e+00 4.685946332471971800e+02 1.694166221475537384e+02 -2.226981746439254377e+06 -1.544765964486810938e+14 1.008140668982521228e-05 3.610795966823022731e-06 1.226222857314112446e-06 -1.353307627655738543e+03 -5.920424380725748392e+00 7.733282113780253209e-01 1.124755024029578665e-01 4.064094647117653669e-01 -1.057786998520209920e+06 1.044502026575223058e+08 4.813925914263235684e-01
1.000000000000000000e+00 4.577907210729119356e+02 1.731405331688716274e+02 -2.239711018771509640e+06 -1.562475983875380625e+14 9.905265924584503033e-06 3.711256831695894469e-06 1.182953170802414110e-06 2.134488399358840979e+03 9.283415496656541421e+00 1.082815691390584534e-01 -1.763510130167287027e-01 8.205519214796215266e+00 1.678177186589610064e+06 1.471100329921324551e+07 -7.592096836135641125e-01
1.000000000000000000e+00 4.359915331618433356e+02 1.727059742702338667e+02 -2.252440252947398461e+06 -1.580286890474210625e+14 9.487209752370018081e-06 3.722981805829352973e-06 1.085874937793050145e-06 -9.775923440742284356e+02 -4.227116974310706432e+00 -8.916700178996682657e-01 8.030598985014111846e-02 8.188036463721477531e+00 -7.730886930102354381e+05 -1.218482880224678218e+08 3.477436849695815235e-01
1.000000000000000000e+00 4.037602470216287429e+02 1.681322262248771722e+02 -2.265169419158247765e+06 -1.598198641312343750e+14 8.835505759761942319e-06 3.644869018404029301e-06 9.443083680066913213e-07 -1.084724779471868942e+03 -4.663297878980877442e+00 8.663849983510862884e-01 8.859328629991404525e-02 4.036934285492061458e-01 -8.627877465124233859e+05 1.190800666778867990e+08 3.858557558407164634e-01
1.000000000000000000e+00 3.619525170134056111e+02 1.595715128851765598e+02 -2.277898491158352699e+06 -1.616211197529316562e+14 7.965134891186932358e-06 3.478724231937378917e-06 7.721317753842955125e-07 2.181379615664524408e+03 9.324089726877476281e+00 -5.519078826756435019e-02 -1.771234768161237538e-01 6.691989361665704905e+00 1.745074854513361352e+06 -7.629448490602507256e+06 -7.758874130037212158e-01
1.000000000000000000e+00 3.115132637519171226e+02 1.472085055688215220e+02 -2.290627445162880700e+06 -1.634324522943780000e+14 6.893474445487713620e-06 3.227138738657444639e-06 5.855382648719758871e-07 -1.300287093573481798e+03 -5.526247814195598629e+00 -8.060814311891202344e-01 1.049859804860369117e-01 9.411101510945023563e+00 -1.046179369080831180e+06 -1.120700471345837414e+08 4.625279590594185142e-01
1.000000000000000000e+00 2.536462785718927933e+02 1.313326376565041471e+02 -2.303356258329856675e+06 -1.652538581972890625e+14 5.644126996336840418e-06 2.895103235306546318e-06 4.022321301711922606e-07 -7.776040489932345281e+02 -3.286091736341975267e+00 9.360429673870522826e-01 6.242994568394513027e-02 9.318885208523928210e-01 -6.292096101945781847e+05 1.308809253057408035e+08 2.766110681731989152e-01
1.000000000000000000e+00 1.897773759496758430e+02 1.123493511505804747e+02 -2.316084913849730976e+06 -1.670853347013075312e+14 4.246255106723039919e-06 2.490320933322485902e-06 2.396165376985506215e-07 2.169592539055131965e+03 9.116820673492998850e+00 -2.165083796372233582e-01 -1.731859325420325446e-01 5.050397800263185744e+00 1.765513118426113622e+06 -3.044466629210542887e+07 -7.716940509760553679e-01
1.000000000000000000e+00 1.213469735249037456e+02 9.067691521695795132e+01 -2.328813396967872046e+06 -1.689268792908823438e+14 2.730051295047024256e-06 2.020978535292604105e-06 1.128389136004528659e-07 -1.596869177320388189e+03 -6.672559864559000964e+00 -6.995736715938098982e-01 1.267629789283462871e-01 1.020848299628339539e+01 -1.306785182687134016e+06 -9.892636645940388739e+07 5.680245170834821167e-01
1.000000000000000000e+00 4.997849801756731125e+01 6.681967542300392893e+01 -2.341541694720802829e+06 -1.707784896649430312e+14 1.130556478151315358e-06 1.497395522161779597e-06 3.404294491460012805e-08 -4.404003303628157937e+02 -1.829963276138835360e+00 9.806170923228999525e-01 3.476740305877066423e-02 1.927504109705354018e+00 -3.624189532168153673e+05 1.394461288976670206e+08 1.566661892724164618e-01
1.000000000000000000e+00 -2.257669934118127486e+01 4.136999735619937724e+01 -2.354269801084705163e+06 -1.726401644990887500e+14 -5.134803733944816592e-07 9.321203677999584750e-07 1.083896700515700927e-08 2.098485915391914205e+03 8.671334387848522951e+00 -3.711406081111340849e-01 -1.647231487978221276e-01 3.457358211638454915e+00 1.736537583798937267e+06 -5.307137523809961975e+07 -7.464015549144104034e-01
1.000000000000000000e+00 -9.464925136607838851e+01 1.490290390771358808e+01 -2.366997714341672137e+06 -1.745119030847448750e+14 -2.164323569184380461e-06 3.375973373241759536e-07 4.542360779962980791e-08 -1.858374837554566966e+03 -7.636805304245495307e+00 -5.754736594018383666e-01 1.450813106908009353e-01 1.050343634233427359e+01 -1.546368228402869310e+06 -8.274633929942508042e+07 6.610447377829716809e-01
1.000000000000000000e+00 -1.644841964697282890e+02 -1.195024456994442730e+01 -2.379725435483821202e+06 -1.763937051096482812e+14 -3.781448562142241496e-06 -2.721660303255239000e-07 1.345834404793382637e-07 -8.225684203738170197e+01 -3.361725151743745754e-01 9.993586402853326112e-01 6.389520255307549502e-03 3.277804284766417275e+00 -6.882399287653788633e+04 1.444883868730190992e+08 2.927358051012797155e-02
1.000000000000000000e+00 -2.303136226567942799e+02 -3.850901353983908137e+01 -2.392452971852837596e+06 -1.782855712110290312e+14 -5.323168373278234720e-06 -8.817309314650259953e-07 2.697404167678015439e-07 1.969269795684065002e+03 8.004242831392522461e+00 -5.150793377077631519e-01 -1.520506865776195538e-01 2.077362324609206112e+00 1.656716462464240380e+06 -7.487913773813331127e+07 -7.004403020414494696e-01
1.000000000000000000e+00 -2.905656003547137516e+02 -6.415022740442775273e+01 -2.405180334079856519e+06 -1.801875025422753750e+14 -6.751480362110410095e-06 -1.476645061605921692e-06 4.379372072155256763e-07 -2.077269102647579530e+03 -8.397414934951200394e+00 -4.373863621021580328e-01 1.595311684727694079e-01 1.027574588189023430e+01 -1.757105805104861036e+06 -6.393138715744622052e+07 7.389081850888079561e-01
1.000000000000000000e+00 -3.436961903285755966e+02 -8.823449819532814331e+01 -2.417907536284640897e+06 -1.820995008159743125e+14 -8.028262686200586111e-06 -2.041777350726494103e-06 6.226041669248053430e-07 2.875820344260671959e+02 1.156285893772208251e+00 9.923110062739608495e-01 -2.196289167161340899e-02 4.838145725630316640e+00 2.445773751585728314e+05 1.458297309727215469e+08 -1.022783724298474972e-01
1.000000000000000000e+00 -3.882758172232765901e+02 -1.101218880366979249e+02 -2.430634599352847785e+06 -1.840215688139797188e+14 -9.117319732382706365e-06 -2.561672448273674626e-06 8.051497109500244644e-07 1.784540267011603873e+03 7.136628963484437094e+00 -6.449368031123428047e-01 -1.355690268425332745e-01 1.045810634266182593e+00 1.525870193742890144e+06 -9.529105524295987189e+07 -6.347336035465266368e-01
1.000000000000000000e+00 -4.231891132966555347e+02 -1.292763223879922805e+02 -2.443361547540938016e+06 -1.859537098974599688e+14 -9.989169644264504254e-06 -3.022991991860630329e-06 9.675810756470742181e-07 -2.247393681615283640e+03 -8.939675165744620955e+00 -2.889490245556680104e-01 1.698329836846759200e-01 9.558105201090977943e+00 -1.931944190506858286e+06 -4.292204363995980471e+07 7.994241027726499693e-01
1.000000000000000000e+00 -4.474604083187878700e+02 -1.451911006944596920e+02 -2.456088405905289575e+06 -1.878959276269029062e+14 -1.061709679246706219e-05 -3.412826933798366603e-06 1.093432205595937676e-06 6.601124762957896337e+02 2.611852991598666129e+00 9.600950831134660302e-01 -4.961430646763947960e-02 6.449891581921928463e+00 5.704862180334794102e+05 1.433788853125843704e+08 -2.347869216273447690e-01
1.000000000000000000e+00 -4.603437203169582972e+02 -1.574099482825530174e+02 -2.468815204041116871e+06 -1.898482263403195000e+14 -1.097938397309444551e-05 -3.719212839235978711e-06 1.169392744301571594e-06 1.547814693237822894e+03 6.091864145040675638e+00 -7.579095564154492148e-01 -1.157221124879581620e-01 4.591684740408124576e-01 1.344762916536370059e+06 -1.137857510834602416e+08 -5.505324068623578260e-01
1.000000000000000000e+00 -4.615001272660510381e+02 -1.656245370675111701e+02 -2.481541973871022463e+06 -1.918106108293679375e+14 -1.106370577234951102e-05 -3.933476643524445307e-06 1.187587635969236090e-06 -2.363705989736120046e+03 -9.254165746366684431e+00 -1.336875136942134445e-01 1.758077526710280780e-01 8.427501346500639201e+00 -2.064465557107829023e+06 -2.017663652764719725e+07 8.407986091212313884e-01
1.000000000000000000e+00 -4.508047691832723558e+02 -1.695946562905825203e+02 -2.494268746944399551e+06 -1.937830859289525312e+14 -1.086272822547482929e-05 -4.048421121764905401e-06 1.145662192056494094e-06 1.026615879045845986e+03 3.998308985237298163e+00 9.037058173241337977e-01 -7.595264821668031019e-02 7.955348263766856221e+00 9.013585977370702894e+05 1.371072576433331668e+08 -3.651508450848366394e-01
1.000000000000000000e+00 -4.284255913538390246e+02 -1.691691757921583985e+02 -2.506995557540293783e+06 -1.957656570003353125e+14 -1.037614748984710946e-05 -4.058869336172936124e-06 1.047490888965132538e-06 1.263272116900199990e+03 4.894425212230917310e+00 -8.516351412187905812e-01 -9.297488076676230229e-02 3.710988222879977316e-01 1.114936486196349841e+06 -1.298824670317734331e+08 -4.493229743975890589e-01
1.000000000000000000e+00 -3.949646541731563616e+02 -1.643709735675207355e+02 -2.519722437861617189e+06 -1.977583291876007188e+14 -9.614309580661463303e-06 -3.963766872721760333e-06 9.033854711756227794e-07 -2.421948210817747622e+03 -9.335074194346548282e+00 2.497321635868821055e-02 1.773450187027357239e-01 6.995592524378750454e+00 -2.148671059495742898e+06 3.828452824798740912e+06 8.615169991222697554e-01
1.000000000000000000e+00 -3.512346122182810859e+02 -1.553059235064166330e+02 -2.532449416393702850e+06 -1.997611071504701875e+14 -8.593008733244530742e-06 -3.764081972722009958e-06 7.278730377679139000e-07 1.378420384069708007e+03 5.285600595522176093e+00 8.243987895936530919e-01 -1.004070129468354056e-01 9.208756847873733165e+00 1.229212689002197701e+06 1.270358891208678633e+08 -4.902856209962171974e-01
1.000000000000000000e+00 -2.983153112957917870e+02 -1.421783082382404757e+02 -2.545176538106236607e+06 -2.017739982526644688e+14 -7.335008521798687658e-06 -3.463231527157056270e-06 5.387598682150262347e-07 9.357862302166818154e+02 3.569936673832068141e+00 -9.240352581412295541e-01 -6.781406861892037841e-02 7.913955123612159692e-01 8.387852644744942663e+05 -1.431220086853595674e+08 -3.328386270973960892e-01
1.000000000000000000e+00 -2.376555077383089269e+02 -1.253602401485420188e+02 -2.557903796252966393e+06 -2.037970017597500000e+14 -5.872719488761812198e-06 -3.068840343111629277e-06 3.559103480632789269e-07 -2.418477824617347324e+03 -9.179278227037695359e+00 1.835858573810370542e-01 1.743854428881234375e-01 5.400238667453995944e+00 -2.178881891124474816e+06 2.858081047348589078e+07 8.602834766431634028e-01
1.000000000000000000e+00 -1.708170080792659462e+02 -1.052864306391338403e+02 -2.570631226198214572e+06 -2.058301236594784688e+14 -4.242072206517176913e-06 -2.590254604324957912e-06 1.982524936622469219e-07 1.706542421797965062e+03 6.444323141944487077e+00 7.237194041817722745e-01 -1.224188313695025593e-01 1.008517168179258761e+01 1.545307354804130737e+06 1.132430970239097625e+08 -6.069959233944105526e-01
1.000000000000000000e+00 -9.951312644007197150e+01 -8.246299234293115887e+01 -2.583358844105553348e+06 -2.078733669617359688e+14 -2.483546377662909174e-06 -2.038797533017644666e-06 8.204963395318706250e-08 5.714216640288453846e+02 2.146949541810621032e+00 -9.732052547213428939e-01 -4.078200824006637804e-02 1.684740106258224124e+00 5.200553509770723758e+05 -1.530527196293610334e+08 -2.032362885615093540e-01
1.000000000000000000e+00 -2.568222883639131382e+01 -5.752381673174715360e+01 -2.596086660177513026e+06 -2.099267337636251875e+14 -6.441085499012824356e-07 -1.429213640391581578e-06 1.934760181495434127e-08 -2.350456887631458358e+03 -8.786852701556785661e+00 3.384674424678288940e-01 1.669304365590238981e-01 3.798005301852308779e+00 -2.149954342437791172e+06 5.349800479453681409e+07 8.360884962432827416e-01
1.000000000000000000e+00 4.878563155245031169e+01 -3.111459850696502727e+01 -2.608814678134450689e+06 -2.119902251411412188e+14 1.229539054134194629e-06 -7.768509542629536404e-07 1.647685036125914940e-08 2.001411312786516646e+03 7.444648915522970256e+00 6.036944416575361627e-01 -1.414215099165806178e-01 1.049012589058053813e+01 1.839867224061589688e+06 9.589833080002187192e+07 -7.118776616220143794e-01
1.000000000000000000e+00 1.220106439515834609e+02 -3.899781290515594634e+00 -2.621542898916472215e+06 -2.140638417280398125e+14 3.090024019031159853e-06 -9.784248923910961619e-08 7.376512275028026966e-08 1.778165720031565513e+02 6.581391192192607154e-01 -9.975064749126636432e-01 -1.249938556747513113e-02 2.969623131880245737e+00 1.642800268908696889e+05 -1.592472690440797210e+08 -6.323259087780157273e-02
1.000000000000000000e+00 1.920563833183982752e+02 2.338723222878793351e+01 -2.634271317078096326e+06 -2.161475831131638438e+14 4.887608556976998003e-06 5.896164669880326458e-07 1.852726506903681107e-07 -2.216372802734506877e+03 -8.162751312431131723e+00 4.856707466892550840e-01 1.550741108838870896e-01 2.352933318834927956e+00 -2.057818479577410268e+06 7.792017770279695094e+07 7.883940180056178137e-01
1.000000000000000000e+00 2.571999477210918599e+02 5.006318476977108389e+01 -2.646999920289392583e+06 -2.182414477328657188e+14 6.577062536717243506e-06 1.268243586908850171e-06 3.396345143395720087e-07 2.253176379472444751e+03 8.257485145931820369e+00 4.669970057462040636e-01 -1.568624260496505329e-01 1.037189704772709220e+01 2.102328521639352664e+06 7.529449531507818401e+07 -8.014272109665827593e-01
1.000000000000000000e+00 3.158731047123447979e+02 7.548210158794863389e+01 -2.659728692939495202e+06 -2.203454334407781875e+14 8.116282494471681238e-06 1.921372607170259750e-06 5.215018294808202330e-07 -2.354036607680684767e+02 -8.584898363584022585e-01 -9.957583212864423716e-01 1.631186023795502815e-02 4.520098572474327447e+00 -2.207238539233368065e+05 -1.613369121728256047e+08 8.374894223800467830e-02
1.000000000000000000e+00 3.665863244464305808e+02 9.898523600536688605e+01 -2.672457616305944510e+06 -2.224595375229975625e+14 9.464425409937898958e-06 2.531695805342739357e-06 7.127215136143483129e-07 -2.016743295687437012e+03 -7.319008961120039736e+00 6.210339860490754482e-01 1.390451169063045833e-01 1.221006818286513251e+00 -1.900233493579597911e+06 1.011149688821527660e+08 7.173842816561301072e-01
1.000000000000000000e+00 4.081806369305952558e+02 1.200162160732606651e+02 -2.685186666429985315e+06 -2.245837563303328750e+14 1.058849042171923708e-05 3.084215283139730480e-06 8.946921021586754511e-07 2.452259153866099950e+03 8.856416106190419413e+00 3.170901908093494703e-01 -1.682398179387603887e-01 9.732700037452890029e+00 2.321842302451304626e+06 5.187915581969524920e+07 -8.722378127310357332e-01
1.000000000000000000e+00 4.397367393358524055e+02 1.380966231035849887e+02 -2.697915818596119061e+06 -2.267180860104174062e+14 1.146115308522247788e-05 3.565674755200486792e-06 1.049868766718371277e-06 -6.567484295629601547e+02 -2.360428601845609098e+00 -9.675190157464576002e-01 4.484421290082093309e-02 6.174765235171562949e+00 -6.248348170762454392e+05 -1.590630940456627011e+08 2.336212616164630995e-01
1.000000000000000000e+00 4.604865140470457732e+02 1.527739200584940988e+02 -2.710645044407342561e+06 -2.288625220108256250e+14 1.205859568610732571e-05 3.963256187253312210e-06 1.163007604629649327e-06 -1.754677053219754271e+03 -6.276236362167511906e+00 7.404506709974931766e-01 1.192350379023097012e-01 5.298720496241670075e-01 -1.677463605494380463e+06 1.223195230353456438e+08 6.241652283188942052e-01
1.000000000000000000e+00 4.700430294874635138e+02 1.637295556409152937e+02 -2.723374313237426803e+06 -2.310170593108607500e+14 1.236665145439644274e-05 4.267413167583687878e-06 1.223764508734926696e-06 2.590270930549729655e+03 9.220777754877651944e+00 1.581641772464029705e-01 -1.751611865456894068e-01 8.634508390547281920e+00 2.488174487353033386e+06 2.625351788654759899e+07 -9.213259126106262409e-01
1.000000000000000000e+00 4.682780512522346612e+02 1.707415148457624525e+02 -2.736103596299039200e+06 -2.331816931061190000e+14 1.237780129024200040e-05 4.470971896982619802e-06 1.226963694454672757e-06 -1.073456446960312178e+03 -3.803093211052972933e+00 -9.133034636717494159e-01 7.225071299645927092e-02 7.754543066794266082e+00 -1.036071891021604417e+06 -1.523225864727259874e+08 3.818452395331674021e-01
1.000000000000000000e+00 4.552263827037650685e+02 1.736312833335154551e+02 -2.748832864069736097e+06 -2.353564183750042188e+14 1.208879255890854754e-05 4.567794765915168366e-06 1.172241324429937783e-06 -1.436057618753569386e+03 -5.063658460957221941e+00 8.402155708161996861e-01 9.619911515735321550e-02 3.592183380023803441e-01 -1.392635075803443557e+06 1.407991158754860759e+08 5.108298971501027408e-01
1.000000000000000000e+00 4.312977246922155246e+02 1.723652972402394425e+02 -2.761562086634048261e+06 -2.375412299346634062e+14 1.150639147777623959e-05 4.555488107302004515e-06 1.065162576861622631e-06 2.660853693731369731e+03 9.338202052083984128e+00 -5.081363541288741459e-03 -1.773916222335488180e-01 7.194836437365935922e+00 2.592607234428279568e+06 -8.555388551670809975e+05 -9.464302355692197910e-01
1.000000000000000000e+00 3.971287435715515244e+02 1.670057428651157352e+02 -2.774291236779055092e+06 -2.397361229744280938e+14 1.064364887039991186e-05 4.434184183730535158e-06 9.161455950679694343e-07 -1.472387659879375633e+03 -5.143086353365884378e+00 -8.346549540415756363e-01 9.770692278704029565e-02 9.086386091997496806e+00 -1.441380112232301617e+06 -1.411910181909210086e+08 5.237469086302145582e-01
1.000000000000000000e+00 3.534864757770878327e+02 1.576581367705990999e+02 -2.787020287592959125e+06 -2.419410926495946875e+14 9.517438950663940607e-06 4.205201325905459193e-06 7.391747528188006511e-07 -1.069264089275048036e+03 -3.717539266578182122e+00 9.173456366320238420e-01 7.062631747570551066e-02 7.277969077260630915e-01 -1.051652848197527230e+06 1.559064772296913266e+08 3.803590445964508682e-01
1.000000000000000000e+00 3.014670145754973305e+02 1.445677245363662848e+02 -2.799749214374990668e+06 -2.441561344157323750e+14 8.153913475948374346e-06 3.873653316533631100e-06 5.513306320161329772e-07 2.660235991104030745e+03 9.205961569984959070e+00 -1.677690519902063360e-01 -1.748793416948006274e-01 5.571867042083537669e+00 2.628628280132742133e+06 -2.864604037552351877e+07 -9.462094701197469870e-01
1.000000000000000000e+00 2.423282796875431302e+02 1.280606360646244752e+02 -2.812477998285288922e+06 -2.463812446769310000e+14 6.584160363624246233e-06 3.446950614427389944e-06 3.703503825147560440e-07 -1.840965459176063860e+03 -6.341360337308614703e+00 -7.340522432147464915e-01 1.204710153692482161e-01 1.002714995815993859e+01 -1.827539835883032531e+06 -1.259191897303905636e+08 6.548526097572707760e-01
1.000000000000000000e+00 1.773954754885123464e+02 1.084926464220351221e+02 -2.825206621222748887e+06 -2.486164199075481250e+14 4.841722798961182984e-06 2.933464191598415827e-06 2.129755914876077107e-07 -6.645544285483470048e+02 -2.278580899696690309e+00 9.697795038562805336e-01 4.328992255657492655e-02 1.591078263735705267e+00 -6.627575200416101143e+05 1.671247793975411057e+08 2.364017463396162477e-01
1.000000000000000000e+00 1.082495625062822739e+02 8.634157972502812584e+01 -2.837935067459081300e+06 -2.508616569440270312e+14 2.967807796425044623e-06 2.345053297899487680e-06 9.421334014933898975e-08 2.587371835405637285e+03 8.830780075176088317e+00 -3.251842382843033175e-01 -1.677520858644397928e-01 3.942433481364253645e+00 2.592248474039885681e+06 -5.629774588433824480e+07 -9.202916489495027719e-01
1.000000000000000000e+00 3.654443135964617539e+01 6.214045877425839848e+01 -2.850663328088928014e+06 -2.531169537845784688e+14 1.006408519389724410e-06 1.695315985175565747e-06 2.535753214665884222e-08 -2.167961207384946647e+03 -7.365584146771503526e+00 -6.146813427734889590e-01 1.399287471987605835e-01 1.048174096363470831e+01 -2.181995357049890794e+06 -1.069045241542090178e+08 7.711680713508692886e-01
1.000000000000000000e+00 -3.608561384316767828e+01 3.642694734584821958e+01 -2.863391396576718427e+06 -2.553823088218913438e+14 -9.982101468726084617e-07 9.982372379031862618e-07 1.289501484681258980e-08 -2.332446094824666432e+02 -7.888452719982591566e-01 9.964323683440641233e-01 1.498903048907402474e-02 2.849733353645574230e+00 -2.358247637568428181e+05 1.740882090482886732e+08 8.298337590045030965e-02
1.000000000000000000e+00 -1.078464412371293264e+02 9.831864242835687051e+00 -2.876119270885853097e+06 -2.576577212340153750e+14 -2.996538608871697167e-06 2.706281932449766903e-07 5.803084676330108270e-08 2.443690657752424613e+03 8.227349332310378571e+00 -4.730539300389126067e-01 -1.562889434926603704e-01 2.478439000978303497e+00 2.481935683638669550e+06 -8.302305070022363961e+07 -8.691851991957774137e-01
1.000000000000000000e+00 -1.769803802565697595e+02 -1.699476321122412870e+01 -2.888846955295314081e+06 -2.599431913291209062e+14 -4.939202426124277716e-06 -4.698615697767164282e-07 1.564097834371130359e-07 -2.443939934569929846e+03 -8.191182997597422855e+00 -4.801463630683426853e-01 1.556132137266859894e-01 1.041185123140791902e+01 -2.493402732903747819e+06 -8.464850356678855419e+07 8.693369781678783603e-01
1.000000000000000000e+00 -2.418564832197004364e+02 -4.343394445653711955e+01 -2.901574456179299857e+06 -2.622387198076790000e+14 -6.779514906756981194e-06 -1.206127622855747875e-06 2.987023515656455313e-07 2.130770805685533276e+02 7.109581583931392501e-01 9.971043780058850281e-01 -1.350296605025026915e-02 4.365752307705116131e+00 2.183672159570831282e+05 1.765773767726157606e+08 -7.577389955023818013e-02
1.000000000000000000e+00 -3.007982218097341161e+02 -6.881315493301082142e+01 -2.914301784539493266e+06 -2.645443082304985000e+14 -8.468704006006922208e-06 -1.919270839487205919e-06 4.709244380302779234e-07 2.232563940143507807e+03 7.416024332291861754e+00 -6.077160254194717837e-01 -1.408765703412308279e-01 1.327008846122616825e+00 2.298236244510228746e+06 -1.081023638191249073e+08 -7.940892331103130974e-01
1.000000000000000000e+00 -3.522898388520660546e+02 -9.248654255425701365e+01 -2.927028957887695637e+06 -2.668599593803520000e+14 -9.961719368726089995e-06 -2.590811620744415379e-06 6.559227373682396746e-07 -2.661356092730598448e+03 -8.801137684809191342e+00 -3.341822119720484485e-01 1.672010446399445904e-01 9.835165717602681212e+00 -2.751852575825027656e+06 -5.971029869999676198e+07 9.466750685970112267e-01
1.000000000000000000e+00 -3.950595750810108484e+02 -1.138834213469941972e+02 -2.939755996721028350e+06 -2.691856766422699062e+14 -1.121969482524414167e-05 -3.204070502965068568e-06 8.355044434799216754e-07 6.631325146934394752e+02 2.183299470036468293e+00 9.722904419858839908e-01 -4.147309323252713203e-02 5.981284366510905670e+00 6.887241948293991154e+05 1.744957170800522566e+08 -2.358583238532105109e-01
1.000000000000000000e+00 -4.279083798537816961e+02 -1.324263739653501091e+02 -2.952482924314474687e+06 -2.715214639772153438e+14 -1.220521272403916981e-05 -3.741899810022827606e-06 9.914661670210552696e-07 1.958683891180634646e+03 6.420413360077223075e+00 -7.261449774363865073e-01 -1.219634124101393324e-01 5.976635097843288058e-01 2.043260395661933813e+06 -1.308960199678642452e+08 -6.966725639600944708e-01
1.000000000000000000e+00 -4.499185042310458584e+02 -1.476156065345223567e+02 -2.965209768945114687e+06 -2.738673263439564688e+14 -1.288832397672596448e-05 -4.189073404109950729e-06 1.107847107593783329e-06 -2.814312070855834918e+03 -9.184699608178807040e+00 -1.804487420321357338e-01 1.744879986940376659e-01 8.817641575007836963e+00 -2.948747282775117550e+06 -3.267103532509032637e+07 1.001084270510433027e+00
1.000000000000000000e+00 -4.605178306430469775e+02 -1.590713183318652284e+02 -2.977936559487933759e+06 -2.762232689018578750e+14 -1.324857164888951774e-05 -4.533541491397315771e-06 1.172769697221726860e-06 1.106209934421294747e+03 3.594451757299486960e+00 9.229564884493771659e-01 -6.828064010501515291e-02 7.535739776359240416e+00 1.164127244901362341e+06 1.678370604320350587e+08 -3.934596900878601922e-01
1.000000000000000000e+00 -4.592979802249320755e+02 -1.664506836545044450e+02 -2.990663326828281395e+06 -2.785892972763994062e+14 -1.326994820918243106e-05 -4.764127560968426183e-06 1.178851175917027169e-06 1.627561565240068376e+03 5.265543320574332498e+00 -8.258599784965082735e-01 -1.000248576174597309e-01 3.565192833843856546e-01 1.720242466627927264e+06 -1.508350938519886136e+08 -5.788952115698257073e-01
1.000000000000000000e+00 -4.462125634974430000e+02 -1.695320212029582478e+02 -3.003390105791809503e+06 -2.809654179282339688e+14 -1.294674835853546748e-05 -4.872970232558097502e-06 1.125122905622839005e-06 -2.898137877272572041e+03 -9.335630399878381169e+00 -2.246019976820196051e-02 1.773555254158890593e-01 7.463034524564112537e+00 -3.076468269656469114e+06 -4.119938660232998896e+06 1.030903217354497414e+00
1.000000000000000000e+00 -4.216068048161188244e+02 -1.682445563639193722e+02 -3.016116928291970398e+06 -2.833516368812791875e+14 -1.228465468256460424e-05 -4.856456112278505323e-06 1.017289805894991694e-06 1.532014174422750102e+03 4.913764504282774226e+00 8.503670569626422537e-01 -9.334335325936114758e-02 8.878627546080986477e+00 1.633312297736367676e+06 1.566594559771951139e+08 -5.449160625688018733e-01
1.000000000000000000e+00 -3.860122889605402179e+02 -1.625787759995960187e+02 -3.028843825504230335e+06 -2.857479601214138750e+14 -1.129497252066903291e-05 -4.712713115924154485e-06 8.659742080277594760e-07 1.245364857411763523e+03 3.977252311556303432e+00 -9.047594713319928594e-01 -7.555170073061526215e-02 6.251411128098823822e-01 1.333423404208856169e+06 -1.673972594090256989e+08 -4.429507991664528022e-01
1.000000000000000000e+00 -3.403234591232535422e+02 -1.526651488871980007e+02 -3.041570827746690251e+06 -2.881543935709341875e+14 -9.999930648101575310e-06 -4.443939242457893065e-06 6.865891134066669974e-07 -2.909034783118033829e+03 -9.250780825461756507e+00 1.363475422508043933e-01 1.757437705380373860e-01 5.903000107705891786e+00 -3.128077039676322136e+06 2.533492240440257266e+07 1.034780508232211904e+00
1.000000000000000000e+00 -2.857829014445847520e+02 -1.387862095829780742e+02 -3.054297962743643206e+06 -2.905709427547634375e+14 -8.432470115098249320e-06 -4.056841032617502729e-06 4.978718969253644825e-07 1.930275983826764104e+03 6.112230354935451970e+00 7.560347404311117403e-01 -1.161102079233404805e-01 9.878917121477631014e+00 2.084476988224582514e+06 1.410792648915147185e+08 -6.865748076700473046e-01
1.000000000000000000e+00 -2.237488817302516679e+02 -1.212767675910691878e+02 -3.067025253211763222e+06 -2.929976123289811875e+14 -6.629570485873591239e-06 -3.559797042406410494e-06 3.192345466166915028e-07 8.191889669183644855e+02 2.582991915694587082e+00 -9.609773812813331428e-01 -4.906538791476380834e-02 1.380625788375486884e+00 8.883889455202466343e+05 -1.800843427836334407e+08 -2.913627759388501270e-01
1.000000000000000000e+00 -1.558495280725553300e+02 -1.005945668179391816e+02 -3.079752720417169388e+06 -2.954344067434180000e+14 -4.636908287222718540e-06 -2.964972333148076076e-06 1.693639982227614328e-07 -2.844029743327289907e+03 -8.929753724749591726e+00 2.924471127731521625e-01 1.696451745132126487e-01 4.288714913575772947e+00 -3.097325087990483269e+06 5.503560341826149076e+07 1.011658509665747108e+00
1.000000000000000000e+00 -8.393032909894142790e+01 -7.731526086008240384e+01 -3.092480377694121562e+06 -2.978813289872917500e+14 -2.507454411353241998e-06 -2.288244625842312383e-06 6.391495066856948865e-08 2.290349959286012108e+03 7.161125269588215048e+00 6.418211398909511312e-01 -1.360355734210257073e-01 1.043354432294299095e+01 2.504842513831425924e+06 1.212931667936951220e+08 -8.146495745058360827e-01
1.000000000000000000e+00 -9.806134702720143537e+00 -5.202464783102524137e+01 -3.105208233291695360e+06 -3.003383811084296875e+14 -2.941682187464382432e-07 -1.546073551936692646e-06 1.362947220173362577e-08 3.576144380948043704e+02 1.113463953852619648e+00 -9.928589343732442396e-01 -2.114911357542470852e-02 2.555225445998449807e+00 3.927461445872545592e+05 -1.884205088923106790e+08 -1.271829324257961469e-01
1.000000000000000000e+00 6.459324301577296978e+01 -2.538391176346062039e+01 -3.117936292623179499e+06 -3.028055646300210000e+14 1.945635554187693253e-06 -7.574536444974763531e-07 2.377703946547637581e-08 -2.701383291319692944e+03 -8.375998148458091208e+00 4.420733275619185276e-01 1.591252597784940936e-01 2.781708250606776733e+00 -2.979160148052098695e+06 8.424530195378692448e+07 9.609184602474964976e-01
1.000000000000000000e+00 1.372925941398155487e+02 1.885871934383460014e+00 -3.130664553614849225e+06 -3.052828796322575625e+14 4.152319990769886799e-06 5.650397568022267548e-08 9.333711782484045723e-08 2.601161696348305213e+03 8.031828913792487867e+00 5.101347911616551656e-01 -1.525757991357953591e-01 1.047763303727934492e+01 2.880568817834290676e+06 9.762017605138073862e+07 -9.252014892905063848e-01
1.000000000000000000e+00 2.065135015177895923e+02 2.911231147798575236e+01 -3.143393009465394076e+06 -3.077703252630039375e+14 6.271252692356349634e-06 8.758014201887714666e-07 2.152530383372281494e-07 -1.287326493769381273e+02 -3.958584964030331110e-01 -9.990942053899332098e-01 7.523280492215243635e-03 4.037020648720421434e+00 -1.431513499097469903e+05 -1.919804117090841234e+08 4.580931245244633521e-02
1.000000000000000000e+00 2.705181359932722103e+02 5.560561852268963179e+01 -3.156121648585547227e+06 -3.102678997071835625e+14 8.248163999637974657e-06 1.679587690175276745e-06 3.772391789064573819e-07 -2.481336765573581943e+03 -7.598861134832625375e+00 5.812099273474518046e-01 1.443616102081224928e-01 1.540707313277823731e+00 -2.770645210959480144e+06 1.121429478521713614e+08 8.826462756214695782e-01
1.000000000000000000e+00 3.276748894509794354e+02 8.067648741198171081e+01 -3.168850453394945711e+06 -3.127755999302876875e+14 1.003118113932789500e-05 2.446690288520667063e-06 5.630201618578405815e-07 2.851698942896425251e+03 8.697317373555902620e+00 3.641037208964717498e-01 -1.652175680383994316e-01 9.995790413586806977e+00 3.197275316979330499e+06 7.054158532103897631e+07 -1.014313839927730498e+00
1.000000000000000000e+00 3.766775314411748923e+02 1.037381423720290456e+02 -3.181579403533748351e+06 -3.152934222911605000e+14 1.157762954706088096e-05 3.158722734994945674e-06 7.545584315334935650e-07 -6.270443519449923997e+02 -1.904609756717597469e+00 -9.789724730769349126e-01 3.618499457741906206e-02 5.675738553457510882e+00 -7.059086761601279723e+05 -1.904427648600589037e+08 2.230583835290743111e-01
1.000000000000000000e+00 4.163658685567983184e+02 1.242337648030947577e+02 -3.194308476873661857e+06 -3.178213627321645000e+14 1.284869861524643244e-05 3.797928402155638912e-06 9.331425474103246547e-07 -2.186884366956272970e+03 -6.615563834727983483e+00 7.057608784601649976e-01 1.256814118979303341e-01 7.034954466313303456e-01 -2.471967630360614043e+06 1.378536528774662018e+08 7.779071771923831147e-01
1.000000000000000000e+00 4.457781347549394582e+02 1.416522415198247984e+02 -3.207037646570559591e+06 -3.203594161833227500e+14 1.381115463432837305e-05 4.347682109364768074e-06 1.081168614279872379e-06 3.031929065822931534e+03 9.134831172083035966e+00 2.076208622232805223e-01 -1.735285751560187162e-01 9.030302838836437473e+00 3.441086196592627559e+06 4.071845054522514343e+07 -1.078418384175084954e+00
1.000000000000000000e+00 4.643417826026501416e+02 1.556200698978529431e+02 -3.219766882847378962e+06 -3.229075769012306250e+14 1.444339739201318526e-05 4.795349970844099950e-06 1.184868449405249447e-06 -1.122761214439352443e+03 -3.369119581156727605e+00 -9.326398941251826669e-01 6.400643391799409887e-02 7.296788237173517544e+00 -1.279429562357321614e+06 -1.836482128709482551e+08 3.993855891572194450e-01
1.000000000000000000e+00 4.716689278883243333e+02 1.658197718041062956e+02 -3.232496157652241644e+06 -3.254658393954369375e+14 1.472931166066041814e-05 5.129849257072489773e-06 1.234672851430660028e-06 -1.824199840917934125e+03 -5.452002056460608870e+00 8.118677648454359908e-01 1.035766584672357521e-01 3.668413826675061551e-01 -2.087117117221752182e+06 1.605104981676103175e+08 6.488974526523372255e-01
1.000000000000000000e+00 4.675981225527396532e+02 1.720034655824813967e+02 -3.245225440460791811e+06 -3.280341975866656250e+14 1.465969037552193401e-05 5.342104042982608309e-06 1.225957610398013966e-06 3.133859873681340559e+03 9.328777397419173667e+00 4.520068604335408802e-02 -1.772126517939812962e-01 7.681121972881997273e+00 3.599916447474373970e+06 8.972255080090809613e+06 -1.114672636382802118e+00
1.000000000000000000e+00 4.523604674124825351e+02 1.740748159004488969e+02 -3.257954701490671374e+06 -3.306126454494137500e+14 1.423760214369553910e-05 5.427642807095674370e-06 1.160155113839200474e-06 -1.600487445163348184e+03 -4.745324554286492358e+00 -8.612517843470837153e-01 9.015051376434020380e-02 8.722827463171110907e+00 -1.845850936097833095e+06 -1.716398898877711892e+08 5.693146239170306933e-01
1.000000000000000000e+00 4.263539178388467121e+02 1.719986141716548502e+02 -3.270683912706876639e+06 -3.332011772197348125e+14 1.347150138349357810e-05 5.383860462508673955e-06 1.043543674717230732e-06 -1.402555544335545619e+03 -4.141990462012909546e+00 8.962506332097657236e-01 7.868978715364097209e-02 5.704859431195150599e-01 -1.624011304446598515e+06 1.793255585885033607e+08 4.989156363646561898e-01
1.000000000000000000e+00 3.901817180737070316e+02 1.658141961900860792e+02 -3.283413045293985400e+06 -3.357997868851286250e+14 1.237655007004928858e-05 5.210477227976606119e-06 8.871024016615199969e-07 3.152366949823107007e+03 9.272738206686724993e+00 -1.183070547524195659e-01 -1.761479138306119852e-01 6.095077953301187179e+00 3.664574340754902922e+06 -2.376518238659273461e+07 -1.121254100352820471e+00
1.000000000000000000e+00 3.447996317441644010e+02 1.557091928398917560e+02 -3.296142072672196664e+06 -3.384084688007506875e+14 1.097943224774780732e-05 4.911910546361216635e-06 7.061752540406723288e-07 -2.045135564846763828e+03 -5.992145137600419780e+00 -7.669587633121111026e-01 1.138368139627857628e-01 9.798254516869716824e+00 -2.386821175312142819e+06 -1.546726524497644007e+08 7.274787167194998183e-01
1.000000000000000000e+00 2.912739575595713859e+02 1.419215687145544962e+02 -3.308870973495800048e+06 -3.410272183163485625e+14 9.310835553588802646e-06 4.494263259372752228e-06 5.177712903894370339e-07 -9.337301309646693426e+02 -2.725067834210087803e+00 9.564788325380217948e-01 5.177197741206674558e-02 1.290350179510973083e+00 -1.094015394670261070e+06 1.936516319469052851e+08 3.321517753171716048e-01
1.000000000000000000e+00 2.308221940925315039e+02 1.247544883128207687e+02 -3.321599726956220344e+06 -3.436560308251128750e+14 7.406824051339830536e-06 3.965826845583432986e-06 3.393604120395966215e-07 3.085576133138048590e+03 8.970044824738110378e+00 -2.780601816616217747e-01 -1.703976609556984434e-01 4.446102830376133852e+00 3.629409099865150638e+06 -5.651740298185467720e+07 -1.097496279788529705e+00
1.000000000000000000e+00 1.649448500756120097e+02 1.046431331361503254e+02 -3.334328315629765391e+06 -3.462949023573278125e+14 5.313177050732283469e-06 3.339253331077579490e-06 1.878814061601720547e-07 -2.442958013757584013e+03 -7.074298550237006822e+00 -6.527398247554307975e-01 1.343950196958292598e-01 1.041023328927462899e+01 -2.884739662903232034e+06 -1.331908748354001790e+08 8.689875937567844710e-01
1.000000000000000000e+00 9.517045174234471006e+01 8.205052801162467802e+01 -3.347056726245034020e+06 -3.489438297538043125e+14 3.077317954616677116e-06 2.628298734505489950e-06 7.752321607477879640e-08 -4.310942148055157190e+02 -1.243526921992801126e+00 9.911004364788724708e-01 2.362671868014977125e-02 2.443046214142499117e+00 -5.110309474285321194e+05 2.030188727636552155e+08 1.533621475416960533e-01
1.000000000000000000e+00 2.310035926315979182e+01 5.748411875610822364e+01 -3.359784948919672985e+06 -3.516028105225958750e+14 7.497860940909739440e-07 1.848373064138614478e-06 1.868548702617919233e-08 2.934747513492188318e+03 8.432879394689113184e+00 -4.295516089316693265e-01 -1.601933129682783785e-01 2.911261828224230186e+00 3.492396958481608890e+06 -8.833075574365459383e+07 -1.043847398225460799e+00
1.000000000000000000e+00 -4.947416475238601663e+01 3.155569194490484008e+01 -3.372512978330331389e+06 -3.542718430982368750e+14 -1.611904351362739512e-06 1.018501352920054072e-06 1.695408712302398384e-08 -2.782275039686304808e+03 -7.964047408201381906e+00 -5.221321965947534061e-01 1.512981472411795147e-01 1.050146469328832843e+01 -3.323718898546300363e+06 -1.077825462731655687e+08 9.896864266144177469e-01
1.000000000000000000e+00 -1.208375228607509797e+02 4.872168257937829594e+00 -3.385240815531909466e+06 -3.569509272434724375e+14 -3.951832688983650045e-06 1.578491034028491370e-07 7.237108591721425646e-08 9.136795532193426084e+01 2.605330039626264083e-01 9.996176075624896296e-01 -4.946188638025847233e-03 3.899770243735511510e+00 1.095678321997339808e+05 2.071413481729589999e+08 -3.247877216517966459e-02
1.000000000000000000e+00 -1.893006695817011860e+02 -2.194663770993179241e+01 -3.397968462909532711e+06 -3.596400630059812500e+14 -6.214106054949176308e-06 -7.137031460433024637e-07 1.796911163344126721e-07 2.703755191822131110e+03 7.680290623003560135e+00 -5.688332609277335639e-01 -1.458967149140436848e-01 1.648624069887296040e+00 3.254730865980520844e+06 -1.183249792283361852e+08 -9.616853550660547922e-01
1.000000000000000000e+00 -2.530984683805651230e+02 -4.821553741077342892e+01 -3.410695927965281066e+06 -3.623392515282251250e+14 -8.339493736324705514e-06 -1.573838943338476265e-06 3.284014672628871344e-07 -3.053776877616504862e+03 -8.641624087931631948e+00 -3.789279535412286015e-01 1.641706130698405708e-01 1.007286915594857746e+01 -3.690092375564916525e+06 -7.912255780047184229e+07 1.086263363387314440e+00
1.000000000000000000e+00 -3.106616135492362787e+02 -7.329668699860239656e+01 -3.423423224657184910e+06 -3.650484953532939375e+14 -1.027437359228647265e-05 -2.401459189019451987e-06 5.038788275036779937e-07 6.199188052462890255e+02 1.747619745507755340e+00 9.823384376283615937e-01 -3.319648777569871728e-02 5.505233646553418403e+00 7.519356621539397165e+05 2.058973455467278659e+08 -2.204843522327575855e-01
1.000000000000000000e+00 -3.605610648442748811e+02 -9.658051107229384513e+01 -3.436150369699961971e+06 -3.677677976586413125e+14 -1.196900795224977152e-05 -3.176083655548403931e-06 6.888326463158537398e-07 2.398342794561731353e+03 6.735714746197627001e+00 -6.926175693708211956e-01 -1.279530472550944320e-01 7.811649245129008712e-01 2.920093991720942780e+06 -1.457212258440086842e+08 -8.530529347398421169e-01
1.000000000000000000e+00 -4.014158242209192622e+02 -1.174401028577259325e+02 -3.448877384490135126e+06 -3.704971626806244375e+14 -1.337455713571486433e-05 -3.876363095887539248e-06 8.645307615952126269e-07 -3.250383994326109587e+03 -9.094390175783381380e+00 -2.269211822463328976e-01 1.727722722641070463e-01 9.177742713315536704e+00 -3.972407220163027290e+06 -4.792232360896369815e+07 1.156199859827208298e+00
1.000000000000000000e+00 -4.321625265142449734e+02 -1.353447553756571438e+02 -3.461604294162061065e+06 -3.732365955295004375e+14 -1.445212448814118343e-05 -4.483829864902148613e-06 1.013398263954289190e-06 1.141565184503184128e+03 3.182088425193948300e+00 9.401564228294373438e-01 -6.044702720446377270e-02 7.096489204242329762e+00 1.400384162036105292e+06 1.992922134372954071e+08 -4.060328636964609661e-01
1.000000000000000000e+00 -4.519855513819825319e+02 -1.498371108676748520e+02 -3.474331125561656896e+06 -3.759861017656828750e+14 -1.517060588771764944e-05 -4.982196707889869459e-06 1.120333712990153132e-06 2.025392736897607165e+03 5.624701490262994596e+00 -7.982435681012047812e-01 -1.068476312105106629e-01 3.883502169970760587e-01 2.493888436379029416e+06 -1.698427211312623620e+08 -7.203979145025328767e-01
1.000000000000000000e+00 -4.602247639875272966e+02 -1.604911515453374307e+02 -3.487057908280910458e+06 -3.787456876312505000e+14 -1.550373406623432914e-05 -5.355999473860296786e-06 1.173639866155876571e-06 -3.366813856467587357e+03 -9.315240558907703416e+00 -6.975410655664332493e-02 1.769681054232009332e-01 7.911133408000058154e+00 -4.161042397680310532e+06 -1.489692233627439104e+07 1.197616610714788754e+00
1.000000000000000000e+00 -4.566293890246213323e+02 -1.670220301094677211e+02 -3.499784676441781688e+06 -3.815153604497626875e+14 -1.543875772248923188e-05 -5.594294901010559946e-06 1.167629751986491923e-06 1.644122296631592008e+03 4.532103436427901144e+00 8.743376445633171956e-01 -8.609303638523677082e-02 8.518112842290404885e+00 2.039512768884927966e+06 1.874196942727788389e+08 -5.847902171641464752e-01
1.000000000000000000e+00 -4.412603514755759306e+02 -1.692541894988103195e+02 -3.512511461631133221e+06 -3.842951270982723125e+14 -1.497337921759166180e-05 -5.689674877332563931e-06 1.102882927583276909e-06 1.592496392095656574e+03 4.373617671910306370e+00 -8.835344326848497687e-01 -8.308130589684871448e-02 5.039933798909648210e-01 1.982778049325826811e+06 -1.900915722166112959e+08 -5.664202034949075149e-01
1.000000000000000000e+00 -4.143834015192335869e+02 -1.670770049363480894e+02 -3.525238296547100879e+06 -3.870849947980486875e+14 -1.411230641580980887e-05 -5.636836444377668731e-06 9.855261875487688734e-07 -3.399054316433561780e+03 -9.300858106097500411e+00 8.908557549603957071e-02 1.766950652858711168e-01 6.398544564188142658e+00 -4.247674157058535144e+06 1.923730442644367740e+07 1.209086253961582980e+00
1.000000000000000000e+00 -3.766947325389412526e+02 -1.605457832463951888e+02 -3.537965213069127407e+06 -3.898849706936166875e+14 -1.287508997895102874e-05 -5.436041136733751035e-06 8.276456575990407039e-07 2.115882376536296761e+03 5.768525744805299560e+00 7.863941897364731259e-01 -1.095809856526216153e-01 9.632902184257609690e+00 2.653849016258472111e+06 1.704389005788940191e+08 -7.525921027866773194e-01
1.000000000000000000e+00 -3.291841170329734041e+02 -1.498353885758311037e+02 -3.550692239636455663e+06 -3.926950612696527500e+14 -1.129169322397766608e-05 -5.091640148409600607e-06 6.455110543169151270e-07 1.107966108773517817e+03 3.009636100967270966e+00 -9.466338907483933252e-01 -5.717022136997119974e-02 1.117036556968235450e+00 1.394751921467137989e+06 -2.059189329781197011e+08 -3.940761422570912553e-01
1.000000000000000000e+00 -2.730043762169470369e+02 -1.351881914549431940e+02 -3.563419403450246435e+06 -3.955152728261895625e+14 -9.398179084080396991e-06 -4.610372026235231955e-06 4.577077366497083967e-07 -3.344066565135067322e+03 -9.050704282927014788e+00 2.461388785872546392e-01 1.719429028956578065e-01 4.786290505408892670e+00 -4.224987768028810620e+06 5.373713373189457506e+07 1.189527725644198952e+00
1.000000000000000000e+00 -2.096664948544849949e+02 -1.170035017420360788e+02 -3.576146729169085156e+06 -3.983456111830952500e+14 -7.243551154727664867e-06 -4.004464631393963993e-06 2.840661948132403425e-07 2.545080849413689975e+03 6.863327178168087350e+00 6.781058467646545740e-01 -1.303784604866026209e-01 1.032992922767529187e+01 3.227204360091430135e+06 1.485819697994706631e+08 -9.052540948851414138e-01
1.000000000000000000e+00 -1.408645230606062739e+02 -9.577510276443813098e+01 -3.588874233143450227e+06 -4.011860803809848125e+14 -4.883903066045809927e-06 -3.289585198830063604e-06 1.427713084275853890e-07 5.813439447530438429e+02 1.562059580506873546e+00 -9.859032970209757885e-01 -2.967099391707785430e-02 2.172421151627296876e+00 7.398211035241498612e+05 -2.168061609637038410e+08 -2.067594814504633005e-01
1.000000000000000000e+00 -6.832755138520015237e+01 -7.203130733414700160e+01 -3.601601929036203772e+06 -4.040366839093270000e+14 -2.377380711430234618e-06 -2.482831691786200363e-06 4.832830737072681573e-08 -3.199957128630586340e+03 -8.567330994231799224e+00 3.978068516029886204e-01 1.627600931267084439e-01 3.232692332512246303e+00 -4.086963674848197494e+06 8.779557243766656518e+07 1.138267454214787922e+00
1.000000000000000000e+00 6.002869418835835802e+00 -4.641522100904896320e+01 -3.614329826011029072e+06 -4.068974242879039375e+14 2.096012386940861023e-07 -1.605530193237841627e-06 1.064532205470321458e-08 2.919591742804323985e+03 7.788719041314124070e+00 5.516723051552965273e-01 -1.479576059007897681e-01 1.053311953672175250e+01 3.742279488452096935e+06 1.221909419947866499e+08 -1.038463301452289711e+00
1.000000000000000000e+00 8.016977604514097777e+01 -1.961075142214866318e+01 -3.627057925784189720e+06 -4.097683023828181250e+14 2.809133177156326170e-06 -6.807364401038781583e-07 3.368347648503759902e-08 2.409099817066395843e+01 6.403932889367074111e-02 -9.999695881529162556e-01 -1.213354644047954980e-03 3.571785717384423187e+00 3.098994611492043259e+04 -2.222780390158925951e+08 -8.546603594148454233e-03
1.000000000000000000e+00 1.523462840115147685e+02 7.719090025801869537e+00 -3.639786226730942260e+06 -4.126493183080705625e+14 5.356916905790098917e-06 2.688885171764311807e-07 1.152017282018802916e-07 -2.966656048375549290e+03 -7.858012993562256909e+00 5.402464647012796828e-01 1.492848472552508188e-01 1.897208777659315171e+00 -3.829831406301910989e+06 1.205169495313835144e+08 1.055280606097280804e+00
1.000000000000000000e+00 2.206557541521859207e+02 3.485494401731270386e+01 -3.652514721022395883e+06 -4.155404707608458125e+14 7.785999998773853394e-06 1.218390874037483948e-06 2.469256497134276820e-07 3.227136055787288115e+03 8.517690433516998283e+00 4.099163273008845088e-01 -1.618053500663116928e-01 1.021142507660442966e+01 4.180908884853782132e+06 9.176823576326400042e+07 -1.147852464894524305e+00
1.000000000000000000e+00 2.833695737234530156e+02 6.109879994813122295e+01 -3.665243394237827044e+06 -4.184417569083941250e+14 1.003374832873421169e-05 2.143215161397076677e-06 4.155588037921691896e-07 -5.499763437475512546e+02 -1.446482034686100704e+00 -9.879233190634475470e-01 2.748193188282134145e-02 5.177059279141378312e+00 -7.150443489769946318e+05 -2.219504061551046371e+08 1.956482674122815013e-01
1.000000000000000000e+00 3.390293741336586777e+02 8.582915885128478806e+01 -3.677972229656512383e+06 -4.213531733452510000e+14 1.204627964588910839e-05 3.021158949592987895e-06 6.046625572811933661e-07 -2.646820714934477110e+03 -6.936867645624039902e+00 6.694475426803137008e-01 1.317853830368500845e-01 9.247981797770815637e-01 -3.453374242096935865e+06 1.509313339292209148e+08 9.415125915023386804e-01
1.000000000000000000e+00 3.862507002491268508e+02 1.084211660553842194e+02 -3.690701207610561978e+06 -4.242747159353226250e+14 1.377162961082893783e-05 3.829598404842928511e-06 7.955785283560813103e-07 3.456109014445021785e+03 9.026128669045082376e+00 2.564062657530589151e-01 -1.714636811498779223e-01 9.388204880938078034e+00 4.525133010038374923e+06 5.801179296017070115e+07 -1.229294184504692522e+00
1.000000000000000000e+00 4.239083953856727476e+02 1.283220346577502937e+02 -3.703430302260413766e+06 -4.272063790562790000e+14 1.516642984538867199e-05 4.548159490873195400e-06 9.695499278202571204e-07 -1.124827385173190578e+03 -2.927389383551105784e+00 -9.495856969744372877e-01 5.561481964675262651e-02 6.820800604977648618e+00 -1.477914372910521226e+06 -2.155962954440206885e+08 4.001231719799641651e-01
1.000000000000000000e+00 4.512254784837537613e+02 1.450943456268722400e+02 -3.716159487519364338e+06 -4.301481569466193125e+14 1.619925812547490140e-05 5.160301841206215008e-06 1.110112887225733880e-06 -2.246553646733581445e+03 -5.826358693063558469e+00 7.814784522868493122e-01 1.106884904145980508e-01 4.267417010181155934e-01 -2.962063560972157400e+06 1.780485025934710205e+08 7.991343744802048565e-01
1.000000000000000000e+00 4.675580243432150382e+02 1.583311973626979920e+02 -3.728888734778129961e+06 -4.331000431761185000e+14 1.684310308660285380e-05 5.650360975070998021e-06 1.203794364605107959e-06 3.596761474183462724e+03 9.295722004162479735e+00 9.540758838856583379e-02 -1.765847835924740095e-01 8.144736444456947666e+00 4.758807660269150510e+06 2.181288806560461596e+07 -1.279321091758371276e+00
1.000000000000000000e+00 4.725667089856038388e+02 1.677275606102730308e+02 -3.741618013256129343e+06 -4.360620307177045625e+14 1.708164682742703991e-05 6.006122024350333073e-06 1.241972949416191068e-06 -1.683050004866615836e+03 -4.334757386834682258e+00 -8.857237148603265275e-01 8.235085409704001602e-02 8.324795208242568023e+00 -2.234535441748185083e+06 -2.032039935942695439e+08 5.986846372077062606e-01
1.000000000000000000e+00 4.662735273179279147e+02 1.731108312470974795e+02 -3.754347294217620976e+06 -4.390341129249195625e+14 1.691150936843199346e-05 6.219979581684975319e-06 1.221742944535321241e-06 -1.775593653630680137e+03 -4.557354736270914586e+00 8.728263751477701726e-01 8.658063787290401492e-02 4.626645053685770614e-01 -2.365551118670099415e+06 2.009372030567291379e+08 6.316104421895339938e-01
1.000000000000000000e+00 4.488331200065197208e+02 1.743514609663874069e+02 -3.767076548554183915e+06 -4.420162829727003125e+14 1.633414885441353970e-05 6.285796388358350892e-06 1.144904833141403360e-06 3.642307356538615750e+03 9.316493216168728608e+00 -6.833308069827198628e-02 -1.769791610372619395e-01 6.613836505524520071e+00 4.869212337676262483e+06 -1.578544617135426961e+07 -1.295519708335500786e+00
1.000000000000000000e+00 4.206954316494941963e+02 1.714312360633297487e+02 -3.779805745904486626e+06 -4.450085336486356875e+14 1.536188267792326675e-05 6.201399505569533771e-06 1.018833894781561551e-06 -2.207081082989954666e+03 -5.626080270857306331e+00 -7.981222510999921305e-01 1.068825272639081087e-01 9.523802762635131813e+00 -2.960660819777249359e+06 -1.850050251547529399e+08 7.850853262377911479e-01
1.000000000000000000e+00 3.826365697720033836e+02 1.644629330121539112e+02 -3.792534859250740614e+06 -4.480108584339548125e+14 1.401919972413501771e-05 5.969361570373603478e-06 8.560378036392473534e-07 -1.246866088717671119e+03 -3.167555961515406526e+00 9.407175433020361632e-01 6.017807762093378005e-02 1.029725977202903042e+00 -1.678314452727529220e+06 2.188046273383427560e+08 4.435387798312643848e-01
1.000000000000000000e+00 3.355223617921845403e+02 1.535977520305927158e+02 -3.805263864070504904e+06 -4.510232513157186875e+14 1.233426895532748067e-05 5.593709515755187696e-06 6.717757464728100570e-07 3.589620362938987000e+03 9.088137947079401258e+00 -2.299200843266898109e-01 -1.726410547554681485e-01 4.963216066962642614e+00 4.848195606752851047e+06 -5.366019687586966902e+07 -1.276778217187974684e+00
1.000000000000000000e+00 2.804672162423652253e+02 1.390918976082309939e+02 -3.817992737029757351e+06 -4.540457064858680625e+14 1.034485407688439865e-05 5.082380815128025858e-06 4.833568524721861108e-07 -2.680501921385313835e+03 -6.763468153216998680e+00 -6.894893341934461573e-01 1.284900016153886493e-01 1.028863325173003673e+01 -3.632626946223050822e+06 -1.614640968965079784e+08 9.534848333319874136e-01
1.000000000000000000e+00 2.188448407101453483e+02 1.213175641279627541e+02 -3.830721459010742605e+06 -4.570782190684973125e+14 8.098863030322498916e-06 4.447690199536848971e-06 3.085971418112437430e-07 -6.755707143269958124e+02 -1.698854068404888285e+00 9.833187651268069374e-01 3.227668374405166102e-02 2.062700371442364844e+00 -9.186362076860326342e+05 2.310525730877797008e+08 2.403263644528675913e-01
1.000000000000000000e+00 1.520469388137274223e+02 1.006680492187114879e+02 -3.843450013671494555e+06 -4.601207847916780000e+14 5.645547751315609228e-06 3.702910053693158496e-06 1.636628306898901441e-07 3.439349407364247327e+03 8.619825151239046690e+00 -3.846533680421644341e-01 -1.637446497640950294e-01 3.372382261655725078e+00 4.692584960964207537e+06 -9.068785368253910542e+07 -1.223327492869690225e+00
1.000000000000000000e+00 8.164067136532756308e+01 7.762309422032585360e+01 -3.856178387228142936e+06 -4.631733999461697500e+14 3.041381155639249990e-06 2.864694668143453927e-06 6.224266633270449935e-08 -3.089082088885021676e+03 -7.716021671434005746e+00 -5.632248431740098926e-01 1.465862270519204258e-01 1.054268329872531496e+01 -4.228861519852430560e+06 -1.332353770660894811e+08 1.098821018399533500e+00
1.000000000000000000e+00 9.362292043836063726e+00 5.275243284435743618e+01 -3.868906571557745337e+06 -4.662360621433996250e+14 3.499271128790176161e-07 1.953264281792009608e-06 1.394822048323702875e-08 -7.801968134895598439e+01 -1.942293667153587033e-01 9.997905675087188637e-01 3.692998964186140938e-03 3.444762916176130396e+00 -1.071646263687022292e+05 2.373012659830762446e+08 2.777577803874088994e-02
1.000000000000000000e+00 -6.312832116592667830e+01 2.661889828051894114e+01 -3.881634563597348984e+06 -4.693087701925932500e+14 -2.367260509419311779e-06 9.888604237785421554e-07 2.316313374002905155e-08 3.195499250576267514e+03 7.928682793156492714e+00 -5.283101077083445229e-01 -1.506153082906132312e-01 2.008867211923652807e+00 4.403869091538033448e+06 -1.258138170657361001e+08 -1.136591930717801402e+00
1.000000000000000000e+00 -1.340910351933719085e+02 -1.577764615665859238e-01 -3.894362362184132915e+06 -4.723915233542461250e+14 -5.044792060464398479e-06 -5.880426744355188731e-09 8.897428745129365719e-08 -3.421346208404273966e+03 -8.460884833672011496e+00 -4.231260390076201361e-01 1.607369494649281694e-01 1.026855983444649567e+01 -4.730818278636769392e+06 -1.011003673889211714e+08 1.217011665551500643e+00
1.000000000000000000e+00 -2.017274501336281389e+02 -2.690468498151456345e+01 -3.907089972461751662e+06 -4.754843224201410000e+14 -7.614222761359156119e-06 -1.006031540229925443e-06 2.049380805540356258e-07 5.294650810729277737e+02 1.305020473212223919e+00 9.901934349773042765e-01 -2.478841558102086451e-02 5.025442117427211919e+00 7.345397875982953701e+05 2.373787194729890227e+08 -1.883070307880111427e-01
1.000000000000000000e+00 -2.644288982022977734e+02 -5.299411136716077664e+01 -3.919817403628767468e+06 -4.785871691885426250e+14 -1.001340816835592632e-05 -1.988033616405031498e-06 3.597989525605878873e-07 2.864630551571719025e+03 7.037438835596462994e+00 -6.573166423231431299e-01 -1.336847593251306587e-01 1.009036764760496974e+00 3.987315576996802818e+06 -1.580994489558927417e+08 -1.018904926523615639e+00
