5.400000645526234439e+04 -4.701593491767927468e-08 9.999999999999999547e-08
5.400918346901197219e+04 1.390417641862532537e-07 9.999999999999999547e-08
5.401836034897905483e+04 4.141220721230074519e-08 9.999999999999999547e-08
5.402753710074735136e+04 2.113715570766585227e-07 9.999999999999999547e-08
5.403671373269016476e+04 4.303917577329535958e-08 9.999999999999999547e-08
5.404589025717806362e+04 3.163439024684775703e-08 9.999999999999999547e-08
5.405506668872298178e+04 1.086546008789856446e-07 9.999999999999999547e-08
5.406424304385794676e+04 1.046744269142573448e-07 9.999999999999999547e-08
5.407341934360304731e+04 -4.573865799774985729e-08 9.999999999999999547e-08
5.408259560955294000e+04 4.837484352842143894e-08 9.999999999999999547e-08
5.409177186339569744e+04 2.638559391696263887e-08 9.999999999999999547e-08
5.410094812851576717e+04 8.266647068006414987e-08 9.999999999999999547e-08
5.411012442742777057e+04 1.072491726262938169e-07 9.999999999999999547e-08
5.411930078187798790e+04 8.411751551797663514e-08 9.999999999999999547e-08
5.412847721305844607e+04 4.959115628555010003e-08 9.999999999999999547e-08
5.413765373880900006e+04 1.510943566112117854e-07 9.999999999999999547e-08
5.414683037358937145e+04 5.730161882977669890e-08 9.999999999999999547e-08
5.415600713037331298e+04 2.038737330577319862e-08 9.999999999999999547e-08
5.416518401858174911e+04 5.078226367027080194e-08 9.999999999999999547e-08
5.417436104307432106e+04 -1.122811168972790296e-07 9.999999999999999547e-08
5.418353820635596639e+04 2.409615396928340793e-08 9.999999999999999547e-08
5.419271550603028300e+04 -7.476009370727453154e-08 9.999999999999999547e-08
5.420189293644704594e+04 -1.000674532436707267e-07 9.999999999999999547e-08
5.421107049043253937e+04 8.416929244160533000e-08 9.999999999999999547e-08
5.422024815677389415e+04 1.628871181198583906e-07 9.999999999999999547e-08
5.422942592090776452e+04 -6.558521281327105048e-08 9.999999999999999547e-08
5.423860376740874199e+04 -7.126982018442777690e-08 9.999999999999999547e-08
5.424778167860734538e+04 1.195297226398499420e-07 9.999999999999999547e-08
5.425695963534404291e+04 -5.485569563284596626e-08 9.999999999999999547e-08
5.426613761888205772e+04 7.537105106574879975e-10 9.999999999999999547e-08
5.427531560847864603e+04 -3.374225437662270495e-08 9.999999999999999547e-08
5.428449358287981158e+04 -8.743588927836365081e-08 9.999999999999999547e-08
5.429367152338425512e+04 -1.749200519837262842e-07 9.999999999999999547e-08
5.430284941079209239e+04 -2.358553871581584064e-07 9.999999999999999547e-08
5.431202722686922789e+04 -7.516320419329384001e-08 9.999999999999999547e-08
5.432120495578580449e+04 -2.581162682120962553e-07 9.999999999999999547e-08
5.433038258253115782e+04 -6.418449098392043795e-08 9.999999999999999547e-08
5.433956009426821402e+04 -1.714205912217074417e-07 9.999999999999999547e-08
5.434873748261472792e+04 -1.692105901851777215e-07 9.999999999999999547e-08
5.435791474028821540e+04 -1.089088611698541253e-07 9.999999999999999547e-08
5.436709186259384296e+04 -5.824070445148175952e-08 9.999999999999999547e-08
5.437626884965599311e+04 -1.077686533462217946e-07 9.999999999999999547e-08
5.438544570351961738e+04 5.603712633543461056e-08 9.999999999999999547e-08
5.439462243022223993e+04 -5.662285419403105151e-08 9.999999999999999547e-08
5.440379904000214447e+04 -1.835205236225908250e-07 9.999999999999999547e-08
5.441297554470229079e+04 2.776811674047716349e-08 9.999999999999999547e-08
5.442215195896775549e+04 -1.560228661055700942e-07 9.999999999999999547e-08
5.443132830174439732e+04 -3.650882914122199956e-08 9.999999999999999547e-08
5.444050459305982076e+04 3.246435014247696803e-08 9.999999999999999547e-08
5.444968085421516298e+04 -6.122479619044901385e-08 9.999999999999999547e-08
5.445885710879811086e+04 -2.344634013529591571e-07 9.999999999999999547e-08
5.446803337872396514e+04 -1.194307505051155768e-07 9.999999999999999547e-08
5.447720968656421610e+04 -1.721257274953521513e-07 9.999999999999999547e-08
5.448638605513476068e+04 -3.677786609733183845e-08 9.999999999999999547e-08
5.449556250374552474e+04 -2.227445576383333810e-07 9.999999999999999547e-08
5.450473904966285045e+04 -6.942263362581610972e-08 9.999999999999999547e-08
5.451391570817072352e+04 -1.251328737927019797e-07 9.999999999999999547e-08
5.452309249056627596e+04 1.837727932405240819e-08 9.999999999999999547e-08
5.453226940515697788e+04 -3.155737097624691157e-08 9.999999999999999547e-08
5.454144645781745930e+04 1.808066275849741445e-07 9.999999999999999547e-08
5.455062364850368613e+04 -2.051636502651171146e-08 9.999999999999999547e-08
5.455980097431875765e+04 2.190901916262605492e-07 9.999999999999999547e-08
5.456897843055603880e+04 1.738461094727007706e-07 9.999999999999999547e-08
5.457815600780638488e+04 -9.121233339435739093e-08 9.999999999999999547e-08
5.458733369446015422e+04 5.000934832029352623e-09 9.999999999999999547e-08
5.459651147677834524e+04 1.452446706580024228e-08 9.999999999999999547e-08
5.460568933746169205e+04 5.609050757913700048e-08 9.999999999999999547e-08
5.461486725886476779e+04 4.143198547070937937e-08 9.999999999999999547e-08
5.462404522292933689e+04 -3.583214448138441372e-08 9.999999999999999547e-08
5.463322320919337653e+04 1.351903682418161470e-07 9.999999999999999547e-08
5.464240119699113711e+04 7.458796708392936337e-08 9.999999999999999547e-08
5.465157916667723475e+04 2.574370294872350733e-08 9.999999999999999547e-08
5.466075709781357000e+04 2.209940056699737246e-07 9.999999999999999547e-08
5.466993497217869299e+04 8.799187329346863386e-08 9.999999999999999547e-08
5.467911277272886946e+04 8.182375142634875531e-08 9.999999999999999547e-08
5.468829048226488521e+04 6.897149318090276312e-08 9.999999999999999547e-08
5.469746808660511306e+04 -5.016402451605575562e-08 9.999999999999999547e-08
5.470664557490532752e+04 2.029563251843353354e-08 9.999999999999999547e-08
5.471582293758950254e+04 1.432425509617417387e-07 9.999999999999999547e-08
5.472500016833133122e+04 -6.216189458600027305e-08 9.999999999999999547e-08
5.473417726425435103e+04 1.025201070646606673e-07 9.999999999999999547e-08
5.474335422407777514e+04 7.038972810658918478e-09 9.999999999999999547e-08
5.475253105183370644e+04 -4.281684019851853693e-08 9.999999999999999547e-08
5.476170775508552470e+04 1.561375367629006612e-07 9.999999999999999547e-08
5.477088434277333727e+04 1.918163743607732578e-07 9.999999999999999547e-08
5.478006082786615298e+04 1.395719543693607266e-07 9.999999999999999547e-08
5.478923722676547914e+04 2.621872673736846580e-07 9.999999999999999547e-08
5.479841355746894260e+04 6.197845343266655331e-09 9.999999999999999547e-08
5.480758984092097671e+04 1.964069231779177932e-07 9.999999999999999547e-08
5.481676609963698138e+04 1.656702061008413172e-07 9.999999999999999547e-08
5.482594235515219043e+04 3.034568254639319121e-08 9.999999999999999547e-08
5.483511864205611346e+04 -9.702818135444969264e-10 9.999999999999999547e-08
5.484429496088954329e+04 1.494031901797678461e-07 9.999999999999999547e-08
5.485347134377581824e+04 -1.189114333506326047e-07 9.999999999999999547e-08
5.486264781040730304e+04 1.717985492904149807e-08 9.999999999999999547e-08
5.487182437799158652e+04 -4.036691810846658610e-08 9.999999999999999547e-08
5.488100106002990651e+04 -8.296782027184596105e-08 9.999999999999999547e-08
5.489017786810774123e+04 -3.013848774231194921e-08 9.999999999999999547e-08
5.489935481064987835e+04 -5.459722462847154138e-08 9.999999999999999547e-08
5.490853189056881820e+04 -1.805366386905080689e-07 9.999999999999999547e-08
5.491770910820262361e+04 -1.778978455130291845e-07 9.999999999999999547e-08
5.492688646101735503e+04 -2.707022560135282344e-08 9.999999999999999547e-08
5.493606394193843153e+04 -8.897193801268131173e-08 9.999999999999999547e-08
5.494524154210893175e+04 -4.528006059793142173e-08 9.999999999999999547e-08
5.495441924961815675e+04 -2.269769419990234864e-07 9.999999999999999547e-08
5.496359704846192471e+04 -1.649948130440005684e-07 9.999999999999999547e-08
5.497277492265869660e+04 -2.527976338240026810e-07 9.999999999999999547e-08
5.498195285472099931e+04 -1.316891157801524987e-07 9.999999999999999547e-08
5.499113082472048700e+04 8.568905983392500270e-08 9.999999999999999547e-08
5.500030881286308431e+04 -2.357961777204382711e-07 9.999999999999999547e-08
5.500948679917531990e+04 -3.482960771875496370e-07 9.999999999999999547e-08
5.501866476236622111e+04 -1.602932151967543225e-07 9.999999999999999547e-08
5.502784268384103052e+04 -2.367603364834827122e-07 9.999999999999999547e-08
5.503702054554490314e+04 -1.548154523113502519e-07 9.999999999999999547e-08
5.504619832879729802e+04 -2.211765854412991355e-07 9.999999999999999547e-08
5.505537601838167029e+04 -3.046877121528863988e-07 9.999999999999999547e-08
5.506455360097160155e+04 -1.747665511404243033e-07 9.999999999999999547e-08
5.507373106463951262e+04 -2.316870251954095613e-07 9.999999999999999547e-08
5.508290840160539665e+04 -8.724145320568106224e-08 9.999999999999999547e-08
5.509208560606298852e+04 -2.315539668992967255e-07 9.999999999999999547e-08
5.510126267433911562e+04 -7.730596165798433377e-08 9.999999999999999547e-08
5.511043960758472531e+04 -3.009310964303035773e-07 9.999999999999999547e-08
5.511961641043538839e+04 -1.852229328283012456e-07 9.999999999999999547e-08
5.512879308939303883e+04 -4.208253447183689487e-07 9.999999999999999547e-08
5.513796965568802989e+04 2.459311717961440998e-08 9.999999999999999547e-08
5.514714612271622173e+04 -1.403744409104153025e-07 9.999999999999999547e-08
5.515632250621222920e+04 -1.258234333144270046e-07 9.999999999999999547e-08
5.516549882609523775e+04 -1.362783234859854495e-07 9.999999999999999547e-08
5.517467510339845467e+04 -7.186445546621468016e-09 9.999999999999999547e-08
5.518385135932577396e+04 -1.156437592380122868e-07 9.999999999999999547e-08
5.519302761718775582e+04 -4.714802466821636184e-09 9.999999999999999547e-08
5.520220390004629735e+04 -5.792889607153196090e-08 9.999999999999999547e-08
5.521138022962045943e+04 1.806086479076599950e-08 9.999999999999999547e-08
5.522055662807724002e+04 -1.791622001361149495e-07 9.999999999999999547e-08
5.522973311410922179e+04 -1.584709582680379611e-07 9.999999999999999547e-08
5.523890970313231082e+04 -6.032559985663901049e-08 9.999999999999999547e-08
5.524808640971932618e+04 -3.957191894799663181e-07 9.999999999999999547e-08
5.525726324456062139e+04 -1.591950079713015639e-07 9.999999999999999547e-08
5.526644021403403167e+04 1.097543532025406535e-08 9.999999999999999547e-08
5.527561732175634097e+04 -4.895092039907450450e-08 9.999999999999999547e-08
5.528479456715088600e+04 3.813570933927505807e-08 9.999999999999999547e-08
5.529397194573257002e+04 -8.883905518907654071e-08 9.999999999999999547e-08
5.530314945158432965e+04 1.878673028980988507e-07 9.999999999999999547e-08
5.531232707476324867e+04 1.378131558198097296e-07 9.999999999999999547e-08
5.532150480137290288e+04 8.903242526627266113e-08 9.999999999999999547e-08
5.533068261698061542e+04 7.310785647843155421e-08 9.999999999999999547e-08
5.533986050450694165e+04 -1.657348523662174879e-08 9.999999999999999547e-08
5.534903844544991443e+04 3.596873666847210008e-08 9.999999999999999547e-08
5.535821642120579781e+04 1.228443983171295582e-07 9.999999999999999547e-08
5.536739441110176267e+04 -2.977964646332641231e-08 9.999999999999999547e-08
5.537657239394000499e+04 9.705532914485313606e-08 9.999999999999999547e-08
5.538575035066196142e+04 1.015074552206384043e-07 9.999999999999999547e-08
5.539492826220998541e+04 -7.607643832774875784e-08 9.999999999999999547e-08
5.540410610932736017e+04 -2.891476753859298317e-08 9.999999999999999547e-08
5.541328387559357361e+04 -2.424797591669576425e-08 9.999999999999999547e-08
5.542246154518974799e+04 -4.162015529479159738e-08 9.999999999999999547e-08
5.543163910440397012e+04 1.297996647879116718e-07 9.999999999999999547e-08
5.544081654399215040e+04 -1.056463885637227634e-07 9.999999999999999547e-08
5.544999385539749346e+04 -8.943919623414764097e-08 9.999999999999999547e-08
5.545917103252382367e+04 1.588196591161201397e-07 9.999999999999999547e-08
5.546834807400897989e+04 1.217399618176406072e-07 9.999999999999999547e-08
5.547752498121999088e+04 3.847779644052214070e-09 9.999999999999999547e-08
5.548670175847474457e+04 3.393068615609195321e-08 9.999999999999999547e-08
5.549587841468796978e+04 1.971051784224963557e-07 9.999999999999999547e-08
5.550505496030245558e+04 1.693666848881613755e-07 9.999999999999999547e-08
5.551423140879561834e+04 -6.562778996397708139e-08 9.999999999999999547e-08
5.552340777854216867e+04 7.895554047833018059e-08 9.999999999999999547e-08
5.553258408864001831e+04 2.932808077959039265e-07 9.999999999999999547e-08
5.554176035972014506e+04 1.752731145770088497e-07 9.999999999999999547e-08
5.555093661461763259e+04 -3.033777437646738420e-08 9.999999999999999547e-08
5.556011287581945362e+04 9.557823917324410269e-08 9.999999999999999547e-08
5.556928916597223724e+04 9.572808360815935802e-09 9.999999999999999547e-08
5.557846550843573641e+04 4.238552814701611548e-08 9.999999999999999547e-08
5.558764192320467555e+04 1.728845577297760691e-07 9.999999999999999547e-08
5.559681842810047965e+04 3.281173648213312903e-07 9.999999999999999547e-08
5.560599504007554788e+04 2.257021837362722659e-07 9.999999999999999547e-08
5.561517177178624843e+04 1.928935248852586711e-07 9.999999999999999547e-08
5.562434863298031996e+04 1.081344000950870741e-07 9.999999999999999547e-08
5.563352563049363380e+04 3.952116506042432281e-08 9.999999999999999547e-08
5.564270276592779555e+04 1.480605873518372920e-07 9.999999999999999547e-08
5.565188003795877012e+04 3.996128360709069614e-07 9.999999999999999547e-08
5.566105744323774707e+04 1.913821801733259206e-07 9.999999999999999547e-08
5.567023497375888837e+04 1.997256973916356992e-07 9.999999999999999547e-08
5.567941261840907828e+04 1.618195120464364694e-07 9.999999999999999547e-08
5.568859036461781216e+04 1.985175065048801682e-07 9.999999999999999547e-08
5.569776819606736535e+04 2.023748935820925222e-07 9.999999999999999547e-08
5.570694609565837163e+04 1.522965187639403410e-07 9.999999999999999547e-08
5.571612404584672186e+04 6.004687368464653792e-08 9.999999999999999547e-08
5.572530202613153961e+04 3.352084846146046201e-07 9.999999999999999547e-08
5.573448001594167727e+04 8.181891339862649156e-08 9.999999999999999547e-08
5.574365799571789830e+04 -3.836694513033576643e-08 9.999999999999999547e-08
5.575283594518575410e+04 1.046173043460080693e-07 9.999999999999999547e-08
5.576201384515075915e+04 -1.022440894361676295e-07 9.999999999999999547e-08
5.577119167801985168e+04 1.749302788975086147e-07 9.999999999999999547e-08
5.578036942614994041e+04 1.677954037809751050e-07 9.999999999999999547e-08
5.578954707448159752e+04 7.016357819816837069e-08 9.999999999999999547e-08
5.579872461138590006e+04 7.692225279116885438e-08 9.999999999999999547e-08
5.580790202605142986e+04 -2.213558772965047410e-08 9.999999999999999547e-08
5.581707931084943993e+04 4.378633771262074715e-08 9.999999999999999547e-08
5.582625646158882591e+04 4.334182824844952366e-08 9.999999999999999547e-08
