1.000000000000000000e+00 -3.775370137770863721e+02 1.275581603887354447e+02 -3.108605731903435662e+05 -1.342915711546519727e+13 -5.839961351346029980e-06 1.693137599487873883e-06 1.019452219735092821e-06 -2.373668899173277717e-06 1.550493639576836244e+02 3.095014002759533867e+00 -5.961073177186216876e-01 -1.233131616480014903e-01 -3.743617608812307207e+00 -3.702122601180014759e+07
1.000000000000000000e+00 -3.425854284386281847e+02 1.313685752561822540e+02 -3.137131457939184620e+05 -1.367674984108169141e+13 -5.347938416727205407e-06 1.759715951860341754e-06 8.582009347642812116e-07 3.130472480250066198e-05 -1.088332828391776452e+01 -2.145088467113515918e-01 9.984555801119441298e-01 8.576444865811470170e-03 -2.058174497748771758e-01 6.280066505631348491e+07
1.000000000000000000e+00 -2.991840076500299688e+02 1.319424478490388140e+02 -3.165657427372600650e+05 -1.392660633471048242e+13 -4.712887623067892984e-06 1.783474138511298465e-06 6.750918762853283103e-07 -2.591323422158430013e-06 -1.449450312983897220e+02 -2.821282823227940995e+00 -6.812080089326819632e-01 1.124879213156537855e-01 4.823378167054642951e+00 -4.338658081945011765e+07
1.000000000000000000e+00 -2.483241497716029471e+02 1.292401117023846098e+02 -3.194183693220223649e+05 -1.417872712491688672e+13 -3.946968301734326495e-06 1.762688521080020101e-06 4.879036499206522037e-07 -6.802009960649906966e-07 1.988914131869559299e+02 3.823722693441807152e+00 -1.269344349192333132e-01 -1.523484319524000541e-01 -5.448948258447532389e-01 -8.185176938708424568e+06
1.000000000000000000e+00 -1.911875891494025836e+02 1.232870156408783799e+02 -3.222710307211657055e+05 -1.443311274555336328e+13 -3.065954871600907450e-06 1.696512138672415162e-06 3.149597803068758069e-07 1.585760950459632070e-05 -1.089596348363025839e+02 -2.069324753498764213e+00 8.436208311877814170e-01 8.251147234556878429e-02 -3.620302894008983863e+00 5.506850092342147976e+07
1.000000000000000000e+00 -1.292413473904529724e+02 1.142265269994179988e+02 -3.251237309774211026e+05 -1.468976364474683789e+13 -2.090908077185876443e-06 1.585747392553973826e-06 1.735942948443142034e-07 -3.172619756202678048e-06 -6.273843945614243012e+01 -1.177208502469593299e+00 -9.522036004125908892e-01 4.694870727328410986e-02 2.870105442619592218e+00 -6.291136583515449613e+07
1.000000000000000000e+00 -6.400459032178835628e+01 1.022673370281566605e+02 -3.279764730483758613e+05 -1.494868018452843945e+13 -1.044572544284577930e-06 1.432181310621236401e-06 7.784489781232604041e-08 3.180561343031360278e-06 1.927926930241330012e+02 3.574615931005548752e+00 3.743178728408385059e-01 -1.424235414123783960e-01 3.580977312895281983e+00 2.502768731418472901e+07
1.000000000000000000e+00 2.905373242659420985e+00 8.768155092799419492e+01 -3.308292593359866878e+05 -1.520986268522059570e+13 4.782892704104924576e-08 1.238598355686031626e-06 3.740628179714793889e-08 4.549945963267985365e-06 -1.852254505291471958e+02 -3.394060759854903520e+00 4.736033846287712734e-01 1.353242143029471101e-01 -3.165839493613730848e+00 3.204164596510031447e+07
1.000000000000000000e+00 6.970223238730029891e+01 7.084873109916418343e+01 -3.336820909333209856e+05 -1.547331135337522461e+13 1.157349102250815292e-06 1.009446573248131829e-06 5.644794142674937472e-08 -3.224412752557764085e-06 4.229634776317359979e+01 7.660577886334564157e-01 -9.800447767825276602e-01 -3.050474075549783684e-02 -1.417236532919198488e+00 -6.708203472713886201e+07
1.000000000000000000e+00 1.346823667083187104e+02 5.219407670621720285e+01 -3.365349671883769333e+05 -1.573902623578635938e+13 2.255411176774900391e-06 7.500147052841157069e-07 1.329040953017187315e-07 1.258071392738107325e-05 1.348327198406886964e+02 2.414081209878836898e+00 7.796047631289454438e-01 -9.618090570073239975e-02 4.689315289308574108e+00 5.398049668930295855e+07
1.000000000000000000e+00 1.961823803110112294e+02 3.218117711619448329e+01 -3.393878868137793615e+05 -1.600700731724784180e+13 3.313150243134594303e-06 4.663549885439113864e-07 2.589057366673797714e-07 -9.708409210332334262e-08 -2.176666344846570667e+02 -3.853037551102936220e+00 -1.665058370881893762e-02 1.536231739911194660e-01 7.137692133759356850e-01 -1.166103386551867472e+06
1.000000000000000000e+00 2.525211284283602424e+02 1.134709080744532272e+01 -3.422408472101362422e+05 -1.627725445367071289e+13 4.300454497948096001e-06 1.658191696760793200e-07 4.212806025497064208e-07 -2.773228131700591176e-06 1.435597656792641317e+02 2.512780341113073135e+00 -7.583203641748110790e-01 -1.001130222256294416e-01 -3.943852427933734361e+00 -5.370935128939364105e+07
1.000000000000000000e+00 3.022542338994709326e+02 -9.766673967438691761e+00 -3.450938443818889791e+05 -1.654976735881000781e+13 5.190323161453010733e-06 -1.439137421929953631e-07 6.032179401319334973e-07 2.935904555414232134e-05 3.700790972839465809e+01 6.405914277961276548e-01 9.860975757988194035e-01 -2.550467460016881890e-02 1.731770266062576225e+00 7.062399771436272562e+07
1.000000000000000000e+00 3.441169045901089021e+02 -3.062340872673987491e+01 -3.479468738730415353e+05 -1.682454568922099414e+13 5.958044461425684656e-06 -4.549721709521474469e-07 7.858763301323695129e-07 -2.107784689649813403e-06 -1.946487361228388977e+02 -3.332392309012477849e+00 -5.022288955121357867e-01 1.328648280744328947e-01 4.316558913140365661e+00 -3.636772493857732415e+07
1.000000000000000000e+00 3.769619108506298062e+02 -5.066160480086070805e+01 -3.507999298866495374e+05 -1.710158895658295117e+13 6.580240416188935126e-06 -7.588515124624367123e-07 9.499791706002676268e-07 -1.589240083021055325e-06 2.137391618978652161e+02 3.619583872705518068e+00 -3.440144326956404153e-01 -1.442146639937820773e-01 -2.307827325982504174e+00 -2.518379026544265449e+07
1.000000000000000000e+00 3.999964575730147658e+02 -6.936534429632214938e+01 -3.536530057056078804e+05 -1.738089656374275195e+13 7.039118750720208942e-06 -1.047461967790331846e-06 1.078862568766484890e-06 2.374455022625772939e-05 -7.723270561025029224e+01 -1.293888125638235298e+00 9.419651303086193916e-01 5.160022713209321682e-02 -2.467597541465674116e+00 6.970409956526271999e+07
1.000000000000000000e+00 4.126922491941494968e+02 -8.626925977500246745e+01 -3.565060947784662130e+05 -1.766246790865578516e+13 7.321129087851594473e-06 -1.313231809879199935e-06 1.159725572829516624e-06 -2.991854327727343505e-06 -1.186211565135727284e+02 -1.966203302373826789e+00 -8.600602799987111524e-01 7.839986384729275004e-02 4.218595486355749102e+00 -6.432526690492208302e+07
1.000000000000000000e+00 4.147071737432953569e+02 -1.009287390321394042e+02 -3.593591900052176206e+05 -1.794630231370740625e+13 7.415750280516836910e-06 -1.548680986488847223e-06 1.184165892573653668e-06 1.067497014648803432e-06 2.321001984961694689e+02 3.806811583223977724e+00 1.574628502035646527e-01 -1.516748823504396049e-01 1.928186044028017854e+00 1.190176061867549829e+07
1.000000000000000000e+00 4.060926773672443915e+02 -1.129854758514742628e+02 -3.622122839545145980e+05 -1.823239904540543359e+13 7.319360303911601697e-06 -1.747447582248901066e-06 1.150098541836882220e-06 8.380736657942998774e-06 -1.786113745622038209e+02 -2.899094636885786613e+00 6.588444581845130932e-01 1.155909081578877090e-01 -3.916327485272173003e+00 5.032092207241263986e+07
1.000000000000000000e+00 3.871654833520130978e+02 -1.221629713441503782e+02 -3.650653696240634308e+05 -1.852075739022013281e+13 7.033185347387397458e-06 -1.904270274808912950e-06 1.061452058084590924e-06 -3.259931575029045386e-06 -6.289328249445031993e+00 -1.010349849410014933e-01 -9.996507415208545355e-01 4.053601716131516493e-03 5.159215112708323003e-01 -7.714357234264786541e+07
1.000000000000000000e+00 3.584130884501298056e+02 -1.282323359530760456e+02 -3.679184401330702240e+05 -1.881137662483544531e+13 6.561757997091192840e-06 -2.014500930771254129e-06 9.273160219169308342e-07 7.364275933163743110e-06 1.904003414549842432e+02 3.027578166049333053e+00 6.189760187231565514e-01 -1.206269538279871323e-01 4.734953346810533148e+00 4.825753724792601913e+07
1.000000000000000000e+00 3.206748016693279055e+02 -1.310701535953087102e+02 -3.707714889214877039e+05 -1.910425603716364062e+13 5.916378619616390385e-06 -2.075049698442359680e-06 7.618327752544397450e-07 1.483646150617259786e-06 -2.394305301958445398e+02 -3.768879527487888126e+00 2.085174976883501785e-01 1.502679398461198856e-01 -1.238978555318344332e+00 1.642210215378771909e+07
1.000000000000000000e+00 2.749836002337572154e+02 -1.306434918161192513e+02 -3.736245107560677570e+05 -1.939939503209020312e+13 5.112424956684938648e-06 -2.084210129998260613e-06 5.818138973989778180e-07 -3.043634084783934435e-06 1.149170021518325768e+02 1.790878709314804418e+00 -8.855089101282062058e-01 -7.134596151544876641e-02 -3.273367575977892407e+00 -7.044173156382220984e+07
1.000000000000000000e+00 2.224650985636239113e+02 -1.269706046842112528e+02 -3.764775006387828034e+05 -1.969679302251493750e+13 4.167596898844562251e-06 -2.041082588293278992e-06 4.048848907778175046e-07 2.188584759631974141e-05 9.585051393479045601e+01 1.479001764325032164e+00 9.234592153112600732e-01 -5.891802480627585797e-02 3.441345239808860423e+00 7.419291699122504890e+07
1.000000000000000000e+00 1.645044635125330785e+02 -1.201721668085262849e+02 -3.793304541560114012e+05 -1.999644946709966406e+13 3.105132882851194193e-06 -1.946435273575642806e-06 2.487083300384142001e-07 -1.406365038015646829e-06 -2.409807382497961896e+02 -3.682063708692381532e+00 -2.950347510180310051e-01 1.468061570217280565e-01 3.022651694588483373e+00 -2.393774177546722814e+07
1.000000000000000000e+00 1.025722704769495977e+02 -1.104481877193371275e+02 -3.821833683910693508e+05 -2.029836396951763672e+13 1.950682311460484075e-06 -1.802389884577474702e-06 1.286577841823946985e-07 -2.235867435915714384e-06 2.134044424714634545e+02 3.229153475232719117e+00 -5.461344487933045277e-01 -1.286580309263595234e-01 -3.541691223729476423e+00 -4.474384623877739906e+07
1.000000000000000000e+00 3.812770895136274873e+01 -9.803549267668275036e+01 -3.850362411661861697e+05 -2.060253620326805859e+13 7.305115922134558489e-07 -1.611770891266588521e-06 5.627134172562465198e-08 3.045906007859946186e-05 -2.980444138607878912e+01 -4.466663368160357361e-01 9.932673398283523580e-01 1.782983291336208767e-02 -7.266505740076516506e-01 8.216424934800812602e+07
1.000000000000000000e+00 -2.721720222796601618e+01 -8.325507430265408004e+01 -3.878890712388466927e+05 -2.090896593577324609e+13 -5.253343717591318187e-07 -1.378912217862631270e-06 3.855281766496924283e-08 -2.693758143727567251e-06 -1.790879261961502493e+02 -2.658431760041024994e+00 -7.239735775549797081e-01 1.059955912924799848e-01 4.812681165742709766e+00 -6.046199596057614684e+07
1.000000000000000000e+00 -9.187726087274779729e+01 -6.648399648297218789e+01 -3.907418586859803763e+05 -2.121765307381039844e+13 -1.786416701397966441e-06 -1.109239737230228794e-06 7.715045558551289668e-08 -3.772238220990363955e-07 2.615609382135705232e+02 3.846168260371276126e+00 -6.730164151153361640e-02 -1.532427825689151868e-01 -2.470703493888877847e-02 -5.673998763269825839e+06
1.000000000000000000e+00 -1.543799069869021707e+02 -4.811214239332250742e+01 -3.935946041498134728e+05 -2.152859758624273438e+13 -3.023602558094732070e-06 -8.085785114995877119e-07 1.684924284410392974e-07 1.400937571356003146e-05 -1.551299312144513749e+02 -2.259881423521564514e+00 8.100281645608780057e-01 9.010795717256971094e-02 -3.798138328128840779e+00 6.893329531504666805e+07
1.000000000000000000e+00 -2.131978517121976040e+02 -2.858793344733545894e+01 -3.964473091142122867e+05 -2.184179953671014453e+13 -4.205843338426413232e-06 -4.839345176897988501e-07 3.038939452408906847e-07 -3.203489098483483823e-06 -6.622469971032546709e+01 -9.558339856560643666e-01 -9.687532074643386837e-01 3.812461678215586791e-02 2.416088483064172010e+00 -8.320887606623099744e+07
1.000000000000000000e+00 -2.669296773509165632e+02 -8.387107184067112087e+00 -3.992999765784011106e+05 -2.215725916173522266e+13 -5.303724288624964359e-06 -1.429979598034432069e-07 4.704457099575545797e-07 3.896222541440997106e-06 2.434625999795185010e+02 3.481803077822313686e+00 4.291626844268278673e-01 -1.387255259225284032e-01 3.924949542231526589e+00 3.720223029710537195e+07
1.000000000000000000e+00 -3.143716481492669459e+02 1.202932569132550533e+01 -4.021526101053894963e+05 -2.247497677036986719e+13 -6.290990898825489732e-06 2.065620517076799537e-07 6.526717553403005099e-07 3.766033398088816750e-06 -2.467998309368335299e+02 -3.497539806328835432e+00 4.198470499541673284e-01 1.394498105787755626e-01 -2.834858572990405889e+00 3.672757639890269935e+07
1.000000000000000000e+00 -3.543458644060270899e+02 3.216994551805110802e+01 -4.050052137040718226e+05 -2.279495273315839844e+13 -7.141225969055216375e-06 5.563259302487852355e-07 8.333281085269399680e-07 -3.199012966140103924e-06 7.069214346207272115e+01 9.928200404308026306e-01 -9.662517141476862914e-01 -3.954200229080077900e-02 -1.885635128202559185e+00 -8.529230780177211761e+07
1.000000000000000000e+00 -3.858810009010380782e+02 5.154670864861545709e+01 -4.078577925058422261e+05 -2.311718756060517969e+13 -7.831536093744867919e-06 8.976934734860909652e-07 9.952945313883271109e-07 1.433766900135172753e-05 1.599818091923675354e+02 2.226827813165351611e+00 8.162511393974026808e-01 -8.871912490955993769e-02 4.525731813931776593e+00 7.269871597008787096e+07
1.000000000000000000e+00 -4.082679849214188721e+02 6.971455812775012362e+01 -4.107103518757176353e+05 -2.344168180615715625e+13 -8.343836161347765304e-06 1.222580576444339936e-06 1.123370510416130006e-06 -4.330502720887502169e-07 -2.784672576475329038e+02 -3.841857586914958933e+00 -7.791944536230846485e-02 1.531773690727233628e-01 1.249049691404592988e+00 -7.001606535487753339e+06
1.000000000000000000e+00 -4.208835468846234562e+02 8.622650657187077172e+01 -4.135628977595777833e+05 -2.376843610704301953e+13 -8.661404306999165932e-06 1.522652234987310070e-06 1.204845219118851124e-06 -2.676610718909050630e-06 1.966213406266958827e+02 2.688949817372640716e+00 -7.165083578147994903e-01 -1.071329290210288471e-01 -3.974727001529958503e+00 -6.495135105897156149e+07
1.000000000000000000e+00 -4.233704920648831376e+02 1.006697902972414909e+02 -4.164154368489674525e+05 -2.409745120564941406e+13 -8.772678211127839015e-06 1.789964212853179443e-06 1.231696034748204965e-06 3.067232060676548805e-05 2.962320627840016840e+01 4.016079103060372080e-01 9.945621921834787438e-01 -1.597994491679976051e-02 1.196883849281895396e+00 9.094539699816283584e+07
1.000000000000000000e+00 -4.156737452993880879e+02 1.127020646211218207e+02 -4.192679756179325050e+05 -2.442872784023879688e+13 -8.672195889973868054e-06 2.017631859476963845e-06 1.201538865406250035e-06 -2.262947891391475067e-06 -2.383342093486594990e+02 -3.203372028096994395e+00 -5.558983200472200625e-01 1.277209506126424643e-01 4.545039098684403811e+00 -5.127354426592775434e+07
1.000000000000000000e+00 -3.978573566093171507e+02 1.220060666729211647e+02 -4.221205204682252370e+05 -2.476226676112315234e+13 -8.356966301884517792e-06 2.199055825595485333e-06 1.116619243122442486e-06 -1.361064069161378176e-06 2.774258096363527670e+02 3.697010971162233872e+00 -2.832489404179453496e-01 -1.472996898500197327e-01 -1.845150007234921841e+00 -2.635016807254333049e+07
1.000000000000000000e+00 -3.702810959886219280e+02 1.283271751136955459e+02 -4.249730782169750310e+05 -2.509806878797918750e+13 -7.830288297808267236e-06 2.328618890179308986e-06 9.846316051630388557e-07 2.139031707609347316e-05 -1.154852621147907143e+02 -1.525965980159747160e+00 9.182785435580476108e-01 6.085133017624375779e-02 -2.871521575787217007e+00 8.615393585331022739e+07
1.000000000000000000e+00 -3.336113414119971026e+02 1.315047990414144010e+02 -4.278256553224166855e+05 -2.543613471942733203e+13 -7.102192246469382870e-06 2.402297501484452023e-06 8.183090010940487176e-07 -3.055458558121911786e-06 -1.331964003466559632e+02 -1.745244085458302008e+00 -8.915837911767595658e-01 6.959168778706943670e-02 3.894796145825163869e+00 -8.435628602608999610e+07
1.000000000000000000e+00 -2.886271976829747814e+02 1.314250155097662400e+02 -4.306782576648151735e+05 -2.577646530538566406e+13 -6.185502594045410488e-06 2.416848056056368913e-06 6.334566267033257070e-07 1.604879664585212318e-06 2.892395039021757839e+02 3.758349461283092108e+00 2.224003602902719923e-01 -1.497440467087674254e-01 2.460719562336928679e+00 2.121851118177507073e+07
1.000000000000000000e+00 -2.363876885196762316e+02 1.280569778796141804e+02 -4.335308910245056031e+05 -2.611906130238025781e+13 -5.099524651232534052e-06 2.370509281475002208e-06 4.482594543547862051e-07 7.083168795064951115e-06 -2.376108836699294216e+02 -3.062045922531696718e+00 6.071731839869173308e-01 1.220873626509329790e-01 -3.781605876163604663e+00 5.840986268960395455e+07
1.000000000000000000e+00 -1.782122464996246265e+02 1.214772423266870760e+02 -4.363835599092576886e+05 -2.646392333092357422e+13 -3.869819590582572222e-06 2.263506096786454524e-06 2.812100318356380990e-07 -3.259046603494214306e-06 1.240933607933568972e+01 1.586094986900428161e-01 -9.991473077959212024e-01 -6.294919157719019651e-03 -7.603460157824899757e-02 -9.690983399604162574e+07
1.000000000000000000e+00 -1.154717668459932014e+02 1.118177868929276570e+02 -4.392362681584354723e+05 -2.681105194422604297e+13 -2.523822438823235722e-06 2.097140120555552878e-06 1.487264773274904008e-07 8.721102988944371922e-06 2.254880764611200732e+02 2.858699305950040959e+00 6.708373310495400199e-01 -1.138977723049571511e-01 4.815697027428333499e+00 6.559810611329081655e+07
1.000000000000000000e+00 -4.974172252418220808e+01 9.929768385087288607e+01 -4.420890190891482634e+05 -2.716044764350475391e+13 -1.094246941618041999e-06 1.874421295562409612e-06 6.422905306105257905e-08 9.432388701536494455e-07 -3.033528202524416315e+02 -3.814922160881416335e+00 1.412868126901372645e-01 1.521036251719395382e-01 -6.687180105553391929e-01 1.392781394806691073e+07
1.000000000000000000e+00 1.724767046285674965e+01 8.423808903663353931e+01 -4.449418145078401431e+05 -2.751211075368051562e+13 3.818725670137452390e-07 1.600405706183927391e-06 3.643722070843849279e-08 -2.974695688904314507e-06 1.619787306161271090e+02 2.020767870128116872e+00 -8.515606262532330328e-01 -8.050701113071187520e-02 -3.564749715168614053e+00 -8.462060164477658272e+07
1.000000000000000000e+00 8.383337259160697386e+01 6.700347290048651416e+01 -4.477946549936076044e+05 -2.786604145265058594e+13 1.868016193084923657e-06 1.281134074379409185e-06 6.818273435794862964e-08 2.438193944820339233e-05 9.943133068049105816e+01 1.230637310637514359e+00 9.476665692945079877e-01 -4.902016907890961728e-02 2.972971559704503886e+00 9.492218069987086952e+07
1.000000000000000000e+00 1.482774286991207759e+02 4.802624630868382383e+01 -4.506475401807195740e+05 -2.822223980180911328e+13 3.325039770960489186e-06 9.241320069505679300e-07 1.562367975394107007e-07 -1.646443697613566138e-06 -2.927660268562421493e+02 -3.595034457344018275e+00 -3.601378321559624007e-01 1.433362631878683791e-01 3.486247154038750296e+00 -3.635844833334217221e+07
1.000000000000000000e+00 2.088366368073337753e+02 2.781210125179694614e+01 -4.535004682615817874e+05 -2.858070567965243359e+13 4.712693805171053302e-06 5.385548049902973184e-07 2.914394437629615512e-07 -2.062877257444047873e-06 2.763081959741750779e+02 3.366498597042914653e+00 -4.871444782081341685e-01 -1.341305733173059345e-01 -3.242424306282799762e+00 -4.956693748724249005e+07
1.000000000000000000e+00 2.639846859041616653e+02 6.875064715678831817e+00 -4.563534362408929155e+05 -2.894143880829908594e+13 5.994664080501588880e-06 1.339665826176079757e-07 4.599757514013532335e-07 2.888489324026251439e-05 -5.861989425406824239e+01 -7.086932919958003341e-01 9.829541858565243873e-01 2.827399631039006003e-02 -1.298199542686634622e+00 1.007949927686267495e+08
1.000000000000000000e+00 3.122670549604609391e+02 -1.424320326547649174e+01 -4.592064405137067079e+05 -2.930443882255905469e+13 7.135409973940139631e-06 -2.792762511531333423e-07 6.443648914971964169e-07 -2.798016478159465380e-06 -2.051506635265218108e+02 -2.461165201815099568e+00 -7.695097089099156573e-01 9.813136519625964560e-02 4.723286062308749145e+00 -7.951796123346985877e+07
1.000000000000000000e+00 3.523714520955213061e+02 -3.497441195916642442e+01 -4.620594758738898090e+05 -2.966970514017878125e+13 8.101834930279816862e-06 -6.900279235033325224e-07 8.251763589680641666e-07 5.005339377020759443e-09 3.237920502669219900e+02 3.854908802681823676e+00 8.461133311665064438e-04 -1.535910905091814882e-01 5.747362920482048665e-01 8.810480296406779962e+04
1.000000000000000000e+00 3.833309146208876541e+02 -5.479027830929388898e+01 -4.649125362225552672e+05 -3.003723704703378125e+13 8.868085987355984174e-06 -1.087659924085549562e-06 9.839926080925937205e-07 1.209538267669368664e-05 -2.087054402869097203e+02 -2.465965181691738284e+00 7.684808394509062834e-01 9.832356545944395676e-02 -3.926639247986989378e+00 8.063040594120648503e+07
1.000000000000000000e+00 4.043571196182814447e+02 -7.318270352550511859e+01 -4.677656154197690194e+05 -3.040703380431862109e+13 9.411919020753083871e-06 -1.461689432177708266e-06 1.104634735435671909e-06 -3.230105141308746593e-06 -5.994054008262002498e+01 -7.029166846268217750e-01 -9.832225725325595134e-01 2.804343444589159698e-02 1.872075491922603030e+00 -1.039411728864785582e+08
1.000000000000000000e+00 4.148950495357630643e+02 -8.966531506236452742e+01 -4.706187063852203428e+05 -3.077909453074914062e+13 9.716105723647785954e-06 -1.801822591933302987e-06 1.174700816863530978e-06 4.787210306165375132e-06 2.890061096243934458e+02 3.363912398759476563e+00 4.883477649423477174e-01 -1.340282591808177048e-01 4.248395219791095911e+00 5.201283472185493261e+07
1.000000000000000000e+00 4.147933531308011084e+02 -1.038357104837347720e+02 -4.734718019050641451e+05 -3.115341830501058203e+13 9.772612999926156489e-06 -2.099226120012426865e-06 1.187569111145494787e-06 2.996750603223703421e-06 -3.112939930410337865e+02 -3.596556746734015597e+00 3.591141737185989391e-01 1.433975338015907874e-01 -2.417680152775692815e+00 3.853322360823175311e+07
1.000000000000000000e+00 4.041054828736028526e+02 -1.153487863711094548e+02 -4.763248949280067463e+05 -3.153000420442636328e+13 9.578176076742449024e-06 -2.346036006158297355e-06 1.142076962201559230e-06 -3.163752187580578388e-06 1.075685857285878910e+02 1.233683855562959009e+00 -9.473898722335514222e-01 -4.914106047554962081e-02 -2.353522994468204121e+00 -1.024069161186547875e+08
1.000000000000000000e+00 3.831253976765069069e+02 -1.239141128735968778e+02 -4.791779781469576992e+05 -3.190885124988628125e+13 9.135295215718287033e-06 -2.535338702937929846e-06 1.042964777049821241e-06 1.636876977127394784e-05 1.773461285622749699e+02 2.019136898337036357e+00 8.518290711593432540e-01 -8.044278507381211196e-02 4.285871011866379199e+00 9.275287447480946779e+07
1.000000000000000000e+00 3.525254229367023981e+02 -1.293499865379166351e+02 -4.820310447025391622e+05 -3.228995849908485156e+13 8.455713213696100741e-06 -2.662316971510675903e-06 9.010904034574281360e-07 -7.493359616584166810e-07 -3.375110044708657142e+02 -3.814878169420619969e+00 -1.413666318752767326e-01 1.521016305057120710e-01 1.792851590064629352e+00 -1.550504918589982577e+07
1.000000000000000000e+00 3.131286649487599334e+02 -1.315471495042630465e+02 -4.848840887707099319e+05 -3.267332512748928125e+13 7.555192820853913287e-06 -2.723564961620603161e-06 7.309233223925065609e-07 -2.566742583632781383e-06 2.546766066518194691e+02 2.857940607708699510e+00 -6.710497935948942505e-01 -1.138666852003185348e-01 -3.936739880939469582e+00 -7.413265861230424047e+07
1.000000000000000000e+00 2.659354026552156256e+02 -1.304609191602161786e+02 -4.877371046661753790e+05 -3.305895031090259375e+13 6.454264300455078476e-06 -2.716968437133048710e-06 5.493180490337498308e-07 3.141965914454538088e-05 1.449202652778015477e+01 1.614682288036285718e-01 9.991276622043211431e-01 -6.408928494278177783e-03 6.508592131253215785e-01 1.111685638274410665e+08
1.000000000000000000e+00 2.122390673397367777e+02 -1.261570626357316485e+02 -4.905900874875480658e+05 -3.344683331398398828e+13 5.181182507570202052e-06 -2.642705088323492842e-06 3.745451917857611790e-07 -2.400178591693656311e-06 -2.770362247461966945e+02 -3.064858523713828831e+00 -6.062126478958356213e-01 1.221986651890392128e-01 4.704749461300096414e+00 -6.793132639707712829e+07
1.000000000000000000e+00 1.533821029757340000e+02 -1.187673480172534823e+02 -4.934430335596402292e+05 -3.383697355401615625e+13 3.766140372448514692e-06 -2.502375299142515237e-06 2.237306738346101355e-07 -1.120066073136060959e-06 3.419999419966730443e+02 3.756968907189372597e+00 -2.239637799737703716e-01 -1.496886666719103587e-01 -1.367098574940245337e+00 -2.527465250370937958e+07
1.000000000000000000e+00 9.078601010681958883e+01 -1.084782886666769599e+02 -4.962959396992232651e+05 -3.422937050448654297e+13 2.242045620965373385e-06 -2.298803823405651188e-06 1.115238521008360223e-07 1.920545750054280387e-05 -1.593368683269177097e+02 -1.738149095022854196e+00 8.925254384473171321e-01 6.930955331824892318e-02 -3.200799653510725484e+00 1.014305607650551200e+08
1.000000000000000000e+00 2.605682879152265485e+01 -9.557106265982905313e+01 -4.991488039672494633e+05 -3.462402380139557812e+13 6.471968389339826690e-07 -2.036923943380087467e-06 4.884532118161832769e-08 -3.105945200061655787e-06 -1.416674756729080684e+02 -1.534692155640585032e+00 -9.172894432243453577e-01 6.119854866754538547e-02 3.543213403458307820e+00 -1.049721882248604894e+08
1.000000000000000000e+00 -3.926350249673382109e+01 -8.037221943251776679e+01 -5.020016257440483314e+05 -3.502093325868141406e+13 -9.807966074990286882e-07 -1.722778520263559864e-06 4.154408477808234606e-08 2.148501251368698023e-06 3.439195892026964998e+02 3.700064497927681550e+00 2.805543906608545246e-01 -1.474218183548380579e-01 2.913868170920926648e+00 3.232835909938288480e+07
1.000000000000000000e+00 -1.036550108235577312e+02 -6.324154771336885972e+01 -5.048544047460395377e+05 -3.542009873547786719e+13 -2.604001584969437890e-06 -1.363286088547171502e-06 9.030879325950275277e-08 6.044236821324373947e-06 -2.991623768082141055e+02 -3.196547982752901973e+00 5.585410082328816639e-01 1.274496834401731837e-01 -3.597030859396494140e+00 6.480369728876199573e+07
1.000000000000000000e+00 -1.655183847305292772e+02 -4.460830037260840442e+01 -5.077071418689471320e+05 -3.582152025643365625e+13 -4.181617506350810227e-06 -9.670463998570432694e-07 1.904404727273508396e-07 -3.251411344107431704e-06 3.660114935711220596e+01 3.884285776837055337e-01 -9.949034049185316864e-01 -1.545450214628882844e-02 -5.939851686808342857e-01 -1.162206871897667497e+08
1.000000000000000000e+00 -2.234206246188732052e+02 -2.491980528612091561e+01 -5.105598393107882584e+05 -3.622519803384014062e+13 -5.676160994596893668e-06 -5.432624128187905097e-07 3.323861046074763888e-07 1.005697372788838139e-05 2.560503522472786244e+02 2.699007403785725678e+00 7.139649106827381519e-01 -1.075345548557686409e-01 4.819858685910508811e+00 8.396864454504090548e+07
1.000000000000000000e+00 -2.760380473345070982e+02 -4.630168552754871492e+00 -5.134124997796044336e+05 -3.663113235973986719e+13 -7.052127860101703720e-06 -1.015036366645000437e-07 5.028024988204651613e-07 5.175044080614120301e-07 -3.668147606143589314e+02 -3.840674705510935372e+00 8.175302959775931910e-02 1.531303437649174370e-01 -1.512853784337402641e-01 9.679704664071181789e+06
1.000000000000000000e+00 -3.220575305453143642e+02 1.576584395516527159e+01 -5.162651269060518243e+05 -3.703932366715050781e+13 -8.273533727988004340e-06 3.475428651418561188e-07 6.854250252417330086e-07 -2.905349223417630329e-06 2.129201268758867798e+02 2.214516753745728206e+00 -8.184945449378951965e-01 -8.822773353154701736e-02 -3.758582723967741401e+00 -9.756016099210965633e+07
1.000000000000000000e+00 -3.604157205283565304e+02 3.578500419777090258e+01 -5.191177253459185595e+05 -3.744977254851353125e+13 -9.310100670051165147e-06 7.932047277506029878e-07 8.631726302723002119e-07 2.647909982455012385e-05 9.751220420304156278e+01 1.007492923878030133e+00 9.652393746565821608e-01 -4.012719496005773268e-02 2.521163698584549362e+00 1.158166427306512892e+08
1.000000000000000000e+00 -3.902269970237786083e+02 5.496526239520773771e+01 -5.219702998339760234e+05 -3.786247962249496094e+13 -1.013556346367956449e-05 1.225046182420672503e-06 1.019362236420504162e-06 -1.838233072942862804e-06 -3.413692758631099764e+02 -3.503863875623765889e+00 -4.162786831374055696e-01 1.397012940539300585e-01 3.848005806585887090e+00 -5.027827283391911536e+07
1.000000000000000000e+00 -4.106869650937216534e+02 7.283350911801625216e+01 -5.248228559617062565e+05 -3.827744564774371875e+13 -1.072527539098618556e-05 1.632158527495107939e-06 1.138596675516763261e-06 -1.891901109144860785e-06 3.408313145291214141e+02 3.475527908718083037e+00 -4.325695576464012038e-01 -1.384748272622264020e-01 -2.916570077734863986e+00 -5.258884525661040843e+07
1.000000000000000000e+00 -4.213032607432330110e+02 8.895821721183604325e+01 -5.276754001701124944e+05 -3.869467152523302344e+13 -1.106232623079865680e-05 2.004339486198197982e-06 1.209449483592370425e-06 2.703990469612807410e-05 -9.300820856709184170e+01 -9.422790786318617773e-01 9.696573436563018511e-01 3.758472580538917140e-02 -1.786269191569313852e+00 1.186530741685210913e+08
1.000000000000000000e+00 -4.218073383247752304e+02 1.029568691631999400e+02 -5.305279386699525639e+05 -3.911415814241222656e+13 -1.113543491504421582e-05 2.332286780074821809e-06 1.225213647035714077e-06 -2.882558928963922886e-06 -2.255617980328988779e+02 -2.270487069069058172e+00 -8.080212907456215676e-01 9.052993264634463799e-02 4.570785828165826459e+00 -9.951494154481191933e+07
1.000000000000000000e+00 -4.120580581576221562e+02 1.144645258230425213e+02 -5.333804780557359336e+05 -3.953590646331683594e+13 -1.093654945158493485e-05 2.606912132168789043e-06 1.183773627805643469e-06 4.006290992145473794e-07 3.846357851611282399e+02 3.846948610937946711e+00 6.423137481090306078e-02 -1.532739869538541355e-01 1.130004212033949296e+00 7.961584207761022262e+06
1.000000000000000000e+00 -3.922613832125934437e+02 1.231863802863528861e+02 -5.362330251413699007e+05 -3.995991750559451562e+13 -1.046679952692781921e-05 2.820555274183920401e-06 1.088901483690029087e-06 1.046060351784800641e-05 -2.667224200141594110e+02 -2.650679348661276524e+00 7.258911384784096921e-01 1.056873900106497788e-01 -3.974840966600967196e+00 9.055090517953026295e+07
1.000000000000000000e+00 -3.628619833095970080e+02 1.289018545456244169e+02 -5.390855862544705160e+05 -4.038619223564001562e+13 -9.733835068894177562e-06 2.967120944429365335e-06 9.494599623377651883e-07 -3.247859437368365301e-06 -4.615507794111385209e+01 -4.557909144094937082e-01 -9.929771991312276169e-01 1.819332412526368514e-02 1.322176922600472038e+00 -1.246556805639164448e+08
1.000000000000000000e+00 -3.244417799547971981e+02 1.314322775446533456e+02 -5.419381678339071805e+05 -4.081473165667268750e+13 -8.749259692378990629e-06 3.041376149336572771e-06 7.783656374355564149e-07 5.774720780759468746e-06 3.294795695604274215e+02 3.233258825207287135e+00 5.445010178640409260e-01 -1.288223956432341111e-01 4.500622752247612546e+00 6.878689200747910142e+07
1.000000000000000000e+00 -2.779243287806625631e+02 1.306916781917709045e+02 -5.447907761722569121e+05 -4.124553677018089844e+13 -7.534268698103093831e-06 3.040157224024767212e-06 5.924997922094037283e-07 2.308659262777994942e-06 -3.773866393770940704e+02 -3.680284475526772514e+00 2.965272257512071574e-01 1.467357050118033301e-01 -1.948840561821212569e+00 3.769542797840676457e+07
1.000000000000000000e+00 -2.244404110394561656e+02 1.266853261090644480e+02 -5.476434162419819040e+05 -4.167860839667409375e+13 -6.116228745202437032e-06 2.962392149008539369e-06 4.102593576829897365e-07 -3.118908214608927592e-06 1.522063650295222601e+02 1.475120281490327256e+00 -9.238674199202085990e-01 -5.876273322635322538e-02 -2.783953384134791431e+00 -1.181772841440545768e+08
1.000000000000000000e+00 -1.652155894025958389e+02 1.194738737552728196e+02 -5.504960926375014242e+05 -4.211394731459026562e+13 -4.525744767490170350e-06 2.808313252355347761e-06 2.494389483884688817e-07 1.865557505325008455e-05 1.861615986661768716e+02 1.793086008625475181e+00 8.852170270793513485e-01 -7.143463101508341906e-02 3.966516472798970128e+00 1.139351451517991573e+08
1.000000000000000000e+00 -1.017557022354858276e+02 1.092194672142632186e+02 -5.533488093607001938e+05 -4.255155422580976562e+13 -2.801834823649916325e-06 2.580580414721623588e-06 1.262787167387132796e-07 -1.052652837253371709e-06 -3.937236090423231758e+02 -3.769079731242402254e+00 -2.082733398781482226e-01 1.502755713828148321e-01 2.347119493634143961e+00 -2.697172898465374857e+07
1.000000000000000000e+00 -3.568343893458624905e+01 9.617589730549499905e+01 -5.562015690053016879e+05 -4.299142962721946875e+13 -9.876059664487454742e-07 2.284108973168256865e-06 5.333607724783831659e-08 -2.433827696174634884e-06 3.182512168017994441e+02 3.028049884807819225e+00 -6.188164848499513315e-01 -1.206449138952976063e-01 -3.817250231798105631e+00 -8.062837271453693509e+07
1.000000000000000000e+00 3.138594564475484106e+01 8.064673873457006437e+01 -5.590543733585149748e+05 -4.343357389861576562e+13 8.731202497706806851e-07 1.925126278557369522e-06 3.809653193831302234e-08 3.150478464226372146e-05 -1.090935118030244766e+01 -1.031708484963575895e-01 9.996472455701030935e-01 4.138777098521062570e-03 4.695187833105078645e-02 1.310411412120461166e+08
1.000000000000000000e+00 9.767594479479875247e+01 6.302412556971335533e+01 -5.619072230190053815e+05 -4.387798723984397656e+13 2.731096393029354703e-06 1.512132357953707696e-06 8.223616617709554688e-08 -2.537539660078738628e-06 -3.081711863638225850e+02 -2.896883869858422056e+00 -6.594941710151088765e-01 1.155019181320638827e-01 4.805578243076226386e+00 -8.697428737280806899e+07
1.000000000000000000e+00 1.614350641587617190e+02 4.376910575977065321e+01 -5.647601168954817113e+05 -4.432466958738055469e+13 4.536769172716544875e-06 1.055480117018711249e-06 1.812081059345739620e-07 -8.197553659625957149e-07 4.074815279015246006e+02 3.807532471298315180e+00 -1.562857600910341205e-01 -1.517033383526623924e-01 -7.975945325736805147e-01 -2.073493567507598177e+07
1.000000000000000000e+00 2.210627627837868943e+02 2.336368717556731767e+01 -5.676130531235041562e+05 -4.477362075226960156e+13 6.243854306990894399e-06 5.662550918135290055e-07 3.250181849374819426e-07 1.683890703562310035e-05 -2.121731958478929414e+02 -1.970780774109185396e+00 8.593628315439650889e-01 7.858309532208392068e-02 -3.508995678593029410e+00 1.146958594586708546e+08
1.000000000000000000e+00 2.749461304166638342e+02 2.342560699610908959e+00 -5.704660324802910909e+05 -4.522484095848873438e+13 7.804807484791686806e-06 5.706095113408355347e-08 4.987811292551374835e-07 -3.154248321807225432e-06 -1.395212393580700052e+02 -1.288295601856788153e+00 -9.424711501518868717e-01 5.137675771396921220e-02 3.088137086646185914e+00 -1.265353408250189126e+08
1.000000000000000000e+00 3.216517916742945999e+02 -1.873392578773056272e+01 -5.733190433548841393e+05 -4.567832845846371875e+13 9.176290113540959870e-06 -4.586100064699303028e-07 6.843460082943991998e-07 2.840929569659175638e-06 3.940723870466702579e+02 3.617376595867941802e+00 3.455744886196555066e-01 -1.441272742334930579e-01 3.386105878959262849e+00 4.667055088322595507e+07
1.000000000000000000e+00 3.600342332254351732e+02 -3.933021256773486130e+01 -5.761720841418808559e+05 -4.613408307008253125e+13 1.032240281461114347e-05 -9.676022502660439081e-07 8.627272521677071048e-07 4.990747694339139212e-06 -3.655056170850176045e+02 -3.335563726219088032e+00 5.008119311924483785e-01 1.329920151787800930e-01 -3.317312800733784428e+00 6.803281686497536302e+07
1.000000000000000000e+00 3.890604758779956001e+02 -5.890617582872121005e+01 -5.790251489756013034e+05 -4.659210392052284375e+13 1.120983793360216258e-05 -1.456386416788462951e-06 1.015423114131298831e-06 -3.234946414174282701e-06 7.128106452343065769e+01 6.467279160415320138e-01 -9.858170407603004115e-01 -2.574895844802062642e-02 -1.162035934398873094e+00 -1.347000829766516387e+08
1.000000000000000000e+00 4.079889324199736507e+02 -7.694598271247484433e+01 -5.818782309994035168e+05 -4.705238995809337500e+13 1.181313820981499692e-05 -1.911773440523460707e-06 1.126860770016854216e-06 1.172522060987130520e-05 2.780725321682726872e+02 2.508374509688594767e+00 7.593077796481223496e-01 -9.993830937098088785e-02 4.749786897961596033e+00 1.043524224750663638e+08
1.000000000000000000e+00 4.164417552280275459e+02 -9.300463608216183786e+01 -5.847313234419602668e+05 -4.751494012321974219e+13 1.211700872532296898e-05 -2.322091454916646658e-06 1.186200645933673279e-06 9.196653619829733801e-08 -4.296121853882497703e+02 -3.853116894700787665e+00 1.536797947983005105e-02 1.536263650127480673e-01 4.321473306956822302e-01 2.124223217381423805e+06
1.000000000000000000e+00 4.142067093314054773e+02 -1.066749609218110351e+02 -5.875844192608778831e+05 -4.797975329058111719e+13 1.211078219738509575e-05 -2.676400652560999391e-06 1.187278861504849344e-06 -2.819363782785300944e-06 2.710686700338875994e+02 2.417299799933915416e+00 -7.789265609203613883e-01 -9.630832076202056058e-02 -3.901237569869342448e+00 -1.082840012270301282e+08
1.000000000000000000e+00 4.013935522953292434e+02 -1.176123216054074589e+02 -5.904375108675679658e+05 -4.844682822288557812e+13 1.179313108411828339e-05 -2.965139476778449794e-06 1.130183748361020811e-06 2.849707167401375479e-05 8.607033316856868055e+01 7.631930515063124476e-01 9.802059642150188212e-01 -3.039090344682426545e-02 2.000740386688025563e+00 1.370425370569274724e+08
1.000000000000000000e+00 3.784670375384762906e+02 -1.255729217259467134e+02 -5.932905912413875340e+05 -4.891616375242372656e+13 1.117327055256594775e-05 -3.181132976237408618e-06 1.021531017329295969e-06 -2.022063378228919562e-06 -3.848623162621442475e+02 -3.393360705353846374e+00 -4.739386932056168789e-01 1.352955859920068060e-01 4.175126212292513905e+00 -6.663716351052360982e+07
1.000000000000000000e+00 3.460270098409560546e+02 -1.303731356929359038e+02 -5.961436539706923068e+05 -4.938775879012278906e+13 1.026468717041974887e-05 -3.318619033949933672e-06 8.724488859951310323e-07 -1.696453545408769546e-06 4.077118416702649597e+02 3.574666294425279833e+00 -3.742840847312914887e-01 -1.424249511584405048e-01 -2.525649385105614986e+00 -5.292223214119451493e+07
1.000000000000000000e+00 3.049477264028130321e+02 -1.319077446886686289e+02 -5.989966928116456838e+05 -4.986161225451046094e+13 9.089387474078358006e-06 -3.373751440189682679e-06 6.980653641929987545e-07 2.490206239033322883e-05 -1.348476419694312938e+02 -1.175700652178726990e+00 9.523391799469914654e-01 4.688910307312752629e-02 -2.246928127938420783e+00 1.354120217394746244e+08
1.000000000000000000e+00 2.563814300335456551e+02 -1.301794096439549548e+02 -6.018497024924657308e+05 -5.033772320691225781e+13 7.678199798891746050e-06 -3.345405074201810009e-06 5.160477535964084121e-07 -2.956949935611894054e-06 -2.389853126045955207e+02 -2.072093595392361820e+00 -8.431551329660960103e-01 8.262107045198048560e-02 4.354653992490530534e+00 -1.205558540513686240e+08
1.000000000000000000e+00 2.015270712162831046e+02 -1.252504987268833361e+02 -6.047026784811848775e+05 -5.081609081627354688e+13 6.064012373811138841e-06 -3.233997795411184543e-06 3.441738408754185009e-07 8.275391035842751603e-07 4.435268015473781134e+02 3.824337097517095607e+00 1.256836062541702159e-01 -1.523731272060773467e-01 1.659690456689457916e+00 1.807013132168097794e+07
1.000000000000000000e+00 1.417648380843911013e+02 -1.172561964039113747e+02 -6.075556167219743365e+05 -5.129671431756803125e+13 4.285873609618287675e-06 -3.041866891134566760e-06 1.993613750840936606e-07 9.055989092559375495e-06 -3.284697454325751664e+02 -2.816715956904620288e+00 6.824847623293114340e-01 1.123067124209010115e-01 -3.953463257192968872e+00 9.866525717279914021e+07
1.000000000000000000e+00 7.864401850847970366e+01 -1.064273425981510570e+02 -6.104085145901209908e+05 -5.177959317570317188e+13 2.388752050562164144e-06 -2.773908712839145034e-06 9.581345272857146963e-08 -3.257530645019802185e-06 -2.612085845053164590e+01 -2.227714889022037181e-01 -9.983226085316981857e-01 8.905676346181719966e-03 7.937594763932928066e-01 -1.451168082208462358e+08
1.000000000000000000e+00 1.365143342647689906e+01 -9.303735116329127663e+01 -6.132613706621965393e+05 -5.226472705202003906e+13 4.165898247303378503e-07 -2.436246958715030007e-06 4.327727612467467989e-08 6.791501706521453971e-06 3.655662033481900153e+02 3.100813450231961532e+00 5.940798860114420155e-01 -1.235450672038678060e-01 4.670822769433229382e+00 8.682688502086347342e+07
1.000000000000000000e+00 -5.164853512162919458e+01 -7.741302468125005021e+01 -6.161141838343727868e+05 -5.275211565807523438e+13 -1.583448739122845651e-06 -2.036543106112836847e-06 4.670566015034869782e-08 1.750149393332574682e-06 -4.435739375502300277e+02 -3.742190388892268516e+00 2.387071727442718339e-01 1.492038593887295150e-01 -1.488012180913629745e+00 3.507717294013111293e+07
1.000000000000000000e+00 -1.156324051376588358e+02 -5.995325175186958688e+01 -6.189669543840429978e+05 -5.324175893954334375e+13 -3.561490707662359410e-06 -1.584523082594101617e-06 1.056820225512628130e-07 -3.071053999781663406e-06 2.008659209268550399e+02 1.685501157633078284e+00 -8.993220486712115713e-01 -6.714661981339783980e-02 -3.120497334570628833e+00 -1.328652531176115572e+08
1.000000000000000000e+00 -1.768424109050498032e+02 -4.107375299540912295e+01 -6.218196835448264610e+05 -5.373365700824207812e+13 -5.471868925336612488e-06 -1.090554102587449892e-06 2.145593160214998574e-07 2.078599600145579173e-05 1.900259507766083118e+02 1.586029236214301141e+00 9.114266085067386225e-01 -6.318322924633090754e-02 3.629652517434308390e+00 1.353762257269308269e+08
1.000000000000000000e+00 -2.338362351600722775e+02 -2.121789275839089584e+01 -6.246723732751747593e+05 -5.422781010574838281e+13 -7.268568750096991726e-06 -5.659432868173909823e-07 3.629604422210243315e-07 -1.293976995369673026e-06 -4.474049096774063514e+02 -3.714384917219900384e+00 -2.663546205958688962e-01 1.480948288698503701e-01 2.805793728697167033e+00 -3.977343009637799114e+07
1.000000000000000000e+00 -2.852086723208829540e+02 -8.726972937843259226e-01 -6.275250267957018223e+05 -5.472421869998916406e+13 -8.905915517389736800e-06 -2.338368992751958916e-08 5.366244116765289308e-07 -2.304358523808390363e-06 3.833259176780645134e+02 3.165588838003841499e+00 -5.706256740922190929e-01 -1.261252662050909301e-01 -3.647133727156606664e+00 -8.566116154307234287e+07
1.000000000000000000e+00 -3.298063154288084888e+02 1.948691958403070856e+01 -6.303776480502001941e+05 -5.522288339581146094e+13 -1.034533518851211869e-05 5.245203736341788790e-07 7.193856945991126857e-07 3.093631559568696372e-05 -4.076079422787642415e+01 -3.348430279412734079e-01 9.962245151160915579e-01 1.337272901112145952e-02 -4.770750297428910658e-01 1.503410485083155036e+08
1.000000000000000000e+00 -3.665658231250413337e+02 3.938618586354243689e+01 -6.332302411912241951e+05 -5.572380484731235938e+13 -1.155043688688550747e-05 1.064937049903511405e-06 8.940284175717955144e-07 -2.645973802147695649e-06 -3.350190151065347095e+02 -2.737741198102277007e+00 -7.037885438448738817e-01 1.091573820155753716e-01 4.825748393931248437e+00 -1.067672931638824642e+08
1.000000000000000000e+00 -3.945390466907392124e+02 5.833656116953793003e+01 -6.360828114727634238e+05 -5.622698391648330469e+13 -1.248787215803638294e-05 1.584429238508219129e-06 1.043572788662132877e-06 -5.250962791461100189e-07 4.720145017985117875e+02 3.837200276059820947e+00 -9.573722608708631898e-02 -1.528854466358506303e-01 -2.736454047324188288e-01 -1.459959094118722714e+07
1.000000000000000000e+00 -4.130951540710414633e+02 7.589131641208614099e+01 -6.389353648876377847e+05 -5.673242161318302344e+13 -1.313384299852421329e-05 2.070462535425764138e-06 1.153862901545600893e-06 1.486462609569478328e-05 -2.684189864975356272e+02 -2.170802441857854870e+00 8.262702725564794459e-01 8.655683451449003307e-02 -3.721485589063406429e+00 1.266584099921912253e+08
1.000000000000000000e+00 -4.217464906260436237e+02 9.163189247852604069e+01 -6.417879073813138530e+05 -5.724011895782910938e+13 -1.346876577482267000e-05 2.511056874271317388e-06 1.214208765426198483e-06 -3.189873468668190036e-06 -1.317565603657357940e+02 -1.060080603635492835e+00 -9.614230833230560380e-01 4.227991288758022048e-02 2.632859543680981407e+00 -1.481381369465242326e+08
1.000000000000000000e+00 -4.201769291871604537e+02 1.051555727022100371e+02 -6.446404455650739837e+05 -5.775007710898824219e+13 -1.347828223201775731e-05 2.894464361473659748e-06 1.218380279299883745e-06 3.554054423920024253e-06 4.405644905031787175e+02 3.526526909374765761e+00 4.038451038387748104e-01 -1.405074977268463976e-01 3.770996198143574230e+00 6.254550204367705435e+07
1.000000000000000000e+00 -4.084276913766497046e+02 1.161301958015677798e+02 -6.474929861087143654e+05 -5.826229725672400781e+13 -1.315936827235552159e-05 3.210691586709794335e-06 1.166038464982932307e-06 4.117036985808232427e-06 -4.333834833933873369e+02 -3.451377945862880381e+00 4.448319039057528346e-01 1.376093840761832832e-01 -2.993608871054501019e+00 6.924600729056835175e+07
1.000000000000000000e+00 -3.867079114702477227e+02 1.242781211351836816e+02 -6.503455353045249358e+05 -5.877678054401563281e+13 -1.251445708869907363e-05 3.451097311513284568e-06 1.061701918673123220e-06 -3.211481965162209128e-06 1.122634242030091372e+02 8.895127119032527618e-01 -9.730009291975801888e-01 -3.542486988637718465e-02 -1.675202571550675534e+00 -1.522363468411275148e+08
1.000000000000000000e+00 -3.554228997924010969e+02 1.293641161873502767e+02 -6.531981000189033803e+05 -5.929352823802561719e+13 -1.155247698095728854e-05 3.608087839648791510e-06 9.147588859194436221e-07 1.352091258067524186e-05 2.933824564097643020e+02 2.312878744554443422e+00 7.999854414436176064e-01 -9.214814810320164085e-02 4.607663058241191045e+00 1.258004898060647994e+08
1.000000000000000000e+00 -3.153381126871209972e+02 1.312476387746985438e+02 -6.560506867071768502e+05 -5.981254155273714844e+13 -1.029434340500898836e-05 3.676607398003912474e-06 7.396656731448862354e-07 -2.857197729355967140e-07 -4.906573455184225168e+02 -3.848689744334083951e+00 -5.032593400972519559e-02 1.534497951497029722e-01 1.008833733510106079e+00 -7.953828438202776946e+06
1.000000000000000000e+00 -2.673697452728528106e+02 1.298627493629817877e+02 -6.589033008745370898e+05 -6.033382154860389062e+13 -8.766348640458042888e-06 3.653630632800466249e-06 5.534818035900777001e-07 -2.721217459240099752e-06 3.345707011143252316e+02 2.611255006641873155e+00 -7.355915246730158064e-01 -1.040370008288844100e-01 -3.969233230961225711e+00 -1.168407431237894297e+08
1.000000000000000000e+00 -2.126068959328990502e+02 1.252036005808597139e+02 -6.617559478310488630e+05 -6.085736926764997656e+13 -7.000998641860467754e-06 3.537798025576456071e-06 3.743533553251889793e-07 3.015025767777841108e-05 6.546555156675809428e+01 5.084073120260040879e-01 9.912677795815121318e-01 -2.023647917078885694e-02 1.437357022961784025e+00 1.582380805420209467e+08
1.000000000000000000e+00 -1.524486437354990187e+02 1.173716187688478527e+02 -6.646086321387559874e+05 -6.138318563056672656e+13 -5.041669073235659269e-06 3.330791406244570071e-06 2.202757124007306992e-07 -2.195942530192098947e-06 -4.221595473184314073e+02 -3.262299543735753371e+00 -5.323194682457852434e-01 1.300703085821802163e-01 4.451481022463319448e+00 -8.539729270885218680e+07
1.000000000000000000e+00 -8.837163838571295571e+01 1.065487830140158678e+02 -6.674613571470396128e+05 -6.191127134755049219e+13 -2.935106249407339601e-06 3.036637732750343227e-06 1.066839530633922427e-07 -1.465005466545487608e-06 4.765564361160265321e+02 3.664547877984687396e+00 -3.103373024716285511e-01 -1.460062227981891447e-01 -2.055253053196469892e+00 -5.003188813392975926e+07
1.000000000000000000e+00 -2.194195093571730126e+01 9.297764223250536020e+01 -6.703141256825476885e+05 -6.244162704203356250e+13 -7.318775140559387917e-07 2.661186207103725194e-06 4.516862201534217306e-08 2.243440491149183350e-05 -1.860871138745681890e+02 -1.423939948683392354e+00 9.292469789455762852e-01 5.678433830037848268e-02 -2.699098681877616368e+00 1.505479190018498302e+08
1.000000000000000000e+00 4.507406067572510722e+01 7.700077974758723087e+01 -6.731669392460426316e+05 -6.297425309834342188e+13 1.509851576555376458e-06 2.213279518510455170e-06 4.220681666374280249e-08 -3.028449986100472023e-06 -2.421757618757268347e+02 -1.844105363252040330e+00 -8.780826251711525421e-01 7.353260784939927297e-02 4.045909210828184221e+00 -1.429549837525240481e+08
1.000000000000000000e+00 1.109608616722542109e+02 5.902541084319124565e+01 -6.760197976651104400e+05 -6.350914959119364062e+13 3.732622146544710084e-06 1.703792871084190811e-06 9.813875002638390757e-08 1.358946404949012757e-06 4.990741707121341051e+02 3.781900517672687201e+00 1.936851422757489005e-01 -1.506823753039739644e-01 2.228239025363898396e+00 3.168620831897487119e+07
1.000000000000000000e+00 1.740476843788894712e+02 3.949661722437934230e+01 -6.788727001844150946e+05 -6.404631648476440625e+13 5.879513437861459326e-06 1.144897505281355113e-06 2.073883947024162895e-07 7.641849226391091092e-06 -3.966371082687278999e+02 -2.991151914000411249e+00 6.305231255148265879e-01 1.192609876479737985e-01 -3.851005222783935977e+00 1.036513267240581959e+08
1.000000000000000000e+00 2.326128971856696523e+02 1.892889690110787981e+01 -6.817256447219008114e+05 -6.458575348945857812e+13 7.890930438796534325e-06 5.510021589413829847e-07 3.586999387789235997e-07 -3.260451771594607409e-06 5.670299147425849284e+00 4.255604828626214503e-02 -9.999334294633585030e-01 -1.669464488516301907e-03 1.881067903161506571e-01 -1.651713579500372410e+08
1.000000000000000000e+00 2.851392339929865329e+02 -2.137014702854069803e+00 -6.845786277545428602e+05 -6.512746003490329688e+13 9.713262111118201879e-06 -6.246679299096809064e-08 5.364715408522873707e-07 8.091215940730323180e-06 3.931155014378059604e+02 2.936267816159139787e+00 6.479004658530679306e-01 -1.169885967676962402e-01 4.789361242962072218e+00 1.075354779337949902e+08
1.000000000000000000e+00 3.302977283974206557e+02 -2.316505954389745270e+01 -6.874316450531502487e+05 -6.567143540463025781e+13 1.129847686061993646e-05 -6.799567739580154944e-07 7.224253966298545128e-07 1.179866227604511865e-06 -5.106868927781987395e+02 -3.796297763473902798e+00 1.717831024177299271e-01 1.513610864363151842e-01 -9.297117692723144700e-01 2.864797026469580457e+07
1.000000000000000000e+00 3.668487484667597300e+02 -4.359640843092997642e+01 -6.902846912363554584e+05 -6.621767864770582812e+13 1.260085682229956781e-05 -1.284982810177709509e-06 8.970790816878594537e-07 -3.007382152507255684e-06 2.591389172758593986e+02 1.917246959654915539e+00 -8.675197893058833598e-01 -7.638174067012620805e-02 -3.441136580074105833e+00 -1.453626881109022200e+08
1.000000000000000000e+00 3.938823521994344787e+02 -6.289568998134670608e+01 -6.931377598959258758e+05 -6.676618859830339062e+13 1.358535133778222768e-05 -1.861481856754406850e-06 1.042673064651866077e-06 2.324383509452540580e-05 1.826927356837242371e+02 1.345291095210634502e+00 9.371199509338860034e-01 -5.358939613941180596e-02 3.194235548492483812e+00 1.577680902361871004e+08
1.000000000000000000e+00 4.107730767240558407e+02 -8.058006697236504579e+01 -6.959908446305543184e+05 -6.731696407161031250e+13 1.422624523369159851e-05 -2.394691177376996782e-06 1.144722129822171832e-06 -1.538759037739152657e-06 -4.962887489286795812e+02 -3.637379479873198651e+00 -3.302623705884119021e-01 1.450245723451264179e-01 3.278830349890024198e+00 -5.586295231780733913e+07
1.000000000000000000e+00 4.170627194053699895e+02 -9.618968760365238779e+01 -6.988439384868796915e+05 -6.787000375528150781e+13 1.450328450573627124e-05 -2.870298607388821576e-06 1.192586955625678707e-06 -2.145737691271927736e-06 4.529881266336897738e+02 3.304530270669137071e+00 -5.149031322909403130e-01 -1.316614407086405536e-01 -3.390738142655282061e+00 -8.750272762316283584e+07
1.000000000000000000e+00 4.126744943524435598e+02 -1.093309876359452062e+02 -7.016970338873772416e+05 -6.842530619318703125e+13 1.440927273810543638e-05 -3.275753965602756081e-06 1.181692160015520386e-06 2.969505616617990144e-05 -8.072760240258271836e+01 -5.861694204130477592e-01 9.883723674678863702e-01 2.339027236005166224e-02 -1.033602961118155195e+00 1.687479338521883190e+08
1.000000000000000000e+00 3.978291190915237507e+02 -1.196982747242597895e+02 -7.045501238350636559e+05 -6.898287001884381250e+13 1.394740001876224022e-05 -3.600958777125323378e-06 1.113742658388868776e-06 -2.750367578094082364e-06 -3.536269979819755349e+02 -2.555842449959199403e+00 -7.484381406200649733e-01 1.019057487726641037e-01 4.775693395369861705e+00 -1.283767034332627207e+08
1.000000000000000000e+00 3.729079232637658947e+02 -1.270375408710680034e+02 -7.074032013204798568e+05 -6.954269384112201562e+13 1.312663547351735169e-05 -3.837226743112594820e-06 9.957557967213307308e-07 -1.820533926807684413e-07 5.355647381082156926e+02 3.852986539034294555e+00 -3.158660883320017071e-02 -1.535144738968540201e-01 2.892788519752589882e-01 -5.442976490166881122e+06
1.000000000000000000e+00 3.386433818645309088e+02 -1.311833556714157112e+02 -7.102562596515918849e+05 -7.010477630932035938e+13 1.196857527820253104e-05 -3.978434105911367897e-06 8.401618812838103744e-07 1.298744136695552926e-05 -3.307593486565885996e+02 -2.368665348975178997e+00 7.888218630144958610e-01 9.444465205320172474e-02 -3.874962470046825924e+00 1.365545996092912257e+08
1.000000000000000000e+00 2.960013864440243765e+02 -1.320709837267267801e+02 -7.131092931782427477e+05 -7.066911625801153125e+13 1.050351438623549780e-05 -4.021442582121325438e-06 6.628365910478860482e-07 -3.218344461436633190e-06 -1.157537362348588630e+02 -8.251668810196028936e-01 -9.768061326383591370e-01 3.291624932527678626e-02 2.137899118565601775e+00 -1.698715226433622241e+08
1.000000000000000000e+00 2.460352052307528936e+02 -1.296930801932345503e+02 -7.159622965946187032e+05 -7.123571257236884375e+13 8.765409304700594339e-06 -3.964836845760378369e-06 4.811296087611006889e-07 4.342747890758915073e-06 4.823462597226220510e+02 3.422866246388893696e+00 4.599586207586934261e-01 -1.363772390969889003e-01 4.099997133844490271e+00 8.035385600518186390e+07
1.000000000000000000e+00 1.900634683060622763e+02 -1.241304170759020025e+02 -7.188152651777083520e+05 -7.180456423717295312e+13 6.798306405499002390e-06 -3.809902568263872085e-06 3.131752371329379925e-07 3.359455785710853128e-06 -5.025833957521134039e+02 -3.550359773319990975e+00 3.888439473784662814e-01 1.415556958746012617e-01 -2.627082233576728765e+00 6.823859689036676288e+07
1.000000000000000000e+00 1.295314922312721819e+02 -1.155562062986051757e+02 -7.216681956047341228e+05 -7.237567050308221875e+13 4.651550368226777001e-06 -3.560813313247265621e-06 1.755366636022769411e-07 -3.181976688547829906e-06 1.588092450828299036e+02 1.116817257983462985e+00 -9.570976372919089981e-01 -4.448364400883920294e-02 -2.130788107748174287e+00 -1.687208994582825601e+08
1.000000000000000000e+00 6.586910412341147492e+01 -1.041880825972500872e+02 -7.245210854150743689e+05 -7.294903078383089062e+13 2.374748264463893325e-06 -3.223201363746329496e-06 8.134984589163873864e-08 1.535521356145355345e-05 3.030676585722591767e+02 2.121762897540069304e+00 8.348732019577106422e-01 -8.453238048260863780e-02 4.411424949125681394e+00 1.478366922937280238e+08
1.000000000000000000e+00 6.662229647507024177e-01 -9.031504588776313369e+01 -7.273739328147365013e+05 -7.352464462011917188e+13 2.411360402399320703e-08 -2.805021557757867050e-06 3.962835356518151570e-08 -5.985512885575528563e-07 -5.495227022240909491e+02 -3.830033344718390520e+00 -1.103690260147010549e-01 1.527059018265990442e-01 1.528931939230110615e+00 -1.963130936052469909e+07
1.000000000000000000e+00 -6.447491136401535528e+01 -7.429688330614141023e+01 -7.302267375272489153e+05 -7.410251185495090625e+13 -2.342789547395474311e-06 -2.316576732457543758e-06 5.424036159589232440e-08 -2.622012737385413107e-06 4.001542870119425288e+02 2.776596093942145238e+00 -6.936494741099079597e-01 -1.106253718345381609e-01 -3.964087707599874832e+00 -1.239292438825819939e+08
1.000000000000000000e+00 -1.280696246867733521e+02 -5.651420137547042799e+01 -7.330794997903041076e+05 -7.468263243521596875e+13 -4.671775930747102152e-06 -1.768996741906293763e-06 1.237473774853829865e-07 3.113051469247079433e-05 4.039466296834204684e+01 2.790526325716314870e-01 9.973811918809657451e-01 -1.109540299586187460e-02 9.188810780758732699e-01 1.789855671446539462e+08
1.000000000000000000e+00 -1.885729038407596931e+02 -3.739402310059708157e+01 -7.359322207545309793e+05 -7.526500649529446875e+13 -6.905607649399184297e-06 -1.175055482434978587e-06 2.414379496895528412e-07 -2.334909590061048348e-06 -4.556653370462256021e+02 -3.133960613508215420e+00 -5.819337521568415106e-01 1.249536322089870033e-01 4.634839387892919937e+00 -1.048926309018092901e+08
1.000000000000000000e+00 -2.445294952472515604e+02 -1.740642148116352672e+01 -7.387849030807078816e+05 -7.584963448330557812e+13 -8.989469364611077848e-06 -5.490929540829349256e-07 3.959647768705554431e-07 -1.240203819783669150e-06 5.446468856050472596e+02 3.729549725008661110e+00 -2.529252924514225898e-01 -1.485961707800342313e-01 -1.603490593244374818e+00 -4.578991702530203760e+07
1.000000000000000000e+00 -2.946883980903583620e+02 2.985730465805836342e+00 -7.416375499228258850e+05 -7.643651695747387500e+13 -1.087525732095932332e-05 9.454981284094357701e-08 5.729072735110241560e-07 2.025600777463632264e-05 -2.399776873698864392e+02 -1.636117274826534462e+00 9.054188262719863323e-01 6.524225474165516736e-02 -3.047692564881308019e+00 1.646360459454081357e+08
1.000000000000000000e+00 -3.378218108798432695e+02 2.330096704026320964e+01 -7.444901650469531305e+05 -7.702565461267975000e+13 -1.251501699624726402e-05 7.407152292350319850e-07 7.555053753687337954e-07 -3.082577733238846292e-06 -2.411386946168436509e+02 -1.636895440881850794e+00 -9.053149405901957936e-01 6.527261297620666480e-02 3.718628947739117230e+00 -1.653349342946658731e+08
1.000000000000000000e+00 -3.728750700227535617e+02 4.304446178752154140e+01 -7.473427532541377004e+05 -7.761704837072885938e+13 -1.386653552965188138e-05 1.373584789510801581e-06 9.263179939099462908e-07 1.881175138935543132e-06 5.518183106665287596e+02 3.729656292657726357e+00 2.528202636601616371e-01 -1.486008375647203672e-01 2.700963199355349786e+00 4.637224791961385310e+07
1.000000000000000000e+00 -3.990649179337731312e+02 6.175795428111011631e+01 -7.501953198025460588e+05 -7.821069926396603125e+13 -1.489713295946240956e-05 1.978270229590168594e-06 1.069268592181508010e-06 6.524367068555629183e-06 -4.656915544020250195e+02 -3.133991864467265742e+00 5.819262135746556819e-01 1.249556923496470962e-01 -3.692161083766949403e+00 1.071981748130554706e+08
1.000000000000000000e+00 -4.156947379344468914e+02 7.899294491529846596e+01 -7.530478703847725410e+05 -7.880660843233798438e+13 -1.557693131356871515e-05 2.539973894507473734e-06 1.170361276754380859e-06 -3.255818912745937677e-06 4.180100247000855518e+01 2.801051245899123243e-01 -9.973501935364486037e-01 -1.113722678578081202e-02 -3.509438988662570424e-01 -1.845152610439104438e+08
1.000000000000000000e+00 -4.223032539987660243e+02 9.431737721086929582e+01 -7.559004115715360967e+05 -7.940477721833275000e+13 -1.588450928373290121e-05 3.044210366599256458e-06 1.219700470448259743e-06 9.414559051944369146e-06 4.158957600522304574e+02 2.774991687453605582e+00 6.940867704330440091e-01 -1.105623005382651153e-01 4.825747735276811667e+00 1.289601548611407876e+08
1.000000000000000000e+00 -4.187447613036542293e+02 1.073648317886955397e+02 -7.587529497790460009e+05 -8.000520695269235938e+13 -1.581009838442818755e-05 3.478410263888980644e-06 1.212763764047873995e-06 7.098612117717720356e-07 -5.765269140307325415e+02 -3.830429965078964827e+00 1.094382581965183954e-01 1.527219032495438777e-01 -3.929619132161362161e-01 2.042021006211819872e+07
1.000000000000000000e+00 -4.049975693601470539e+02 1.178058800772959529e+02 -7.616054913275624858e+05 -8.060789896619634375e+13 -1.534854729123809864e-05 3.831028635568805539e-06 1.149585332647444159e-06 -2.938338907906472311e-06 3.213902617410292351e+02 2.126274046429903919e+00 -8.340926815196463284e-01 -8.471135545000876843e-02 -3.676717273996906066e+00 -1.562956024257138073e+08
1.000000000000000000e+00 -3.813091653227623397e+02 1.253553510314593495e+02 -7.644580431862093974e+05 -8.121285474753292188e+13 -1.450493182463563984e-05 4.091804684333511590e-06 1.035654922448038554e-06 2.554012035449378928e-05 1.684743616426550830e+02 1.109907273232091374e+00 9.576487667813456950e-01 -4.420873695568819373e-02 2.731713420539705783e+00 1.802072871636537015e+08
1.000000000000000000e+00 -3.482540204501916037e+02 1.298195226259713877e+02 -7.673106118543890771e+05 -8.182007570731675000e+13 -1.329695308814981386e-05 4.253334861601972487e-06 8.820083550412868307e-07 -1.753554195190371713e-06 -5.406454051413971911e+02 -3.546822426415463081e+00 -3.910103759594096284e-01 1.414140456080638930e-01 3.690012424025006066e+00 -7.388909130530591309e+07
1.000000000000000000e+00 -3.065293455007121111e+02 1.310640626994530464e+02 -7.701632034204922384e+05 -8.242956318879451562e+13 -1.174734210176587395e-05 4.310074277547434222e-06 7.032674814918312604e-07 -1.970922758119123982e-06 5.247319774176854708e+02 3.428042065860585019e+00 -4.573553460082911970e-01 -1.365827662600737902e-01 -3.069837696654595938e+00 -8.678888750473164022e+07
1.000000000000000000e+00 -2.570924942860530678e+02 1.290199013265137467e+02 -7.730158238156220177e+05 -8.304131852072851562e+13 -9.889232217932118665e-06 4.258566691581096535e-06 5.168810925644896469e-07 2.790611976508210879e-05 -1.288269085182154754e+02 -8.381165979838474112e-01 9.760742658296144292e-01 3.343278536552800329e-02 -1.571567477834974413e+00 1.859961605572690368e+08
1.000000000000000000e+00 -2.011906304661542890e+02 1.237257493603176215e+02 -7.758684779458738631e+05 -8.365534282965571875e+13 -7.767489098849844048e-06 4.098892835264308371e-06 3.414260292063406692e-07 -2.846129763579707466e-06 -3.637386686052349205e+02 -2.356590221830354270e+00 -7.912465366415961654e-01 9.396243996137676469e-02 4.646940477771495104e+00 -1.514035981912729144e+08
1.000000000000000000e+00 -1.401384105654568373e+02 1.152901966818721746e+02 -7.787211699308473617e+05 -8.427163708744739062e+13 -5.430301737013677221e-06 3.833475790030229197e-06 1.941616314828796925e-07 2.198852705788287922e-07 5.970796092903019598e+02 3.852396798606981143e+00 3.610383775665828437e-02 -1.534910350451522965e-01 8.843247221113030854e-01 6.937029934104392305e+06
1.000000000000000000e+00 -7.544414551613586184e+01 1.038933470708287956e+02 -7.815739035027396167e+05 -8.489020219488612500e+13 -2.934136995213383315e-06 3.467178103916135909e-06 8.998777589239319205e-08 1.116399233219894929e-05 -3.999862738593031395e+02 -2.570131861064409051e+00 7.451419563619251507e-01 1.024762654489583119e-01 -3.962381350007772252e+00 1.437631808778872192e+08
1.000000000000000000e+00 -8.809053676236525021e+00 8.982149995763836614e+01 -7.844266810222767526e+05 -8.551103876558210938e+13 -3.438479239456778036e-07 3.008506981805175853e-06 3.969872741913613471e-08 -3.240949064290438134e-06 -8.837341487949463215e+01 -5.655236945443261609e-01 -9.891708833710028959e-01 2.256710210207392084e-02 1.568100744517044509e+00 -1.916289537399463058e+08
1.000000000000000000e+00 5.811172268954210551e+01 7.342121685983578061e+01 -7.872795033741951920e+05 -8.613414709766620312e+13 2.276551545755004333e-06 2.468134861547831969e-06 4.846130041494990266e-08 5.322724029235586660e-06 5.166833506749442222e+02 3.292909043408713377e+00 5.198915799888159661e-01 -1.311991545195249909e-01 4.397262319718580947e+00 1.011291808020115048e+08
1.000000000000000000e+00 1.235916695059525523e+02 5.509465321758484890e+01 -7.901323707912275568e+05 -8.675952734889201562e+13 4.859301506580457663e-06 1.858778634637926447e-06 1.154928012242751537e-07 2.604416733130081422e-06 -5.742727380918423705e+02 -3.645077398567295290e+00 3.244972231344368518e-01 1.453320198424269405e-01 -2.162683229969799559e+00 6.337841926519242674e+07
1.000000000000000000e+00 1.858570906975375010e+02 3.532511932805743271e+01 -7.929852818886419991e+05 -8.738717932126284375e+13 7.333799871978088473e-06 1.196099001099479731e-06 2.339177120766137113e-07 -3.139996488040235731e-06 2.164476766622713626e+02 1.368301808644803108e+00 -9.348651510713669177e-01 -5.450585163705772701e-02 -2.598834608447513350e+00 -1.833322934222167432e+08
1.000000000000000000e+00 2.433296627931871399e+02 1.462329062097756704e+01 -7.958382342552149203e+05 -8.801710258533856250e+13 9.636174311291909413e-06 4.969220573269441589e-07 3.916787971967915892e-07 1.761362705732676034e-05 3.010272113318678748e+02 1.895318584019433095e+00 8.707650350119966465e-01 -7.550863436159901965e-02 4.117773416084888005e+00 1.714523686242163777e+08
1.000000000000000000e+00 2.945053642725084160e+02 -6.482541669265001083e+00 -7.986912246219136287e+05 -8.864929651361059375e+13 1.170460914090518201e-05 -2.210765065487483854e-07 5.724867830466881815e-07 -9.201961569781047579e-07 -6.046731790471083059e+02 -3.791854674477680209e+00 -1.782697301886359553e-01 1.511836419821647459e-01 2.101518129324208672e+00 -3.524241015358747542e+07
1.000000000000000000e+00 3.379850525926383966e+02 -2.742712742629019829e+01 -8.015442481765007833e+05 -8.928376012440876562e+13 1.348061759350124183e-05 -9.386986421629524684e-07 7.573347766730492893e-07 -2.495875367504259262e-06 4.727515663518167912e+02 2.952741553025945542e+00 -6.428382149531017831e-01 -1.176441657385355888e-01 -3.881337739402884068e+00 -1.275933970060166717e+08
1.000000000000000000e+00 3.726996535814016624e+02 -4.766595850891306441e+01 -8.043972991681129206e+05 -8.992049221094935938e+13 1.491812995310981366e-05 -1.637183268976225214e-06 9.273895534765107867e-07 3.156427939931133610e-05 2.809076744191197239e+00 1.747529272114918195e-02 9.999953047556381369e-01 -6.698409182739037447e-04 3.220353790303205899e-01 1.992764964058690965e+08
1.000000000000000000e+00 3.977684014039742806e+02 -6.668508799823196398e+01 -8.072503716280849185e+05 -9.055949149934121875e+13 1.597803347664180623e-05 -2.298557358333058022e-06 1.065365245540053834e-06 -2.476402922395948018e-06 -4.802446074610263622e+02 -2.975764861076741319e+00 -6.354028787127798950e-01 1.186467005505861122e-01 4.769499023499005119e+00 -1.271253134855062366e+08
1.000000000000000000e+00 4.125178307068441086e+02 -8.398175766500786210e+01 -8.101034587907729438e+05 -9.120075651731523438e+13 1.662907166181629514e-05 -2.904984434063801275e-06 1.156970880691599151e-06 -9.627453559342161427e-07 6.134876338359440524e+02 3.786378279727478535e+00 -1.877064619871177675e-01 -1.508604619247979617e-01 -1.064610488648901621e+00 -3.770335608430712670e+07
1.000000000000000000e+00 4.166736895187453342e+02 -9.912005920564982375e+01 -8.129565533889082726e+05 -9.184428565779959375e+13 1.685575490575083271e-05 -3.440703525958061517e-06 1.193248588826977041e-06 1.792374901004134170e-05 -3.031158031480300679e+02 -1.863440815246687032e+00 8.753383702739321315e-01 7.430411201750596051e-02 -3.374288617555804670e+00 1.765175595997660756e+08
1.000000000000000000e+00 4.101877802041014434e+02 -1.117348418270844945e+02 -8.158096483912887052e+05 -9.249007734419814062e+13 1.665161452848680352e-05 -3.892206013032724568e-06 1.170733983503186273e-06 -3.132753551519775900e-06 -2.294155325558404570e+02 -1.404835249073797421e+00 -9.311931114373593887e-01 5.602220102632970294e-02 3.308646755645395565e+00 -1.885194440353885889e+08
1.000000000000000000e+00 3.932383484696110258e+02 -1.215066527670313974e+02 -8.186627363882652717e+05 -9.313812989150143750e+13 1.601937911114413327e-05 -4.247402744867429485e-06 1.091859196786697394e-06 2.503097389369393999e-06 5.998098342453564555e+02 3.658629058330451933e+00 3.150021506471627486e-01 -1.457709059939610585e-01 3.169122174609225961e+00 6.402177259994380921e+07
1.000000000000000000e+00 3.663879005580982380e+02 -1.282111988871031372e+02 -8.215158103514477843e+05 -9.378844167825018750e+13 1.497758670684805979e-05 -4.497386900959984623e-06 9.654217733115251633e-07 5.476441828649136718e-06 -5.383930904801521820e+02 -3.271245323476847933e+00 5.286125011142113195e-01 1.304277376158207435e-01 -3.459523480327955980e+00 1.078556164521587044e+08
1.000000000000000000e+00 3.303807788903400819e+02 -1.317141216909481045e+02 -8.243688643112676218e+05 -9.444101130329239062e+13 1.355255399968856002e-05 -4.636308050558009380e-06 8.044132305176407917e-07 -3.243880979950406660e-06 8.644853653040020447e+01 5.232228403624944457e-01 -9.907377105539016959e-01 -2.082672386503174600e-02 -8.927656977279982975e-01 -2.029311041552127898e+08
1.000000000000000000e+00 2.861314833527515589e+02 -1.319385762237363053e+02 -8.272218922585186083e+05 -9.509583733742817188e+13 1.177802465010759435e-05 -4.660281772427525938e-06 6.247745085016679650e-07 1.089805098840286452e-05 4.315298934682339791e+02 2.601727877006317247e+00 7.378658198937403379e-01 -1.036582255042334394e-01 4.793385110196682675e+00 1.517208900293930471e+08
1.000000000000000000e+00 2.348599620191818929e+02 -1.289080988972305590e+02 -8.300748888973342255e+05 -9.575291849697178125e+13 9.700878281196039887e-06 -4.568944082639137207e-06 4.446640225271862564e-07 2.923068362135354299e-07 -6.409034526471597246e+02 -3.849213572706446929e+00 4.755202900556059625e-02 1.534707646243229362e-01 1.489044152950541600e-01 9.815414138001432642e+06
1.000000000000000000e+00 1.778706684278633361e+02 -1.227327710117691737e+02 -8.329278501672331477e+05 -9.641225376743490625e+13 7.372189903961089976e-06 -4.365020489768312061e-06 2.818817159588105989e-07 -2.862545551074982190e-06 3.877567497776977348e+02 2.319923192181653882e+00 -7.986044546821559065e-01 -9.242803286832192156e-02 -3.841087133441199342e+00 -1.654765513278583288e+08
1.000000000000000000e+00 1.165412817249765567e+02 -1.135715410789526914e+02 -8.357807726538077695e+05 -9.707384227153090625e+13 4.846820757909472543e-06 -4.053034104356079980e-06 1.522421669197412108e-07 2.755296409078444934e-05 1.481275870132397188e+02 8.828591325550629865e-01 9.734193338826960806e-01 -3.516008508755923828e-02 2.258557869869784795e+00 2.024713018406118155e+08
1.000000000000000000e+00 5.244874942317213851e+01 -1.016706230077012236e+02 -8.386336539456316968e+05 -9.773768335492748438e+13 2.188730133014171964e-06 -3.640710402023449654e-06 6.836455159877871057e-08 -1.934492408375204103e-06 -5.809154446468119204e+02 -3.449180717134183283e+00 -4.459760672957757133e-01 1.375210961845033664e-01 4.022625601032940423e+00 -9.311668363268184662e+07
1.000000000000000000e+00 -1.285919183262365628e+01 -8.734350458878931533e+01 -8.414864929881745484e+05 -9.840377667299739062e+13 -5.384502930619332606e-07 -3.138312064808084061e-06 3.815361938251637953e-08 -1.794553624509034246e-06 5.964346454544811422e+02 3.527928198628550227e+00 -4.030190367259985362e-01 -1.405626960698491412e-01 -2.723396557012791597e+00 -8.446711453815574944e+07
1.000000000000000000e+00 -7.786471960196020348e+01 -7.093129212149611362e+01 -8.443392891377301421e+05 -9.907212197417985938e+13 -3.271466788008459477e-06 -2.557250270195470514e-06 6.444817255381748191e-08 2.597293968461267537e-05 -1.802172076581766191e+02 -1.061972377453792804e+00 9.612928651628059873e-01 4.235577574480060142e-02 -2.026301010637449718e+00 2.022356557626122832e+08
1.000000000000000000e+00 -1.409557535869930973e+02 -5.283904281769427769e+01 -8.471920428057588870e+05 -9.974271925333059375e+13 -5.942230155812190941e-06 -1.911415806879029596e-06 1.446775141221424463e-07 -2.921745533456268924e-06 -3.696624983630705401e+02 -2.170144444172421583e+00 -8.263790251587724844e-01 8.652980291986542283e-02 4.468173289228711376e+00 -1.745078675539053679e+08
1.000000000000000000e+00 -2.006550949287881735e+02 -3.351191633919933821e+01 -8.500447559415545547e+05 -1.004155688699395000e+14 -8.487441174261333283e-06 -1.216352407422860611e-06 2.711149093847901440e-07 6.138391012030614492e-07 6.560819948172099885e+02 3.837194335517532195e+00 9.575386092179188902e-02 -1.528853738565972842e-01 1.403174791424048218e+00 2.029642704158161208e+07
1.000000000000000000e+00 -2.556053572910154514e+02 -1.339587030867186535e+01 -8.528974309139514808e+05 -1.010906712891331406e+14 -1.084804683343838963e-05 -4.878497692748218780e-07 4.318789632601953100e-07 9.720489795965228642e-06 -4.697702125710832775e+02 -2.737282856544423826e+00 7.039141735865208638e-01 1.091399697107711952e-01 -3.972072950832562288e+00 1.497629826655759215e+08
1.000000000000000000e+00 -3.044455621931955989e+02 7.026554967646800876e+00 -8.557500709783871425e+05 -1.017680271944263281e+14 -1.296407052288144419e-05 2.567484055638926538e-07 6.116651754070516266e-07 -3.253683659185888144e-06 -5.782593666110289377e+01 -3.356923591517566585e-01 -9.961941603061121864e-01 1.340643232182316472e-02 1.050635534050862629e+00 -2.127375652692364454e+08
1.000000000000000000e+00 -3.460375866599015922e+02 2.726261446630145358e+01 -8.586026804347332800e+05 -1.024476375289011406e+14 -1.478428437610482215e-05 9.994891992943812364e-07 7.935843067605253060e-07 6.288410763376279122e-06 5.473949341488031450e+02 3.165994350875215080e+00 5.704779817535671205e-01 -1.261422298901252181e-01 4.596485877646339091e+00 1.222780483050688505e+08
1.000000000000000000e+00 -3.794333678125919391e+02 4.684739028217109791e+01 -8.614552638018873986e+05 -1.031295033017186094e+14 -1.626496161954710528e-05 1.723203210891502464e-06 9.605626589550396274e-07 2.010022191052128474e-06 -6.445639057255843909e+02 -3.714256417865875459e+00 2.664762664353413912e-01 1.480901473665182100e-01 -1.712228830235552834e+00 5.732863583828098327e+07
1.000000000000000000e+00 -4.037536073303671174e+02 6.530785669176869135e+01 -8.643078265260155313e+05 -1.038136257591232969e+14 -1.736479475132172458e-05 2.410195327365575091e-06 1.096269139476832919e-06 -3.094705017878724770e-06 2.763019625099523751e+02 1.586325546530438002e+00 -9.113826107159636036e-01 -6.319439267643840730e-02 -2.966766746823388257e+00 -1.967937775413241684e+08
1.000000000000000000e+00 -4.184091096155539162e+02 8.219105270319562351e+01 -8.671603748738927534e+05 -1.045000063624123125e+14 -1.805449515468220001e-05 3.043282935282630096e-06 1.187749671550527955e-06 1.977305595854160150e-05 2.944482152523985974e+02 1.684323803885249937e+00 8.994795599859508606e-01 -6.710037735209721521e-02 3.794357258774484265e+00 1.949367008070819974e+08
1.000000000000000000e+00 -4.230486824597144278e+02 9.710060167862251035e+01 -8.700129149382155156e+05 -1.051886465506630469e+14 -1.831474345226600544e-05 3.607164797075781125e-06 1.226439111831641214e-06 -1.184025490821953936e-06 -6.564890699091599799e+02 -3.741608024051624959e+00 -2.393208184185919574e-01 1.491802410546452240e-01 2.595311373440671865e+00 -5.205574470602789521e+07
1.000000000000000000e+00 -4.174395619258520469e+02 1.096600382494441135e+02 -8.728654530872893520e+05 -1.058795478491382500e+14 -1.813116475056311637e-05 4.087088684484204097e-06 1.208031945695228615e-06 -2.365920470224503975e-06 5.464678929910354555e+02 3.103239813141313252e+00 -5.932228857809408451e-01 -1.236409257379101068e-01 -3.733410351625318757e+00 -1.295048944876779914e+08
1.000000000000000000e+00 -4.016799534004287011e+02 1.195418033424168698e+02 -8.757179962605200708e+05 -1.065727119422995469e+14 -1.750367439086446009e-05 4.469947693787148852e-06 1.133965250905175205e-06 3.126996996627589317e-05 -4.037893032502394419e+01 -2.284710209080675347e-01 9.982470516724729626e-01 9.132947054896188924e-03 -2.374085182628925816e-01 2.187160715444470644e+08
1.000000000000000000e+00 -3.761245452809055223e+02 1.265015761042037497e+02 -8.785705508994080592e+05 -1.072681404150331250e+14 -1.644345638779214994e-05 4.745597950691634071e-06 1.011124543935205616e-06 -2.597914092430927610e-06 -4.987046599925563442e+02 -2.811583874565491303e+00 -6.839031726343881568e-01 1.121012536580416608e-01 4.824554112700205621e+00 -1.503855034180687368e+08
