1.000000000000000000e+00 -1.365296987125711325e+02 2.266848882787535331e+02 -1.282344843322354835e+06 -5.539730367342478906e+13 -5.877873213291465102e-06 3.008896589133161115e-06 1.202264202556089269e-06 1.944768588243817405e-07 7.443774005456700706e+02 1.249491698152753738e-01 7.456193866200572811e+06 6.799205166668653710e+00 -3.332908105372477614e+00 -8.529954090290449153e-01
1.000000000000000000e+00 -1.241908754747066013e+02 2.741211573664786556e+02 -1.294112380410847720e+06 -5.641868397967664062e+13 -5.395726564182415400e-06 3.671930155307229608e-06 1.153315671537938581e-06 -4.035348793755209178e-07 -6.970706905023594118e+02 -3.990563718276839422e-01 -2.412961121722676978e+07 -6.283614468777672712e+00 -2.344613208904076540e+00 -2.517670859641012893e+00
1.000000000000000000e+00 -1.087888723185024560e+02 3.147924891024351837e+02 -1.305879960903855972e+06 -5.744939807205999219e+13 -4.769534395001467241e-06 4.255077574891588889e-06 1.086227936283584285e-06 2.126374442467328321e-06 5.912221460575786978e+02 6.408958065342371668e-01 3.926097749811710417e+07 5.260485146100426945e+00 -6.141167417818751417e-01 -3.385075824038094261e+00
1.000000000000000000e+00 -9.067513822424770353e+01 3.476826539573519312e+02 -1.317647600772026926e+06 -5.848944747166739844e+13 -4.011213279023638380e-06 4.742006693477210856e-06 1.007339104375628035e-06 -6.520172722741408785e-07 -4.340521410495778127e+02 -8.309403563181576580e-01 -5.156183991265134513e+07 -3.812695588407751135e+00 1.310503811330582247e+00 -3.180952297297654052e+00
1.000000000000000000e+00 -7.026975808962603764e+01 3.718491127592365046e+02 -1.329415316585212713e+06 -5.953883380391383594e+13 -3.136298490375370877e-06 5.116904254391000208e-06 9.239555236433999620e-07 1.009373955740027796e-05 2.372169100704493587e+02 9.538684221833235721e-01 5.994611309057468176e+07 2.057414853989005366e+00 2.820142352232376304e+00 -1.970450435944026024e+00
1.000000000000000000e+00 -4.809640633344217520e+01 3.866163200178222041e+02 -1.341183122902757721e+06 -6.059755856508792969e+13 -2.165653442880107637e-06 5.367204283263289620e-06 8.443032038453162051e-07 -7.213332796681225398e-07 -1.594228248014281668e+01 -9.998014697803033757e-01 -6.362550474183296412e+07 -1.365468901990916084e-01 3.437599300478548781e+00 -1.370726336221090857e-01
1.000000000000000000e+00 -2.469873746350779342e+01 3.915912993308821228e+02 -1.352951030469035730e+06 -6.166562294989267969e+13 -1.121876585513481628e-06 5.483968790344364635e-06 7.761403175146329712e-07 1.108280015542360185e-05 -2.121614474628702567e+02 9.650934310273618921e-01 6.218195435155484825e+07 -1.794817291924217795e+00 2.968354329914749457e+00 1.739180979595696286e+00
1.000000000000000000e+00 -6.562659228426386271e-01 3.865279938416238679e+02 -1.364719049368029460e+06 -6.274302812638600781e+13 -3.006847206309905755e-08 5.460143658869829366e-06 7.258558543036089655e-07 -6.615848583402832763e-07 4.285058633290843204e+02 -8.526117295378099481e-01 -5.561066991951131076e+07 3.580953885666710690e+00 1.561543994303048022e+00 3.065527411676500336e+00
1.000000000000000000e+00 2.338938483340928798e+01 3.715072702972462935e+02 -1.376487187275907025e+06 -6.382977507130217969e+13 1.080884341120743645e-06 5.293212792544173159e-06 6.984209984030270613e-07 2.388142546145987419e-06 -6.150444387138367119e+02 6.714909052379253174e-01 4.432968479263058305e+07 -5.078094411141314879e+00 -3.378402665807204164e-01 3.423702960587259980e+00
1.000000000000000000e+00 4.682488978374718158e+01 3.469215723263579889e+02 -1.388255446083412040e+06 -6.492586424457892969e+13 2.182400247100833135e-06 4.985176681545012067e-06 6.966445131826499851e-07 -4.305332549001265899e-07 7.557781781360795321e+02 -4.363774290598813610e-01 -2.915424991744455695e+07 6.166000257665109174e+00 -2.130079205767869688e+00 2.701599643801149142e+00
1.000000000000000000e+00 6.905068708172210279e+01 3.133216808675260268e+02 -1.400023826702807564e+06 -6.603129601985474219e+13 3.245575256222055960e-06 4.540521512218941164e-06 7.204850226585776552e-07 2.702198834807759466e-07 -8.381167425898681813e+02 1.662375027362520408e-01 1.123809143008297682e+07 -6.757557423380904815e+00 -3.250184642056332951e+00 1.127908640336936719e+00
1.000000000000000000e+00 8.945945373577555415e+01 2.715735216410273551e+02 -1.411792326251121936e+06 -6.714607041265507031e+13 4.240189940433628360e-06 3.968607090984099492e-06 7.672494569003544952e-07 1.809393079847853911e-07 8.539879104410383661e+02 1.171806868936040025e-01 8.014636999861539342e+06 6.805698232824702210e+00 -3.345850582506207260e+00 -8.007259444549963412e-01
1.000000000000000000e+00 1.075276926700060329e+02 2.228065277860079902e+02 -1.423560937726457370e+06 -6.827018703429907812e+13 5.139071283828795237e-06 3.283097921589953722e-06 8.320960457217364386e-07 -3.976043600591907156e-07 -8.005935923837739665e+02 -3.911004478004905804e-01 -2.705964327124741301e+07 -6.307062569892763371e+00 -2.387868048750837691e+00 -2.476684152351833035e+00
1.000000000000000000e+00 1.227959972599091572e+02 1.682404019854708395e+02 -1.435329652438190766e+06 -6.940364531058789062e+13 5.917307247638949779e-06 2.499549935298612083e-06 9.081614234625410559e-07 2.068613686764228564e-06 6.807474343657403324e+02 6.335424698900000706e-01 4.433619535269881785e+07 5.302151196677092670e+00 -6.785980132280235999e-01 -3.372741169342030609e+00
1.000000000000000000e+00 1.348461712606784317e+02 1.093198627272615511e+02 -1.447098458294797689e+06 -7.054644430817073438e+13 6.551261773215136621e-06 1.637483835459600405e-06 9.872972371129102223e-07 -6.493942027860103806e-07 -5.027588711735642164e+02 -8.250827898606327704e-01 -5.839469972776077688e+07 -3.871975713979936007e+00 1.243759590155194106e+00 -3.207637821046020576e+00
1.000000000000000000e+00 1.433866042659558104e+02 4.763518435661750061e+01 -1.458867339336765232e+06 -7.169858267514915625e+13 7.022837730989349924e-06 7.193222845243755307e-07 1.061624142607091850e-06 9.818710691715538320e-06 2.798648938149676155e+02 9.503988681303334740e-01 6.801747984132815897e+07 2.131486475263429714e+00 2.774682169246395436e+00 -2.033965884411664593e+00
1.000000000000000000e+00 1.482208230176404129e+02 -1.526070194264690905e+01 -1.470636279840744101e+06 -7.286005903240637500e+13 7.318174290454552814e-06 -2.323055837907520931e-07 1.123796504317052229e-06 -7.212130322862444327e-07 -2.925247894622208022e+01 -9.994829233080205766e-01 -7.232283403404140472e+07 -2.203491609687372732e-01 3.433217327700302857e+00 -2.211270906957890081e-01
1.000000000000000000e+00 1.492187943827260028e+02 -7.772572108163183202e+01 -1.482405262038570829e+06 -7.403087174672029688e+13 7.426406664020853304e-06 -1.192646040559471996e-06 1.167284866821239077e-06 1.141048048065718976e-05 -2.292629324445384498e+02 9.684334090639612480e-01 7.084400635051882267e+07 -1.708241531677022973e+00 3.012789284079603114e+00 1.661017516275270278e+00
1.000000000000000000e+00 1.463917565319254663e+02 -1.381176363680275756e+02 -1.494174266076198546e+06 -7.521101891852120312e+13 7.343551191676500607e-06 -2.136142658621306842e-06 1.187961035710563128e-06 -6.646934229321326837e-07 4.747980978739175271e+02 -8.597581425961757784e-01 -6.357581218289318681e+07 3.499791196831780304e+00 1.645744776406002030e+00 3.021159155150149100e+00
1.000000000000000000e+00 1.398469694330064215e+02 -1.949692593946533066e+02 -1.505943273281178903e+06 -7.640049870515732812e+13 7.070496714232792654e-06 -3.039167371004876754e-06 1.184160135683011949e-06 2.488610267273082003e-06 -6.870785825808068239e+02 6.821703818226804161e-01 5.098481014195182920e+07 -5.010802062139346091e+00 -2.383707085571209749e-01 3.432063222799697666e+00
1.000000000000000000e+00 1.297531658753772774e+02 -2.468529096646492178e+02 -1.517712264483809238e+06 -7.759930915390289062e+13 6.611433883349687507e-06 -3.877997790183114760e-06 1.156346047912585365e-06 -4.399890372494132571e-07 8.481043347515252435e+02 -4.498927941550823761e-01 -3.398133342791356891e+07 6.120215112449978179e+00 -2.047660853970278527e+00 2.764591043407140791e+00
1.000000000000000000e+00 1.164059015131974348e+02 -2.924630626819388226e+02 -1.529481220561590279e+06 -7.880744825609371875e+13 5.977332295003029284e-06 -4.630149731083179505e-06 1.107907398228826120e-06 2.999971680421041915e-07 -9.436640914991874070e+02 1.815245099108771520e-01 1.385486197548672184e+07 -6.739059365282186853e+00 -3.213605462693251535e+00 1.228258356574142729e+00
1.000000000000000000e+00 1.001714934191542596e+02 -3.307705963484635276e+02 -1.541250124906283803e+06 -8.002491420350423438e+13 5.183290214289179023e-06 -5.276912392381625919e-06 1.044277707995837391e-06 1.541532244117204903e-07 9.645748678895656667e+02 1.014377145358898447e-01 7.822670547388276085e+06 6.817562702430230992e+00 -3.369531859988946554e+00 -6.943585205368922875e-01
1.000000000000000000e+00 8.145003965325342676e+01 -3.608679696284392548e+02 -1.553018962206281023e+06 -8.125170527090698438e+13 4.246746240573318862e-06 -5.801027944915843110e-06 9.717193152877013302e-07 -3.864112905116836018e-07 -9.075415998346709330e+02 -3.763129959609091135e-01 -2.931888917548020929e+07 -6.349171085102835121e+00 -2.465950476049344697e+00 -2.398951231344877755e+00
1.000000000000000000e+00 6.073565312669009586e+01 -3.820403171376558475e+02 -1.564787717307619983e+06 -8.248781970113100000e+13 3.190710393665809518e-06 -6.187917122974607690e-06 8.976130292694568819e-07 1.974559493956560271e-06 7.755549211418223194e+02 6.210474594729352704e-01 4.887882714921549708e+07 5.371126171930254323e+00 -7.864600790618810899e-01 -3.349232651655759341e+00
1.000000000000000000e+00 3.855454219212026601e+01 -3.938948513102552624e+02 -1.576556379542727023e+06 -8.373325616549939062e+13 2.040672487239803118e-06 -6.427908312000128308e-06 8.296733657113706891e-07 -6.452841800183482035e-07 -5.777875551993954559e+02 -8.159759594119950776e-01 -6.486746452441394329e+07 -3.961570668030176101e+00 1.140929194029723481e+00 -3.245636984516501844e+00
1.000000000000000000e+00 1.542946740073505296e+01 -3.961861507816487347e+02 -1.588324939293056959e+06 -8.498801341376500000e+13 8.227701795597816441e-07 -6.513561352558960617e-06 7.746053354180132387e-07 9.444906632479930039e-06 3.289814733831573790e+02 9.454040142332561514e-01 7.590621340072293580e+07 2.233368259127543443e+00 2.709527463209162157e+00 -2.119985810646186852e+00
1.000000000000000000e+00 -8.061030801632366405e+00 -3.888793238962207397e+02 -1.600093389577693073e+06 -8.625209044953509375e+13 -4.330361611705174887e-07 -6.440803461438363245e-06 7.379008651793332046e-07 -7.209830170404336209e-07 -4.836628950727895671e+01 -9.988738611660982203e-01 -8.099131686067523062e+07 -3.251350148996606793e-01 3.424842792029914484e+00 -3.260840555459287859e-01
1.000000000000000000e+00 -3.134662213905511763e+01 -3.722572304862937926e+02 -1.611861726648562821e+06 -8.752548660537054688e+13 -1.696316101566281365e-06 -6.210846389480183331e-06 7.234028776619823870e-07 1.178155526739006760e-05 -2.418152626381230448e+02 9.720168976369887304e-01 7.958440591532357037e+07 -1.609823742204303354e+00 3.060634601599972360e+00 1.571112614379926775e+00
1.000000000000000000e+00 -5.389686317438065544e+01 -3.467306325000806169e+02 -1.623629948903925950e+06 -8.880820143674453125e+13 -2.937912085694278146e-06 -5.827189323278000662e-06 7.325412503050813640e-07 -6.677862456736739535e-07 5.180652360710980702e+02 -8.669205551626966155e-01 -7.166696992567792535e+07 3.415808316077043827e+00 1.730839242063915373e+00 2.973226291401326105e+00
1.000000000000000000e+00 -7.516083980748055637e+01 -3.128992783294380615e+02 -1.635398056661773240e+06 -9.010023470558312500e+13 -4.126704331661726234e-06 -5.296730810234414882e-06 7.643694366214544418e-07 2.585527417955595776e-06 -7.575317813535630194e+02 6.919762535663129821e-01 5.775326183166364580e+07 -4.947255211625738447e+00 -1.456558121485071466e-01 3.437246499206751071e+00
1.000000000000000000e+00 -9.463158266455805290e+01 -2.716409961548448564e+02 -1.647166053989745909e+06 -9.140158659096139062e+13 -5.233132601722971335e-06 -4.631402874655221784e-06 8.160885922342766327e-07 -4.477874581947995306e-07 9.398997788251969041e+02 -4.612198616292985665e-01 -3.885972075087660551e+07 6.080491091599748543e+00 -1.976650850843263196e+00 2.815800166197003573e+00
1.000000000000000000e+00 -1.118727579882941399e+02 -2.239119074577300808e+02 -1.658933947567277588e+06 -9.271225757678618750e+13 -6.230769591545105551e-06 -3.844909721738815413e-06 8.830747508262098642e-07 3.234440814488008541e-07 -1.049117868535208345e+03 1.932127157190745015e-01 1.643218168137419969e+07 -6.723780760456949501e+00 -3.183468195713881954e+00 1.304380871963780830e+00
1.000000000000000000e+00 -1.264566936463278068e+02 -1.708088549259174442e+02 -1.670701744874286931e+06 -9.403224825825828125e+13 -7.092984342465297067e-06 -2.953854984797688167e-06 9.588976001294285596e-07 1.359537747417642502e-07 1.074810947950084028e+03 9.044949041836093662e-02 7.764182146599395201e+06 6.824821136551018519e+00 -3.384039812865104579e+00 -6.198014257668402749e-01
1.000000000000000000e+00 -1.380289160368872103e+02 -1.136429216626893037e+02 -1.682469457289691782e+06 -9.536155969628968750e+13 -7.796604763077565818e-06 -1.979107764036262784e-06 1.036410715304518033e-06 -3.791494730502368337e-07 -1.013253083758090384e+03 -3.668754201541028492e-01 -3.178346136452382430e+07 -6.375058015600694183e+00 -2.514210792132687278e+00 -2.348323530805279002e+00
1.000000000000000000e+00 -1.463290767046742360e+02 -5.373315268185463367e+01 -1.694237097146978136e+06 -9.670019309684768750e+13 -8.323252533741600293e-06 -9.423155817716920608e-07 1.108374569659446300e-06 1.921752626636817855e-06 8.678116565405593974e+02 6.137321297911539908e-01 5.365596609789535403e+07 5.410471374201990535e+00 -8.486118823907259356e-01 -3.334027179830235887e+00
1.000000000000000000e+00 -1.511273182449163528e+02 7.529462946069181761e+00 -1.706004678158309078e+06 -9.804814986348760938e+13 -8.655884366250079528e-06 1.329609413256622707e-07 1.167511879535711537e-06 -6.430476231179376756e-07 -6.488111975674491987e+02 -8.110564499655779080e-01 -7.155023823762840033e+07 -4.008732879851676145e+00 1.085855012145378495e+00 -3.264475196038596927e+00
1.000000000000000000e+00 -1.522887077938172808e+02 6.862285022872578111e+01 -1.717772217235532356e+06 -9.940543181357665625e+13 -8.782568148095118901e-06 1.220152712386927795e-06 1.208014150813625963e-06 9.265074350853475424e-06 3.728189095826463699e+02 9.428776183682885392e-01 8.392687957541041076e+07 2.282974001660900143e+00 2.676703002672859100e+00 -2.161282142295490871e+00
1.000000000000000000e+00 -1.497871352229713295e+02 1.281044809662982402e+02 -1.729539730948408367e+06 -1.007720407782536719e+14 -8.697477426014930873e-06 2.293373169170173481e-06 1.226207407260586388e-06 -7.208495345536850591e-07 -6.139379936878853528e+01 -9.985205723790835375e-01 -8.967142001264935732e+07 -3.726286677773352207e-01 3.419987483748054835e+00 -3.735841595954455530e-01
1.000000000000000000e+00 -1.436393238284468055e+02 1.845464957313787124e+02 -1.741307236341614276e+06 -1.021479786969261094e+14 -8.397248574914850704e-06 3.326297357715265823e-06 1.219822903879304819e-06 1.193882985460949698e-05 -2.606008270659813206e+02 9.734760505585393631e-01 8.819413943216826022e+07 -1.567870243172779343e+00 3.080167303445319860e+00 1.532464990220345324e+00
1.000000000000000000e+00 -1.339679998075964420e+02 2.364891686030463518e+02 -1.753074752368569607e+06 -1.035332477885106562e+14 -7.884783279154298377e-06 4.291326441565861618e-06 1.188949570947898680e-06 -6.690103243548116632e-07 5.669892830486861612e+02 -8.697698029986844492e-01 -7.948825203204944730e+07 3.381621626485790344e+00 1.764886598728844236e+00 2.953143224982949899e+00
1.000000000000000000e+00 -1.210067674728342837e+02 2.826530370727608101e+02 -1.764842297102166107e+06 -1.049278502273305000e+14 -7.169746749292845768e-06 5.163443426390632284e-06 1.136476186610184593e-06 2.624585919983861476e-06 -8.324235857806282866e+02 6.957982273752134628e-01 6.414066022852054238e+07 -4.922016353519063081e+00 -1.091605212596329644e-01 3.438599081661676937e+00
1.000000000000000000e+00 -1.050301955335344104e+02 3.218710251206159683e+02 -1.776609887825869722e+06 -1.063317881505301562e+14 -6.264616663536492148e-06 5.919074702252175822e-06 1.067000907734259742e-06 -4.508022211159636776e-07 1.034488230688493786e+03 -4.656433424458570336e-01 -4.329351810690028965e+07 6.064637635007864347e+00 -1.948440444154915019e+00 2.835394073062619480e+00
1.000000000000000000e+00 -8.641364686920532279e+01 3.530492890662226841e+02 -1.788377542007197393e+06 -1.077450637722450312e+14 -5.188356312173010796e-06 6.535433678018654754e-06 9.870175409742997832e-07 3.330713473777114397e-07 -1.155595463168568358e+03 1.979258772646102782e-01 1.855922636485078931e+07 -6.717339851908774584e+00 -3.170783772561102332e+00 1.334919485141975670e+00
1.000000000000000000e+00 -6.562721593387055918e+01 3.753743772853630389e+02 -1.800145275127791800e+06 -1.091676791211467344e+14 -3.966247288377852761e-06 6.994425402372298861e-06 9.045336000456976359e-07 1.282290320854737902e-07 1.184511331639933132e+03 8.571186198490053643e-02 8.105037012607160956e+06 6.827692137143999140e+00 -3.389782403625485774e+00 -5.875840964416888523e-01
1.000000000000000000e+00 -4.316036043707558889e+01 3.882342251007016785e+02 -1.811913100171480561e+06 -1.105996359700732656e+14 -2.625491885088061988e-06 7.281335565554480694e-06 8.274138608643480958e-07 -3.756459409864116843e-07 -1.117376222025342486e+03 -3.623652835602821920e-01 -3.455309334027592093e+07 -6.387160929076322269e+00 -2.536841179679121705e+00 -2.323858148333594276e+00
1.000000000000000000e+00 -1.957666395812104554e+01 3.911763400273233060e+02 -1.823681029712846735e+06 -1.120409360827569531e+14 -1.198604265831854500e-06 7.384163809821690431e-06 7.629873710246398417e-07 1.893481732004778716e-06 9.581316622028730308e+02 6.097225430074727504e-01 5.862311388466031104e+07 5.431719626658123801e+00 -8.823653213313822352e-01 -3.325253577454875042e+00
1.000000000000000000e+00 4.503177564872556715e+00 3.840995805649983481e+02 -1.835449072512691375e+06 -1.134915807911768281e+14 2.774914863970165937e-07 7.297364418067163886e-06 7.177561173781994559e-07 -6.415926906827737575e-07 -7.183087593831276081e+02 -8.078697566452618384e-01 -7.831496544572237134e+07 -4.038838945433559147e+00 1.050357551585756166e+00 -3.276069135208293126e+00
1.000000000000000000e+00 2.848149185593054256e+01 3.671511957877054897e+02 -1.847217234023740049e+06 -1.149515710433792969e+14 1.766318257695554638e-06 7.020091645854663022e-06 6.962524686593080628e-07 9.127830868878841406e-06 4.161893991895844920e+02 9.408920816098687023e-01 9.195619325565110147e+07 2.321125520913746243e+00 2.650967363541147925e+00 -2.192772685996156046e+00
1.000000000000000000e+00 5.173288248619687124e+01 3.406707371265559914e+02 -1.858985517428255873e+06 -1.164209075203272500e+14 3.228724106227200165e-06 6.555271741635835053e-06 7.004720745538406761e-07 -7.207077822559575813e-07 -7.540507982605261361e+01 -9.981455262292763253e-01 -9.834317965932610631e+07 -4.171564914059900930e-01 3.414835034669796876e+00 -4.180690746477356834e-01
1.000000000000000000e+00 7.362847588136270360e+01 3.053565428656848439e+02 -1.870753922366833081e+06 -1.178995904666698438e+14 4.624350327491009807e-06 5.912943885562913974e-06 7.299492316362680266e-07 1.211826332057678075e-05 -2.769203765296460347e+02 9.750996658527799621e-01 9.684573671038186550e+07 -1.519750158087692871e+00 3.101935985024448783e+00 1.487909022813556081e+00
1.000000000000000000e+00 9.361628690658145047e+01 2.621290086117668920e+02 -1.882522444744447013e+06 -1.193876196521011719e+14 5.916703783236063311e-06 5.107814431768032701e-06 7.816941837678031136e-07 -6.706861969096591726e-07 6.123341303320995621e+02 -8.736841121272113098e-01 -8.746602882344339788e+07 3.333897776970756510e+00 1.811843156064573135e+00 2.924569120974328751e+00
1.000000000000000000e+00 1.111694705517051887e+02 2.120553555244481458e+02 -1.894291078283249633e+06 -1.208849945547343594e+14 7.070017741654949539e-06 4.157917060135515194e-06 8.500995767544478713e-07 2.690810696195586236e-06 -9.033490791224101031e+02 7.021161807364268981e-01 7.084679540558469296e+07 -4.879700425271776609e+00 -4.839079852332448667e-02 3.439991067768685795e+00
1.000000000000000000e+00 1.258109638651047248e+02 1.564894711291875353e+02 -1.906059812519298168e+06 -1.223917140951793750e+14 8.050878394140845111e-06 3.087461214460304170e-06 9.278975611686675374e-07 -4.566027647125163530e-07 1.125689906826121842e+03 -4.742253688991029947e-01 -4.822758109744885564e+07 6.033326920657847481e+00 -1.892941213535580980e+00 2.872743258278473100e+00
1.000000000000000000e+00 1.371871557141512312e+02 9.690418480776412480e+01 -1.917828634160243673e+06 -1.239077767953820781e+14 8.833066561323128996e-06 1.923677184128832580e-06 1.007359619238400847e-06 3.546920891298749952e-07 -1.260302077720402622e+03 2.083334878205244101e-01 2.135221194011608884e+07 -6.702543614775034797e+00 -3.141691101746125536e+00 1.402019021722412440e+00
1.000000000000000000e+00 1.450084340219424917e+02 3.480523389341361451e+01 -1.929597528802255401e+06 -1.254331809906263125e+14 9.393950107679346402e-06 6.951702112244373356e-07 1.080385121517062565e-06 1.097848089386644868e-07 1.294964374010253550e+03 7.421746125128406146e-02 7.665438356437988579e+06 6.834011462605451115e+00 -3.402431148304283060e+00 -5.092569560522918204e-01
1.000000000000000000e+00 1.490682342915396532e+02 -2.814476586132490610e+01 -1.941366479429351399e+06 -1.269679246288348594e+14 9.715851904466431857e-06 -5.655682613890855302e-07 1.139432426178764760e-06 -3.665424974882664817e-07 -1.225371688344822360e+03 -3.507752227422987201e-01 -3.650743671399684995e+07 -6.417475116021456927e+00 -2.593712269613523524e+00 -2.260207308826326145e+00
1.000000000000000000e+00 1.493050227023613843e+02 -9.030883279135007058e+01 -1.953135467376471497e+06 -1.285120053869485625e+14 9.790278290354181652e-06 -1.825754832171632386e-06 1.178913144871563745e-06 1.821355833274005865e-06 1.055592734415621635e+03 5.991850787178533144e-01 6.283617669098421931e+07 5.486513008190398111e+00 -9.700168741439894049e-01 -3.300749571001803329e+00
1.000000000000000000e+00 1.457312629747045492e+02 -1.501548441353953933e+02 -1.964904474080095999e+06 -1.300654208961492656e+14 9.613519747059729484e-06 -3.053941066863921293e-06 1.194945324289393116e-06 -6.377729992009094909e-07 -7.978618313570882492e+02 -7.995540438688855112e-01 -8.448275955566968024e+07 -4.115818412857191966e+00 9.583846175659482824e-01 -3.304145796054209772e+00
1.000000000000000000e+00 1.384456547241358919e+02 -2.061312045446925367e+02 -1.976673479894280666e+06 -1.316281685845799062e+14 9.187609275146387414e-06 -4.217533488307638337e-06 1.185928717421368647e-06 8.793606287254750675e-06 4.717099423883401528e+02 9.358355735168772949e-01 9.962466213266499341e+07 2.415218917891533312e+00 2.585672077007183489e+00 -2.269400907096884357e+00
1.000000000000000000e+00 1.276834330976108589e+02 -2.568451855369621626e+02 -1.988442465083959745e+06 -1.332002458061298906e+14 8.523850678363359190e-06 -5.286452347505879578e-06 1.153537942266978476e-06 -7.203148947591803188e-07 -1.024970997448857162e+02 -9.971067316599296904e-01 -1.069379617525510639e+08 -5.209188897625591785e-01 3.400573858643081149e+00 -5.215151474665749021e-01
1.000000000000000000e+00 1.137349239794754823e+02 -3.011200860434296374e+02 -2.000211412816088414e+06 -1.347816502431906719e+14 7.637619090366677118e-06 -6.234411865516112555e-06 1.101482242013391929e-06 1.250291976057184959e-05 -2.805432988282094016e+02 9.784401700152924874e-01 1.057118610517875403e+08 -1.415334974155282532e+00 3.146837942371847774e+00 1.390428578442457042e+00
1.000000000000000000e+00 9.695439191898705644e+01 -3.378593750061432956e+02 -2.011980305252440507e+06 -1.363723793884999844e+14 6.549067468662039098e-06 -7.036222471706059937e-06 1.034940747356033079e-06 -6.739287162624414073e-07 6.466100808959756705e+02 -8.813020251363175017e-01 -9.591576466056339443e+07 3.238366730978164298e+00 1.903833064014417875e+00 2.865536665590349141e+00
1.000000000000000000e+00 7.780241995779482522e+01 -3.662104514175370014e+02 -2.023749126645102864e+06 -1.379724309632378906e+14 5.286132347606490636e-06 -7.671270060453022822e-06 9.609173929640647040e-07 2.814982971857265002e-06 -9.657966978777647000e+02 7.134412396730057671e-01 7.821249545105117559e+07 -4.801938199913447392e+00 6.191497474519416788e-02 3.439774309973804733e+00
1.000000000000000000e+00 5.675839991448670929e+01 -3.855943721857761375e+02 -2.035517864677458070e+06 -1.395818031092260469e+14 3.878763627847411055e-06 -8.124290947507165807e-06 8.869546697135888694e-07 -4.659672196394649888e-07 1.211525234724625534e+03 -4.882810138590724103e-01 -5.391600868032751232e+07 5.980442937551226024e+00 -1.799855190070485556e+00 2.931962160841391718e+00
1.000000000000000000e+00 3.433063300177161636e+01 -3.955563998202923131e+02 -2.047286507384605473e+06 -1.412004939777374375e+14 2.359655964563980336e-06 -8.382371465346736885e-06 8.202736370809129120e-07 3.878913100741283549e-07 -1.362756686132725235e+03 2.238536847984749500e-01 2.489543314895300567e+07 -6.679003416306492191e+00 -3.095538233019653251e+00 1.501174179073989423e+00
1.000000000000000000e+00 1.109487996137467825e+01 -3.959153425928963088e+02 -2.059055045515417587e+06 -1.428285020585850625e+14 7.669707777071900355e-07 -8.438206551369757511e-06 7.676805733999672802e-07 8.542990118335975281e-08 1.405786626344772230e+03 5.863304797327906909e-02 6.567246951984763145e+06 6.841121666883089425e+00 -3.416676933374206193e+00 -4.027401781901169264e-01
1.000000000000000000e+00 -1.239487684664065092e+01 -3.867687179376738413e+02 -2.070823474037194159e+06 -1.444658264008180938e+14 -8.617346336241173796e-07 -8.290377055465999149e-06 7.345080196393328366e-07 -3.551181917777328626e-07 -1.335481045689561597e+03 -3.364882905889962639e-01 -3.795547889033577591e+07 -6.453302041725517135e+00 -2.661272784249254730e+00 -2.180254144857613152e+00
1.000000000000000000e+00 -3.559203407362279137e+01 -3.683331377758052554e+02 -2.082591788334120996e+06 -1.461124660960226875e+14 -2.488543362198485165e-06 -7.940078705424414063e-06 7.238436338764941811e-07 1.743966822976208309e-06 1.155836869126632564e+03 5.873595957351646080e-01 6.671918624818798900e+07 5.546239946185825609e+00 -1.066562671719907263e+00 -3.270829418637173802e+00
1.000000000000000000e+00 -5.792035659545332749e+01 -3.410847125427122251e+02 -2.094359987353822216e+06 -1.477684207239876250e+14 -4.072591135003330860e-06 -7.394238419348992819e-06 7.366739084618453298e-07 -6.338222587471019379e-07 -8.798086335945980636e+02 -7.910290767629379882e-01 -9.048156048880533874e+07 -4.192464254060801032e+00 8.650851276853589455e-01 -3.329791103141446662e+00
1.000000000000000000e+00 -7.886222693464816302e+01 -3.057448494257348557e+02 -2.106128073226225097e+06 -1.494336903127471875e+14 -5.576247815667561478e-06 -6.665362743869066618e-06 7.719711624783291170e-07 8.495938868078188987e-06 5.284021280125640487e+02 9.310478176311027809e-01 1.072357726310648173e+08 2.500608151604761353e+00 2.524171518754177335e+00 -2.337614010649684548e+00
1.000000000000000000e+00 -9.793894044505813667e+01 -2.631144822597982511e+02 -2.117896049671301153e+06 -1.511082751239874062e+14 -6.963832139251511126e-06 -5.768053186976662976e-06 8.264490551518833889e-07 -7.199235048177100521e-07 -1.290911720469332522e+02 -9.960729204188730757e-01 -1.155149745695762187e+08 -6.067337782616206709e-01 3.386395839443099742e+00 -6.067984736719552741e-01
1.000000000000000000e+00 -1.146746223099247430e+02 -2.142106958693380534e+02 -2.129663922995318193e+06 -1.527921758023011250e+14 -8.199108712685074566e-06 -4.722066391931184633e-06 8.948645046910071362e-07 1.278745191923896042e-05 -2.863213100866836953e+02 9.807955241134923563e-01 1.145209010486369878e+08 -1.336583744026154097e+00 3.178590169298247226e+00 1.316224051923123639e+00
1.000000000000000000e+00 -1.286822381844967254e+02 -1.602365851140380641e+02 -2.141431702901025768e+06 -1.544853935023361875e+14 -9.251477275742831064e-06 -3.551777664446822057e-06 9.709548207359449040e-07 -6.760783610866377459e-07 6.842343327575587182e+02 -8.863849113840955862e-01 -1.041999988259596676e+08 3.172548615455131227e+00 1.965655533719382841e+00 2.823487133342490907e+00
1.000000000000000000e+00 -1.396385051974514795e+02 -1.024117308461912188e+02 -2.153199399875320960e+06 -1.561879295232749375e+14 -1.009433453891310723e-05 -2.282515940690850206e-06 1.047501573576488948e-06 2.895080128198936218e-06 -1.031974960890166813e+03 7.204079054090587464e-01 8.525956856830103695e+07 -4.752840965014479835e+00 1.306469366582820313e-01 3.437850010908783283e+00
1.000000000000000000e+00 -1.472486198067859391e+02 -4.210747093230536819e+01 -2.164967026596145704e+06 -1.578997855171635000e+14 -1.070263640090411591e-05 -9.436051592432687416e-07 1.116746484205254819e-06 -4.711888785130755227e-07 1.300488809565301381e+03 -4.962282660095215236e-01 -5.912156902006396651e+07 5.949643591765499728e+00 -1.746019936177098719e+00 2.964337320921325958e+00
1.000000000000000000e+00 -1.513293205460944364e+02 1.919815300071634567e+01 -2.176734598599792458e+06 -1.596209635954650625e+14 -1.105902436568366707e-05 4.325584414812075828e-07 1.172098069287540002e-06 4.056471059008333729e-07 -1.466777880080328714e+03 2.319338001019652096e-01 2.781691995731496811e+07 -6.666043419921327207e+00 -3.070198092681731161e+00 1.552341808880801421e+00
1.000000000000000000e+00 -1.517780000595423076e+02 8.009221425183466181e+01 -2.188502131306835916e+06 -1.613514659018527812e+14 -1.115177638288985278e-05 1.814333574611878988e-06 1.208333711414351295e-06 7.395832908929404975e-08 1.515879016111502779e+03 5.112677474865545690e-02 6.172412600109279156e+06 6.843949120342751158e+00 -3.422345903485901619e+00 -3.513260408365847520e-01
1.000000000000000000e+00 -1.485374710891645975e+02 1.390925585419819583e+02 -2.200269641786919441e+06 -1.630912948733743750e+14 -1.097236344742835498e-05 3.167813939072929785e-06 1.221445516856695061e-06 -3.499136751776234226e-07 -1.442205794035726285e+03 -3.300727429189929674e-01 -4.011058841223141551e+07 -6.468843561394396424e+00 -2.690696998483895541e+00 -2.143835623968660453e+00
1.000000000000000000e+00 -1.416751061388452513e+02 1.947072396937510064e+02 -2.212037148459023796e+06 -1.648404532023171562e+14 -1.052141655796220444e-05 4.458146944331210813e-06 1.209954422485708708e-06 1.712248908577655353e-06 1.250138037690343026e+03 5.823489416575460265e-01 7.122902362450776994e+07 5.570998636937334325e+00 -1.106890297079084817e+00 -3.257403174409054802e+00
1.000000000000000000e+00 -1.313447001367856330e+02 2.456058378143620757e+02 -2.223804668770090677e+06 -1.665989434937399688e+14 -9.806125418555953143e-06 5.653471224865651545e-06 1.174745429152454386e-06 -6.322042510551814684e-07 -9.537944122429778417e+02 -7.875597977710411257e-01 -9.695346256476111710e+07 -4.223026162984795384e+00 8.274027469241057586e-01 -3.339354176329787371e+00
1.000000000000000000e+00 -1.177494245952204608e+02 2.904848354919474787e+02 -2.235572220785452984e+06 -1.683667685011785312e+14 -8.837628681375527033e-06 6.721899775528557555e-06 1.118498545240303333e-06 8.381153915657019017e-06 5.759994163204826236e+02 9.291246228318494893e-01 1.151176279282501489e+08 2.533978724067663890e+00 2.499556183996254788e+00 -2.363916359308361859e+00
1.000000000000000000e+00 -1.012155199380036521e+02 3.281381774337610864e+02 -2.247339823651811574e+06 -1.701439311992003750e+14 -7.636671521721703844e-06 7.633177690103261993e-06 1.046540304448386569e-06 -7.197530077225368638e-07 -1.465201735147647639e+02 -9.956228912063482817e-01 -1.241460884459663630e+08 -6.404836392662081046e-01 3.380228633372096336e+00 -6.402625297970483409e-01
1.000000000000000000e+00 -8.214478794139618856e+01 3.576213983965398597e+02 -2.259107492380747572e+06 -1.719304339936855312e+14 -6.230245514728679376e-06 8.362579432717468373e-06 9.660299652468780301e-07 1.290204273094206167e-05 -3.002976479342569291e+02 9.817178407052313815e-01 1.231906115656563789e+08 -1.304396984809363946e+00 3.191044647396359402e+00 1.285735520791548625e+00
1.000000000000000000e+00 -6.097357347074588318e+01 3.781114776368524986e+02 -2.270875242670465261e+06 -1.737262794431795625e+14 -4.648610688972872894e-06 8.887773928427068220e-06 8.844823116948494577e-07 -6.770033464663441553e-07 7.282857121886305549e+02 -8.885801084580194908e-01 -1.122077763063518703e+08 3.143577737478554734e+00 1.992465382344184022e+00 2.804632510942178580e+00
1.000000000000000000e+00 -3.823969341478660056e+01 3.889798672680368554e+02 -2.282643088244258426e+06 -1.755314698522808438e+14 -2.930492843273311401e-06 9.190623974923347732e-06 8.097919342398159136e-07 2.934961217633018306e-06 -1.102395660667493530e+03 7.237830977089251272e-01 9.197147403599193692e+07 -4.728697889231045615e+00 1.641861987123498512e-01 3.436411611492182328e+00
1.000000000000000000e+00 -1.452442466140836785e+01 3.899382728541052074e+02 -2.294411039745299611e+06 -1.773460070929588125e+14 -1.118815345154348737e-06 9.260766847509526779e-06 7.494795018786466006e-07 -4.740889031248246215e-07 1.391576371014715278e+03 -5.006765568487518969e-01 -6.401819480498416722e+07 5.932116376317727813e+00 -1.715507519961319449e+00 2.982099238887707671e+00
1.000000000000000000e+00 9.592828823459232268e+00 3.808828512641893553e+02 -2.306179105525068473e+06 -1.791698927148508125e+14 7.427248938669335471e-07 9.092102342824922819e-06 7.094343720488993158e-07 4.176113858086935759e-07 -1.571347638392409635e+03 2.372945458361923332e-01 3.052943067245559022e+07 -6.657177110440112955e+00 -3.052890448391723854e+00 1.586109038468075605e+00
1.000000000000000000e+00 3.347368797740877255e+01 3.619570950903302560e+02 -2.317947291753179394e+06 -1.810031279533309062e+14 2.604925890690326704e-06 8.684413890828973791e-06 6.936332172937703170e-07 6.488360316066588742e-08 1.625860432049257270e+03 4.511150953102979755e-02 5.839647380218871869e+06 6.845935160553181298e+00 -3.426329191057427170e+00 -3.100811127316080995e-01
1.000000000000000000e+00 5.648713957460530821e+01 3.336677622182237428e+02 -2.329715599593410268e+06 -1.828457132775857188e+14 4.418152919357014541e-06 8.046314794708672263e-06 7.038304283037868717e-07 -3.447764248602364894e-07 -1.549269731659358058e+03 -3.237961898847338538e-01 -4.217188811037455499e+07 -6.483723828187342164e+00 -2.718935599753466992e+00 -2.107906847214189749e+00
1.000000000000000000e+00 7.805558032432590210e+01 2.967033277061119065e+02 -2.341484028220620006e+06 -1.846976488467217500e+14 6.135972564847032308e-06 7.191069397365024945e-06 7.389947954172356234e-07 1.675090270257846279e-06 1.346303094821449349e+03 5.763519521044768723e-01 7.552227395362345874e+07 5.600210325522112065e+00 -1.154702106522139893e+00 -3.240763053280377282e+00
1.000000000000000000e+00 9.759597292936797430e+01 2.519775463118592143e+02 -2.353252588518030476e+06 -1.865589366736406250e+14 7.710609258105961960e-06 6.137764919609674232e-06 7.952614235540574484e-07 -6.298345944145526526e-07 -1.031992557695437199e+03 -7.825018080302570400e-01 -1.031555843782897294e+08 -4.266953938666250501e+00 7.727609721944873611e-01 -3.352420417003514785e+00
1.000000000000000000e+00 1.145883630500240287e+02 2.007124224769810041e+02 -2.365021243072800338e+06 -1.884295711099305938e+14 9.098374602616728058e-06 4.913479649538693287e-06 8.667905714304426634e-07 8.186032736068773371e-06 6.304979398552363818e+02 9.257509511760623200e-01 1.227738779820840806e+08 2.591317621390702985e+00 2.456498831752015555e+00 -2.408629426098075399e+00
1.000000000000000000e+00 1.286157161766073216e+02 1.442294264873586656e+02 -2.376789995823029894e+06 -1.903095530104577188e+14 1.026297104550097566e-05 3.548334471824912023e-06 9.464119431530460120e-07 -7.193831545991419060e-07 -1.733187714452962496e+02 -9.946473242389047842e-01 -1.326996675064092875e+08 -7.080984915867067908e-01 3.366868927935669831e+00 -7.071604449782687984e-01
1.000000000000000000e+00 1.393008341903924361e+02 8.397726776221412592e+01 -2.388558833701775875e+06 -1.921988805059096250e+14 1.117063631701256802e-05 2.076239966059849705e-06 1.025836833296326938e-06 1.315727179455612983e-05 -3.032240128902345759e+02 9.837203368787745816e-01 1.320218919144594073e+08 -1.231510366937579759e+00 3.218125516046543400e+00 1.216367742907987770e+00
1.000000000000000000e+00 1.463702917544157742e+02 2.159141881480919167e+01 -2.400327740834293887e+06 -1.940975512314357188e+14 1.179537453081799868e-05 5.364528896111652548e-07 1.097066414779030156e-06 -6.792347356375904972e-07 7.608578543985868237e+02 -8.938957493540238275e-01 -1.206756410270724446e+08 3.071988384642093006e+00 2.057659725749583668e+00 2.757157744167297864e+00
1.000000000000000000e+00 1.496814228269259104e+02 -4.132943196316957568e+01 -2.412096700263983104e+06 -1.960055625960132500e+14 1.212134660305639382e-05 -1.031891449703214614e-06 1.153295255493872807e-06 3.040259725102878342e-06 -1.162418500250814304e+03 7.324104933266452067e-01 9.945594951366922259e+07 -4.665896345001675272e+00 2.506290661895758110e-01 3.431190390309370120e+00
1.000000000000000000e+00 1.491510535894392717e+02 -1.031962281798441978e+02 -2.423865694068756886e+06 -1.979229117971617812e+14 1.213732915921463416e-05 -2.589120355453568518e-06 1.188698310848926232e-06 -4.815444059558758346e-07 1.474852310032839341e+03 -5.122272568787848979e-01 -6.996286097332136333e+07 5.885622998756675273e+00 -1.635005530429172405e+00 3.026985198016908463e+00
1.000000000000000000e+00 1.448113933928700021e+02 -1.623753337117896081e+02 -2.435634702156895772e+06 -1.998495956195085625e+14 1.184140235143096654e-05 -4.093662859619647302e-06 1.199803920107622275e-06 4.488768118720190487e-07 -1.671919846041592564e+03 2.509946752714686813e-01 3.448128287151475251e+07 -6.633539648628880236e+00 -3.006861457404402582e+00 1.671725665203592337e+00
1.000000000000000000e+00 1.368228862467754823e+02 -2.174094446042200843e+02 -2.447403705154644791e+06 -2.017856109023442812e+14 1.124223380750640462e-05 -5.507618914977768464e-06 1.186257356864436166e-06 4.306259719017154966e-08 1.736379252319778516e+03 3.036000437496422233e-02 4.194887298945648596e+06 6.849752879818518103e+00 -3.433989640415481936e+00 -2.088006786883782884e-01
1.000000000000000000e+00 1.253950475471065147e+02 -2.669731368236621165e+02 -2.459172684983184561e+06 -2.037309546380685312e+14 1.035279616273638213e-05 -6.795735288042926892e-06 1.149710695283860986e-06 -3.327348049385928662e-07 -1.661478225319544208e+03 -3.092982633816019344e-01 -4.298146370993952453e+07 -6.516879906169101844e+00 -2.782090224467707262e+00 -2.023822276535112152e+00
1.000000000000000000e+00 1.108361979925075076e+02 -3.098104743281817832e+02 -2.470941622753263451e+06 -2.056856236268142188e+14 9.194589770584883000e-06 -7.923890123233066535e-06 1.094049805495712017e-06 1.598086445363609916e-06 1.451622251427466836e+03 5.634683105024079763e-01 7.874886768666712940e+07 5.661448727898270583e+00 -1.255744923485969444e+00 -3.202965401217212182e+00
1.000000000000000000e+00 9.355568058077527382e+01 -3.449406992365309179e+02 -2.482710502377466299e+06 -2.076496150774833750e+14 7.798022721939342882e-06 -8.864421201507408660e-06 1.025376630472308422e-06 -6.251042436068602408e-07 -1.122157955412129240e+03 -7.724857285460122736e-01 -1.085731393245693296e+08 -4.351819214717366435e+00 6.655954895991960107e-01 -3.375331890149035452e+00
1.000000000000000000e+00 7.398049745231807606e+01 -3.715870361065186103e+02 -2.494479308815435506e+06 -2.096229263239310938e+14 6.195629024203502907e-06 -9.594455278533396106e-06 9.505323686690052988e-07 7.847539194936671393e-06 6.982746640869689827e+02 9.195647016822284803e-01 1.299743018487870246e+08 2.692773760754458401e+00 2.377952102843232662e+00 -2.486207266337929767e+00
1.000000000000000000e+00 5.260327459328620847e+01 -3.891031117076074679e+02 -2.506248028455964755e+06 -2.116055548936387500e+14 4.426139330291624985e-06 -1.009412353021723946e-05 8.768957740661735425e-07 -7.187063555976377222e-07 -2.130997796554938759e+02 -9.928644750535275953e-01 -1.411220111628065109e+08 -8.171974424473628096e-01 3.342487830597085985e+00 -8.146520282269652524e-01
1.000000000000000000e+00 2.997875994397240618e+01 -3.971604225641223138e+02 -2.518016650773441885e+06 -2.135974987944055000e+14 2.534314536255665278e-06 -1.035152713065723389e-05 8.121212674969058293e-07 1.351947058533739464e-05 -2.948690265989003478e+02 9.864453821092270536e-01 1.409918071735319495e+08 -1.124493906509361096e+00 3.255066433768199374e+00 1.113743860461163804e+00
1.000000000000000000e+00 6.640238098151324486e+00 -3.956509011073005695e+02 -2.529785168126474135e+06 -2.155987564922581562e+14 5.639694078189564585e-07 -1.036037950787306675e-05 7.626394181923188951e-07 -6.820977575402032192e-07 7.848040292700292184e+02 -9.007579067157123198e-01 -1.294587996936691403e+08 2.976367230845297751e+00 2.142396493289933534e+00 2.691843270079694594e+00
1.000000000000000000e+00 -1.685055792873013658e+01 -3.846065429560934490e+02 -2.541553573964846786e+06 -2.176093266158441562e+14 -1.437811014689102127e-06 -1.011802620674768777e-05 7.331026494908061415e-07 3.171505715538021480e-06 -1.216823104250531514e+03 7.426208070745015100e-01 1.073198419811171144e+08 -4.589478285261841428e+00 3.542555292293701474e-01 3.422044125273558723e+00
1.000000000000000000e+00 -3.990928566421384716e+01 -3.643717735503272479e+02 -2.553321865393148270e+06 -2.196292084017890625e+14 -3.421115772671580859e-06 -9.630085740840289580e-06 7.264254596118423568e-07 -4.894690955345687937e-07 1.555231486852057515e+03 -5.246894128760710707e-01 -7.624151773764450848e+07 5.833841043704641294e+00 -1.546092137887020712e+00 3.073350309783579704e+00
1.000000000000000000e+00 -6.201025015017183506e+01 -3.354850136678933836e+02 -2.565090041914526839e+06 -2.216584014920738125e+14 -5.340160996571203969e-06 -8.907495310989214186e-06 7.433220988502691974e-07 4.805908797092645767e-07 -1.771477400604355353e+03 2.644523083081699588e-01 3.863669417447838187e+07 -6.608939884062591474e+00 -2.959132453033086030e+00 1.754827114294399193e+00
1.000000000000000000e+00 -8.263281887017809879e+01 -2.985968411930755906e+02 -2.576858105324614793e+06 -2.236969059251268750e+14 -7.148770014254562968e-06 -7.964446088646670515e-06 7.820651471600929188e-07 2.404969208731213772e-08 1.846568966912562246e+03 1.716530239238758804e-02 2.521474664368926547e+06 6.851902363030619725e+00 -3.438304462600827005e+00 -1.180912710097996865e-01
1.000000000000000000e+00 -1.012684597748259137e+02 -2.546314107879342998e+02 -2.588626060745737050e+06 -2.257447223252922188e+14 -8.800995040288314664e-06 -6.822776710770849675e-06 8.389847073488847588e-07 -3.227336294146494821e-07 -1.772748293560921411e+03 -2.974800590920084198e-01 -4.393381190666944534e+07 -6.542667231698280794e+00 -2.831431736210907157e+00 -1.954194846779551131e+00
1.000000000000000000e+00 -1.174984332117687842e+02 -2.046521378943137108e+02 -2.600393915398428682e+06 -2.278018517007798438e+14 -1.025792381280988045e-05 -5.508524559171321423e-06 9.089410771876887641e-07 1.543146629554446537e-06 1.554273907643814937e+03 5.538793405915574120e-01 8.223970298908925056e+07 5.705713661787358504e+00 -1.329465849233579577e+00 -3.173074815048624764e+00
1.000000000000000000e+00 -1.309360832786020978e+02 -1.497810429360861804e+02 -2.612161677659597248e+06 -2.298682952862220625e+14 -1.148279606606647124e-05 -4.049829756094649694e-06 9.851584205135953053e-07 -6.218470493551724709e-07 -1.207229546254239267e+03 -7.656507622869180851e-01 -1.142904711324879527e+08 -4.408180160454152841e+00 5.932583236541040250e-01 -3.388794451978626388e+00
1.000000000000000000e+00 -1.412351577082711742e+02 -9.135173949852321584e+01 -2.623929359334728215e+06 -2.319440549489630625e+14 -1.244179984981284566e-05 -2.481126020762647500e-06 1.060027198996036416e-06 7.645870723247186795e-06 7.583649650276299781e+02 9.156616666909114244e-01 1.374089450804080069e+08 2.754527245437349059e+00 2.328666289248324972e+00 -2.532428999959497773e+00
1.000000000000000000e+00 -1.481630476621359662e+02 -3.076218973158342962e+01 -2.635696974324594717e+06 -2.340291329658795000e+14 -1.311063217453133225e-05 -8.392523914601772694e-07 1.126499838048949799e-06 -7.182849307803289308e-07 -2.430441498755563998e+02 -9.917558768320223761e-01 -1.496143626449240446e+08 -8.781434193693347101e-01 3.327349439644770257e+00 -8.744307194879418210e-01
1.000000000000000000e+00 -1.515386173550445505e+02 3.060467350558253585e+01 -2.647464537098119035e+06 -2.361235317592791875e+14 -1.346919760060539596e-05 8.386828554900658108e-07 1.178048009344497162e-06 1.369904060246024059e-05 -2.975435963142467131e+02 9.877482814648861353e-01 1.497929288635147214e+08 -1.069434921439566200e+00 3.272764785440438029e+00 1.060610242285302318e+00
1.000000000000000000e+00 -1.512417143932560464e+02 9.123531355699793721e+01 -2.659232064039490186e+06 -2.382272541405161562e+14 -1.350255897466844595e-05 2.511302741022366419e-06 1.209299711148696759e-06 -6.834164122319131961e-07 8.196830223961926549e+02 -9.039344269418663202e-01 -1.377991708712943792e+08 2.930792327367256700e+00 2.181840923286225919e+00 2.659972492809608013e+00
1.000000000000000000e+00 -1.472806081497415676e+02 1.496441464012984568e+02 -2.670999572781294584e+06 -2.403403031975712500e+14 -1.320710527977556489e-05 4.137265720721639382e-06 1.217291678613484433e-06 3.231141264238902724e-06 -1.280683214415453904e+03 7.470734900081190677e-01 1.144790190285499096e+08 -4.555414786454220710e+00 3.998959187043157892e-01 3.417011381515222990e+00
1.000000000000000000e+00 -1.397243184858564007e+02 2.044513990109509223e+02 -2.682767080120685976e+06 -2.424626819233363750e+14 -1.258471025519331283e-05 5.677444771244390966e-06 1.200835214855230798e-06 -4.927103515782272785e-07 1.642386344878118734e+03 -5.298423267484635435e-01 -8.161133689734512568e+07 5.811928541323668540e+00 -1.508703257647908913e+00 3.091876138808637986e+00
1.000000000000000000e+00 -1.287121216046334666e+02 2.542430865982113062e+02 -2.694534605455816258e+06 -2.445943938361816250e+14 -1.164371232444547350e-05 7.091086464241668442e-06 1.160717151626813720e-06 4.935014429488691327e-07 -1.874335955565817130e+03 2.698089488797187907e-01 4.177245103723832220e+07 -6.598764223561887299e+00 -2.939441125072498551e+00 1.787615590605236227e+00
1.000000000000000000e+00 -1.145131817174020057e+02 2.977380609224971408e+02 -2.706302167086650617e+06 -2.467354423157521875e+14 -1.040447136695420440e-05 8.340469603286019285e-06 1.100762486370781456e-06 1.672838889268537009e-08 1.956352545893182651e+03 1.199692918571650981e-02 1.866904432129254565e+06 6.852419019314688775e+00 -3.439341605333263274e+00 -8.254089614798254537e-02
1.000000000000000000e+00 -9.745168377783710412e+01 3.338603943592764836e+02 -2.718069781413839664e+06 -2.488858304519006562e+14 -8.892793384312488604e-06 9.393022600428588010e-06 1.026702921927477529e-06 -3.187213798121751698e-07 -1.880282295160490094e+03 -2.927945060052478121e-01 -4.579541863272628933e+07 -6.552586006761525361e+00 -2.850462086389701444e+00 -1.926330610756967099e+00
1.000000000000000000e+00 -7.791415356968691697e+01 3.615997206541077844e+02 -2.729837465343199670e+06 -2.510455614794080000e+14 -7.140710059298309172e-06 1.021750218357819992e-05 9.453474716253151011e-07 1.520914853606638121e-06 1.650774228967946556e+03 5.499003875861898649e-01 8.644484648766174912e+07 5.723759561663200657e+00 -1.359684982960625454e+00 -3.160243744581616721e+00
1.000000000000000000e+00 -5.639944374121501625e+01 3.801801224057652462e+02 -2.741605234052868094e+06 -2.532146383675349688e+14 -5.191202778976065786e-06 1.078882601941225727e-05 8.647076968810183695e-07 -6.203708836845104751e-07 -1.285013605396185085e+03 -7.625695766320328417e-01 -1.204812586000224948e+08 -4.433191463411634281e+00 5.608591450629533126e-01 -3.394307123350349897e+00
1.000000000000000000e+00 -3.343553767934112386e+01 3.891171281974710041e+02 -2.753373099808028433e+06 -2.553930635932907500e+14 -3.090733995619204459e-06 1.108983989199261427e-05 7.927290900187079003e-07 7.546434759765938710e-06 8.114224622470555914e+02 9.136732462834402657e-01 1.450791321773966551e+08 2.785362783592991054e+00 2.303638018975100010e+00 -2.555217359821344569e+00
1.000000000000000000e+00 -9.583129402938386221e+00 3.880686011128370296e+02 -2.765141073471804149e+06 -2.575808394113735312e+14 -8.896371257392376460e-07 1.110722735014227828e-05 7.363020822905657364e-07 -7.180264141631006870e-07 -2.674345434374699266e+02 -9.910764060840250300e-01 -1.581555325928920507e+08 -9.134589477727953488e-01 3.318079360203977313e+00 -9.089737553752150756e-01
1.000000000000000000e+00 1.452384183828594111e+01 3.769947181373698299e+02 -2.776909163622665685e+06 -2.597779676834812500e+14 1.354039821855266749e-06 1.083619476445616765e-05 7.011606699756195414e-07 1.381987519942109984e-05 -3.034825913903306400e+02 9.886078389228832863e-01 1.585454606382275820e+08 -1.031460983472784365e+00 3.284453676099178043e+00 1.023839845046247587e+00
1.000000000000000000e+00 3.826822567864907398e+01 3.561862726914163204e+02 -2.788677373529598583e+06 -2.619844493009141250e+14 3.582818861709935101e-06 1.028147239573772808e-05 6.910658978655268521e-07 -6.844959355444676362e-07 8.553198386061872043e+02 -9.065424316299008911e-01 -1.461032293275220096e+08 2.892715015469072615e+00 2.214329626140099538e+00 2.632988479981948959e+00
1.000000000000000000e+00 6.104825217711925944e+01 3.260954246908210621e+02 -2.800445705755230039e+06 -2.642002850320644062e+14 5.739692739287379958e-06 9.452609686713457244e-06 7.069807843276830933e-07 3.292808496594563296e-06 -1.343233562940525871e+03 7.515616416997745741e-01 1.217216166220562756e+08 -4.520611785261340110e+00 4.461759741802228119e-01 3.411277045207254943e+00
1.000000000000000000e+00 8.224254247239740323e+01 2.874770578434212212e+02 -2.812214158545713872e+06 -2.664254748355811875e+14 7.764851790799622613e-06 8.368188315834778764e-06 7.471500169464461026e-07 -4.966800672554026180e-07 1.727191132746574795e+03 -5.361981305985669133e-01 -8.726687805718719959e+07 5.784489526764819978e+00 -1.462083051121987110e+00 3.114192877920400004e+00
1.000000000000000000e+00 1.013017914042268188e+02 2.413801955619761657e+02 -2.823982726407403592e+06 -2.686600179529809062e+14 9.604337519560714569e-06 7.055755674878720658e-06 8.075452784538053380e-07 5.131062667995060090e-07 -1.975239842216255056e+03 2.778125031259475186e-01 4.543459720589761436e+07 -6.583149620614556774e+00 -2.909283807639933439e+00 1.836287533598052857e+00
1.000000000000000000e+00 1.177438619646404305e+02 1.889554325813388402e+02 -2.835751401358229108e+06 -2.709039131329121875e+14 1.120971792223383023e-05 5.546351646954144597e-06 8.819715814325166421e-07 3.886604674128125621e-09 2.066141846315540079e+03 2.810919279217515693e-03 4.619381488481552806e+05 6.852885280618577823e+00 -3.440277628134063459e+00 -1.934091464892178855e-02
1.000000000000000000e+00 1.311176857901127164e+02 1.315772767487245005e+02 -2.847520172556557227e+06 -2.731571585500844062e+14 1.253476906943893688e-05 3.878176460587913855e-06 9.626266311896450051e-07 -3.103656243984536692e-07 -1.991163500716668295e+03 -2.831369348911432215e-01 -4.675439574841343611e+07 -6.572487727882251107e+00 -2.888733086167225128e+00 -1.868450009146095159e+00
1.000000000000000000e+00 1.410897436184277183e+02 7.080408636321884330e+01 -2.859289025365892332e+06 -2.754197516137448438e+14 1.354383811332480019e-05 2.095541391351784641e-06 1.041559159742780857e-06 1.470652042939509092e-06 1.754869030855634946e+03 5.406859547462984361e-01 8.971219391075748205e+07 5.764837951600372712e+00 -1.428829733561848725e+00 -3.129589417553245934e+00
1.000000000000000000e+00 1.474287565288230439e+02 8.172023333966611958e+00 -2.871057944586182944e+06 -2.776916895777034062e+14 1.421059992040866001e-05 2.428574433225466335e-07 1.111060878355460347e-06 -6.166396231911676107e-07 -1.374855679208359106e+03 -7.548266173902450360e-01 -1.258415779503293484e+08 -4.494992239323156724e+00 4.800172945757723020e-01 -3.406679875928548373e+00
1.000000000000000000e+00 1.499630638866523213e+02 -5.468982148500143836e+01 -2.882826912634919863e+06 -2.799729691848025938e+14 1.451413389246879991e-05 -1.631942814995609174e-06 1.163882945376321551e-06 7.293835049824467067e-06 8.804428791012443298e+02 9.084200904596494430e-01 1.521683820630498528e+08 2.864918528108808982e+00 2.237778143868232927e+00 -2.613088863615424806e+00
1.000000000000000000e+00 1.486577630737719744e+02 -1.161135594169902561e+02 -2.894595910466249101e+06 -2.822635868367241875e+14 1.444653819482085618e-05 -3.478970495489609898e-06 1.194943830788207940e-06 -7.173044305849435629e-07 -3.104154634350909987e+02 -9.891811238170326037e-01 -1.664809438207193315e+08 -1.005317915232816217e+00 3.292255294023322065e+00 -9.984686071568567023e-01
1.000000000000000000e+00 1.435854842458500684e+02 -1.745941224899821975e+02 -2.906364919214893132e+06 -2.845635389101006250e+14 1.401034831285648780e-05 -5.252422165405248233e-06 1.201687100946547114e-06 1.411515605381256009e-05 -2.900043070024361214e+02 9.906523919672725054e-01 1.675141041920106709e+08 -9.348095586742650731e-01 3.312297753407974721e+00 9.298215546264336773e-01
1.000000000000000000e+00 1.348766673231983759e+02 -2.286649573096975416e+02 -2.918133919541073963e+06 -2.868728216284338750e+14 1.321387814712410753e-05 -6.906924301040320305e-06 1.183592928471866338e-06 -6.870405195989784684e-07 8.727279497551627401e+02 -9.127168397573128811e-01 -1.550593559804305434e+08 2.800049801288345463e+00 2.291619140106226471e+00 2.566002006537657198e+00
1.000000000000000000e+00 1.227882060461336806e+02 -2.769484888275290473e+02 -2.929902892025136389e+06 -2.891914311381154375e+14 1.207808643421963834e-05 -8.399087181409781579e-06 1.143029163258827348e-06 3.436809772148265225e-06 -1.390632158153659020e+03 7.616065787760595285e-01 1.299915010432700068e+08 -4.440959163615898930e+00 5.507598741410792975e-01 3.395960569863778478e+00
1.000000000000000000e+00 1.076619975950264774e+02 -3.183389150588571965e+02 -2.941671819795067888e+06 -2.915193640288833750e+14 1.063273294614249693e-05 -9.693125036062280820e-06 1.084678668471928941e-06 -5.048338229062498632e-07 1.801348030189390784e+03 -5.494099269671239849e-01 -9.420929459961105883e+07 5.725971242301172381e+00 -1.363394871621089965e+00 3.158645137594197738e+00
1.000000000000000000e+00 8.987184990165800968e+01 -3.518580436976299666e+02 -2.953440686188903637e+06 -2.938566168787596250e+14 8.911281995509883061e-06 -1.075661439133147265e-05 1.014276163566619730e-06 5.516673207029997413e-07 -2.070717300171237184e+03 2.931112607916886992e-01 5.049326263899159431e+07 -6.551921194218103039e+00 -2.849185235394385174e+00 1.928218925795843752e+00
1.000000000000000000e+00 6.988757090564601526e+01 -3.766941775949155158e+02 -2.965209476010176353e+06 -2.962031865057040000e+14 6.957345609757033188e-06 -1.156176532112354386e-05 9.389744063089599707e-07 -1.804346801901509074e-08 2.175623417796489775e+03 -1.324109791192647212e-02 -2.291497525808237959e+06 6.852311738291023246e+00 -3.439125710355832144e+00 9.109956054934302550e-02
1.000000000000000000e+00 4.822589392609453540e+01 -3.923616135800901361e+02 -2.976978177284309641e+06 -2.985590703257199375e+14 4.819968390225633818e-06 -1.209043776728134940e-05 8.666697124816053894e-07 -2.968155188075337637e-07 -2.105972243746507047e+03 -2.677579081771142566e-01 -4.655035906244949996e+07 -6.602686810951444940e+00 -2.947027698839822296e+00 -1.775081004914826455e+00
1.000000000000000000e+00 2.539867831492859196e+01 -3.985349489816442201e+02 -2.988746779780336656e+06 -3.009242660679456875e+14 2.548522611942836399e-06 -1.232921416189928097e-05 8.044646980402148352e-07 1.400657577063284315e-06 1.865651876252034526e+03 5.273245405867205138e-01 9.209477554083916545e+07 5.822672744060240824e+00 -1.527017742998888483e+00 -3.082872312386697455e+00
1.000000000000000000e+00 1.976095977083201172e+00 -3.950785467118060978e+02 -3.000515274942080956e+06 -3.032987717676546250e+14 1.990637258767832557e-07 -1.227041220939545512e-05 7.584166540148048355e-07 -6.116568923278254818e-07 -1.472376207857474355e+03 -7.445866601662642914e-01 -1.306289914172094762e+08 -4.574495997954873161e+00 3.743720843821807809e-01 -3.419902114757695788e+00
1.000000000000000000e+00 -2.146579919249342794e+01 -3.821857849664206128e+02 -3.012283658203010913e+06 -3.056825862427126875e+14 -2.170856821222645794e-06 -1.191654229037675692e-05 7.331581214828581677e-07 7.005306616602286953e-06 9.564150311418078445e+02 9.020385589114472413e-01 1.589673177490694523e+08 2.958097145149505725e+00 2.158282449095172861e+00 -2.679123336502256869e+00
1.000000000000000000e+00 -4.439254044762385831e+01 -3.601953846805768080e+02 -3.024051927113852929e+06 -3.080757087278968125e+14 -4.506999354377127223e-06 -1.127475857267399438e-05 7.310458628882383433e-07 -7.164556863931875251e-07 -3.582893125692100966e+02 -9.869574771168736493e-01 -1.747152429524497986e+08 -1.103189913071837003e+00 3.262020121577420717e+00 -1.093210756835661934e+00
1.000000000000000000e+00 -6.624723503969605076e+01 -3.296176353936575651e+02 -3.035820080456958618e+06 -3.104781387021385625e+14 -6.751993858591814573e-06 -1.035777164010857670e-05 7.521055443399429738e-07 1.438268452561832647e-05 -2.743949711707765573e+02 9.924391968385305463e-01 1.764725423439622819e+08 -8.411078716103944641e-01 3.336678760542222566e+00 8.381288275420629708e-01
1.000000000000000000e+00 -8.650390615700945318e+01 -2.912581605537075689e+02 -3.047588122271453496e+06 -3.128898767199160625e+14 -8.850753461123921431e-06 -9.187857221330542203e-06 7.944596665009689423e-07 -6.891928316921790638e-07 8.907199448476935686e+02 -9.179691923055894875e-01 -1.639583598936224282e+08 2.718219359969341831e+00 2.357779590684953241e+00 2.505346390129131962e+00
1.000000000000000000e+00 -1.047094897905171536e+02 -2.460204124864720256e+02 -3.059356057018566877e+06 -3.153109234355279375e+14 -1.075484907772016517e-05 -7.790781597334518789e-06 8.542604962345837369e-07 3.555872084034532765e-06 -1.440562092713385027e+03 7.694808202639489281e-01 1.380469791905110478e+08 -4.376749164033238770e+00 6.337142206692627511e-01 3.381462918542451845e+00
1.000000000000000000e+00 -1.204186900900225510e+02 -1.949334594589388985e+02 -3.071123891951698344e+06 -3.177412800951848750e+14 -1.241593664279269805e-05 -6.196744498312454100e-06 9.256208216598874892e-07 -5.106051644172156317e-07 1.878673776801806753e+03 -5.588913733068453515e-01 -1.007097840216900110e+08 5.682715294476816226e+00 -1.291090823726659176e+00 3.188882205102124168e+00
1.000000000000000000e+00 -1.332473155373421605e+02 -1.392631204138866110e+02 -3.082891637554057408e+06 -3.201809486389832500e+14 -1.379129284723309202e-05 -4.444001989841191436e-06 1.001632637424709083e-06 5.777852768147050387e-07 -2.168422278070017910e+03 3.031527238148558068e-01 5.486715738386166841e+07 -6.530428189719583720e+00 -2.807988268707989565e+00 1.987734178932932805e+00
1.000000000000000000e+00 -1.429085028217053264e+02 -8.030331002444948751e+01 -3.094659305222950410e+06 -3.226299312308643125e+14 -1.484769937931292163e-05 -2.572326867186321913e-06 1.075104611996230372e-06 -3.092027087928188870e-08 2.284872636972257624e+03 -2.288785679872595846e-02 -4.160585902990367264e+06 6.851117475624178610e+00 -3.436727691082674063e+00 1.574424047605942067e-01
1.000000000000000000e+00 -1.491462223759805852e+02 -1.940715552949810174e+01 -3.106426908252751920e+06 -3.250882304679740625e+14 -1.555470037378137423e-05 -6.240262929528980426e-07 1.138621022470961769e-06 -2.892084866595387045e-07 -2.216944754960762566e+03 -2.592734233058876514e-01 -4.733664513430009782e+07 -6.618570221694451305e+00 -2.977795272919211644e+00 -1.722968570874797489e+00
1.000000000000000000e+00 -1.517882249320612686e+02 4.191392324126366731e+01 -3.118194462621056475e+06 -3.275558495533483750e+14 -1.589020611780793643e-05 1.352824228518157792e-06 1.185868424080329181e-06 1.366290766555492796e-06 1.968462483444418240e+03 5.205263647906588353e-01 9.544740254058961570e+07 5.851329337931582053e+00 -1.576032016677455072e+00 -3.058105380169365617e+00
1.000000000000000000e+00 -1.507758306432297388e+02 1.022080978199846157e+02 -3.129961984657577239e+06 -3.300327918149523750e+14 -1.584378881608939661e-05 3.311343478942035654e-06 1.212444727953411991e-06 -6.092811353715694268e-07 -1.557989789819446514e+03 -7.397440368940799704e-01 -1.362312182553055882e+08 -4.611245275118204923e+00 3.249135035912498748e-01 -3.424954992283553601e+00
1.000000000000000000e+00 -1.460949786256429661e+02 1.600485159987924249e+02 -3.141729491286225617e+06 -3.325190607583192500e+14 -1.540963423767049457e-05 5.204755147692343289e-06 1.215220923893837247e-06 6.882708975173904574e-06 1.017453874618038640e+03 8.991942175000486870e-01 1.663084841717663705e+08 2.998490060574558580e+00 2.123030647321405340e+00 -2.707143587748665592e+00
1.000000000000000000e+00 -1.378279585454450569e+02 2.139458640204258586e+02 -3.153497001269937027e+06 -3.350146603333957500e+14 -1.459210675995598857e-05 6.983548932462841857e-06 1.193251558868842465e-06 -7.160825173460065157e-07 -3.896605988313677358e+02 -9.859813016565518451e-01 -1.831417377845352292e+08 -1.143448542316938710e+00 3.248768489259254988e+00 -1.131984490848482405e+00
1.000000000000000000e+00 -1.261751732139522630e+02 2.625720759620370472e+02 -3.165264532499780878e+06 -3.375195943636956250e+14 -1.340825230343492379e-05 8.602771986740349839e-06 1.148544718142205928e-06 1.448333466655951700e-05 -2.751127253507442560e+02 9.930959596401858214e-01 1.852506366569273770e+08 -8.038795270273102478e-01 3.345651401073169495e+00 8.015624348691050560e-01
1.000000000000000000e+00 -1.113816087740184173e+02 3.047203997610511124e+02 -3.177032102855173405e+06 -3.400338667269787500e+14 -1.188018879108497507e-05 1.002081387419580774e-05 1.085000326542471987e-06 -6.900148630750874402e-07 9.231624077074555998e+02 -9.199824734082160393e-01 -1.723415722232320607e+08 2.686064256026674535e+00 2.383240260073735683e+00 2.481139163253600621e+00
1.000000000000000000e+00 -9.378582033441978183e+01 3.392260977903385992e+02 -3.188799729947787710e+06 -3.425574813001831250e+14 -1.004043845843832261e-05 1.119686299394794783e-05 1.008418660652903461e-06 3.604320034810088323e-06 -1.501717883909755983e+03 7.725800572476980710e-01 1.453410261790333986e+08 -4.351033302804657055e+00 6.665983901421786983e-01 3.375134415263806975e+00
1.000000000000000000e+00 -7.383158201095032780e+01 3.651886962483958996e+02 -3.200567430009177420e+06 -3.450904417184890625e+14 -7.933364493834640837e-06 1.209829502002881776e-05 9.263980248150454520e-07 -5.129856327824389297e-07 1.963257608869690785e+03 -5.628340149819710536e-01 -1.063289668146786243e+08 5.664411749798587969e+00 -1.260660693803369092e+00 3.201034270374034207e+00
1.000000000000000000e+00 -5.198781892154735118e+01 3.819201289256511131e+02 -3.212335216572047677e+06 -3.476327510844268125e+14 -5.606743766973724281e-06 1.269910956318771198e-05 8.467473053214976547e-07 5.898783987927918666e-07 -2.269421685661056472e+03 3.077176195794146807e-01 5.837709968553425372e+07 -6.520393918029409264e+00 -2.788801192331667789e+00 2.014565398499428728e+00
1.000000000000000000e+00 -2.879355308348288744e+01 3.888647085144212951e+02 -3.224103103331335355e+06 -3.501844125786886250e+14 -3.116681575264136136e-06 1.297738876659973803e-05 7.770077300483971516e-07 -3.745839709590923735e-08 2.394194351653590729e+03 -2.785040892226276280e-02 -5.305582209623741917e+06 6.850254603050684565e+00 -3.434995279835294735e+00 1.915549865266993335e-01
1.000000000000000000e+00 -4.858581801116116594e+00 3.858085452240620725e+02 -3.235871099933462217e+06 -3.527454285427370625e+14 -5.278238192350132689e-07 1.292239222694377565e-05 7.242838435081006960e-07 -2.845961220110532592e-07 -2.326101358559282289e+03 -2.541802209046787886e-01 -4.862359220005573332e+07 -6.627841754902392246e+00 -2.995789128586564765e+00 -1.691488525698394252e+00
1.000000000000000000e+00 1.922268317102945545e+01 3.728044723193499408e+02 -3.247639213244327344e+06 -3.553158007402118125e+14 2.095897487383184586e-06 1.253224144300003276e-05 6.939730614568159322e-07 1.342122847129878111e-06 2.069225981696405597e+03 5.156476303875386913e-01 9.905004704183697701e+07 5.871580864491660279e+00 -1.610815310505669951e+00 -3.039927634194697248e+00
1.000000000000000000e+00 4.282944548492942971e+01 3.500790349531666834e+02 -3.259407447946840432e+06 -3.578955304771291875e+14 4.686723772204117788e-06 1.181094425448889014e-05 6.890215399363003559e-07 -6.071981087583948702e-07 -1.642967593123961478e+03 -7.355190087390532927e-01 -1.418680344816361964e+08 -4.642876481372965713e+00 2.820261372582915649e-01 -3.428753023152441237e+00
1.000000000000000000e+00 6.532237209937650846e+01 3.182184053448416989e+02 -3.271175804347672500e+06 -3.604846181098354375e+14 7.173879622000198231e-06 1.077479567597771344e-05 7.099637296633910296e-07 6.755181665396967087e-06 1.080553461770969534e+03 8.961459955277791822e-01 1.735605786113531888e+08 3.041044123887840289e+00 2.085375603189608462e+00 -2.736255594726070051e+00
1.000000000000000000e+00 8.613117796727391351e+01 2.780603298528209280e+02 -3.282944280279238708e+06 -3.630830634483626250e+14 9.493189518673100978e-06 9.448925141912267934e-06 7.547706801055341707e-07 -7.155818089459336258e-07 -4.264294459543494327e+02 -9.846729311382739214e-01 -1.914867502887343168e+08 -1.195223820388328084e+00 3.231027831791441152e+00 -1.181670549016121230e+00
1.000000000000000000e+00 1.047116454492326341e+02 2.305806890287909994e+02 -3.294712870596967172e+06 -3.656908656350201250e+14 1.158246000184890036e-05 7.863581061815449834e-06 8.186771636231810403e-07 1.463279361285216683e-05 -2.672666157102970033e+02 9.940561023087614023e-01 1.940996851504541337e+08 -7.460699750770091176e-01 3.358779439464768313e+00 7.446387469283380911e-01
1.000000000000000000e+00 1.205558774572651117e+02 1.770539780901326594e+02 -3.306481565912372433e+06 -3.683080228503466250e+14 1.338266931313125852e-05 6.059707449830561545e-06 8.950137821223693939e-07 -6.914928338745637545e-07 9.448669772261941944e+02 -9.236123894864817219e-01 -1.810771892656473815e+08 2.626911607541172256e+00 2.429286374100947388e+00 2.436073469577938688e+00
1.000000000000000000e+00 1.332737900896810572e+02 1.189129415892113855e+02 -3.318250354050402064e+06 -3.709345326221052500e+14 1.484711766577609450e-05 4.084304707436787190e-06 9.763178311438328287e-07 3.708622490125490900e-06 -1.551630602423634627e+03 7.790571321024353235e-01 1.533544107105165124e+08 -4.296453899127601339e+00 7.357495679544188150e-01 3.360737844581909162e+00
1.000000000000000000e+00 1.425427706808991957e+02 5.762005925435961018e+01 -3.330019221555730794e+06 -3.735703921521966875e+14 1.593603184675607864e-05 1.986096307183572131e-06 1.054414971638820400e-06 -5.184963241961133235e-07 2.038145139045996530e+03 -5.720335225570437609e-01 -1.130561983102657348e+08 5.620966455503125125e+00 -1.188825053759638317e+00 3.228402287274628968e+00
1.000000000000000000e+00 1.481138368133124175e+02 -5.186527586057017913e+00 -3.341788151957399212e+06 -3.762155979208503750e+14 1.661738950450443561e-05 -1.794053831342028120e-07 1.121264832947223261e-06 6.208440930698828821e-07 -2.364329033471427920e+03 3.191706015873218005e-01 6.333368118252114952e+07 -6.494486963010373870e+00 -2.739399877705654518e+00 2.081243545846969134e+00
1.000000000000000000e+00 1.498812645179295373e+02 -6.785205801597894038e+01 -3.353557127294357400e+06 -3.788701460193661250e+14 1.687490396088368402e-05 -2.355312823639512584e-06 1.170486941061198357e-06 -5.418544887469691329e-08 2.502703712042126426e+03 -4.074905866950164629e-02 -8.118231911296795122e+06 6.847221047002372885e+00 -3.428907069156957643e+00 2.801477259693684885e-01
1.000000000000000000e+00 1.478209649156810030e+02 -1.288318329170930951e+02 -3.365326129078524653e+06 -3.815340323625744375e+14 1.670134482487689557e-05 -4.487766022195713136e-06 1.197364668659154808e-06 -2.724223830933688806e-07 -2.440681998771169219e+03 -2.409193163502604818e-01 -4.818819312435454130e+07 -6.651061464667384904e+00 -3.040963979972525877e+00 -1.608858154085401448e+00
1.000000000000000000e+00 1.419899563509337383e+02 -1.865427169805807637e+02 -3.377095137647232506e+06 -3.842072525394025000e+14 1.609863944116308575e-05 -6.520808653309168978e-06 1.199314199089255087e-06 1.282599068577159586e-06 2.181684323068795493e+03 5.032719075525203811e-01 1.010624986740709245e+08 5.921794764276655521e+00 -1.697579605979299799e+00 -2.992341895405282948e+00
1.000000000000000000e+00 1.325837540193947461e+02 -2.395229610891897210e+02 -3.388864133534987457e+06 -3.868898021214324375e+14 1.508456259500566528e-05 -8.401970887891995298e-06 1.176942146344364532e-06 -6.021161345726540936e-07 -1.744986589089947529e+03 -7.252922903213481209e-01 -1.462217416469834745e+08 -4.717826717599975517e+00 1.792337900509112791e-01 -3.435660320275497615e+00
1.000000000000000000e+00 1.198641558137628067e+02 -2.865396655923078129e+02 -3.400633098806740250e+06 -3.895816769691649375e+14 1.368476553999989812e-05 -1.008612602364926594e-05 1.133066636314906197e-06 6.477990572347618679e-06 1.164305475271626847e+03 8.891848564738255023e-01 1.799682007612681389e+08 3.135537549781016509e+00 1.999863189241454453e+00 -2.799363117265328604e+00
1.000000000000000000e+00 1.041543191566849913e+02 -3.264256994118910029e+02 -3.412402015649351757e+06 -3.922828729142437500e+14 1.193234293905963037e-05 -1.152986961539420144e-05 1.072077624977088092e-06 -7.144788149808558035e-07 -4.852154558288685848e+02 -9.817965558527878001e-01 -1.994910305667363107e+08 -1.301611988351210059e+00 3.192108774249761804e+00 -1.283093239606086788e+00
1.000000000000000000e+00 8.588801882929243448e+01 -3.582291653839521359e+02 -3.424170867535132915e+06 -3.949933860283779375e+14 9.873616742968742860e-06 -1.269685711487932058e-05 1.000462292749912152e-06 1.489040455215586018e-05 -2.384022260247346026e+02 9.956699569373655967e-01 2.030994754485931098e+08 -6.370385158095637212e-01 3.380874217112228575e+00 6.368486997767656144e-01
1.000000000000000000e+00 6.553066013432550108e+01 -3.812932354993704394e+02 -3.435939640710804611e+06 -3.977132129731359375e+14 7.559243259623296700e-06 -1.356077435315888588e-05 9.257151283846891342e-07 -6.939379911712622238e-07 9.486074095743506405e+02 -9.296465047451372143e-01 -1.903689850725269020e+08 2.524974184579534153e+00 2.506231375364442737e+00 2.356839214213926947e+00
1.000000000000000000e+00 4.357442957983229803e+01 -3.950765817588163600e+02 -3.447708323199340142e+06 -4.004423507790801875e+14 5.043714326533375132e-06 -1.409910899324012637e-05 8.552049621000613603e-07 3.876752995540749798e-06 -1.588022950068464070e+03 7.889700877281030644e-01 1.621874785205408335e+08 -4.210646419920927030e+00 8.427011534270232307e-01 3.335527185424536523e+00
1.000000000000000000e+00 2.058418294244034286e+01 -3.992911614802775944e+02 -3.459476904214759823e+06 -4.031807967164040625e+14 2.390739852296446257e-06 -1.429815482796856216e-05 7.960948149279501333e-07 -5.260901621939632657e-07 2.104459561733013743e+03 -5.848790084597165206e-01 -1.206965267344296426e+08 5.558538657191391508e+00 -1.086570809572679597e+00 3.264238159916216464e+00
1.000000000000000000e+00 -2.884370665872471484e+00 -3.939554485763003981e+02 -3.471245377902653068e+06 -4.059285491744922500e+14 -3.361434375728687290e-07 -1.415507871642427593e-05 7.543752048818224722e-07 6.615230336762091138e-07 -2.455168895324628465e+03 3.337203414346233687e-01 6.913165343977512419e+07 -6.460050185010370427e+00 -2.674037800229192907e+00 2.164580509472647130e+00
1.000000000000000000e+00 -2.628576628529268433e+01 -3.792028716103550892e+02 -3.483013738504953682e+06 -4.086856065467726875e+14 -3.073718436771438925e-06 -1.367120098283715404e-05 7.339113381267695135e-07 -7.303968101789722892e-08 2.610395966101402792e+03 -5.564737196957181276e-02 -1.157172413987493142e+07 6.842294457744908520e+00 -3.419025522105756831e+00 3.822976175798488696e-01
1.000000000000000000e+00 -4.903960569321611018e+01 -3.554121050743036676e+02 -3.494781983695615083e+06 -4.114519680165386250e+14 -5.753807264049536986e-06 -1.285677864255771160e-05 7.365926938994399692e-07 -2.593713794797697832e-07 -2.555911748059889305e+03 -2.269889370975372300e-01 -4.738173087609252334e+07 -6.674033882419426966e+00 -3.085813183418084638e+00 -1.521066742925752502e+00
1.000000000000000000e+00 -7.061269971046907301e+01 -3.232389028525076924e+02 -3.506550114886856172e+06 -4.142276336429088750e+14 -8.312872483594899070e-06 -1.173231020017206292e-05 7.623693858369676639e-07 1.227934359201491927e-06 2.294326405985038946e+03 4.914328960773349797e-01 1.029714883352722079e+08 5.968307918912915788e+00 -1.778608567190230083e+00 -2.944900448959604677e+00
1.000000000000000000e+00 -9.051453827554688303e+01 -2.834175026577904077e+02 -3.518318134837102611e+06 -4.170126038086051875e+14 -1.069157531703173280e-05 -1.032147195295060569e-05 8.088286483090211670e-07 -5.976300763662989180e-07 -1.845049324450804988e+03 -7.163591608132546806e-01 -1.506689929240012169e+08 -4.781494909754409051e+00 9.062143345597201138e-02 -3.439138685126876815e+00
1.000000000000000000e+00 -1.082523982512479819e+02 -2.368878327239551709e+02 -3.530086048754657153e+06 -4.198068794877918750e+14 -1.282953957881710806e-05 -8.655813877869815206e-06 8.714141061623324459e-07 6.268564271677911906e-06 1.242883475338425114e+03 8.835965981192783758e-01 1.865439702392384112e+08 3.208869215112898132e+00 1.931698135244833026e+00 -2.846827972358339398e+00
1.000000000000000000e+00 -1.234125975046949577e+02 -1.848106173029068771e+02 -3.541853865414781030e+06 -4.226104625223653750e+14 -1.467500926573103617e-05 -6.775438680867017085e-06 9.442987313836198001e-07 -7.136360638231475599e-07 -5.353542556770360079e+02 -9.796041906127939125e-01 -2.075896945534524024e+08 -1.377003002275143606e+00 3.162521254782549196e+00 -1.354380505297858361e+00
1.000000000000000000e+00 -1.356496170802264203e+02 -1.283641985948517004e+02 -3.553621594163991977e+06 -4.254233549188317500e+14 -1.618370691790457883e-05 -4.721662675513452167e-06 1.020494954855222405e-06 1.503905539618456183e-05 -2.210366740865215434e+02 9.965783519305969618e-01 2.119768761559796631e+08 -5.664167421891442844e-01 3.393326568116257214e+00 5.667645828474549008e-01
1.000000000000000000e+00 -1.446419728046421653e+02 -6.887086145930612702e+01 -3.565389247413682751e+06 -4.282455594495961875e+14 -1.731368610217820612e-05 -2.541688527912155111e-06 1.092260954886414190e-06 -6.953292770289401953e-07 9.653216514658040523e+02 -9.330960108686043863e-01 -1.992137037758592069e+08 2.464495068142428025e+00 2.550443433083864342e+00 2.308923046587870065e+00
1.000000000000000000e+00 -1.501716972388433646e+02 -7.797680103454244893e+00 -3.577156839728551917e+06 -4.310770794454103750e+14 -1.803492430124652710e-05 -2.887242484780082321e-07 1.152723353102929645e-06 3.970664328718583085e-06 -1.636995905711919477e+03 7.942424823443883231e-01 1.701985400806561410e+08 -4.163836414067634273e+00 9.001362947113606960e-01 3.320488223370108294e+00
1.000000000000000000e+00 -1.521065487949580302e+02 5.345073941662509753e+01 -3.588924386429356877e+06 -4.339179184660398125e+14 -1.832738375107340821e-05 1.985628002641352838e-06 1.196149653863703918e-06 -5.297894316131172635e-07 2.180959219861490965e+03 -5.912084694738901636e-01 -1.271590438384788632e+08 5.527003274260353649e+00 -1.035351166324560479e+00 3.280843702945555496e+00
1.000000000000000000e+00 -1.503565025998044575e+02 1.134061857301097973e+02 -3.600691903651792090e+06 -4.367680803175450000e+14 -1.817592114180979255e-05 4.226711144361890057e-06 1.217765770437907921e-06 6.806892615659456016e-07 -2.552057732077091714e+03 3.403885309154172645e-01 7.348175302497836947e+07 -6.443690730752013707e+00 -2.643108684070262449e+00 2.202240671482168288e+00
1.000000000000000000e+00 -1.449501335797508830e+02 1.705490421858712580e+02 -3.612459409760635812e+06 -4.396275693997076875e+14 -1.757963478331743816e-05 6.377230635153517910e-06 1.215099261475548636e-06 -8.099989914478685051e-08 2.718850656120192070e+03 -6.205521924644922388e-02 -1.344544028196561150e+07 6.839705813972703830e+00 -3.413836065125827712e+00 4.261582588132712401e-01
1.000000000000000000e+00 -1.360087972821405629e+02 2.235183297678800329e+02 -3.624226922423503827e+06 -4.424963900003135000e+14 -1.654895727925348732e-05 8.385102749064592299e-06 1.188125541503081359e-06 -2.539505267804106526e-07 -2.666287541985885127e+03 -2.212877402273244476e-01 -4.812163523298246413e+07 -6.683019739486975475e+00 -3.103398264319679800e+00 -1.484859186689723831e+00
