5.399999985668081354e+04 4.662304042118810033e-09 9.999999999999999547e-08
5.400917624716668797e+04 1.480163838324707632e-07 9.999999999999999547e-08
5.401835268247393105e+04 -2.920251968712709859e-08 9.999999999999999547e-08
5.402752917978099867e+04 8.321438604162071468e-08 9.999999999999999547e-08
5.403670575613128312e+04 -9.238889671561163064e-08 9.999999999999999547e-08
5.404588242614589399e+04 -2.044670441425492538e-08 9.999999999999999547e-08
5.405505920154249907e+04 2.019280652066461325e-08 9.999999999999999547e-08
5.406423609311369364e+04 1.211529602641706637e-07 9.999999999999999547e-08
5.407341310844166583e+04 1.355541731914450662e-08 9.999999999999999547e-08
5.408259025009977631e+04 2.912788397333616771e-08 9.999999999999999547e-08
5.409176751862062520e+04 1.495418580970740697e-07 9.999999999999999547e-08
5.410094491098092840e+04 1.257739741511193170e-07 9.999999999999999547e-08
5.411012242024595616e+04 1.786106809846613298e-08 9.999999999999999547e-08
5.411930003752133052e+04 1.574726882686992357e-07 9.999999999999999547e-08
5.412847774979150563e+04 -9.188080431951914915e-08 9.999999999999999547e-08
5.413765554082774179e+04 6.000979301122920467e-08 9.999999999999999547e-08
5.414683339392775815e+04 -8.065538733425220183e-08 9.999999999999999547e-08
5.415601129069070157e+04 1.860092920193672581e-07 9.999999999999999547e-08
5.416518921098070859e+04 2.307890244357968869e-07 9.999999999999999547e-08
5.417436713491432602e+04 1.527587679580148305e-07 9.999999999999999547e-08
5.418354504223623371e+04 1.387071535237237784e-07 9.999999999999999547e-08
5.419272291302717349e+04 2.004207941501837183e-07 9.999999999999999547e-08
5.420190073053495871e+04 1.867538734940598343e-07 9.999999999999999547e-08
5.421107847834191489e+04 3.379842832310895785e-07 9.999999999999999547e-08
5.422025614094956109e+04 4.589762646612113735e-08 9.999999999999999547e-08
5.422943370659952052e+04 2.716703115364224847e-07 9.999999999999999547e-08
5.423861116550279985e+04 1.476453899278108311e-07 9.999999999999999547e-08
5.424778851041118469e+04 2.617792356290612306e-07 9.999999999999999547e-08
5.425696573767452355e+04 2.546648115116809703e-07 9.999999999999999547e-08
5.426614284518449131e+04 4.831790098590233550e-09 9.999999999999999547e-08
5.427531983308179770e+04 3.767811611792899742e-07 9.999999999999999547e-08
5.428449670582815452e+04 1.593444501126812878e-07 9.999999999999999547e-08
5.429367347029541270e+04 1.501200792145905750e-07 9.999999999999999547e-08
5.430285013453583088e+04 2.536378197804429919e-07 9.999999999999999547e-08
5.431202671001444105e+04 2.284538277931014296e-07 9.999999999999999547e-08
5.432120320935444761e+04 3.444311377840750161e-07 9.999999999999999547e-08
5.433037964713749534e+04 1.033532666014531989e-07 9.999999999999999547e-08
5.433955604086710809e+04 1.219678367208880739e-07 9.999999999999999547e-08
5.434873240815339523e+04 3.077928401699721004e-08 9.999999999999999547e-08
5.435790876648432459e+04 2.623403319046936976e-07 9.999999999999999547e-08
5.436708513517074607e+04 1.896282865173204368e-07 9.999999999999999547e-08
5.437626153345839703e+04 2.479748507081829991e-07 9.999999999999999547e-08
5.438543797958138020e+04 2.664252551103725524e-07 9.999999999999999547e-08
5.439461449192469445e+04 1.111723031450899396e-07 9.999999999999999547e-08
5.440379108605514921e+04 2.961120164453627007e-07 9.999999999999999547e-08
5.441296777573306463e+04 2.505715087717210417e-07 9.999999999999999547e-08
5.442214457397992373e+04 1.763719962930909208e-07 9.999999999999999547e-08
5.443132149028633285e+04 1.194489221142913812e-07 9.999999999999999547e-08
5.444049853043313487e+04 -7.044578936784840611e-08 9.999999999999999547e-08
5.444967569773802825e+04 1.412364760439315370e-07 9.999999999999999547e-08
5.445885299150081846e+04 5.993327988273386826e-08 9.999999999999999547e-08
5.446803040760829754e+04 -9.676713687324934411e-08 9.999999999999999547e-08
5.447720793988051446e+04 2.266880737081994279e-07 9.999999999999999547e-08
5.448638557761770062e+04 6.389970151022378752e-10 9.999999999999999547e-08
5.449556330651442113e+04 9.721010366191754749e-08 9.999999999999999547e-08
5.450474111171457480e+04 3.241498905994125519e-08 9.999999999999999547e-08
5.451391897537716432e+04 -6.414102112431999363e-08 9.999999999999999547e-08
5.452309687836818193e+04 8.133115221618240667e-08 9.999999999999999547e-08
5.453227480143708090e+04 -7.688582723620040367e-08 9.999999999999999547e-08
5.454145272381966788e+04 -4.434278958185018947e-09 9.999999999999999547e-08
5.455063062506695132e+04 -4.557905585898316770e-08 9.999999999999999547e-08
5.455980848712861189e+04 -1.309719302790429878e-07 9.999999999999999547e-08
5.456898629230439838e+04 -1.618199886586099771e-07 9.999999999999999547e-08
5.457816402389379800e+04 -4.396782437647917617e-08 9.999999999999999547e-08
5.458734166848217865e+04 -5.611246297153542321e-08 9.999999999999999547e-08
5.459651921366876195e+04 -2.028125373533013522e-07 9.999999999999999547e-08
5.460569665016546060e+04 -2.008616687154512516e-07 9.999999999999999547e-08
5.461487397248308116e+04 -1.203665323263375795e-07 9.999999999999999547e-08
5.462405117609049194e+04 -2.396488370445640131e-07 9.999999999999999547e-08
5.463322825928391831e+04 -1.577130525493831683e-07 9.999999999999999547e-08
5.464240522432066064e+04 -1.607533604001375628e-07 9.999999999999999547e-08
5.465158207516249240e+04 -2.942401728011650626e-07 9.999999999999999547e-08
5.466075881870186277e+04 -1.867223351881699246e-07 9.999999999999999547e-08
5.466993546483058890e+04 -1.422315969480779589e-07 9.999999999999999547e-08
5.467911202415129083e+04 -1.149029429665756150e-07 9.999999999999999547e-08
5.468828850974154193e+04 -2.618913132301558151e-07 9.999999999999999547e-08
5.469746493795307470e+04 -2.394757265069948315e-07 9.999999999999999547e-08
5.470664132510273339e+04 -3.035172815618344567e-07 9.999999999999999547e-08
5.471581768894725246e+04 -2.281099855746395072e-07 9.999999999999999547e-08
5.472499404825871898e+04 -2.288927404832793532e-07 9.999999999999999547e-08
5.473417042151038186e+04 -2.486808776796312110e-07 9.999999999999999547e-08
5.474334682757849077e+04 -6.295182555092632976e-08 9.999999999999999547e-08
5.475252328612653218e+04 -9.910619076188371800e-08 9.999999999999999547e-08
5.476169981364656269e+04 -4.906546274836878600e-07 9.999999999999999547e-08
5.477087642553517799e+04 -3.176688518693358271e-07 9.999999999999999547e-08
5.478005313644345006e+04 -2.585990208128052903e-07 9.999999999999999547e-08
5.478922995757904573e+04 -3.850001056761532916e-07 9.999999999999999547e-08
5.479840689803643909e+04 -1.058214231767056883e-07 9.999999999999999547e-08
5.480758396393321163e+04 -2.436701156922506507e-07 9.999999999999999547e-08
5.481676115661397489e+04 -1.545515074685140185e-07 9.999999999999999547e-08
5.482593847493746580e+04 -1.751466736212248210e-07 9.999999999999999547e-08
5.483511592688450764e+04 -1.670275034409957419e-07 9.999999999999999547e-08
5.484429348120171926e+04 -1.211441664084723043e-07 9.999999999999999547e-08
5.485347113813406031e+04 -2.609568288972116656e-07 9.999999999999999547e-08
5.486264888404130761e+04 -2.885451819371879731e-07 9.999999999999999547e-08
5.487182670221565058e+04 -2.434735291578462696e-07 9.999999999999999547e-08
5.488100457521592762e+04 -1.477806775087792977e-07 9.999999999999999547e-08
5.489018248447252699e+04 -1.829247435528206051e-07 9.999999999999999547e-08
5.489936040905685513e+04 -2.734608231548707456e-07 9.999999999999999547e-08
5.490853832860073453e+04 -5.808058945975018773e-08 9.999999999999999547e-08
5.491771622391667916e+04 -2.785773744349018807e-08 9.999999999999999547e-08
5.492689407609705813e+04 -2.362374687849093572e-07 9.999999999999999547e-08
5.493607186780704797e+04 -5.677710634935587390e-08 9.999999999999999547e-08
5.494524958379012241e+04 1.150614135932006042e-09 9.999999999999999547e-08
5.495442720931292570e+04 -2.401618650528523050e-08 9.999999999999999547e-08
5.496360473324399209e+04 1.398509267009746314e-07 9.999999999999999547e-08
5.497278214808347548e+04 -3.122178793615273945e-08 9.999999999999999547e-08
5.498195944698603125e+04 2.933657427947991039e-08 9.999999999999999547e-08
5.499113662659241527e+04 1.341034972435002897e-07 9.999999999999999547e-08
5.500031368638262211e+04 8.237370593965671032e-08 9.999999999999999547e-08
5.500949062806127768e+04 -6.136190867744689363e-08 9.999999999999999547e-08
5.501866745686152717e+04 1.226622407462545162e-07 9.999999999999999547e-08
5.502784418085278594e+04 6.280749339327349594e-08 9.999999999999999547e-08
5.503702080853468215e+04 2.169551448843339678e-07 9.999999999999999547e-08
5.504619735173373192e+04 2.877320166345741120e-07 9.999999999999999547e-08
5.505537382507316943e+04 3.402638490767521338e-07 9.999999999999999547e-08
5.506455024362354015e+04 1.414632555034440108e-07 9.999999999999999547e-08
5.507372662477774429e+04 1.654609115997259518e-07 9.999999999999999547e-08
5.508290298668510513e+04 2.315697177129866291e-07 9.999999999999999547e-08
5.509207934687210218e+04 2.287821259754719348e-07 9.999999999999999547e-08
5.510125572508928599e+04 1.989914185128518400e-07 9.999999999999999547e-08
5.511043214089269895e+04 3.112602858026334628e-07 9.999999999999999547e-08
5.511960861177120387e+04 1.649582725513402250e-07 9.999999999999999547e-08
5.512878515477364999e+04 3.700449799287652797e-07 9.999999999999999547e-08
5.513796178579689877e+04 5.023845798857534205e-08 9.999999999999999547e-08
5.514713851766483276e+04 1.303114254600980411e-07 9.999999999999999547e-08
5.515631536212618812e+04 2.309882046355739801e-07 9.999999999999999547e-08
5.516549232787325309e+04 1.873469250571690951e-07 9.999999999999999547e-08
5.517466941860724182e+04 9.599138020581901825e-08 9.999999999999999547e-08
5.518384663645354158e+04 2.433861911341530362e-07 9.999999999999999547e-08
5.519302398007834563e+04 1.726593305726382027e-07 9.999999999999999547e-08
5.520220144380577403e+04 2.094242047097904838e-07 9.999999999999999547e-08
5.521137901952907851e+04 9.802787305308916501e-08 9.999999999999999547e-08
5.522055669570987084e+04 3.312366965033489310e-07 9.999999999999999547e-08
5.522973445707449719e+04 -9.739151193355225661e-08 9.999999999999999547e-08
5.523891228773984039e+04 -1.278973870429322467e-08 9.999999999999999547e-08
5.524809017005414353e+04 5.010598154184547027e-08 9.999999999999999547e-08
5.525726808364085446e+04 2.329064529435440464e-07 9.999999999999999547e-08
5.526644600884318061e+04 1.090811438122716400e-07 9.999999999999999547e-08
5.527562392551984522e+04 6.175672639611888893e-08 9.999999999999999547e-08
5.528480181350686325e+04 2.771106244120702642e-07 9.999999999999999547e-08
5.529397965516476688e+04 5.334952635103687586e-08 9.999999999999999547e-08
5.530315743340946938e+04 2.249498856309126420e-07 9.999999999999999547e-08
5.531233513205635973e+04 4.327825720451166284e-08 9.999999999999999547e-08
5.532151273818446498e+04 -3.723882558390967359e-08 9.999999999999999547e-08
5.533069024149912730e+04 -1.383824645264758069e-07 9.999999999999999547e-08
5.533986763328896632e+04 1.024214091860019128e-07 9.999999999999999547e-08
5.534904490877215721e+04 -2.763242107726488373e-08 9.999999999999999547e-08
5.535822206481045578e+04 3.062436238915723035e-08 9.999999999999999547e-08
5.536739910045092984e+04 4.614951127635677369e-08 9.999999999999999547e-08
5.537657601929584780e+04 8.551470121026505909e-08 9.999999999999999547e-08
5.538575282695412898e+04 6.029099189303704284e-09 9.999999999999999547e-08
5.539492953055782709e+04 1.242054051387846075e-07 9.999999999999999547e-08
5.540410614051539596e+04 4.824080361765573201e-08 9.999999999999999547e-08
5.541328266891843668e+04 7.115246442311864423e-09 9.999999999999999547e-08
5.542245912970278005e+04 3.351330658892911942e-08 9.999999999999999547e-08
5.543163553953932569e+04 -1.844163006548575346e-07 9.999999999999999547e-08
5.544081191577068239e+04 -9.458529900874620640e-08 9.999999999999999547e-08
5.544998827537472971e+04 1.736942695605951670e-07 9.999999999999999547e-08
5.545916463781108177e+04 -1.688104156199019467e-07 9.999999999999999547e-08
5.546834102222321235e+04 -1.963914531934423440e-07 9.999999999999999547e-08
5.547751744727106416e+04 -2.879818910216246908e-07 9.999999999999999547e-08
5.548669393141141336e+04 -1.062702080888388320e-08 9.999999999999999547e-08
5.549587049106628547e+04 -6.375526327830763547e-08 9.999999999999999547e-08
5.550504714069774491e+04 -7.464174140275189878e-08 9.999999999999999547e-08
5.551422389430210023e+04 -1.755217575366648225e-07 9.999999999999999547e-08
5.552340076272425358e+04 -1.322446551782864294e-07 9.999999999999999547e-08
5.553257775268700061e+04 -1.232603313356532857e-07 9.999999999999999547e-08
5.554175486895332870e+04 -7.524679698124003692e-08 9.999999999999999547e-08
5.555093211215928750e+04 -7.542263419266261580e-08 9.999999999999999547e-08
5.556010947983655205e+04 -1.380708256563070346e-07 9.999999999999999547e-08
5.556928696697941632e+04 -2.317129192985539170e-07 9.999999999999999547e-08
5.557846456405874778e+04 -3.751865072087721229e-07 9.999999999999999547e-08
5.558764225797497056e+04 -2.363410823913376306e-07 9.999999999999999547e-08
5.559682003453926154e+04 -2.630792452229832876e-07 9.999999999999999547e-08
5.560599787724204361e+04 -3.656616369007673000e-07 9.999999999999999547e-08
5.561517576701154030e+04 -3.461829249809449512e-08 9.999999999999999547e-08
5.562435368486808147e+04 -6.993656639967039194e-08 9.999999999999999547e-08
5.563353161010304029e+04 -3.287109309624350010e-08 9.999999999999999547e-08
5.564270952196777944e+04 -1.400388191360411471e-07 9.999999999999999547e-08
5.565188740237851016e+04 -1.716074509595429577e-07 9.999999999999999547e-08
5.566106523297588865e+04 1.164144333845655263e-07 9.999999999999999547e-08
5.567024299616894859e+04 -5.910249361660319633e-08 9.999999999999999547e-08
5.567942067734654847e+04 -1.995025215559038779e-07 9.999999999999999547e-08
5.568859826383140171e+04 -2.017471726753951425e-07 9.999999999999999547e-08
5.569777574503859796e+04 -1.611261166671661430e-07 9.999999999999999547e-08
5.570695311438877980e+04 -1.281134117692203573e-07 9.999999999999999547e-08
5.571613036628651025e+04 -1.798906871006568778e-07 9.999999999999999547e-08
5.572530749758631282e+04 -1.238615296682024939e-07 9.999999999999999547e-08
5.573448450979952759e+04 8.866221389642536590e-08 9.999999999999999547e-08
5.574366140607198759e+04 -1.630319951864355602e-07 9.999999999999999547e-08
5.575283819200234575e+04 -1.400448045176705233e-07 9.999999999999999547e-08
5.576201487633191573e+04 6.809326936811158472e-09 9.999999999999999547e-08
5.577119146886849921e+04 4.098253082844984461e-08 9.999999999999999547e-08
5.578036798210143024e+04 -1.516459372086605744e-07 9.999999999999999547e-08
5.578954443176705536e+04 -8.996657951808880962e-08 9.999999999999999547e-08
5.579872083370221662e+04 -8.281750669149860237e-08 9.999999999999999547e-08
5.580789720454686176e+04 1.398207527295750196e-08 9.999999999999999547e-08
5.581707356344161963e+04 -1.756388049996390144e-07 9.999999999999999547e-08
5.582624992871451832e+04 1.273753962581751869e-07 9.999999999999999547e-08
