1.000000000000000000e+00 -3.769794119038182316e+02 -9.409322595864723837e+01 -2.546307517068531597e+05 -1.100007485492508984e+13 -6.327365891913288516e-06 -1.248947095097345970e-06 1.146897068322157055e-06 -9.991375407807944500e-07 -7.534811143998425678e+02 -9.154946299436822477e-01 -1.391223840527621796e+05 -2.920950378542708606e+07 -3.128867798750236240e+00 6.417685645440036613e-01 -6.990892504993200252e-01
1.000000000000000000e+00 -3.896382967546073246e+02 -7.570935139760960908e+01 -2.569673070409269421e+05 -1.120287996537725977e+13 -6.599848612651258701e-06 -1.014150082826696472e-06 1.207186428679540823e-06 -1.019080646342670572e-06 -5.927778244685030131e+02 -9.511119959641531896e-01 -1.121699524420774542e+05 -3.109997104120394588e+07 -2.401855320372360492e+00 7.679538759438677697e-01 -5.575298342947238028e-01
1.000000000000000000e+00 -3.926829468515259691e+02 -5.545436710477680720e+01 -2.593038585544653470e+05 -1.140753723053120312e+13 -6.711900119921701618e-06 -7.495827161252979558e-07 1.212723935725000437e-06 -1.033245371232198050e-06 -4.171791469812113178e+02 -9.772238198010351207e-01 -8.085589947733709414e+04 -3.272856045023382083e+07 -1.650338202111800934e+00 8.635222235843232896e-01 -3.936013747273188201e-01
1.000000000000000000e+00 -3.859850187046946530e+02 -3.380958617274057332e+01 -2.616404116080074164e+05 -1.161404711720148242e+13 -6.656864801748053189e-06 -4.611258941677198113e-07 1.162715893347974531e-06 -1.041908616403828092e-06 -2.283566192620297670e+02 -9.935409089828307616e-01 -4.530684518290538108e+04 -3.406275019132425636e+07 -8.824759315908148327e-01 9.245562009823535821e-01 -2.139824879322260454e-01
1.000000000000000000e+00 -3.695752675719381273e+02 -1.129994208662658473e+01 -2.639769719087736448e+05 -1.182241014025543164e+13 -6.430776367411923815e-06 -1.554952375145814257e-07 1.061466624488916494e-06 -1.045249701612601485e-06 -2.824438439485344787e+01 -9.999059050359506706e-01 -5.733385528387366321e+03 -3.507372590759639442e+07 -1.066823473777418763e-01 9.486384477773187607e-01 -2.603402428685680850e-02
1.000000000000000000e+00 -3.438359182385669897e+02 1.149175795538660161e+01 -2.663135450329401065e+05 -1.203262682081811328e+13 -6.035857286701628254e-06 1.595344786751419220e-07 9.189495041542746707e-07 -1.043358317916522183e-06 1.810084424094794713e+02 -9.962977120825153854e-01 3.757377268129200820e+04 -3.573706182455659658e+07 6.685783991643431401e-01 9.349678100441913831e-01 1.625665104148029672e-01
1.000000000000000000e+00 -3.093785353060675902e+02 3.399607546241931288e+01 -2.686501359740130138e+05 -1.224469764458414648e+13 -5.478626679961373343e-06 4.760917775256827927e-07 7.491521286387855014e-07 -1.036237166195730742e-06 3.970924800063663156e+02 -9.828285717018059309e-01 8.425048719228331174e+04 -3.603315333307916671e+07 1.434994995355440839e+00 8.843728121419364152e-01 3.442054711604638495e-01
1.000000000000000000e+00 -2.669710749757855410e+02 5.564119688759502935e+01 -2.709867496726702666e+05 -1.245862310822710156e+13 -4.768773884004538091e-06 7.859942174545123308e-07 5.686845859457165637e-07 -1.023801957601156912e-06 6.175630318093800497e+02 -9.597385651703180809e-01 1.338609113893111062e+05 -3.594753965631258488e+07 2.184481070984794826e+00 7.992405268108103700e-01 5.116710453418085169e-01
1.000000000000000000e+00 -2.177072535515867457e+02 7.584400808217486656e+01 -2.733233907301864238e+05 -1.267440369261260742e+13 -3.922330302670614336e-06 1.080619766255983305e-06 3.960553478404929231e-07 -1.005878664456637026e-06 8.398939121970664701e+02 -9.273876988559399681e-01 1.859063032056072261e+05 -3.547110767724430561e+07 2.909338364954008771e+00 6.833678408885353051e-01 6.584839204435610771e-01
1.000000000000000000e+00 -1.628517168193992291e+02 9.408464158371616293e+01 -2.756600624705018126e+05 -1.289203977372317383e+13 -2.959106908696971571e-06 1.351971126540546579e-06 2.489543106841102163e-07 -9.821934073889602887e-07 1.061552888348734086e+03 -8.862383702752788528e-01 2.398401968431413115e+05 -3.459988241912191361e+07 3.602473400542447024e+00 5.417217139641890000e-01 7.791856423012918365e-01
1.000000000000000000e+00 -1.037529820407624328e+02 1.098888454407796615e+02 -2.779967677046103636e+05 -1.311153168969845117e+13 -1.901230613458083132e-06 1.592458738862990871e-06 1.422631240351070618e-07 -9.523622049776974016e-07 1.280015790683693695e+03 -8.368435084613280450e-01 2.950715145645051962e+05 -3.333496076604840904e+07 4.257384265929682776e+00 3.801810396554631821e-01 8.695142659788147599e-01
1.000000000000000000e+00 -4.198948569222434912e+01 1.228190581984057417e+02 -2.803335084700832376e+05 -1.333287971402512109e+13 -7.759076467628037278e-07 1.794798123640166774e-06 8.697610385664760549e-08 -9.158738466603597863e-07 1.492811179923758118e+03 -7.798302056228437751e-01 3.509752497996358434e+05 -3.168220530957793817e+07 4.868248605775000293e+00 2.052395662222250561e-01 9.265362395592122713e-01
1.000000000000000000e+00 2.081256038225235017e+01 1.325463366032547867e+02 -2.826702855013829540e+05 -1.355608400166645508e+13 3.877931494054642377e-07 1.953092076423176007e-06 8.871554800473936106e-08 -8.720628180629877985e-07 1.697565740323007958e+03 -7.158781425313927027e-01 4.069045523403342231e+05 -2.965164469603048265e+07 5.430003845967468656e+00 2.368980600666725778e-02 9.486998877181465062e-01
1.000000000000000000e+00 8.307147024116765976e+01 1.388246077458600780e+02 -2.850070989508035709e+05 -1.378114465361648242e+13 1.560637502071209870e-06 2.062514280440741178e-06 1.472426182395315283e-07 -8.200812969589804329e-07 1.892004580876718137e+03 -6.457105358540439211e-01 4.621930513360744226e+05 -2.725730032002986223e+07 5.938276798055528438e+00 -1.576431738321485698e-01 9.358105121843021124e-01
1.000000000000000000e+00 1.431166722276118151e+02 1.414760807419336004e+02 -2.873439478674495476e+05 -1.400806166379228906e+13 2.710733032568026344e-06 2.119141254203507823e-06 2.563391564262702705e-07 -7.588522620514890107e-07 2.073982951040210537e+03 -5.700745946856101698e-01 5.161650017964201979e+05 -2.451651848850935698e+07 6.389417868009402035e+00 -3.321768541649812723e-01 8.889607548328857245e-01
1.000000000000000000e+00 1.993803329584345931e+02 1.404547091853457346e+02 -2.896808299280910287e+05 -1.423683488820509180e+13 3.807119749094931115e-06 2.120952256843712712e-06 4.045698758628907264e-07 -6.870053822686319324e-07 2.241499004481280281e+03 -4.897240157176882547e-01 5.681415010258822003e+05 -2.144929904623859376e+07 6.780474209525636731e+00 -4.938011182565812951e-01 8.104030742723284941e-01
1.000000000000000000e+00 2.504773101489251985e+02 1.358080567466066952e+02 -2.920177422970182961e+05 -1.446746412471886133e+13 4.821388127088506404e-06 2.067329041553882347e-06 5.768500793009494322e-07 -6.028043541045121027e-07 2.392675308264728301e+03 -4.054192663286849130e-01 6.174389966072643874e+05 -1.807833414079960808e+07 7.109072810920576302e+00 -6.370327050618530551e-01 7.034074359633810669e-01
1.000000000000000000e+00 2.950676937328007625e+02 1.276549679201715009e+02 -2.943546814697553637e+05 -1.469994909540843164e+13 5.725152690766025212e-06 1.958770252046040764e-06 7.554242466408600135e-07 -5.040363699449353078e-07 2.525764823208500729e+03 -3.179182403360144571e-01 6.633737097014356405e+05 -1.442861115672627278e+07 7.373387309089451946e+00 -7.571618361815664056e-01 5.721002038303075743e-01
1.000000000000000000e+00 3.320381995213759865e+02 1.162388634162125385e+02 -2.966916429517613724e+05 -1.493428941156187500e+13 6.493634317180328063e-06 1.797759117218898723e-06 9.220652432280440861e-07 -3.878529801117316719e-07 2.639152195458143524e+03 -2.279654121463559890e-01 7.052649695293968543e+05 -1.052690186226147227e+07 7.572094774119484839e+00 -8.503603780990678374e-01 4.212836548660096603e-01
1.000000000000000000e+00 3.605544936351887486e+02 1.018778835660775286e+02 -2.990286219184888760e+05 -1.517048463672758594e+13 7.106866154365382408e-06 1.588062188041942679e-06 1.060242425359825398e-06 -2.505656324984297983e-07 2.731338847770770826e+03 -1.362979076566838699e-01 7.424341854680801043e+05 -6.401994639395731501e+06 7.704291115339230167e+00 -9.137364121222192326e-01 2.562780926368976031e-01
1.000000000000000000e+00 3.799077842868317703e+02 8.493756353759722799e+01 -3.013656131459161988e+05 -1.540853427830189258e+13 7.546861032189084647e-06 1.334345596953098724e-06 1.156073887628524354e-06 -8.734024177728503892e-08 2.800942808852222242e+03 -4.364282489165510759e-02 7.742074798797864933e+05 -2.084537505117743975e+06 7.769455825080682665e+00 -9.453805264773021966e-01 8.275477549143130107e-02
1.000000000000000000e+00 3.896767630459735869e+02 6.587712766536425590e+01 -3.037026108368572895e+05 -1.564843776804602734e+13 7.800950080167403048e-06 1.042936848809691971e-06 1.200457201349177741e-06 1.082537493154977902e-07 2.846696434409475842e+03 4.928611247142978408e-02 7.999177237447738880e+05 2.393164015817522071e+06 7.767414426579383857e+00 -9.443851735328322450e-01 -9.343092542648395726e-02
1.000000000000000000e+00 3.897479296796927315e+02 4.519234431686579967e+01 -3.060396096283790539e+05 -1.589019456442766406e+13 7.862414225844849858e-06 7.209702452148155148e-07 1.189809814535615830e-06 3.448676991863317452e-07 2.867447780176606557e+03 1.417718909493138613e-01 8.189075596999077825e+05 6.996377474255745299e+06 7.698314280405149646e+00 -9.108473875042452095e-01 -2.663639082100419109e-01
1.000000000000000000e+00 3.801448141835728620e+02 2.338816256018373352e+01 -3.083766041488813935e+05 -1.613380410799679688e+13 7.727249878155814449e-06 3.759692768443874170e-07 1.125217330794357043e-06 6.343720747890875703e-07 2.862173546092367360e+03 2.331006490322957425e-01 8.305358130574005190e+05 1.168825348521099426e+07 7.562633336299390940e+00 -8.458665382494817697e-01 -4.302353954472148967e-01
1.000000000000000000e+00 3.611740001118493524e+02 1.023019602530794048e+00 -3.107135887836063630e+05 -1.637926579662904297e+13 7.397265229578192593e-06 1.656986744896974696e-08 1.013309586878356589e-06 9.934168695250547423e-07 2.829985833219415326e+03 3.225647544416200829e-01 8.341824366690783063e+05 1.642999495813440345e+07 7.361171962905481259e+00 -7.515133922863629357e-01 -5.795000589694269122e-01
1.000000000000000000e+00 3.334186615905983331e+02 -2.135088693073507571e+01 -3.130505585691599408e+05 -1.662657907958044141e+13 6.880164961927365609e-06 -3.484217319920061550e-07 8.656743826161144637e-07 1.445862020892441404e-06 2.770157241589665318e+03 4.094486525311644698e-01 8.292591387726133689e+05 2.118014988733188435e+07 7.095092450387684657e+00 -6.308008107957709942e-01 -7.090014353555706972e-01
1.000000000000000000e+00 2.975563019369318454e+02 -4.321117716068005166e+01 -3.153875089590342250e+05 -1.687574343497735352e+13 6.185974222041971779e-06 -7.104203905474912499e-07 6.967286550488711647e-07 2.026886708931671533e-06 2.682144555017655421e+03 4.930339551896781858e-01 8.152202658491249895e+05 2.589484734353149682e+07 6.765951430354301799e+00 -4.876272039226981492e-01 -8.141329187159302982e-01
1.000000000000000000e+00 2.544981049117145631e+02 -6.401931270707343913e+01 -3.177244357454586425e+05 -1.712675836304450977e+13 5.330029763843797570e-06 -1.060318786226458915e-06 5.229901733658302928e-07 2.790103489263697483e-06 2.565612549405700975e+03 5.726029594891676178e-01 7.915743763307176996e+05 3.052797396704808623e+07 6.375729705000036773e+00 -3.266933594452365863e-01 -8.909905439129466309e-01
1.000000000000000000e+00 2.053635459436250130e+02 -8.328012453166304851e+01 -3.200613355891911779e+05 -1.737962344498463086e+13 4.332624308992713625e-06 -1.389470756176526540e-06 3.613246449141573108e-07 3.820373620333068925e-06 2.420477172897497894e+03 6.474354900388288314e-01 7.579025382049513282e+05 3.503100610119498521e+07 5.926906868494985936e+00 -1.534094824913822819e-01 -9.365138718861200084e-01
1.000000000000000000e+00 1.512938396748069465e+02 -1.005600803966015349e+02 -3.223982057069074945e+05 -1.763433831222423828e+13 3.215202459389333894e-06 -1.690024729829659392e-06 2.269589389134295581e-07 5.258541002921671801e-06 2.246931102434159129e+03 7.168196117723879546e-01 7.138722110955487005e+05 3.935358827591359615e+07 5.422486973030757440e+00 2.624989442674791756e-02 -9.486325135169459966e-01
1.000000000000000000e+00 9.359216982542039887e+01 -1.154382597472072263e+02 -3.247350436193734640e+05 -1.789090262086969141e+13 2.003379097418696476e-06 -1.954131387679897774e-06 1.327800502631011103e-07 7.352386044050318725e-06 2.045462844093457534e+03 7.800615391810503674e-01 6.592497511976641836e+05 4.344411787504588068e+07 4.866006642136915694e+00 2.059244688351141161e-01 -9.263842706454722409e-01
1.000000000000000000e+00 3.368481543628716679e+01 -1.275647802440220318e+02 -3.270718480199921760e+05 -1.814931614930496094e+13 7.262260134255880532e-07 -2.174947517346211187e-06 8.785822722857240450e-08 1.057029215462844377e-05 1.816918261327459504e+03 8.364851058183047083e-01 5.939273151554664364e+05 4.724978753150817007e+07 4.261641987682248889e+00 3.790427709923998578e-01 -8.700110818996663609e-01
1.000000000000000000e+00 -2.706434212643175741e+01 -1.366736067938888652e+02 -3.294086184708948131e+05 -1.840957876887182812e+13 -5.876610365357865701e-07 -2.346899242501600982e-06 9.642275719149331223e-08 1.588543852839767814e-05 1.562520766247561596e+03 8.854478334412405616e-01 5.179377489087874419e+05 5.071757554208846390e+07 3.614211080713740198e+00 5.390634269340525142e-01 -7.810270979405140590e-01
1.000000000000000000e+00 -8.720956973185886341e+01 -1.425305248367663182e+02 -3.317453548558615148e+05 -1.867169038573137109e+13 -1.907056055111904343e-06 -2.464833378358325695e-06 1.577426392984461554e-07 2.559591167498921570e-05 1.283865941458112957e+03 9.263576600548212303e-01 4.314614385270458297e+05 5.379535085046368837e+07 2.929117887595563019e+00 6.797437705897155791e-01 -6.622243678883821261e-01
1.000000000000000000e+00 -1.452733373132237773e+02 -1.449903790079880537e+02 -3.340820581620416488e+05 -1.893565103075436719e+13 -3.199142095169181617e-06 -2.525033644953218727e-06 2.660481342406588264e-07 4.620771792023697141e-05 9.829704211356163341e+02 9.586796827167166635e-01 3.348515000110188848e+05 5.643247018892266601e+07 2.212422835749904504e+00 7.953849996626433105e-01 -5.176440963613490043e-01
1.000000000000000000e+00 -1.999271330999335703e+02 -1.440042144919634950e+02 -3.364187299936743802e+05 -1.920146080838563281e+13 -4.433496497547760418e-06 -2.525400145528951315e-06 4.112596449509765130e-07 1.020107956839143802e-04 6.622537113789925343e+02 9.819540326932417740e-01 2.286371574839129171e+05 5.858107101947815716e+07 1.470758854356037260e+00 8.811115492934037396e-01 -3.524700653860878830e-01
1.000000000000000000e+00 -2.498430512427391079e+02 -1.395645112320916041e+02 -3.387553725113564869e+05 -1.946911989210938672e+13 -5.578891704785671806e-06 -2.464540857046988468e-06 5.795400117090830442e-07 3.313008327114515803e-04 3.245266529564775055e+02 9.958087930576503544e-01 1.135289458257429505e+05 6.019714989033076912e+07 7.112685699117835547e-01 9.331192246355225484e-01 -1.728618610696912583e-01
1.000000000000000000e+00 -2.937537891222390272e+02 -1.317610106660483780e+02 -3.410919889879783150e+05 -1.973862859099741797e+13 -6.604644724998957912e-06 -2.342789498064091656e-06 7.545911832742546958e-07 9.837006746200053706e-04 -2.699567310971026757e+01 9.999718029513138262e-01 -9.567741646314820173e+03 6.124163422121226788e+07 -5.840074181842901113e-02 9.488885990306812346e-01 1.425265350155572458e-02
1.000000000000000000e+00 -3.306252082750173713e+02 -1.207811254585999450e+02 -3.434285832008094876e+05 -2.000998728327760156e+13 -7.484570189558617860e-06 -2.162272086770332203e-06 9.198748587826897150e-07 2.662776282151746898e-04 -3.887585257611451652e+02 9.942846937922703576e-01 -1.395665698728135030e+05 6.168164825972370803e+07 -8.302672934965801277e-01 9.273624284276994478e-01 2.014736681263393503e-01
1.000000000000000000e+00 -3.595031937299755214e+02 -1.068520705251485623e+02 -3.457651591449686093e+05 -2.028319638471631641e+13 -8.193669587812729707e-06 -1.925923371359423425e-06 1.059317066853644288e-06 8.757395523552124030e-05 -7.569290761085555914e+02 9.787105479040848488e-01 -2.752148609619258787e+05 6.149144516377259791e+07 -1.596165712664872949e+00 8.690414928422979246e-01 3.812605374693031624e-01
1.000000000000000000e+00 -3.795804795249161998e+02 -9.029437607042719094e+01 -3.481017216240225825e+05 -2.055825641924123047e+13 -8.709726259550114316e-06 -1.638482111450059812e-06 1.158825474864638210e-06 4.091912551372928501e-05 -1.127417332436096331e+03 9.533409719074014133e-01 -4.150949230128566851e+05 6.065333854004653543e+07 -2.347802036009349891e+00 7.760108290207964332e-01 5.462599271965231651e-01
1.000000000000000000e+00 -3.903556558978089015e+02 -7.151377183264779092e+01 -3.504382758939202758e+05 -2.083516797980632031e+13 -9.017091478651825980e-06 -1.306399637313220242e-06 1.208521852521169016e-06 2.296346118786888338e-05 -1.495962541292947435e+03 9.184001302132474009e-01 -5.576503618499487638e+05 5.915847145780204237e+07 -3.076939320611746354e+00 6.518818026843229418e-01 6.896686387336100621e-01
1.000000000000000000e+00 -3.914713843629100438e+02 -5.093930230965700190e+01 -3.527748271939663100e+05 -2.111393167404159766e+13 -9.103157855692754839e-06 -9.367536884103841855e-07 1.202956949475136743e-06 1.430973150653130917e-05 -1.858233223067961262e+03 8.742417288794904762e-01 -7.012199137173313648e+05 5.700714491588357091e+07 -3.775597432736565118e+00 5.016364369448836902e-01 8.055765650502830777e-01
1.000000000000000000e+00 -3.827811509042315379e+02 -2.907355520264071203e+01 -3.551113813287393423e+05 -2.139454819430520312e+13 -8.960032808798564218e-06 -5.381924056014323224e-07 1.142114435596494996e-06 9.509861633407573882e-06 -2.209872972371742890e+03 8.213487193252262397e-01 -8.440533185852828901e+05 5.420931180055234581e+07 -4.436129555390789569e+00 3.314153143163034443e-01 8.892449648836566745e-01
1.000000000000000000e+00 -3.644870979019746073e+02 -6.474923275202782769e+00 -3.574479438689656672e+05 -2.167701822300005078e+13 -8.587948420315552240e-06 -1.206485929775528757e-07 1.032074370889647201e-06 6.581193532117195928e-06 -2.546624616301751303e+03 7.603204655783991628e-01 -9.843587368438623380e+05 5.078423166832230985e+07 -5.051448705351798019e+00 1.482088439232334687e-01 9.373509789948435422e-01
1.000000000000000000e+00 -3.369614988940110152e+02 1.630863697437398230e+01 -3.597845200385246426e+05 -2.196134241785242578e+13 -7.991296036137739055e-06 3.058686531971006586e-07 8.832888249295582945e-07 4.667084207543107104e-06 -2.864409714644121323e+03 6.918590136290901915e-01 -1.120336116815333953e+06 4.676000407009874284e+07 -5.615150763225009278e+00 -4.048625167782184814e-02 9.481316278714059242e-01
1.000000000000000000e+00 -3.008038294126277492e+02 3.869247057644187038e+01 -3.621211151747325785e+05 -2.224752146709389844e+13 -7.180119531865307572e-06 7.303905436714376459e-07 7.101632025252643173e-07 3.349648601662605170e-06 -3.159377212034617969e+03 6.167600828410866320e-01 -1.250200546327940188e+06 4.217335962294141948e+07 -6.121569160478768090e+00 -2.270130430183708026e-01 9.214433242201605090e-01
1.000000000000000000e+00 -2.569502154770835318e+02 6.008116902935725534e+01 -3.644577341810350772e+05 -2.253555602222782422e+13 -6.172919613392569815e-06 1.141459158061924324e-06 5.303645918053801254e-07 2.405602776933284836e-06 -3.427993131020736200e+03 5.358917287729024759e-01 -1.372223366453754017e+06 3.706855522403731942e+07 -6.565904441834308436e+00 -4.039306081717372043e-01 8.587390676670888512e-01
1.000000000000000000e+00 -2.064703670256788257e+02 7.993697838701289982e+01 -3.667943810144295567e+05 -2.282544663251478906e+13 -4.992003350451346902e-06 1.528428874342850112e-06 3.621148729491298477e-07 1.706939158642467582e-06 -3.667106279203585927e+03 4.501692977947303609e-01 -1.484766040854830295e+06 3.149590845402783528e+07 -6.944299603784948260e+00 -5.643631578982160057e-01 7.629462298669983378e-01
1.000000000000000000e+00 -1.506087481225322051e+02 9.773283730503965216e+01 -3.691310592673291685e+05 -2.311719381410062109e+13 -3.664588816791147103e-06 1.880597816991930596e-06 2.225579898650677742e-07 1.176120299007383267e-06 -3.873959676108449003e+03 3.605447483546068699e-01 -1.586293614606000716e+06 2.551122965875372291e+07 -7.253808695667849804e+00 -7.022709790010255304e-01 6.382853568894182317e-01
1.000000000000000000e+00 -9.086489116310522718e+01 1.129814735262253578e+02 -3.714677715854952112e+05 -2.341079797520476953e+13 -2.224906247775672513e-06 2.187777777845784212e-06 1.261420596947444647e-07 7.639492395404921478e-07 -4.046230464396289335e+03 2.679811786517320993e-01 -1.675400274613951566e+06 1.917414457908051461e+07 -7.492420285258059920e+00 -8.126934615407211959e-01 4.900225131980008864e-01
1.000000000000000000e+00 -2.876629885756120331e+01 1.253006077633901469e+02 -3.738045194421021151e+05 -2.370625938371066406e+13 -7.087988435587009526e-07 2.441588985070843518e-06 8.270361620290790119e-08 4.380026023292861694e-07 -4.182033737690613634e+03 1.734324991041464870e-01 -1.750820904776921496e+06 1.254666815883808024e+07 -7.659013284785691766e+00 -8.919062807428133066e-01 3.241849986487298496e-01
1.000000000000000000e+00 3.410151594772473516e+01 1.343607965539319196e+02 -3.761413038759859628e+05 -2.400357825674041406e+13 8.455108315555145964e-07 2.634501360555543707e-06 9.674073725340082963e-08 1.762540579778019497e-07 -4.279900818222929047e+03 7.784065841946108399e-02 -1.811431941682097036e+06 5.692965548210565932e+06 -7.753269324310260835e+00 -9.374953935165236674e-01 1.472926176632813056e-01
1.000000000000000000e+00 9.603365588618801496e+01 1.399109201287461417e+02 -3.784781246750729624e+05 -2.430275465406593359e+13 2.395844955621627864e-06 2.760369547053236059e-06 1.667449364695894623e-07 -3.670396277114329184e-08 -4.338774579374673522e+03 -1.788882986031400946e-02 -1.856258913476937450e+06 -1.322504433975527994e+06 -7.775621357816435264e+00 -9.483882657094844237e-01 -3.394741010481589633e-02
1.000000000000000000e+00 1.554438395241056128e+02 1.418341233513823738e+02 -3.808149802807816886e+05 -2.460378846079689062e+13 3.901952725869520410e-06 2.815591104519952984e-06 2.853988542502260527e-07 -2.119032716207967389e-07 -4.357970802158652987e+03 -1.128977375372929165e-01 -1.884469169263101881e+06 -8.435944178726805374e+06 -7.727145285659929641e+00 -9.248040374265837915e-01 -2.129089539057471836e-01
1.000000000000000000e+00 2.108289599671754786e+02 1.400856442011608181e+02 -3.831518687000428909e+05 -2.490667950061329297e+13 5.324706554658325739e-06 2.797946533888211090e-06 4.405260295523086103e-07 -3.573806473187612148e-07 -4.337144391972877202e+03 -2.063665360081105571e-01 -1.895365679000603734e+06 -1.558375614691973664e+07 -7.609466889861249861e+00 -8.681656092149294679e-01 -3.832508400195845932e-01
1.000000000000000000e+00 2.607095476588560246e+02 1.347107076294018100e+02 -3.854887868624961120e+05 -2.521142744996246875e+13 6.624653235164825994e-06 2.707002761878816419e-06 6.160536190380312628e-07 -4.791102404445658550e-07 -4.276255786943963358e+03 -2.975282704752861274e-01 -1.888379976136010140e+06 -2.270375479096581787e+07 -7.424674952838846487e+00 -7.809796251409875101e-01 -5.391322264708359180e-01
1.000000000000000000e+00 3.038593529167728207e+02 1.258885728583566816e+02 -3.878257307942117332e+05 -2.551803185664860938e+13 7.767901188974831012e-06 2.545058452916087781e-06 7.941902009661352863e-07 -5.815970011938028260e-07 -4.175533313018741865e+03 -3.856668599774495942e-01 -1.863062375143766636e+06 -2.973524371748959646e+07 -7.175232739539170623e+00 -6.666904570595781898e-01 -6.753640263413295264e-01
1.000000000000000000e+00 3.392461514828844429e+02 1.138594668473041338e+02 -3.901626962517807260e+05 -2.582649222019603125e+13 8.724793117549315484e-06 2.315739594759468764e-06 9.569968041071862558e-07 -6.682733619695710371e-07 -4.035459297499065087e+03 -4.701069613268642478e-01 -1.819081867139609996e+06 -3.661842778413616121e+07 -6.863935279958401026e+00 -5.295385165009838246e-01 -7.875161549185847321e-01
1.000000000000000000e+00 3.659610146145282670e+02 9.893645748738384782e+01 -3.924996782185336924e+05 -2.613680792368620312e+13 9.468225491725297871e-06 2.024279572922739747e-06 1.087838413569012904e-06 -7.417908670057983066e-07 -3.856736431303439076e+03 -5.502200776758351397e-01 -1.756216630380562507e+06 -4.329505514043418318e+07 -6.493836012674534253e+00 -3.743937121152908776e-01 -8.720218369684837878e-01
1.000000000000000000e+00 3.834262938032751435e+02 8.153990662927905930e+01 -3.948366710695815855e+05 -2.644897825280277344e+13 9.979156594413369003e-06 1.678272672959403154e-06 1.174150202272743028e-06 -8.042134474006549847e-07 -3.640269490066850267e+03 -6.254190343142709274e-01 -1.674350685350536834e+06 -4.970816385633827746e+07 -6.068203399116053554e+00 -2.065983100370065162e-01 -9.262342442475097748e-01
1.000000000000000000e+00 3.913040694412861171e+02 6.211679299162941703e+01 -3.971736695186253637e+05 -2.676300252101875781e+13 1.024446488579450453e-05 1.286069108605680247e-06 1.208014620884793894e-06 -8.571493316877310680e-07 -3.387199026296413649e+03 -6.951431606829309162e-01 -1.573494194779053563e+06 -5.580105648042069376e+07 -5.590565869335610394e+00 -3.184067567200096066e-02 -9.484613378547395168e-01
1.000000000000000000e+00 3.894122070708687033e+02 4.115180982226441841e+01 -3.995106680272996309e+05 -2.707887999086935156e+13 1.025492306229383729e-05 8.570223584262880824e-07 1.186136738335096641e-06 -9.018620682912970008e-07 -3.098881925935334493e+03 -7.588650793009097395e-01 -1.453779751749533461e+06 -6.151795544339829683e+07 -5.064667332038564673e+00 1.440123834000708869e-01 -9.380048894144592531e-01
1.000000000000000000e+00 3.779096099742388333e+02 1.919700148522918681e+01 -4.018476608920453582e+05 -2.739660988479779688e+13 1.001022513065674593e-05 4.021329638871734315e-07 1.111198722114786802e-06 -9.393435629514978347e-07 -2.776897782894872762e+03 -8.160878919623436589e-01 -1.315470368283105781e+06 -6.680390482450929284e+07 -4.494467038974217843e+00 3.150655063764052910e-01 -8.951684014392637945e-01
1.000000000000000000e+00 3.571755972336477498e+02 -3.211912127868949529e+00 -4.041846430345289991e+05 -2.771619149290346875e+13 9.516035476309737473e-06 -6.767344656582223379e-08 9.910013175372896541e-07 -9.703643322716901121e-07 -2.423109225553658689e+03 -8.663375033208813303e-01 -1.158993448035651352e+06 -7.160425707014381886e+07 -3.884225932864955766e+00 4.755240106856929994e-01 -8.212610161273222742e-01
1.000000000000000000e+00 3.277189060918824453e+02 -2.554033247746985680e+01 -4.065216093936130055e+05 -2.803762409154985938e+13 8.781720230067247677e-06 -5.412339295587224617e-07 8.373251745280066279e-07 -9.955190992645018905e-07 -2.039644624262441084e+03 -9.091710434631951054e-01 -9.849389285675100982e+05 -7.586546622513708472e+07 -3.238464864112295949e+00 6.198687481587877857e-01 -7.185787900506668269e-01
1.000000000000000000e+00 2.903469748008992042e+02 -4.722608765584263324e+01 -4.088585553075200878e+05 -2.836090699645148047e+13 7.825009247286408755e-06 -1.006537338791269106e-06 6.655876338128784178e-07 -1.015254349147532323e-06 -1.628939400347679566e+03 -9.441762147719623410e-01 -7.940855199795411900e+05 -7.953515698604278266e+07 -2.562017319880689481e+00 7.430042333356287054e-01 -5.903706063190155007e-01
1.000000000000000000e+00 2.460251763339261117e+02 -6.776271964306015150e+01 -4.111954770870581851e+05 -2.868603964423674219e+13 6.668410783394820072e-06 -1.452492801257453654e-06 4.924801149919708890e-07 -1.029889130150877572e-06 -1.193799692538648969e+03 -9.709738750645992011e-01 -5.874390803467958467e+05 -8.256246592463803291e+07 -1.860114046116385200e+00 8.404120731444374437e-01 -4.407950680063570936e-01
1.000000000000000000e+00 1.957860507919275221e+02 -8.667787166444595925e+01 -4.135323713120315224e+05 -2.901302149757821875e+13 5.336858920878699855e-06 -1.868497763232644396e-06 3.342948746952789045e-07 -1.039633459429801352e-06 -7.373678715298459565e+02 -9.892296931288590001e-01 -3.662239896940355538e+05 -8.489917321187475324e+07 -1.138311475007452112e+00 9.083319196163961440e-01 -2.748197037644003471e-01
1.000000000000000000e+00 1.408901721811976984e+02 -1.035039519242416901e+02 -4.158692350657210336e+05 -2.934185207934714062e+13 3.862175084266817800e-06 -2.243822803078293626e-06 2.062498112395365102e-07 -1.044597198353547446e-06 -2.631478292610224230e+02 -9.986596532448198671e-01 -1.319035398227038968e+05 -8.650035728307126462e+07 -4.025155058929409391e-01 9.439111284913914712e-01 -9.810468075863300330e-02
1.000000000000000000e+00 8.267318973676198368e+01 -1.178593200224662638e+02 -4.182060664820178645e+05 -2.967253105225024219e+13 2.279027086472045437e-06 -2.569384448433984356e-06 1.205624251192192498e-07 -1.044795599464129753e-06 2.249475618896465221e+02 -9.990384262210201261e-01 1.137877674913544179e+05 -8.732532634649594128e+07 3.409623975567472876e-01 9.453472898324606355e-01 8.313392561726731800e-02
1.000000000000000000e+00 2.245962100411056284e+01 -1.294201339133887529e+02 -4.205428642676604795e+05 -3.000505815481998828e+13 6.225971898460343455e-07 -2.837180359687800630e-06 8.527587196736357005e-08 -1.040152115011940679e-06 7.226418291309746564e+02 -9.902108583862000435e-01 3.688580063065717113e+05 -8.733886434791564941e+07 1.085491583800004989e+00 9.120181208528898020e-01 2.623274601019375818e-01
1.000000000000000000e+00 -3.828012759665084275e+01 -1.378904121771970210e+02 -4.228796278064059443e+05 -3.033943321863344141e+13 -1.067049593290693788e-06 -3.039664594697571851e-06 1.037353560196311563e-07 -1.030496117669094320e-06 1.225306449405706189e+03 -9.721012733368157299e-01 6.310554382767229108e+05 -8.651233709233859181e+07 1.824153610997905295e+00 8.445698526145372087e-01 4.327753623390162563e-01
1.000000000000000000e+00 -9.809047098095676631e+01 -1.430802719562492200e+02 -4.252163576279822737e+05 -3.067565623865794922e+13 -2.749357703755694290e-06 -3.171498801449891632e-06 1.741724268271059045e-07 -1.015558231272673734e-06 1.727955649899362243e+03 -9.447252490071111897e-01 8.978577417162896600e+05 -8.482506494501835108e+07 2.549747259108394282e+00 7.449725893541864208e-01 5.878848462150975118e-01
1.000000000000000000e+00 -1.556105825750175313e+02 -1.448717394296932355e+02 -4.275530546176719363e+05 -3.101372726312436328e+13 -4.385545352265866662e-06 -3.228854832212458908e-06 2.900624375906760871e-07 -9.949591507549147764e-07 2.225359243847561174e+03 -9.081962021985300337e-01 1.166522968820333481e+06 -8.226528074534340203e+07 3.254965932880304447e+00 6.165061855591899009e-01 7.214657826751690317e-01
1.000000000000000000e+00 -2.094193809579241474e+02 -1.431885336783709590e+02 -4.298897203115784796e+05 -3.135364643800649219e+13 -5.934284947375309085e-06 -3.208781414917528758e-06 4.403150494373555641e-07 -9.681945122688000809e-07 2.712078707315425163e+03 -8.627325061706827558e-01 1.434103021715171402e+06 -7.883116807485029101e+07 3.932454526784979976e+00 4.636932789785458420e-01 8.279983674738452537e-01
1.000000000000000000e+00 -2.582020695655222084e+02 -1.380705966922225514e+02 -4.322263574958624085e+05 -3.169541409748571875e+13 -7.356401601354831181e-06 -3.110908806323588726e-06 6.104858898598330700e-07 -9.346173666763179183e-07 3.182498471940691616e+03 -8.086683650675489110e-01 1.697455573514555581e+06 -7.453227965900605917e+07 4.574856469292724270e+00 2.921853702567363542e-01 9.028955997359497943e-01
1.000000000000000000e+00 -3.008221263726759389e+02 -1.296336890580117540e+02 -4.345629693121550954e+05 -3.203903063699601953e+13 -8.617017141298370813e-06 -2.936604280834066394e-06 7.844965533639912929e-07 -8.934069251769648961e-07 3.630984795860171289e+03 -7.464510487473057232e-01 1.953325474932202371e+06 -6.938973907235279679e+07 5.175040212040109999e+00 1.085445443754122219e-01 9.427676477299732349e-01
1.000000000000000000e+00 -3.361668352996713907e+02 -1.180385284376508253e+02 -4.368995594660022762e+05 -3.238449654553401562e+13 -9.681238892721970860e-06 -2.688315431745477003e-06 9.454010243614664306e-07 -8.435312621328469092e-07 4.051966072132282079e+03 -6.766416895364913975e-01 2.198387913645809982e+06 -6.343676354712095857e+07 5.726203194985974854e+00 -8.001176734112278033e-02 9.456166633008741274e-01
1.000000000000000000e+00 -3.633176757974913471e+02 -1.035606568496301776e+02 -4.392361324526910321e+05 -3.273181244155128516e+13 -1.051911130444043695e-05 -2.371197272985281544e-06 1.077418402264843375e-06 -7.836994247457071982e-07 4.440025256786068894e+03 -5.999151529130526406e-01 2.429300415716621093e+06 -5.671910296960823238e+07 6.221987564486845201e+00 -2.659120172738397847e-01 9.109794492742598893e-01
1.000000000000000000e+00 -3.816100094667072540e+02 -8.654256993380852236e+01 -4.415726929667101358e+05 -3.308097898760280078e+13 -1.110750277706307110e-05 -1.992080241470063643e-06 1.167627403707713216e-06 -7.122894858043366821e-07 4.790044746132261025e+03 -5.170469708370989403e-01 2.642786320895273238e+06 -4.929424464097776264e+07 6.656663026534779704e+00 -4.415912716337522248e-01 8.399939927481054891e-01
1.000000000000000000e+00 -3.904754321136438762e+02 -6.736103419132945191e+01 -4.439092460928722867e+05 -3.343199691992416406e+13 -1.142568823223199239e-05 -1.558754674307848956e-06 1.206409683573965912e-06 -6.272586173844655341e-07 5.097297804597409595e+03 -4.289054753768527517e-01 2.835692515414731111e+06 -4.123105599581131339e+07 7.025226976213417629e+00 -5.998413527982374704e-01 7.353795697560122635e-01
1.000000000000000000e+00 -3.896113288223722293e+02 -4.649142676957180242e+01 -4.462457976624597795e+05 -3.378486710390568359e+13 -1.146041066586807540e-05 -1.081488349695582740e-06 1.189517571841262009e-06 -5.260262110865606519e-07 5.357539555914588163e+03 -3.364449219183664463e-01 3.005049437819446903e+06 -3.260948581189621240e+07 7.323499113410496086e+00 -7.341521798924498521e-01 6.013429454195491353e-01
1.000000000000000000e+00 -3.790200914379443589e+02 -2.445094880354657008e+01 -4.485823531416564365e+05 -3.413959036785853125e+13 -1.120724538991539977e-05 -5.717586356097000900e-07 1.118663165877887055e-06 -4.052880330716278686e-07 5.567142825398051173e+03 -2.406742650396683503e-01 3.148158935798706487e+06 -2.351785339988357946e+07 7.548272304455665882e+00 -8.390562173038260685e-01 4.433705296429040765e-01
1.000000000000000000e+00 -3.588412605087542602e+02 -1.763116686851351256e+00 -4.509189178921987186e+05 -3.449616754144803125e+13 -1.066584563762709901e-05 -4.144330132818794724e-08 1.000213617978875451e-06 -2.607763564012838701e-07 5.723148806753480130e+03 -1.426427539058308103e-01 3.262637317374807317e+06 -1.405164645333330147e+07 7.697341573435720008e+00 -9.103773159459523923e-01 2.679662405386584179e-01
1.000000000000000000e+00 -3.295122184789748303e+02 2.098317991412622163e+01 -4.532554975535986596e+05 -3.485459951406441406e+13 -9.844849192236609226e-06 4.957802434308292179e-07 8.455948087380255385e-07 -8.692765386704927000e-08 5.823315727287290429e+03 -4.342772535848542226e-02 3.346458648269397207e+06 -4.312468605008520186e+06 7.769529029954107990e+00 -9.454161113565440200e-01 8.234768333232148074e-02
1.000000000000000000e+00 -2.917773442772659109e+02 4.319910639805824815e+01 -4.555920971400439157e+05 -3.521488709631432812e+13 -8.762382624477439252e-06 1.025949010433529787e-06 6.703813042219955998e-07 1.236352279243516346e-07 5.866166666294681818e+03 5.589840859338920942e-02 3.397998883651405107e+06 5.595153634532750584e+06 7.764706524911208163e+00 -9.430651369823962460e-01 -1.059288113615181048e-01
1.000000000000000000e+00 -2.465024087545655220e+02 6.433308768405119338e+01 -4.579287213097233325e+05 -3.557703105939073438e+13 -7.440695210993165571e-06 1.535702569646998145e-06 4.920454334438001256e-07 3.808376081025622625e-07 5.850987837049867267e+03 1.542822090281049108e-01 3.416052407947750296e+06 1.556520755642572045e+07 7.683752153594738843e+00 -9.038177746117698197e-01 -2.893202327340596014e-01
1.000000000000000000e+00 -1.948188937087142847e+02 8.381437031147325456e+01 -4.602653743041318376e+05 -3.594103212418288281e+13 -5.910630920639875935e-06 2.010951620202134399e-06 3.288823827686734288e-07 6.982737785295495519e-07 5.777817375195859313e+03 2.507069396702271691e-01 3.399842938346926589e+06 2.549207207161410898e+07 7.528496429208079377e+00 -8.296993736600376534e-01 -4.606427218864848627e-01
1.000000000000000000e+00 -1.380986873346692789e+02 1.011233849802909361e+02 -4.626020592446895898e+05 -3.630689084921645312e+13 -4.211061426896670614e-06 2.438563067012722224e-06 1.977978009536444029e-07 1.094995825236522827e-06 5.647394219961844101e+03 3.442181393514968102e-01 3.349010448003797326e+06 3.527328344917132705e+07 7.301619370827961752e+00 -7.241100210700039952e-01 -6.133982771171168080e-01
1.000000000000000000e+00 -7.774959240372959357e+01 1.158259735175808913e+02 -4.649387784367684508e+05 -3.667460767417707031e+13 -2.382804192314662405e-06 2.807220721698900949e-06 1.121355809315519768e-07 1.598335458506977693e-06 5.461098327361573865e+03 4.339299160013924128e-01 3.263591515587734524e+06 4.481043189239981771e+07 7.006541180602202878e+00 -5.916130603718157133e-01 -7.420153346711644282e-01
1.000000000000000000e+00 -1.534352088899214550e+01 1.275145283275632409e+02 -4.672755366091601318e+05 -3.704418343030576562e+13 -4.725987168690206365e-07 3.106043583014064783e-06 8.082518232902323421e-08 2.248211995008069600e-06 5.221048674866732654e+03 5.189885521308849059e-01 3.144093082047760487e+06 5.400564649667869508e+07 6.647518754259135854e+00 -4.377733754882851547e-01 -8.419900491743915749e-01
1.000000000000000000e+00 4.743534225737356280e+01 1.358767897898755166e+02 -4.696123284167268430e+05 -3.741561735859410938e+13 1.468371655073643990e-06 3.326286084880886893e-06 1.071778029067969235e-07 3.106672597706878067e-06 4.929423507941239222e+03 5.987528136732332973e-01 2.991096812822077889e+06 6.278062625836828351e+07 6.228755386756433587e+00 -2.685564125431202931e-01 -9.102033979185762957e-01
1.000000000000000000e+00 1.090037798055602849e+02 1.407205176693733222e+02 -4.719491562181080226e+05 -3.778890991676303906e+13 3.391026909014996621e-06 3.462003237647107596e-06 1.884959076814718901e-07 4.270872523595449353e-06 4.589201943631950599e+03 6.725429752951254114e-01 2.805714044780313037e+06 7.105097080513644218e+07 5.755332429601306643e+00 -9.050751285548959413e-02 -9.446698701253971597e-01
1.000000000000000000e+00 1.677550235412748805e+02 1.419072706642874380e+02 -4.742860187160629430e+05 -3.816406098166501562e+13 5.244575249617124535e-06 3.508486431655245169e-06 3.163831147977377984e-07 5.902700526882900390e-06 4.203585152959904917e+03 7.398032574387389815e-01 2.589247515258769970e+06 7.874331535632844269e+07 5.232456335188195418e+00 8.979180569078419605e-02 -9.447381680350881439e-01
1.000000000000000000e+00 2.221195486347287726e+02 1.394143869637947262e+02 -4.766229133457504213e+05 -3.854107022103577344e+13 6.978404886481425689e-06 3.463836162670320567e-06 4.775786325154153989e-07 8.287418633270476879e-06 3.776011918737121505e+03 8.000623333355184608e-01 2.343206144356039818e+06 8.579158739706259966e+07 4.665473183747384844e+00 2.659080870892601700e-01 -9.109806061807993460e-01
1.000000000000000000e+00 2.707676816730941027e+02 1.333455913328940312e+02 -4.789598368913184386e+05 -3.891993718867567969e+13 8.548509292336344727e-06 3.329297391482080331e-06 6.558309422403454328e-07 1.196544799436507974e-05 3.310137180327188617e+03 8.529208391578559922e-01 2.069297087324651890e+06 9.213599234117375314e+07 4.059837216668956472e+00 4.317436009242869299e-01 -8.450977693636695376e-01
1.000000000000000000e+00 3.124720495372370692e+02 1.238563337776849949e+02 -4.812967856595896301e+05 -3.930066135023320312e+13 9.913308044922440458e-06 3.107463336917302257e-06 8.329888647693235556e-07 1.806195142964657659e-05 2.809802493298636819e+03 8.980450281351407549e-01 1.769412100063230610e+06 9.772260832775966823e+07 3.421070911981398677e+00 5.817056327129423998e-01 -7.498075317693742026e-01
1.000000000000000000e+00 3.461592345850993411e+02 1.112083033483345531e+02 -4.836337548981168657e+05 -3.968324198581232031e+13 1.103537233209660861e-05 2.803681339782365485e-06 9.908839405059540493e-07 2.923943019239543838e-05 2.278946553739458523e+03 9.351653897391469794e-01 1.445575069158994360e+06 1.025034948634402454e+08 2.754654355062672533e+00 7.108628685525021362e-01 -6.287024423738857282e-01
1.000000000000000000e+00 3.710876099117326703e+02 9.576701772126854451e+01 -4.859707393857344287e+05 -4.006767828315280469e+13 1.188724022672161225e-05 2.426056527624818838e-06 1.114139564356471489e-06 5.304657867768512269e-05 1.721627965322511045e+03 9.640649474828567600e-01 1.099958798705409514e+06 1.064356557673154771e+08 2.066054060513612622e+00 8.150377616580815054e-01 -4.861133891495973969e-01
1.000000000000000000e+00 3.866849269308752923e+02 7.792169896612291780e+01 -4.883077339102210244e+05 -4.045396941491570312e+13 1.244644460716034385e-05 1.983475532463279921e-06 1.190827665080466625e-06 1.175648106320418808e-04 1.142061548067522153e+03 9.845726578699983689e-01 7.349111338990463410e+05 1.094805137107563317e+08 1.360766704284777973e+00 8.908854736269160579e-01 -3.269798985032815186e-01
1.000000000000000000e+00 3.925846961559759620e+02 5.813637104489246354e+01 -4.906447328687602421e+05 -4.084211447220189844e+13 1.269682024619703606e-05 1.486927835655728408e-06 1.213533239648882597e-06 3.766862616378492895e-04 5.445760857513693054e+02 9.965625130253777941e-01 3.529311652256760863e+05 1.116039918450866789e+08 6.442680640438053219e-01 9.359694565453366977e-01 -1.566970282565919859e-01
1.000000000000000000e+00 3.887761817155706581e+02 3.693923996151063704e+01 -4.929817306500790291e+05 -4.123211252692596094e+13 1.263353650429823490e-05 9.492784287888360160e-07 1.180735492070795625e-06 9.735998965867884419e-04 -6.634567048961312707e+01 9.999497791305614891e-01 -4.330204238792328397e+04 1.127762683999433964e+08 -7.793925966353033863e-02 9.488050381198274152e-01 1.902059394976460607e-02
1.000000000000000000e+00 3.754165553330818170e+02 1.484171047802201393e+01 -4.953187219818574376e+05 -4.162396269017167188e+13 1.225723827074964052e-05 3.832159094003478950e-07 1.095871449688903590e-06 2.810047537608478005e-04 -6.860237848435001524e+02 9.946912157987899405e-01 -4.508975102352723479e+05 1.129719655255618691e+08 -8.002763658779901146e-01 9.288971100053325936e-01 1.942754320161353132e-01
1.000000000000000000e+00 3.528571475215217674e+02 -7.609007072043870501e+00 -4.976557014009646955e+05 -4.201766402407870312e+13 1.157503644940874306e-05 -1.973930253463190397e-07 9.673669482947467192e-07 9.630721421645526835e-05 -1.309631772011378871e+03 9.807863532148419772e-01 -8.667813342496701516e+05 1.121704598539597392e+08 -1.517149355589171744e+00 8.767616719743962506e-01 3.631552782536918711e-01
1.000000000000000000e+00 3.217714660214020341e+02 -2.984383608444214886e+01 -4.999926639308934682e+05 -4.241321565601663281e+13 1.060487675742180479e-05 -7.778450814428451739e-07 8.084674813585214720e-07 4.576747586321539999e-05 -1.932121088214308884e+03 9.582802887429063832e-01 -1.287643001825981541e+06 1.103563745211212188e+08 -2.222862972297658057e+00 7.939318898969532912e-01 5.198701192384876935e-01
1.000000000000000000e+00 2.829486301533830783e+02 -5.135028363648094540e+01 -5.023296054987221141e+05 -4.281061685158512500e+13 9.368948134130202201e-06 -1.344641321124957559e-06 6.346503085820225836e-07 2.593404313207328061e-05 -2.548181421972140470e+03 9.272714486025654956e-01 -1.709903657027181936e+06 1.075206600935926288e+08 -2.911578683379577370e+00 6.829586663334338281e-01 6.589083759203300250e-01
1.000000000000000000e+00 2.373186009925261430e+02 -7.161528438545914810e+01 -5.046665221100072959e+05 -4.320986687690424219e+13 7.894611081458041159e-06 -1.884018003386699406e-06 4.624278651181285151e-07 1.627372017925834269e-05 -3.152340866639791784e+03 8.879139298212745945e-01 -2.129777775416946039e+06 1.036610792528059483e+08 -3.577433221170233324e+00 5.473639012928144254e-01 7.752325770018505535e-01
1.000000000000000000e+00 1.860658719187223653e+02 -9.013966246789223646e+01 -5.070034104307552334e+05 -4.361096509904496094e+13 6.218305682040094623e-06 -2.382328464590317549e-06 3.084309242745429987e-07 1.087890787641447812e-05 -3.738928097549561244e+03 8.404253076849056425e-01 -2.543243736920330673e+06 9.878334546808266640e+07 -4.214496769584556546e+00 3.915835115405894573e-01 8.644392075088092042e-01
1.000000000000000000e+00 1.304118827330379986e+02 -1.065125592031297117e+02 -5.093402679959220113e+05 -4.401391102468245312e+13 4.378442408388254462e-06 -2.828027731487301205e-06 1.872192404735228380e-07 7.571480383727984948e-06 -4.302091626577590432e+03 7.850952545389902060e-01 -2.946052445348000154e+06 9.290239464323621988e+07 -4.816796735904977922e+00 2.208779057628754428e-01 9.229332271839636448e-01
1.000000000000000000e+00 7.164565466419030315e+01 -1.203490113479824970e+02 -5.116770928012053482e+05 -4.441870423266832031e+13 2.416463804183070987e-06 -3.210061353647352418e-06 1.102180308146596567e-07 5.402212038660461625e-06 -4.835890970129029483e+03 7.222881097755569080e-01 -3.333786049956154078e+06 8.604297697979171574e+07 -5.378420561604831285e+00 4.118662778452984730e-02 9.481014997834383840e-01
1.000000000000000000e+00 1.122788274370249262e+01 -1.313043752114156462e+02 -5.140138837286900962e+05 -4.482534445009566406e+13 3.804233647605748532e-07 -3.518267680114607706e-06 8.472255936957724224e-08 3.905207112442925247e-06 -5.334324667152046459e+03 6.524517230500093135e-01 -3.701875359025194775e+06 7.824101353548893332e+07 -5.893544674364990854e+00 -1.410335671849802797e-01 9.384574184439042899e-01
1.000000000000000000e+00 -4.943209340606905045e+01 -1.391441404923397442e+02 -5.163506406945317285e+05 -4.523383158168827344e+13 -1.682473325221196402e-06 -3.745281577130684412e-06 1.130208776059213996e-07 2.830465089204379031e-06 -5.791408125256250969e+03 5.761240340497664203e-01 -4.045652832020015456e+06 6.954472147431913018e+07 -6.356516991170819253e+00 -3.190164695193662414e-01 8.937680272789756408e-01
1.000000000000000000e+00 -1.089377841683804178e+02 -1.436765045385018027e+02 -5.186873638932787580e+05 -4.564416558090208594e+13 -3.724591687236143793e-06 -3.884778426086752205e-06 1.924594739761820310e-07 2.034115853627780108e-06 -6.201325643017305993e+03 4.939256897217949027e-01 -4.360459860882680863e+06 6.001407388636160642e+07 -6.762017091617522624e+00 -4.859567963856639694e-01 8.151311474620228648e-01
1.000000000000000000e+00 -1.658094702323550393e+02 -1.447672476347274539e+02 -5.210240543711545761e+05 -4.605634655238018750e+13 -5.694578316641894466e-06 -3.931904158356365864e-06 3.153987011952804067e-07 1.428734718794917681e-06 -6.558490521189373794e+03 4.065662366144588979e-01 -4.641693200146547519e+06 4.972188495361507684e+07 -7.105110569876479154e+00 -6.352650999097994022e-01 7.050042903828086516e-01
1.000000000000000000e+00 -2.187090871578309930e+02 -1.424041131221809451e+02 -5.233607143039979856e+05 -4.647037480468706250e+13 -7.545055032719794534e-06 -3.885066747043942427e-06 4.701152874108824281e-07 9.587556165755376812e-07 -6.857655707321387126e+03 3.148462072206557050e-01 -4.884889045604373328e+06 3.875441900706905127e+07 -7.381355683169491755e+00 -7.608513365147420160e-01 5.671843099475646355e-01
1.000000000000000000e+00 -2.663933171911407953e+02 -1.366243620761211162e+02 -5.256973461720476625e+05 -4.688625070758683594e+13 -9.231102531520588551e-06 -3.744025201867314626e-06 6.418972236103800238e-07 5.874556019380601617e-07 -7.094078059152770038e+03 2.196396919787434177e-01 -5.085848582632537931e+06 2.720959185104234889e+07 -7.586963274096759413e+00 -8.574335499707772534e-01 4.066946105087337338e-01
1.000000000000000000e+00 -3.076247025199854761e+02 -1.275303912647784870e+02 -5.280339533244987251e+05 -4.730397479440142188e+13 -1.070723957795893833e-05 -3.510349619224592670e-06 8.139964388821445334e-07 2.898175241012621026e-07 -7.263611440270226922e+03 1.218940361314394955e-01 -5.240716724270445295e+06 1.519722443339557946e+07 -7.718874939557058390e+00 -9.207950278336074490e-01 2.296286494638900555e-01
1.000000000000000000e+00 -3.413949587110481616e+02 -1.153472331750586619e+02 -5.303705398491462693e+05 -4.772354774199580469e+13 -1.193523461917219248e-05 -3.189050568112134809e-06 9.698954926386052193e-07 4.832387768927701836e-08 -7.362836350323224906e+03 2.261685896799869519e-02 -5.346089928736655042e+06 2.837704312656532507e+06 -7.774876831268156430e+00 -9.480248152782936311e-01 4.291562255887231003e-02
1.000000000000000000e+00 -3.668678475342359206e+02 -1.003442423616427845e+02 -5.327071099208367523e+05 -4.814497025593432812e+13 -1.288227628693912581e-05 -2.786479055868744798e-06 1.094414911219512868e-06 -1.496000632214350123e-07 -7.389169480873555585e+03 -7.714837082825089232e-02 -5.399112907306771725e+06 -9.740859501100761816e+06 -7.753688118733011336e+00 -9.376990808112096731e-01 -1.459905339199002450e-01
1.000000000000000000e+00 -3.832944166309339380e+02 -8.285088567241491830e+01 -5.350436684789120918e+05 -4.856824319381469531e+13 -1.351811654998374153e-05 -2.310793919722054966e-06 1.174593794240110425e-06 -3.131436784447765884e-07 -7.340943122797318210e+03 -1.763275356921168158e-01 -5.397556198007020168e+06 -2.240315531369931251e+07 -7.655014676937617502e+00 -8.899844730094549350e-01 -3.294244087128774257e-01
1.000000000000000000e+00 -3.902295197903405324e+02 -6.330572366777713000e+01 -5.373802210446906975e+05 -4.899336753501753125e+13 -1.382280754790372442e-05 -1.773370529691560225e-06 1.202291838984439636e-06 -4.491472862349320758e-07 -7.217488590132304125e+03 -2.738366086865862137e-01 -5.339898882762009278e+06 -3.500919889517807215e+07 -7.479604958753496291e+00 -8.066719748287850544e-01 -4.998731132846738756e-01
1.000000000000000000e+00 -3.874589443000866140e+02 -4.217105279634540693e+01 -5.397167729743536329e+05 -4.942034424619101562e+13 -1.378434296557623418e-05 -1.186465706438037898e-06 1.174635951800271876e-06 -5.627944606258712199e-07 -7.019162029261750831e+03 -3.686122410943094008e-01 -5.225370700651733205e+06 -4.741822899553904682e+07 -7.229244474922799313e+00 -6.911061356316983151e-01 -6.503576821693142218e-01
1.000000000000000000e+00 -3.749117030980576146e+02 -1.994779892150761569e+01 -5.420533297976037720e+05 -4.984917434288494531e+13 -1.339570202071373330e-05 -5.636530093085342965e-07 1.093665113263637926e-06 -6.580580854927116467e-07 -6.747357150833276137e+03 -4.596248843838300902e-01 -5.053985091669656336e+06 -5.949048772558524460e+07 -6.906737068895907328e+00 -5.480354518555062837e-01 -7.747579945242859534e-01
1.000000000000000000e+00 -3.528622338875354671e+02 2.784633208348704425e+00 -5.443898972609884804e+05 -5.027985889824103906e+13 -1.266221550002219351e-05 7.902288602720106251e-08 9.672289463436759960e-07 -7.380174287021700650e-07 -6.404499461783743754e+03 -5.458964208504201165e-01 -4.826558644525321200e+06 -7.108965047280491889e+07 -6.515868060087565361e+00 -3.833887476782775194e-01 -8.681047608605714228e-01
1.000000000000000000e+00 -3.218330571224099685e+02 2.546064800145607165e+01 -5.467264805026340764e+05 -5.071239889075540625e+13 -1.159832367113318617e-05 7.256286032454907760e-07 8.077518153154392349e-07 -8.050909510974111449e-07 -5.993953090103348586e+03 -6.265281062435333892e-01 -4.544664102530021220e+06 -8.208669052795052528e+07 -6.061280349531574352e+00 -2.039629583443408056e-01 -9.268181700872536455e-01
1.000000000000000000e+00 -2.824948429195714539e+02 4.751449672691720849e+01 -5.490630846341364086e+05 -5.114679531027647656e+13 -1.022415050537925795e-05 1.359950843755189786e-06 6.308390001407114178e-07 -8.611859387634020290e-07 -5.519979396880119566e+03 -7.007058968761399331e-01 -4.210620327986194752e+06 -9.236089582779411972e+07 -5.548407023116661563e+00 -1.710326729599312423e-02 -9.488415505939993277e-01
1.000000000000000000e+00 -2.358472972574085702e+02 6.834752699847177837e+01 -5.513997144451678032e+05 -5.158304910263242969e+13 -8.572192298448610325e-06 1.964554917727779650e-06 4.546924605057052787e-07 -9.078179033523217153e-07 -4.987629932578587614e+03 -7.677159152583156176e-01 -3.827430734070986509e+06 -1.018022552954584658e+08 -4.983340786346655449e+00 1.696571336379372741e-01 -9.337072710421383537e-01
1.000000000000000000e+00 -1.830905660481266750e+02 8.742420334852799613e+01 -5.537363735522183124e+05 -5.202116100841119531e+13 -6.682877245708549350e-06 2.523536364118321023e-06 2.974721791557464288e-07 -9.462001083383824730e-07 -4.402551304107804754e+03 -8.269605316685783025e-01 -3.398650766081175767e+06 -1.103140007095459402e+08 -4.372620566205314141e+00 3.489717559730207697e-01 -8.825029890202599203e-01
1.000000000000000000e+00 -1.255082144103474775e+02 1.042562643732011196e+02 -5.560730651108281454e+05 -5.246113169269710156e+13 -4.600430506426336614e-06 3.022100137204579854e-06 1.751616544707566717e-07 -9.772989007641928898e-07 -3.770918694391536519e+03 -8.779528153165220283e-01 -2.928349937195592560e+06 -1.178123228782384694e+08 -3.723152675340227091e+00 5.139782388177560613e-01 -7.977588502948672611e-01
1.000000000000000000e+00 -6.462647894752008426e+01 1.183718561627851216e+02 -5.584097915550116450e+05 -5.290296169387050000e+13 -2.378800297308879575e-06 3.445690886906008963e-06 1.005227326977732087e-07 -1.001882446951551679e-06 -3.099288494730184539e+03 -9.203196077105896267e-01 -2.421008840411467478e+06 -1.242272250738658309e+08 -3.042055372462066032e+00 6.585805732914298272e-01 -6.832747930302586203e-01
1.000000000000000000e+00 -2.057240265206106589e+00 1.294091101380560076e+02 -5.607465540848149685e+05 -5.334665132324541406e+13 -7.604069782115075553e-08 3.782738293364782049e-06 8.139399510272060122e-08 -1.020556860657376996e-06 -2.394413217696067477e+03 -9.538011056343744798e-01 -1.881382468477173010e+06 -1.295029171082719564e+08 -2.336472059003947610e+00 7.776764364560110332e-01 -5.438861788958502252e-01
1.000000000000000000e+00 6.062916338968539520e+01 1.370928662492710828e+02 -5.630833531006465200e+05 -5.379220074316192188e+13 2.250343047437631703e-06 4.024040807570208434e-06 1.198633452147846063e-07 -1.033789260697016805e-06 -1.663172271924780716e+03 -9.782403731389464063e-01 -1.314450016140968772e+06 -1.335968323806707412e+08 -1.613503373849955347e+00 8.672951836109742407e-01 -3.852166676086462016e-01
1.000000000000000000e+00 1.217558450242675292e+02 1.411995963663582927e+02 -5.654201881164700026e+05 -5.423960994716179688e+13 4.537907032184290958e-06 4.161784588414334750e-06 2.119931399821125860e-07 -1.041926943475222053e-06 -9.124625910680207426e+02 -9.935757129119897613e-01 -7.253308607181784464e+05 -1.364789877094120383e+08 -8.801029223719799566e-01 9.246875388183002364e-01 -2.134145570900213285e-01
1.000000000000000000e+00 1.797099455940917210e+02 1.416426523871179768e+02 -5.677570572039827239e+05 -5.468887864939550000e+13 6.725570325915055899e-06 4.192097969200909229e-06 3.482656506402972229e-07 -1.045210553954727067e-06 -1.490421475077136506e+02 -9.998310909975733907e-01 -1.191598639513509406e+05 -1.381310378267601430e+08 -1.429314114981592998e-01 9.483545680101819197e-01 -3.487738613320775366e-02
1.000000000000000000e+00 2.330619941875668530e+02 1.384364571589830462e+02 -5.700939578612407204e+05 -5.514000644693254688e+13 8.758149629538343207e-06 4.114070656669077668e-06 5.149590582404520844e-07 -1.043780738302630125e-06 6.204236463131710480e+02 -9.971024350560264704e-01 4.988784905009558424e+05 -1.385447115001668632e+08 5.915907655881338378e-01 9.380125188416780224e-01 1.439629616639542808e-01
1.000000000000000000e+00 2.804122488597434426e+02 1.316543871909047994e+02 -5.724308869432244683e+05 -5.559299280400011719e+13 1.058070251233567490e-05 3.928558519191982501e-06 6.949835892222263888e-07 -1.037683265748083614e-06 1.389413400228211003e+03 -9.855490521774429302e-01 1.123593828201150289e+06 -1.377208976177048385e+08 1.317325514068908632e+00 8.945364991831343815e-01 3.168552864786464696e-01
1.000000000000000000e+00 3.205560600459320995e+02 1.215041104385913542e+02 -5.747678401407698402e+05 -5.604783694781042969e+13 1.214481534668351296e-05 3.640476751898942691e-06 8.699468790584299595e-07 -1.026868576597554433e-06 2.151645280807375912e+03 -9.653826929675994872e-01 1.749870872766399290e+06 -1.356683595542802215e+08 2.028499152187243304e+00 8.198634634551013045e-01 4.779296217407084102e-01
1.000000000000000000e+00 3.525773155085276471e+02 1.082782488353661563e+02 -5.771048128230959410e+05 -5.650453802892899219e+13 1.341230828653655396e-05 3.257397443436352915e-06 1.022553553315851524e-06 -1.011188676482766169e-06 2.900978666268676989e+03 -9.368603001761526272e-01 2.372594502962295432e+06 -1.324029187261060178e+08 2.719599998737967095e+00 7.168850530054489134e-01 6.218268600894645282e-01
1.000000000000000000e+00 3.756771212421347741e+02 9.230754776851274812e+01 -5.794417998988791369e+05 -5.696309509268456250e+13 1.434891400743331797e-05 2.788186798438508123e-06 1.137559062752762907e-06 -9.903896850054655184e-07 3.631434035936914825e+03 -9.002780148138749272e-01 2.986669345691797789e+06 -1.279467820442448705e+08 3.385389610475141975e+00 5.893272815075035753e-01 7.438320909505500289e-01
1.000000000000000000e+00 3.893231186762584457e+02 7.402962574260304507e+01 -5.817787957381058950e+05 -5.742350706191589062e+13 1.493009414686181975e-05 2.245113357623868955e-06 1.203874332444055630e-06 -9.640987049739762607e-07 4.337195266277873998e+03 -8.559653974942111887e-01 3.587025366896390915e+06 -1.223278716473494470e+08 4.020897334052977889e+00 4.416184894503916158e-01 8.399797230516899971e-01
1.000000000000000000e+00 3.933097434238754317e+02 5.392946168259104667e+01 -5.841157949103284627e+05 -5.788577288115783594e+13 1.514356477910771843e-05 1.642101005021201936e-06 1.215723519336083764e-06 -9.318088203086269744e-07 5.012512591125310792e+03 -8.042879192212866180e-01 4.168540924303680193e+06 -1.155803157435611337e+08 4.621323444881107356e+00 2.787751851556108385e-01 9.071258030777450410e-01
1.000000000000000000e+00 3.875679975309879524e+02 3.249302431613857323e+01 -5.864527920022770995e+05 -5.834989148113861719e+13 1.498219452853997244e-05 9.933402317915112252e-07 1.171966501895104917e-06 -8.928544466613295355e-07 5.651725033922853981e+03 -7.456459765906406911e-01 4.726063049798498861e+06 -1.077444487750659734e+08 5.182055022338577288e+00 1.062645945784758683e-01 9.430273927689533098e-01
1.000000000000000000e+00 3.722996954769104718e+02 1.027441836305938772e+01 -5.887897813399342122e+05 -5.881586172332233594e+13 1.444932000558956407e-05 3.153496413699118309e-07 1.077170297184133708e-06 -8.463751397873856099e-07 6.249288201589622986e+03 -6.804719755590098451e-01 5.254432856090404093e+06 -9.886652625880394876e+07 5.698686195993095893e+00 -7.014575790385671472e-02 9.463997048431365133e-01
1.000000000000000000e+00 3.480088883505947592e+02 -1.216897399566514615e+01 -5.911267577528116526e+05 -5.928368255217288281e+13 1.356017889269009752e-05 -3.749811296737917926e-07 9.413725375165815812e-07 -7.912748489926553555e-07 6.799702648038092775e+03 -6.092396069535528369e-01 5.748427664115902968e+06 -8.900020701071493328e+07 6.166947540476901857e+00 -2.445127291913371526e-01 9.169549362144385762e-01
1.000000000000000000e+00 3.152990710048038068e+02 -3.431798491422158293e+01 -5.934637166173469741e+05 -5.975335300588935156e+13 1.233420969287533190e-05 -1.061673024376050350e-06 7.778471536551018883e-07 -7.261624195669244180e-07 7.297543195096113777e+03 -5.324681295873502362e-01 6.202786965797941200e+06 -7.820734597291433811e+07 6.582728830891105609e+00 -4.108727939971031362e-01 8.554392895133855479e-01
1.000000000000000000e+00 2.749997969615232591e+02 -5.562289474306543724e+01 -5.958006534487028839e+05 -6.022487213605107031e+13 1.080010089553545327e-05 -1.727545098242041028e-06 6.024601411909955450e-07 -6.492639471094157482e-07 7.737531278970988751e+03 -4.507198946809894413e-01 6.612275956227833405e+06 -6.655780925159610063e+07 6.942139674658490911e+00 -5.634217372753467235e-01 7.636417864164467550e-01
1.000000000000000000e+00 2.281783205050581955e+02 -7.556993468096064248e+01 -5.981375646737028146e+05 -6.069823916504096875e+13 8.996424129014984571e-06 -2.356269472420511630e-06 4.322184021833418318e-07 -5.583177243873487376e-07 8.114530130771750919e+03 -3.646132734722982716e-01 6.971684776868142188e+06 -5.413156436203712225e+07 7.241499318978175559e+00 -6.966713323876378983e-01 6.443926502765320308e-01
1.000000000000000000e+00 1.759315341402161721e+02 -9.371583356823938971e+01 -6.004744472139436984e+05 -6.117345340471949219e+13 6.963581858222943055e-06 -2.933474619767288073e-06 2.831107328718154442e-07 -4.504121130750556521e-07 8.423650712149194078e+03 -2.748192301346303323e-01 7.275923274434667081e+06 -4.101839066632805020e+07 7.477425114622064051e+00 -8.056487411869881488e-01 5.015206277218272612e-01
1.000000000000000000e+00 1.195119749654557211e+02 -1.096167992809699427e+02 -6.028112983294741716e+05 -6.165051422641187500e+13 4.748837089499383872e-06 -3.444556653490295926e-06 1.693027306178024761e-07 -3.217576891222164501e-07 8.660332455783780460e+03 -1.820592030771918668e-01 7.520096800615550950e+06 -2.731776988154915348e+07 7.646895925996258114e+00 -8.860857230243772698e-01 3.397718745931162521e-01
1.000000000000000000e+00 6.032702146585763359e+01 -1.228947621680273272e+02 -6.051481164438406704e+05 -6.212942123166227344e+13 2.406401189443547877e-06 -3.876768704545877863e-06 1.016219267740460550e-07 -1.673847187903222079e-07 8.820407647224512402e+03 -8.711719404740149442e-02 7.699569970864867792e+06 -1.314090966686789319e+07 7.747299156880649740e+00 -9.345910724903900846e-01 1.647190445542960346e-01
1.000000000000000000e+00 -2.697818219364090386e-01 -1.332646183611733761e+02 -6.074849007446073228e+05 -6.261017417450221094e+13 -1.080295670325989095e-08 -4.220123682928367362e-06 8.626446085911245611e-08 1.932480871959334733e-08 8.900237970075650082e+03 9.168704080999592193e-03 7.810095498964968137e+06 1.390293267974682385e+06 7.776539374929189563e+00 -9.488361445205796274e-01 -1.740139001308377981e-02
1.000000000000000000e+00 -6.084958303455762518e+01 -1.404616276948906943e+02 -6.098216508881037589e+05 -6.309277290338555469e+13 -2.445991313056479838e-06 -4.465142955408921141e-06 1.245956820644771247e-07 2.473381210721824039e-07 8.896826248500297879e+03 1.059160410157185678e-01 7.847924911287733354e+06 1.614452260005746409e+07 7.733121988408253600e+00 -9.277036381827873379e-01 -1.998969692889746574e-01
1.000000000000000000e+00 -1.199179828909240655e+02 -1.443067529148986239e+02 -6.121583674510688288e+05 -6.357721745686004688e+13 -4.838854564355706709e-06 -4.604953789091257568e-06 2.128773319268488261e-07 5.290130918747351461e-07 8.807926193533408878e+03 2.021979319162471866e-01 7.809920578363962471e+06 3.098085492637282610e+07 7.616232588046055518e+00 -8.713982131741121462e-01 -3.758430441166599190e-01
1.000000000000000000e+00 -1.761219246013912141e+02 -1.447265365239503296e+02 -6.144950518178021302e+05 -6.406350804368655469e+13 -7.133887841289329349e-06 -4.635978260858282895e-06 3.427429434140160915e-07 8.817501061435665044e-07 8.632162427273146022e+03 2.970544720762284263e-01 7.693679916000401601e+06 4.575034186167184263e+07 7.425822691843720236e+00 -7.815143597351174032e-01 -5.383568949750000554e-01
1.000000000000000000e+00 -2.281159458765100112e+02 -1.416792614692648442e+02 -6.168317058588995133e+05 -6.455164497879935938e+13 -9.275061496711855402e-06 -4.555623292825478768e-06 5.017430130945401688e-07 1.330683131273737679e-06 8.369121542136246717e+03 3.895096060175883279e-01 7.497636935680038296e+06 6.029849076437131315e+07 7.162668071325709818e+00 -6.610367484176312702e-01 -6.808988612019741815e-01
1.000000000000000000e+00 -2.745798856330691819e+02 -1.352191712794851526e+02 -6.191683325132048922e+05 -6.504162880749833594e+13 -1.120654966867895996e-05 -4.364372772550831456e-06 6.744055598166926497e-07 1.913116793713889302e-06 8.019467933864118095e+03 4.785762349714497987e-01 7.221188622107678093e+06 7.446599569129294157e+07 6.828446376876177837e+00 -5.142888373025770177e-01 -7.975586717452434193e-01
1.000000000000000000e+00 -3.144214911782411832e+02 -1.255082728426826151e+02 -6.215049353884018492e+05 -6.553346022545356250e+13 -1.288105009256390373e-05 -4.066228373994570453e-06 8.443517273751334536e-07 2.686349216992769445e-06 7.585007057061101477e+03 5.632786755983235638e-01 6.864776894874630496e+06 8.809220613700264692e+07 6.425767878573410030e+00 -3.467955493022646385e-01 -8.833604536878340019e-01
1.000000000000000000e+00 -3.466362040237584097e+02 -1.127404180437435315e+02 -6.238415181966071250e+05 -6.602713996188345312e+13 -1.425419380247904542e-05 -3.666306318192181396e-06 9.950633269123973806e-07 3.742089392579620607e-06 7.068678553559368993e+03 6.426771114436056198e-01 6.429908518194912933e+06 1.010190156968103200e+08 5.958146169526453484e+00 -1.650609682494829089e-01 -9.345307496392674107e-01
1.000000000000000000e+00 -3.703312769713103876e+02 -9.720398965521323476e+01 -6.261780855708257295e+05 -6.652266895344238281e+13 -1.528560812811586105e-05 -3.172902936701045759e-06 1.111263446304618478e-06 5.234249311226359018e-06 6.474631824754270383e+03 7.158738106467883444e-01 5.919250212982735597e+06 1.130919867321940362e+08 5.430038875860118353e+00 2.367803645153161024e-02 -9.487002671844956270e-01
1.000000000000000000e+00 -3.849190769960777629e+02 -7.928427783629368264e+01 -6.285146426221344154e+05 -6.702004825343372656e+13 -1.594701122955615921e-05 -2.597630090067124406e-06 1.181447751617798438e-06 7.437189895079783730e-06 5.808183178840508845e+03 7.820373718267596974e-01 5.336617018003320321e+06 1.241643666997842789e+08 4.846788343400047161e+00 2.117825333040246061e-01 -9.250627038524488199e-01
1.000000000000000000e+00 -3.899657070867119160e+02 -5.938374354066409921e+01 -6.308511945576365106e+05 -6.751927895192507031e+13 -1.621615219412509901e-05 -1.952852011353177226e-06 1.198303951972460596e-06 1.087875050125328132e-05 5.075720556967528864e+03 8.404233462021966083e-01 4.686911068561184220e+06 1.341006415001314282e+08 4.214520562894300326e+00 3.915772666844302141e-01 -8.644420702353410313e-01
1.000000000000000000e+00 -3.852167300280046334e+02 -3.798256797139972463e+01 -6.331877470539986389e+05 -6.802036225638342969e+13 -1.607800305488759515e-05 -1.253694317779797154e-06 1.159547214967920890e-06 1.668001087756261022e-05 4.284661259690489715e+03 8.903851866538924353e-01 3.976106945762123447e+06 1.427786359321801960e+08 3.540090874626578454e+00 5.557048970585458658e-01 -7.692755794039617401e-01
1.000000000000000000e+00 -3.707727438644928952e+02 -1.563059061038454978e+01 -6.355243057103654137e+05 -6.852329937556113281e+13 -1.553225207394958029e-05 -5.178242500478784568e-07 1.068994255295100848e-06 2.756733045098653633e-05 3.443272063904337301e+03 9.313919722326324813e-01 3.211107522071541287e+06 1.500927577968188524e+08 2.830918146505875477e+00 6.974947735626653156e-01 -6.435012755544914365e-01
1.000000000000000000e+00 -3.469190808895322107e+02 7.137262337637694465e+00 -6.378608757965351688e+05 -6.902809146468484375e+13 -1.458641670378055181e-05 2.373189709274417910e-07 9.351633948407772325e-07 5.159684035120914335e-05 2.560486804927095818e+03 9.630379385878331533e-01 2.399592487538279966e+06 1.559559993706902862e+08 2.094821741754254951e+00 8.112813810378926016e-01 -4.923569565610783072e-01
1.000000000000000000e+00 -3.141449781680843785e+02 2.974236123708907087e+01 -6.401974628001539968e+05 -6.953473974301648438e+13 -1.325679481930431248e-05 9.925770384530617904e-07 7.708964376666746388e-07 1.208768686090873389e-04 1.645824851821435004e+03 9.850447170850817891e-01 1.549956877949900459e+06 1.603007979135681093e+08 1.339945387807190746e+00 8.926502160932475727e-01 -3.221310986335697568e-01
1.000000000000000000e+00 -2.732922378274595303e+02 5.157991999956037432e+01 -6.425340718621974811e+05 -7.004324537163974219e+13 -1.157491800629754172e-05 1.727633663910134168e-06 5.930308144624526180e-07 4.319266232361584933e-04 7.091427487801448706e+02 9.972672032106272288e-01 6.710894720838950016e+05 1.630804999635133147e+08 5.745480953218357056e-01 9.386362329994158982e-01 -1.398387507246238448e-01
1.000000000000000000e+00 -2.253589293077602633e+02 7.210643780169696981e+01 -6.448707071602834621e+05 -7.055360931714595312e+13 -9.579478892012944800e-06 2.423938085975467044e-06 4.196812075927853616e-07 8.688667570713687425e-04 -2.396380404293404638e+02 9.996913092697210512e-01 -2.278783639738604543e+05 1.642695199458616972e+08 -1.932181450815567691e-01 9.478241048871415275e-01 4.714150404711139192e-02
1.000000000000000000e+00 -1.715049087484209736e+02 9.078064961102849395e+01 -6.472073725426640594e+05 -7.106583248704484375e+13 -7.316686968913940000e-06 3.062750176774940520e-06 2.684894174017382443e-07 2.147024581075279508e-04 -1.190603475208670034e+03 9.924256351816754806e-01 -1.137640301531285746e+06 1.638624843489812016e+08 -9.553638523412915085e-01 9.203524401399287846e-01 2.313962883081863708e-01
1.000000000000000000e+00 -1.131702540865543085e+02 1.070864874916589997e+02 -6.495440709897086490e+05 -7.157991560976987500e+13 -4.845464077385851088e-06 3.625919251247188290e-06 1.552061397252473921e-07 7.732655383085995497e-05 -2.134082787589848067e+03 9.756927312688448151e-01 -2.048941649390247650e+06 1.618732682415386140e+08 -1.704246526829730435e+00 8.578471504631297595e-01 4.058215418900555371e-01
1.000000000000000000e+00 -5.185386973345864448e+01 1.206174205631450747e+02 -6.518808044574509840e+05 -7.209585919663146875e+13 -2.228146947937300448e-06 4.098765397655812917e-06 9.157254477652713808e-08 3.801886085362182012e-05 -3.060804443158701361e+03 9.498155176235002495e-01 -2.952735374191345181e+06 1.583331830213575363e+08 -2.432686367207994138e+00 7.632763341997824691e-01 5.639167457840734698e-01
1.000000000000000000e+00 1.089278303645368418e+01 1.310122226832949082e+02 -6.542175743118058890e+05 -7.261366363414676562e+13 4.697378159401427639e-07 4.467955642064520261e-06 8.430939516787721284e-08 2.204215822186100435e-05 -3.961936071548870586e+03 9.152050869036685299e-01 -3.840229950865786988e+06 1.532893315283105075e+08 -3.133986915271967710e+00 6.407625704890096419e-01 7.000115626837285498e-01
1.000000000000000000e+00 7.336887435227856713e+01 1.379772967918241875e+02 -6.565543807465526043e+05 -7.313332905203882812e+13 3.175243413507208770e-06 4.722295580551172108e-06 1.342980316876367347e-07 1.406981271808288739e-05 -4.829251146363921180e+03 8.723438038533021244e-01 -4.703061745072334073e+06 1.468021133698384464e+08 -3.802054910179445191e+00 4.953448472287667048e-01 8.094605259430299737e-01
1.000000000000000000e+00 1.339579659429316507e+02 1.413606254075960749e+02 -6.588912226182096638e+05 -7.365485528167253125e+13 5.818040377784652638e-06 4.855310535458353787e-06 2.364317810808749263e-07 9.536804853940589888e-06 -5.655193931805277316e+03 8.217674784928563625e-01 -5.533372442409281619e+06 1.389424934414637089e+08 -4.431437051457170817e+00 3.327212916632050765e-01 8.887572243956730622e-01
1.000000000000000000e+00 1.911325183666783118e+02 1.410777507378496693e+02 -6.612280982189942151e+05 -7.417824202417773438e+13 8.330677968393014225e-06 4.862780413225942062e-06 3.803855642201164227e-07 6.717350976240465336e-06 -6.432789604562737622e+03 7.640570650326875546e-01 -6.323736078002182767e+06 1.297908040971184373e+08 -5.017234967142325530e+00 1.590197926052047961e-01 9.355776656733639784e-01
1.000000000000000000e+00 2.433607439120559661e+02 1.371291443441471927e+02 -6.635650049466959899e+05 -7.470348877388128125e+13 1.064457834549708660e-05 4.743381679916306171e-06 5.513479707836251909e-07 4.845221762062724230e-06 -7.155692897819429163e+03 6.998246116629925906e-01 -7.067220394820915535e+06 1.194345263517373353e+08 -5.555130094993857348e+00 -1.944589566776651346e-02 9.487964593073729969e-01
1.000000000000000000e+00 2.893339040857264877e+02 1.296600393155525524e+02 -6.659019391222106060e+05 -7.523059477353217188e+13 1.270001023875526840e-05 4.500816015041110250e-06 7.319674039691676455e-07 3.538760534198933407e-06 -7.818185198004178346e+03 6.297000713477134415e-01 -7.757398396439922042e+06 1.079661519597562253e+08 -6.041368039522157396e+00 -1.964000156192127755e-01 9.284502673933704431e-01
1.000000000000000000e+00 3.279510762186821466e+02 1.188754093319806771e+02 -6.682388966669953661e+05 -7.575955916364051562e+13 1.444558972480647173e-05 4.140936858190525773e-06 9.041153642322151313e-07 2.590842275685462655e-06 -8.415063581627586245e+03 5.543304095390555464e-01 -8.388252119887960143e+06 9.548310109091861546e+07 -6.472660231766014682e+00 -3.657767270613649924e-01 8.756713151656011496e-01
1.000000000000000000e+00 3.582137748950424339e+02 1.050527797434105963e+02 -6.705758727469140431e+05 -7.629038089985496875e+13 1.583378232639699881e-05 3.672233631120522933e-06 1.050280870760681099e-06 1.881184159712444825e-06 -8.941644929837775635e+03 4.743694993987898068e-01 -8.954188581773489714e+06 8.208604134847724438e+07 -6.846176410534982715e+00 -5.218974946779744162e-01 7.926007017521308207e-01
1.000000000000000000e+00 3.794338518437775178e+02 8.859011382368059628e+01 -6.729128618677551858e+05 -7.682305877177648438e+13 1.683020354289841032e-05 3.107555692661934124e-06 1.156308548185899945e-06 1.336084062575580488e-06 -9.393708026651496766e+03 3.904745152615833326e-01 -9.449993458170635626e+06 6.787828844894126058e+07 -7.159490036728387352e+00 -6.596083034420258118e-01 6.822827526070066595e-01
1.000000000000000000e+00 3.911875882092460870e+02 6.991265718833200538e+01 -6.752498588567527477e+05 -7.735759162522945312e+13 1.741181456351718592e-05 2.460906665008389812e-06 1.212341454594964461e-06 9.084128207962892996e-07 -9.767393585202176837e+03 3.033180917720419423e-01 -9.870740673254190013e+06 5.296794294548353553e+07 -7.410493259914727737e+00 -7.743769651440424173e-01 5.485737739215322817e-01
1.000000000000000000e+00 3.931936013827722149e+02 4.948530529730996363e+01 -6.775868581937567797e+05 -7.789397820976184375e+13 1.756167275997843645e-05 1.747897897060912173e-06 1.212827068545400273e-06 5.668532079302738497e-07 -1.005924725689378829e+04 2.135785308037562169e-01 -1.021184436049426720e+07 3.746623360385684669e+07 -7.597422201897717109e+00 -8.624173404688513234e-01 3.960166682658609605e-01
1.000000000000000000e+00 3.855003774275854198e+02 2.785414916191210466e+01 -6.799238540894032922e+05 -7.843221719530200000e+13 1.727744622530260954e-05 9.872451448022432379e-07 1.158177418502759175e-06 2.899436322776512134e-07 -1.026619507364159108e+04 1.219406216862940623e-01 -1.046904311960676871e+07 2.148768452877095342e+07 -7.718830746128030995e+00 -9.207735049535894500e-01 2.297150939028380634e-01
1.000000000000000000e+00 3.684100084024676107e+02 5.549696268281624434e+00 -6.822608412581935991e+05 -7.897230735006071875e+13 1.656823819867991833e-05 1.973760676126622244e-07 1.054377346090702832e-06 6.260934710373109887e-08 -1.038552688094327095e+04 2.910862630939952192e-02 -1.063839179859269410e+07 5.152439435287607834e+06 -7.773571001368750899e+00 -9.473875269021868606e-01 5.522451237457535328e-02
1.000000000000000000e+00 3.423453032938202227e+02 -1.689680496029835766e+01 -6.845978146231694845e+05 -7.951424747392653125e+13 1.544878562967854927e-05 -6.029966940638379728e-07 9.116529570062830988e-07 -1.259984157588116444e-07 -1.041494711470750553e+04 -6.419733268154954875e-02 -1.071632209181703441e+07 -1.141430338261245936e+07 -7.760824485335573009e+00 -9.411735312328447511e-01 -1.215946467122887148e-01
1.000000000000000000e+00 3.080238099707282231e+02 -3.891330988584148542e+01 -6.869347693245958071e+05 -8.005803640131664062e+13 1.394743196299672926e-05 -1.393440737362029441e-06 7.442906484073016932e-07 -2.838445498552098494e-07 -1.035261477677125367e+04 -1.572408156687240544e-01 -1.069969337822877429e+07 -2.808214673511437327e+07 -7.680124460729453872e+00 -9.020684994419148062e-01 -2.947291933666046360e-01
1.000000000000000000e+00 2.663582906375053199e+02 -5.998387086915244026e+01 -6.892717014148653252e+05 -8.060367316456329688e+13 1.210183234457840103e-05 -2.155260493909677895e-06 5.686040844172298357e-07 -4.168642079948238411e-07 -1.019722054937387475e+04 -2.492585022289116603e-01 -1.058588322814301401e+07 -4.471353496810542792e+07 -7.531405099386532243e+00 -8.310738894911435803e-01 -4.581583420821862540e-01
1.000000000000000000e+00 2.183220157895868851e+02 -7.962579046753228340e+01 -6.916086072504415642e+05 -8.115115685483539062e+13 9.952962928272529914e-06 -2.870707724490725107e-06 4.010870968860287040e-07 -5.295613213858125617e-07 -9.948059958453744912e+03 -3.394719227931889960e-01 -1.037287588527809829e+07 -6.116576132088703662e+07 -7.315046463033861635e+00 -7.302689350442420624e-01 -6.060529348400921501e-01
1.000000000000000000e+00 1.651164839810632827e+02 -9.734915106830064246e+01 -6.939454835439673625e+05 -8.170048663561431250e+13 7.552839397359103433e-06 -3.521537794772063079e-06 2.578100218156332511e-07 -6.253966722667883524e-07 -9.605101544075298079e+03 -4.270897057422931575e-01 -1.005934754638847522e+07 -7.729131466129739583e+07 -7.031914637606898388e+00 -6.027914214164353801e-01 -7.329634238426809834e-01
1.000000000000000000e+00 1.080563243812135994e+02 -1.127520046906144700e+02 -6.962823282241594279e+05 -8.225166194726451562e+13 4.959410164384543141e-06 -4.092460314839112369e-06 1.524309618091999173e-07 -7.070471159147326761e-07 -9.169132388140396870e+03 -5.112999352118240415e-01 -9.644834901456415653e+06 -9.293643955149447918e+07 -6.683457194555051828e+00 -4.528083286894988291e-01 -8.340008974811305986e-01
1.000000000000000000e+00 4.843919924739526550e+01 -1.254901130085477803e+02 -6.986191397321925033e+05 -8.280468234506145312e+13 2.230652395863857442e-06 -4.570090724181377178e-06 9.471310062927395972e-08 -7.766118742150367695e-07 -8.641816750538691849e+03 -5.912884033873102574e-01 -9.129815848766166717e+06 -1.079443870408595949e+08 -6.271733126874584840e+00 -2.854162029963582259e-01 -9.050582697829522294e-01
1.000000000000000000e+00 -1.228915372913195192e+01 -1.352365926640605096e+02 -7.009559171432491858e+05 -8.335954753013329688e+13 -5.678153744870677272e-07 -4.941510902139565604e-06 9.001207366439354494e-08 -8.357467016796426138e-07 -8.025780566290327442e+03 -6.662456773481704175e-01 -8.515819278310062364e+06 -1.221567015006439239e+08 -5.799460685884898048e+00 -1.065090116397802711e-01 -9.429998473914675827e-01
1.000000000000000000e+00 -7.266028141035515375e+01 -1.417745503909712852e+02 -7.032926605833931826e+05 -8.391625745145665625e+13 -3.368430763893671967e-06 -5.197675898516204578e-06 1.386534786155196565e-07 -8.857597734830682191e-07 -7.324732555718727781e+03 -7.353731115664882134e-01 -7.805576198950929567e+06 -1.354143470144581199e+08 -5.270090324346472066e+00 7.738796912920188620e-02 -9.458350728749174152e-01
1.000000000000000000e+00 -1.313056626133827365e+02 -1.449590763260297024e+02 -7.056293706475290237e+05 -8.447481217066421875e+13 -6.107374750496556396e-06 -5.332082912334859236e-06 2.360327163185470509e-07 -9.276906044480471150e-07 -6.543459062539160186e+03 -7.979029890657299839e-01 -7.003039039666021243e+06 -1.475614750473639369e+08 -4.687785313882259608e+00 2.593589749088620056e-01 -9.128668063227404206e-01
1.000000000000000000e+00 -1.867937107622947792e+02 -1.446782037505925871e+02 -7.079660486512216739e+05 -8.503521192439650000e+13 -8.717042133268089300e-06 -5.339374350300311710e-06 3.727571593306623149e-07 -9.623608432779227698e-07 -5.687880531846984013e+03 -8.531089132203653058e-01 -6.113467072296576574e+06 -1.584474773271875978e+08 -4.057446821663700298e+00 4.323526163264063693e-01 -8.447864228387931274e-01
1.000000000000000000e+00 -2.377621989288592204e+02 -1.409422342240339106e+02 -7.103026970562200295e+05 -8.559745722971700000e+13 -1.113219324532835218e-05 -5.218665333910983123e-06 5.356065385327586351e-07 -9.904126499886512576e-07 -4.765127568011720541e+03 -9.003176455038037762e-01 -5.143534520818797871e+06 -1.679293579151257277e+08 -3.384752257432530165e+00 5.894627402462518928e-01 -7.437247905131416648e-01
1.000000000000000000e+00 -2.830321278778378087e+02 -1.338373445658740764e+02 -7.126393187928636326e+05 -8.616154872480729688e+13 -1.329535631921780801e-05 -4.971894711794500569e-06 7.091838846105072641e-07 -1.012342710107091389e-06 -3.783423345869459808e+03 -9.389313127981140372e-01 -4.101230836122481152e+06 -1.758761036068721414e+08 -2.676055688146365963e+00 7.242583731406414538e-01 -6.132232025971288136e-01
1.000000000000000000e+00 -3.214462196368626792e+02 -1.234881687861736310e+02 -7.149759171992096817e+05 -8.672748715605623438e+13 -1.514935701718464005e-05 -4.602476669252272190e-06 8.766282101002360267e-07 -1.028523089812398388e-06 -2.752005459436195906e+03 -9.684413412604274685e-01 -2.995800674072656780e+06 -1.821716037685810626e+08 -1.938318541731182565e+00 8.310898997166445978e-01 -4.581293124895474134e-01
1.000000000000000000e+00 -3.520054001471681318e+02 -1.101427085579229299e+02 -7.173124966115828138e+05 -8.729527352341340625e+13 -1.664378846090020360e-05 -4.118499150377487989e-06 1.021434592637790812e-06 -1.039215328537812615e-06 -1.681131933772225011e+03 -9.884393984897782426e-01 -1.837773729657802498e+06 -1.867170714953626394e+08 -1.179101083980140796e+00 9.053655428937698035e-01 -2.844400169089932873e-01
1.000000000000000000e+00 -3.739711398160038129e+02 -9.411648105154525012e+01 -7.196490615741041256e+05 -8.786490889132212500e+13 -1.773998775722250871e-05 -3.530703725962185585e-06 1.129440395675164282e-06 -1.044583680749223097e-06 -5.818216960498801882e+02 -9.986338516348237659e-01 -6.387032262159688398e+05 -1.894345626647503674e+08 -4.063686500415946146e-01 9.438133938709716286e-01 -9.904124460860259938e-02
