5.400000296256694128e+04 -2.127603518509834395e-07 9.999999999999999547e-08
5.400917925601037859e+04 -2.075871650767074965e-07 9.999999999999999547e-08
5.401835551984357880e+04 -7.117043400499662824e-08 9.999999999999999547e-08
5.402753177508354565e+04 -2.355966188543106602e-07 9.999999999999999547e-08
5.403670804412349389e+04 7.266987099020902387e-08 9.999999999999999547e-08
5.404588434925444744e+04 -6.735383369854191920e-09 9.999999999999999547e-08
5.405506071090210753e+04 -1.926765422040761823e-07 9.999999999999999547e-08
5.406423714962172380e+04 -1.349337397368755071e-07 9.999999999999999547e-08
5.407341368510157918e+04 -1.587041076653123588e-07 9.999999999999999547e-08
5.408259033241779980e+04 -1.892214090817661538e-07 9.999999999999999547e-08
5.409176710439861927e+04 7.777101555746829235e-08 9.999999999999999547e-08
5.410094401139075489e+04 -5.964562796900524209e-08 9.999999999999999547e-08
5.411012105881110620e+04 -2.960842249583627076e-08 9.999999999999999547e-08
5.411929824962832208e+04 -1.436537952314309422e-07 9.999999999999999547e-08
5.412847558274672338e+04 1.864003163637022458e-07 9.999999999999999547e-08
5.413765305129302578e+04 3.336369847296066852e-08 9.999999999999999547e-08
5.414683064619406650e+04 1.696464699813540455e-07 9.999999999999999547e-08
5.415600835586372705e+04 6.222247145869012639e-08 9.999999999999999547e-08
5.416518616441926861e+04 1.517288777082090900e-07 9.999999999999999547e-08
5.417436405433395703e+04 2.012868509925974713e-07 9.999999999999999547e-08
5.418354200592252892e+04 4.303376537232206826e-08 9.999999999999999547e-08
5.419271999723165209e+04 2.750695309735348064e-07 9.999999999999999547e-08
5.420189800756752084e+04 1.028042961700484124e-08 9.999999999999999547e-08
5.421107601576291199e+04 1.168340803954403075e-07 9.999999999999999547e-08
5.422025399955967441e+04 7.283982384151090348e-08 9.999999999999999547e-08
5.422943193837340368e+04 -9.888838109165976208e-08 9.999999999999999547e-08
5.423860981336857367e+04 -1.284929116393856981e-08 9.999999999999999547e-08
5.424778760693824734e+04 1.262002905112302276e-07 9.999999999999999547e-08
5.425696530421851639e+04 1.351581131044646375e-07 9.999999999999999547e-08
5.426614289255829499e+04 2.298965081458785545e-07 9.999999999999999547e-08
5.427532036028026050e+04 -3.008651572139710722e-08 9.999999999999999547e-08
5.428449770017766423e+04 1.684429478913164530e-07 9.999999999999999547e-08
5.429367490825332789e+04 1.322516690074870060e-07 9.999999999999999547e-08
5.430285198224437045e+04 1.331605690679027489e-07 9.999999999999999547e-08
5.431202892361589329e+04 5.555392211714920674e-08 9.999999999999999547e-08
5.432120573645333934e+04 1.210597035310174299e-07 9.999999999999999547e-08
5.433038242745684693e+04 1.377210911117735996e-07 9.999999999999999547e-08
5.433955900739964272e+04 -2.321680451068839866e-08 9.999999999999999547e-08
5.434873548957315506e+04 6.238274450765926543e-08 9.999999999999999547e-08
5.435791188824145502e+04 8.825969332652105888e-08 9.999999999999999547e-08
5.436708822085084103e+04 1.299422016854096916e-07 9.999999999999999547e-08
5.437626450717049011e+04 3.550821973804614078e-08 9.999999999999999547e-08
5.438544076737129217e+04 -9.196376203668429455e-08 9.999999999999999547e-08
5.439461702384783712e+04 1.205915682630287905e-07 9.999999999999999547e-08
5.440379329884004983e+04 1.676901251862380125e-08 9.999999999999999547e-08
5.441296961312866188e+04 -6.390768944094986988e-08 9.999999999999999547e-08
5.442214598862817365e+04 9.859694338321910392e-08 9.999999999999999547e-08
5.443132244593547512e+04 9.298833239711343612e-08 9.999999999999999547e-08
5.444049900230490312e+04 4.254638176176371703e-08 9.999999999999999547e-08
5.444967567359124223e+04 -1.137494367006216893e-07 9.999999999999999547e-08
5.445885247226306092e+04 1.248717654565853307e-07 9.999999999999999547e-08
5.446802940649115044e+04 1.913864159239264003e-07 9.999999999999999547e-08
5.447720648282214825e+04 -5.417158848774384334e-08 9.999999999999999547e-08
5.448638370294095512e+04 1.998127951166741180e-07 9.999999999999999547e-08
5.449556106320193066e+04 1.038054558729047661e-07 9.999999999999999547e-08
5.450473855789702793e+04 1.011295468383804797e-07 9.999999999999999547e-08
5.451391617726530239e+04 1.891475766676284222e-08 9.999999999999999547e-08
5.452309390783628623e+04 3.427443435795675789e-08 9.999999999999999547e-08
5.453227173438316095e+04 9.477784858057702641e-09 9.999999999999999547e-08
5.454144963864791498e+04 3.480276241976165029e-08 9.999999999999999547e-08
5.455062759950636973e+04 -2.625131127990724650e-08 9.999999999999999547e-08
5.455980559670346702e+04 9.109609793420603627e-08 9.999999999999999547e-08
5.456898360886539012e+04 -1.411052812965732130e-07 9.999999999999999547e-08
5.457816161350439506e+04 1.626760988399734423e-08 9.999999999999999547e-08
5.458733959015714208e+04 4.709967176940894470e-08 9.999999999999999547e-08
5.459651751806443644e+04 -1.297401597330642937e-08 9.999999999999999547e-08
5.460569537789851893e+04 -1.584163282545808933e-07 9.999999999999999547e-08
5.461487315371178556e+04 1.360682370479339492e-07 9.999999999999999547e-08
5.462405083071701665e+04 8.587212001320713769e-08 9.999999999999999547e-08
5.463322839542182192e+04 1.315086607318772306e-07 9.999999999999999547e-08
5.464240583840980980e+04 -1.220308091165620514e-08 9.999999999999999547e-08
5.465158315280832176e+04 9.791818896792148694e-08 9.999999999999999547e-08
5.466076033394998376e+04 2.385284763265850967e-08 9.999999999999999547e-08
5.466993738169502467e+04 -9.467071319593080978e-08 9.999999999999999547e-08
5.467911429748859518e+04 -3.757397745290895905e-09 9.999999999999999547e-08
5.468829108505584009e+04 -7.164991800675469404e-08 9.999999999999999547e-08
5.469746775338171574e+04 4.531775367446607116e-08 9.999999999999999547e-08
5.470664431312037050e+04 -5.853228380759623656e-08 9.999999999999999547e-08
5.471582077720580128e+04 -3.699049565760563360e-08 9.999999999999999547e-08
5.472499716159715172e+04 3.302390403245269189e-08 9.999999999999999547e-08
5.473417348386019148e+04 -2.838999128496434163e-08 9.999999999999999547e-08
5.474334976284763979e+04 5.974449769255605309e-08 9.999999999999999547e-08
5.475252602105904953e+04 -8.905920939533490072e-08 9.999999999999999547e-08
5.476170227998237533e+04 5.230076196468520939e-09 9.999999999999999547e-08
5.477087856077092874e+04 1.553371074743105258e-07 9.999999999999999547e-08
5.478005488599067758e+04 -1.536777312264163389e-07 9.999999999999999547e-08
5.478923127649212984e+04 -7.046097125126410373e-08 9.999999999999999547e-08
5.479840775190093700e+04 -9.796980122891127857e-08 9.999999999999999547e-08
5.480758433063389384e+04 1.694714547046942238e-07 9.999999999999999547e-08
5.481676102677330346e+04 -1.286503797709202629e-07 9.999999999999999547e-08
5.482593785143423156e+04 -1.710537552483587180e-07 9.999999999999999547e-08
5.483511482555074326e+04 -2.324736587189477992e-07 9.999999999999999547e-08
5.484429193093381764e+04 -1.880302370843599913e-07 9.999999999999999547e-08
5.485346917902374844e+04 -1.657520607534584318e-07 9.999999999999999547e-08
5.486264656720274070e+04 -2.076538667031267923e-07 9.999999999999999547e-08
5.487182408778637182e+04 -2.372520319463532174e-07 9.999999999999999547e-08
5.488100173014338361e+04 -6.354875791996796403e-08 9.999999999999999547e-08
5.489017948181756219e+04 -2.290079556975388092e-07 9.999999999999999547e-08
5.489935732579508476e+04 -3.174016297271755648e-07 9.999999999999999547e-08
5.490853524267077592e+04 -1.331116003943086461e-07 9.999999999999999547e-08
5.491771321278017422e+04 -1.565213678703269194e-07 9.999999999999999547e-08
5.492689121496157168e+04 -1.278299887076964344e-07 9.999999999999999547e-08
5.493606922720687726e+04 -2.766044894954455124e-07 9.999999999999999547e-08
5.494524722864782234e+04 -1.121967741540307142e-07 9.999999999999999547e-08
5.495442519737473049e+04 -1.645386919679444447e-07 9.999999999999999547e-08
5.496360311273200205e+04 -9.960546529895312217e-08 9.999999999999999547e-08
5.497278095769502397e+04 -1.964061589166721144e-07 9.999999999999999547e-08
5.498195871530408476e+04 -3.304518390962921860e-07 9.999999999999999547e-08
5.499113637069106335e+04 -1.606600953091009153e-07 9.999999999999999547e-08
5.500031391229113797e+04 1.254399253486789781e-07 9.999999999999999547e-08
5.500949133033581893e+04 -1.073105879558157852e-07 9.999999999999999547e-08
5.501866861811983836e+04 -1.037902552453794794e-07 9.999999999999999547e-08
5.502784577336756047e+04 6.952248882482273966e-08 9.999999999999999547e-08
5.503702279484387691e+04 -1.425708812532174076e-07 9.999999999999999547e-08
5.504619968407546548e+04 -1.528049913471286515e-07 9.999999999999999547e-08
5.505537644773742795e+04 -9.504349684783716409e-08 9.999999999999999547e-08
5.506455309362833214e+04 -2.566757469440459005e-08 9.999999999999999547e-08
5.507372963305088342e+04 1.374918355634216814e-07 9.999999999999999547e-08
5.508290608050737501e+04 3.560913445891736975e-08 9.999999999999999547e-08
5.509208245094772428e+04 -6.160500910671504162e-08 9.999999999999999547e-08
5.510125876263083774e+04 1.325638148171939968e-07 9.999999999999999547e-08
5.511043503655297536e+04 -1.557983867719572942e-07 9.999999999999999547e-08
5.511961129329718096e+04 -7.137560130961244453e-08 9.999999999999999547e-08
5.512878755457088118e+04 -3.127763208775537848e-08 9.999999999999999547e-08
5.513796384311746806e+04 7.320969131388688444e-09 9.999999999999999547e-08
5.514714017975333263e+04 7.212822374291847213e-09 9.999999999999999547e-08
5.515631658568876446e+04 1.007975963756249039e-07 9.999999999999999547e-08
5.516549308112160361e+04 1.241341533926208054e-07 9.999999999999999547e-08
5.517466968219520641e+04 1.422008925051570255e-07 9.999999999999999547e-08
5.518384640281056636e+04 1.113899704179433713e-07 9.999999999999999547e-08
5.519302325508758804e+04 1.561860928961494590e-07 9.999999999999999547e-08
5.520220024606807419e+04 9.982583323109422523e-08 9.999999999999999547e-08
5.521137737978151563e+04 1.107882650039724597e-07 9.999999999999999547e-08
5.522055465677948087e+04 7.668776779296741000e-08 9.999999999999999547e-08
5.522973207199998433e+04 1.613003430256705133e-08 9.999999999999999547e-08
5.523890961762679217e+04 6.603308697701290657e-08 9.999999999999999547e-08
5.524808728364851413e+04 4.194484324093647934e-08 9.999999999999999547e-08
5.525726505502786313e+04 1.379609165592244529e-07 9.999999999999999547e-08
5.526644291501488624e+04 2.250455364009775621e-07 9.999999999999999547e-08
5.527562084467848035e+04 8.837429328517306905e-08 9.999999999999999547e-08
5.528479882295040443e+04 4.340257585478815936e-09 9.999999999999999547e-08
5.529397682881559740e+04 8.187591931912558754e-08 9.999999999999999547e-08
5.530315484127964737e+04 -1.612796260234365270e-08 9.999999999999999547e-08
5.531233283787931578e+04 -1.638431047101764709e-08 9.999999999999999547e-08
5.532151079737745022e+04 2.159093606682099854e-07 9.999999999999999547e-08
5.533068870089049597e+04 -4.064768074584965873e-08 9.999999999999999547e-08
5.533986652956150647e+04 9.834782755077071600e-08 9.999999999999999547e-08
5.534904426792666345e+04 9.555225613223650381e-08 9.999999999999999547e-08
5.535822190219291952e+04 1.721824669304366776e-07 9.999999999999999547e-08
5.536739941965031903e+04 1.978699686661952121e-08 9.999999999999999547e-08
5.537657681202616368e+04 -4.198883404836543538e-08 9.999999999999999547e-08
5.538575407419187104e+04 9.114649966359375946e-08 9.999999999999999547e-08
5.539493120264788013e+04 -9.790404533030610162e-08 9.999999999999999547e-08
5.540410819741051819e+04 6.151940627546486878e-08 9.999999999999999547e-08
5.541328506170992478e+04 -1.741664236398620541e-07 9.999999999999999547e-08
5.542246180091769202e+04 8.391090305091698510e-08 9.999999999999999547e-08
5.543163842457760620e+04 -1.245141557293012759e-07 9.999999999999999547e-08
5.544081494513594225e+04 3.919221899137282201e-08 9.999999999999999547e-08
5.544999137576135399e+04 -1.588227130594123831e-07 9.999999999999999547e-08
5.545916773294741870e+04 -4.269203385872657954e-09 9.999999999999999547e-08
5.546834403589387512e+04 -1.044382801824439826e-09 9.999999999999999547e-08
5.547752030451429891e+04 -4.133884088482659691e-08 9.999999999999999547e-08
5.548669656051765924e+04 -1.292445749934261083e-07 9.999999999999999547e-08
5.549587282608688110e+04 -1.607695772113470855e-07 9.999999999999999547e-08
5.550504912213654461e+04 5.279712553899385476e-08 9.999999999999999547e-08
5.551422547085096448e+04 1.302292901585263759e-08 9.999999999999999547e-08
5.552340189385633857e+04 -1.364236504614473291e-07 9.999999999999999547e-08
5.553257840883270546e+04 -3.116503484682738863e-08 9.999999999999999547e-08
5.554175503271759953e+04 -7.218069383466671723e-08 9.999999999999999547e-08
5.555093177920492599e+04 -1.212383771053864442e-07 9.999999999999999547e-08
5.556010865827814268e+04 -2.107934838868486892e-08 9.999999999999999547e-08
5.556928567775350530e+04 -1.040948908636214040e-07 9.999999999999999547e-08
5.557846284079935867e+04 4.681790051184952685e-08 9.999999999999999547e-08
5.558764014549412968e+04 1.295236893121383370e-07 9.999999999999999547e-08
5.559681758734480536e+04 -7.624200621981890077e-09 9.999999999999999547e-08
5.560599515849171439e+04 4.933286892482999859e-08 9.999999999999999547e-08
5.561517284654180548e+04 -9.351253040992302490e-08 9.999999999999999547e-08
5.562435063720986363e+04 1.485230039464510177e-08 9.999999999999999547e-08
5.563352851307769015e+04 2.857350042127798630e-07 9.999999999999999547e-08
5.564270645367624093e+04 1.929757949621243306e-07 9.999999999999999547e-08
5.565188443928297056e+04 -8.854467783340656548e-08 9.999999999999999547e-08
5.566106244883137697e+04 8.110264775346400849e-08 9.999999999999999547e-08
5.567024045959851355e+04 -5.697561582555722740e-08 9.999999999999999547e-08
5.567941845042254863e+04 1.442837189381332263e-07 9.999999999999999547e-08
5.568859640063572442e+04 6.959367320108095737e-09 9.999999999999999547e-08
5.569777429018966359e+04 1.337340461755536661e-08 9.999999999999999547e-08
5.570695210246981878e+04 8.842836666372148511e-08 9.999999999999999547e-08
5.571612982151984761e+04 4.175347243619720698e-08 9.999999999999999547e-08
5.572530743272200198e+04 -4.366399616240869952e-08 9.999999999999999547e-08
5.573448492594895652e+04 1.191656332435296770e-07 9.999999999999999547e-08
5.574366229313969961e+04 -5.025538524052713117e-08 9.999999999999999547e-08
5.575283952858841076e+04 -7.746987134379189308e-08 9.999999999999999547e-08
5.576201663051410287e+04 -2.803612218934036130e-08 9.999999999999999547e-08
5.577119359919699491e+04 -3.187043653406399446e-08 9.999999999999999547e-08
5.578037043741613888e+04 3.429490658358003178e-08 9.999999999999999547e-08
5.578954715301261604e+04 1.590280261173737270e-10 9.999999999999999547e-08
5.579872375560749788e+04 3.439170460690745077e-08 9.999999999999999547e-08
5.580790025661684922e+04 -1.205058274667798345e-07 9.999999999999999547e-08
5.581707667131229391e+04 1.786094106309942689e-07 9.999999999999999547e-08
5.582625301645103173e+04 1.046294629542414029e-07 9.999999999999999547e-08
