1.000000000000000000e+00 -4.668776847924187905e+02 -1.709827897762075821e+01 -6.606053844943429576e+05 -2.853823715634304297e+13 -6.239844949059096914e-06 -2.269542540702597718e-07 1.074962658118013228e-06 3.794884569313734968e+00 -9.998960609863413174e-01 6.931586537464527742e-02 4.173500061928889338e+00 1.203812571249952418e-01
1.000000000000000000e+00 -4.855067314476261799e+02 -3.990631144178438205e+01 -6.666672753940201364e+05 -2.906438911150760938e+13 -6.548366311702925681e-06 -5.345576446246561139e-07 1.168746746151450426e-06 2.269452492312213110e+02 -5.281150031149918211e-01 4.082589799043540246e+00 -1.846243728969872544e+00 3.744860278732286663e+00
1.000000000000000000e+00 -4.921558022934568726e+02 -6.172239988196854199e+01 -6.727291467330749147e+05 -2.959534540520444141e+13 -6.698405370471729481e-06 -8.343088835370073831e-07 1.211488035667796828e-06 2.450345488564810239e+02 4.292270623463082524e-01 4.342321187598916943e+00 -2.636779423489924223e+00 -3.237281063770580669e+00
1.000000000000000000e+00 -4.865965501506430542e+02 -8.202644436626418667e+01 -6.787910123954102164e+05 -3.013110722350431641e+13 -6.682418663304563619e-06 -1.118751908984556391e-06 1.198755767922254574e-06 3.491202832330249350e+01 9.919287807131790258e-01 6.096016280139097132e-01 4.040982862758957239e+00 -1.050262784676226246e+00
1.000000000000000000e+00 -4.687957454473491339e+02 -1.002783880914653736e+02 -6.848528871740552131e+05 -3.067167587794014844e+13 -6.495454201702647809e-06 -1.379902669871795064e-06 1.131145797461319833e-06 -2.140567948851868891e+02 6.426267903317609553e-01 -3.683579850011843959e+00 -7.267483023636718276e-01 4.111499886780851654e+00
1.000000000000000000e+00 -4.391595764202559735e+02 -1.159856530435239534e+02 -6.909147857945495052e+05 -3.121705272085964062e+13 -6.138685963403389482e-06 -1.610173142935610611e-06 1.015221603467899888e-06 -2.705919143028710891e+02 -2.974975835012844128e-01 -4.590043818655730412e+00 -3.436178921571612754e+00 -2.371764919407989058e+00
1.000000000000000000e+00 -3.983892631309614671e+02 -1.287611077041511010e+02 -6.969767217501703417e+05 -3.176723903898055859e+13 -5.617647329978194582e-06 -1.803212034504983657e-06 8.622987783236381599e-07 -7.633463771932086672e+01 -9.640992805196344495e-01 -1.276653193283190824e+00 3.586422569866913879e+00 -2.137795023929244032e+00
1.000000000000000000e+00 -3.473833354845069721e+02 -1.382391934856981663e+02 -7.030387086197850294e+05 -3.232223616968302344e+13 -4.941022035864110183e-06 -1.952784181793349977e-06 6.871992720985525668e-07 1.946485880463148135e+02 -7.444075097227388360e-01 3.210241169156275554e+00 4.521157526161643792e-01 4.150684974823282580e+00
1.000000000000000000e+00 -2.874535113552910275e+02 -1.441439269112174486e+02 -7.091007594095508102e+05 -3.288204544029694922e+13 -4.123862163909629199e-06 -2.053752567838517008e-06 5.078522134753536380e-07 2.917674883958035252e+02 1.595280618774007619e-01 4.746154614690980544e+00 -3.962723005750646621e+00 -1.315074444159721301e+00
1.000000000000000000e+00 -2.201389301423454583e+02 -1.463367910569348282e+02 -7.151628840788044035e+05 -3.344666793441467969e+13 -3.185153677439639330e-06 -2.102821041726808899e-06 3.426735256017404768e-07 1.196380628562998396e+02 9.168062374422564220e-01 1.919880208377761077e+00 2.843616833680148392e+00 -3.057194419267169394e+00
1.000000000000000000e+00 -1.470903024914141781e+02 -1.447280464201694485e+02 -7.212250911019131308e+05 -3.401610462714086328e+13 -2.146265480945101392e-06 -2.097332790116661805e-06 2.083273058646465255e-07 -1.686635377388466566e+02 8.315327356877340037e-01 -2.670574795726930351e+00 1.598670171746713553e+00 3.857051736229988759e+00
1.000000000000000000e+00 -7.025625449337979944e+01 -1.393401515099593837e+02 -7.272873873139669886e+05 -3.459035636452841016e+13 -1.033759756520167673e-06 -2.036226823121312144e-06 1.186503371717305817e-07 -3.076321520604612942e+02 -1.778348361395377247e-02 -4.806964969868555926e+00 -4.172594995506874405e+00 -1.484769930272934191e-01
1.000000000000000000e+00 8.337782557716975518e+00 -1.303408818405225702e+02 -7.333497762933769263e+05 -3.516942370194832812e+13 1.237058680681938619e-07 -1.920594312288297397e-06 8.287538824822997723e-08 -1.638490716553336597e+02 -8.507177568487129804e-01 -2.527049875420457781e+00 1.868173389814918650e+00 -3.733968746464661148e+00
1.000000000000000000e+00 8.671315594338538801e+01 -1.179455759585861045e+02 -7.394122600012479816e+05 -3.575330704971878125e+13 1.297179905339882663e-06 -1.752314773001923031e-06 1.046290689506240297e-07 1.362192534098664112e+02 -9.021645107413660547e-01 2.074014982483047387e+00 2.621219784910183037e+00 3.249892498711742572e+00
1.000000000000000000e+00 1.627683312602664216e+02 -1.024737697735079394e+02 -7.454748377137669595e+05 -3.634200656260100781e+13 2.454886810599760105e-06 -1.534933348862710008e-06 1.815275546079254255e-07 3.172999934673543407e+02 -1.250324822467492325e-01 4.769997348145121663e+00 -4.044691911616509650e+00 1.035886940786215016e+00
1.000000000000000000e+00 2.345134231516499028e+02 -8.436740438864219982e+01 -7.515375048904238502e+05 -3.693552201790857031e+13 3.565717537430033540e-06 -1.273999231978928328e-06 3.054314864797213910e-07 2.078465141241651395e+02 7.668776525995570914e-01 3.085565955664796967e+00 7.356876970011447803e-01 -4.109909734588898189e+00
1.000000000000000000e+00 3.001797521917923746e+02 -6.408422011084950043e+01 -7.576002555374561343e+05 -3.753385303455978125e+13 4.600977184112064053e-06 -9.755174344524049017e-07 4.636796068963967374e-07 -9.765614214007227645e+01 9.546199507084334179e-01 -1.431869000086373633e+00 3.434542750852665804e+00 2.374133632833847152e+00
1.000000000000000000e+00 3.580459279096805858e+02 -4.215036108828780215e+01 -7.636630820010335883e+05 -3.813699904665886719e+13 5.531833590389286393e-06 -6.467656032907809565e-07 6.399852151135004648e-07 -3.199841241729344574e+02 2.659578929932886471e-01 -4.634573333544576457e+00 -3.584576919017915753e+00 2.140888302932094867e+00
1.000000000000000000e+00 4.066609048529036841e+02 -1.916868514593667427e+01 -7.697259737889565295e+05 -3.874495917829131250e+13 6.332819893555287497e-06 -2.964642193475280898e-07 8.163205190045205322e-07 -2.503812276044937732e+02 -6.668168885807856938e-01 -3.582820721307288903e+00 -4.622423410230774299e-01 -4.149569427320495052e+00
1.000000000000000000e+00 4.449199832316949141e+02 4.291577003652538025e+00 -7.757889193230166566e+05 -3.935773241007289062e+13 6.983193187845795715e-06 6.689663941181776491e-08 9.750888699789629396e-07 5.357221338191892102e+01 -9.875104503514795518e-01 7.574740188600626034e-01 3.967951169945752810e+00 1.299214349872094276e+00
1.000000000000000000e+00 4.718711504447522884e+02 2.764044061494172411e+01 -7.818519055990505731e+05 -3.997531754008061719e+13 7.464083641349199163e-06 4.342234568430559386e-07 1.100297256803916295e-06 3.150652662619608577e+02 -4.018527508855250785e-01 4.402454695207814517e+00 -2.826754639265297353e+00 3.072792316994358508e+00
1.000000000000000000e+00 4.869144749619762251e+02 5.026237595795119972e+01 -7.879149181146196788e+05 -4.059771317074567969e+13 7.761766635942835915e-06 7.957307795442866554e-07 1.179829391416318717e-06 2.901325256704592448e+02 5.526013418269586364e-01 4.006978006186762364e+00 -1.625266979348356511e+00 -3.845920131753557847e+00
1.000000000000000000e+00 4.898383369543068966e+02 7.162381200756485100e+01 -7.939779431993226754e+05 -4.122491794490125000e+13 7.868460739731441872e-06 1.142640699445959896e-06 1.206615797536046959e-06 -4.823108312173315149e+00 9.999062058591474678e-01 -6.584644160358610332e-02 4.173669474124618972e+00 1.143570494012773192e-01
1.000000000000000000e+00 4.806035877552628790e+02 9.121211933435090202e+01 -8.000409668700153707e+05 -4.185693042929471094e+13 7.779072283193183782e-06 1.466251915247892453e-06 1.178076319294677640e-06 -3.021523497606356727e+02 5.295654361063740767e-01 -4.078244728286527732e+00 -1.833433315395181173e+00 3.751148716324970600e+00
1.000000000000000000e+00 4.595231141547777156e+02 1.085307089603249295e+02 -8.061039744228945347e+05 -4.249374907034103125e+13 7.494229631723158387e-06 1.757873106598812478e-06 1.097257394928871460e-06 -3.257855389914763578e+02 -4.267875755033108676e-01 -4.347875487797410621e+00 -2.654217182844323730e+00 -3.222999466379319333e+00
1.000000000000000000e+00 4.272642247155253017e+02 1.231992698063702107e+02 -8.121669522598247277e+05 -4.313537238526335156e+13 7.020538357893768910e-06 2.010468472917019089e-06 9.727756221396980803e-07 -4.751530412145644533e+01 -9.914569516853788400e-01 -6.270923953066708245e-01 4.033168332999101047e+00 -1.079883147234316665e+00
1.000000000000000000e+00 3.846176110656559786e+02 1.348842981521937929e+02 -8.182298879379961872e+05 -4.378179897179140625e+13 6.366974018168051092e-06 2.217586429468506586e-06 8.168626607943391711e-07 2.811155551415713489e+02 -6.461391705271636310e-01 3.669350193217393752e+00 -6.889487562251359609e-01 4.118002431432414845e+00
1.000000000000000000e+00 3.326684017049827276e+02 1.432939607555667294e+02 -8.242927698262064951e+05 -4.443302747568696094e+13 5.547810453664050293e-06 2.373303049057276949e-06 6.447743971935233492e-07 3.561101839555522020e+02 2.922898564296615986e-01 4.597770816539804350e+00 -3.461826994729073181e+00 -2.334169718026628537e+00
1.000000000000000000e+00 2.727742772756352565e+02 1.482697365805620109e+02 -8.303555881053078920e+05 -4.508905670261275781e+13 4.582432736847866121e-06 2.473776435860028231e-06 4.732850986306786872e-07 1.022089511880132306e+02 9.624292192265678780e-01 1.305454538541654053e+00 3.559555589544789012e+00 -2.182237021711411096e+00
1.000000000000000000e+00 2.063281704270273167e+02 1.497089686954339243e+02 -8.364183344179458218e+05 -4.574988558700103906e+13 3.491488722757556101e-06 2.516026333696962264e-06 3.185586381648904722e-07 -2.520867676646467999e+02 7.489844488027369573e-01 -3.185539022622465133e+00 5.091925963205108374e-01 4.144070138624564414e+00
1.000000000000000000e+00 1.349302673155863204e+02 1.475609633762172166e+02 -8.424810010500425706e+05 -4.641551310765939844e+13 2.299842360723682415e-06 2.497902124219154445e-06 1.954159541959459312e-07 -3.800214973607122602e+02 -1.522010361746264917e-01 -4.751713122541590728e+00 -3.981795876541255996e+00 -1.256143308522752244e+00
1.000000000000000000e+00 6.034864191970163461e+01 1.419106435875284831e+02 -8.485435832407999551e+05 -4.708593854668756250e+13 1.036024980694423122e-06 2.419540761027992566e-06 1.157462070588018935e-07 -1.579378396022900688e+02 -9.136569017065330200e-01 -1.954274178387893190e+00 2.795478510577557252e+00 -3.101273014567811348e+00
1.000000000000000000e+00 -1.571752853487856605e+01 1.328942667620981695e+02 -8.546060783496614313e+05 -4.776116140807503906e+13 -2.717557908718527274e-07 2.282002113422537583e-06 8.700465237831662384e-08 2.154318962929690997e+02 -8.359869426357559030e-01 2.638236033633440947e+00 1.660693114412500559e+00 3.830756164744807624e+00
1.000000000000000000e+00 -9.146102014593101615e+01 1.206977494932598205e+02 -8.606684848817616003e+05 -4.844118131640564062e+13 -1.592577274616629128e-06 2.087271257194307382e-06 1.119434669802806216e-07 3.966116165235469566e+02 9.620597330582769321e-03 4.807502760243044904e+00 -4.174462965935408221e+00 -8.033280787568392034e-02
1.000000000000000000e+00 -1.650204524987848060e+02 1.056333672969532671e+02 -8.667308038049514871e+05 -4.912599817069697656e+13 -2.893680501048509391e-06 1.839624460284584366e-06 1.882931509802743985e-07 2.133576639672600095e+02 8.464309569753489804e-01 2.560106409110475933e+00 1.807420894975548142e+00 -3.763751336418657001e+00
1.000000000000000000e+00 -2.347119967240669496e+02 8.804948717529110525e+01 -8.727930378180911066e+05 -4.981561207063768750e+13 -4.144528531636383616e-06 1.544123113127507736e-06 3.089978993772259935e-07 -1.717067644688820565e+02 9.055379572808822664e-01 -2.039750789647638562e+00 2.672142528195280420e+00 3.208153475598941817e+00
1.000000000000000000e+00 -2.988472977185816148e+02 6.833076808529328616e+01 -8.788551913473147433e+05 -5.051002332302038281e+13 -5.313677934284980260e-06 1.206639240136051762e-06 4.625883123381022334e-07 -4.051551079732960829e+02 1.324852120867085203e-01 -4.765345072451150799e+00 -4.028665604449533255e+00 1.096561836611468221e+00
1.000000000000000000e+00 -3.558003260382560029e+02 4.696851211512584001e+01 -8.849172715094480664e+05 -5.120923256009259375e+13 -6.369972914914144002e-06 8.351284788205941098e-07 6.341964376775750001e-07 -2.671435538825188019e+02 -7.623639538519076941e-01 -3.111312265826370549e+00 6.780482660924829208e-01 -4.119811277575274211e+00
1.000000000000000000e+00 -4.042295687093609899e+02 2.446487407421662752e+01 -8.909792870848593302e+05 -5.191324063052846875e+13 -7.286588744585134249e-06 4.379801341316045858e-07 8.075895534474687791e-07 1.216126399938475799e+02 -9.564956998622956563e-01 1.402636653196842831e+00 3.464477301063181081e+00 2.330234203766954781e+00
1.000000000000000000e+00 -4.428902041477401212e+02 1.333819499573212664e+00 -8.970412474964433350e+05 -5.262204848623344531e+13 -8.037797492064491551e-06 2.404104243048105992e-08 9.660119303151146981e-07 4.050937134644656226e+02 -2.713599530116211356e-01 4.627329478794659501e+00 -3.560338645680094505e+00 2.180959225218175757e+00
1.000000000000000000e+00 -4.707100668533682324e+02 -2.183467063283123366e+01 -9.031031642692813184e+05 -5.333565735730045312e+13 -8.600415294024127373e-06 -3.962121860249077591e-07 1.093604301909250518e-06 3.180108504094899331e+02 6.632632240969587034e-01 3.598035207529180823e+00 -5.017121687166813393e-01 -4.144982426229216088e+00
1.000000000000000000e+00 -4.869957664825394090e+02 -4.447530225712667828e+01 -9.091650504629574716e+05 -5.405406869283989844e+13 -8.957699531002941647e-06 -8.124664951037558845e-07 1.177748476638628801e-06 -6.596079607365321351e+01 9.881074402065171958e-01 -7.392600521119662149e-01 3.977799915331130975e+00 1.268740417728972059e+00
1.000000000000000000e+00 -4.912342964562516272e+02 -6.604609404879376200e+01 -9.152269194024380995e+05 -5.477728401514567969e+13 -9.095907562332330548e-06 -1.214562152327462212e-06 1.209655649951255891e-06 -3.960131500484496314e+02 4.044713217029422547e-01 -4.396908412627558604e+00 -2.809123313977613279e+00 3.088919005227373837e+00
1.000000000000000000e+00 -4.831694875530351965e+02 -8.596972040301990603e+01 -9.212887858816604130e+05 -5.550530506577300781e+13 -9.005832345914788111e-06 -1.591421125198078863e-06 1.185579679777305201e-06 -3.647120277357719829e+02 -5.510480017120599205e-01 -4.011919545845383794e+00 -1.639582550372455705e+00 -3.839838990700207955e+00
1.000000000000000000e+00 -4.629824712618594162e+02 -1.037373215657176786e+02 -9.273506645923919277e+05 -5.623813362080151562e+13 -8.686345684498259797e-06 -1.932959869802638647e-06 1.107932884279198869e-06 5.660422914137802408e+00 -9.999176594900488491e-01 6.169535609719897090e-02 4.173860743720001487e+00 1.071489898251686279e-01
1.000000000000000000e+00 -4.310724509762708294e+02 -1.189043828024961869e+02 -9.334125692624662770e+05 -5.697577138522550000e+13 -8.140526342109209945e-06 -2.230053732267805480e-06 9.839340285069816150e-07 3.776261474689558213e+02 -5.294706310643255698e-01 4.078529241893259716e+00 -1.834271719111686627e+00 3.750738817147162507e+00
1.000000000000000000e+00 -3.881214347393889170e+02 -1.310353248319283352e+02 -9.394745143686654046e+05 -5.771822019960090625e+13 -7.377024126271431188e-06 -2.473530173485498732e-06 8.253865035784999199e-07 4.060213604461509362e+02 4.277258139780450996e-01 4.345743862956936709e+00 -2.647522297880523734e+00 -3.228501215148117165e+00
1.000000000000000000e+00 -3.352396661920489009e+02 -1.398065813981791905e+02 -9.455365135173732415e+05 -5.846548184275629688e+13 -6.413015306534750204e-06 -2.656132528285404483e-06 6.484521068041295930e-07 5.826662815099118831e+01 9.917017905499682096e-01 6.180790091028144362e-01 4.037222940731500564e+00 -1.064624506959486183e+00
1.000000000000000000e+00 -2.737152801490532283e+02 -1.449943259676918501e+02 -9.515985781068593496e+05 -5.921755786185232812e+13 -5.269645489221357306e-06 -2.772353535307112579e-06 4.710671439993754836e-07 -3.497786930390837483e+02 6.441144630339179500e-01 -3.677569049715722738e+00 -7.107634132649925940e-01 4.114293351761798334e+00
1.000000000000000000e+00 -2.050590422973007207e+02 -1.464180406597895114e+02 -9.576607186108545866e+05 -5.997444972439957812e+13 -3.973005543318078875e-06 -2.817410211737117927e-06 3.112302171436164029e-07 -4.407197105489696014e+02 -2.954403526970523219e-01 -4.593114109275688861e+00 -3.446364912023581972e+00 -2.356939394036283719e+00
1.000000000000000000e+00 -1.311131174437494167e+02 -1.440377718811787133e+02 -9.637229432661313331e+05 -6.073615864917050781e+13 -2.556388848235686481e-06 -2.789153477005963136e-06 1.854787932236135015e-07 -1.246502433771199918e+02 -9.634576804019249208e-01 -1.287800145442532296e+00 3.576095368047798484e+00 -2.155025831078253074e+00
1.000000000000000000e+00 -5.376948509110434316e+01 -1.379276510007494210e+02 -9.697852574703455903e+05 -6.150268552095609375e+13 -1.054969800577083963e-06 -2.687637779902071706e-06 1.066709275767742105e-07 3.124874643745250751e+02 -7.462016432837073054e-01 3.200598818979277116e+00 4.744478525441763739e-01 4.148191611920025501e+00
1.000000000000000000e+00 2.499998279453389216e+01 -1.282143156786019915e+02 -9.758476655482302886e+05 -6.227403110473132031e+13 4.935717672763203546e-07 -2.513983169497768464e-06 8.294143305393200098e-08 4.676021299009421455e+02 1.565634339922735430e-01 4.748435933825965627e+00 -3.970548179865436733e+00 -1.291255809417600542e+00
1.000000000000000000e+00 1.030593363349289007e+02 -1.151649487111341017e+02 -9.819101686128308065e+05 -6.305019576673457812e+13 2.047329156790089211e-06 -2.272144229312168967e-06 1.167661984388260433e-07 1.921322694990789728e+02 9.154705146896385815e-01 1.934556817349385227e+00 2.823179774441975542e+00 -3.076077108131263227e+00
1.000000000000000000e+00 1.784054922435405501e+02 -9.914435112197448063e+01 -9.879727642558311345e+05 -6.383117942172003125e+13 3.566003498504367058e-06 -1.968143529622662903e-06 2.045297051213480123e-07 -2.660047398724635173e+02 8.335661960041299556e-01 -2.655881586884785595e+00 1.626944139104408382e+00 3.845210941186615106e+00
1.000000000000000000e+00 2.491324671345199420e+02 -8.054775060153735922e+01 -9.940354487064722925e+05 -6.461698179967639844e+13 5.010265882908049629e-06 -1.608789075544518334e-06 3.371687118454946067e-07 -4.855236413103274344e+02 -1.377477097565375959e-02 -4.807269116136333231e+00 -4.173651396764048727e+00 -1.150149219751246676e-01
1.000000000000000000e+00 3.133505620213800285e+02 -5.988064151060494567e+01 -1.000098215516640223e+06 -6.540760226843138281e+13 6.340181677730678792e-06 -1.203297228262602327e-06 5.009515907848186880e-07 -2.591563203982628920e+02 -8.484293382640514247e-01 -2.544770615369714495e+00 1.835703751414567320e+00 -3.750038153276566533e+00
1.000000000000000000e+00 3.694743847152015519e+02 -3.770338201805430600e+01 -1.006161055787701276e+06 -6.620303985288650000e+13 7.521083505521618626e-06 -7.622398178416237943e-07 6.792491000782694593e-07 2.108864547432899315e+02 -9.041604112188115216e-01 2.053827090813411971e+00 2.651325279377774624e+00 3.225378842387325307e+00
1.000000000000000000e+00 4.161581855493222406e+02 -1.456264026433862391e+01 -1.012223959460766404e+06 -6.700329339611653906e+13 8.522433607878890244e-06 -2.961832906637477419e-07 8.540691071748564661e-07 4.934806371166445729e+02 -1.299255839403492263e-01 4.766973765708637956e+00 -4.034274399676085920e+00 1.075743687922727787e+00
1.000000000000000000e+00 4.522016622427316861e+02 8.932230269498274922e+00 -1.018286914474526187e+06 -6.780836144260776562e+13 9.316030242999936422e-06 1.827569463838487189e-07 1.007520264874555287e-06 3.240054225936534635e+02 7.635401652582114451e-01 3.104638294085868555e+00 6.930355743766513088e-01 -4.117316614815511144e+00
1.000000000000000000e+00 4.768119057437169204e+02 3.216958426246365121e+01 -1.024349906874277745e+06 -6.861824224492475781e+13 9.881525499258249785e-06 6.621213628758909029e-07 1.124655057146316818e-06 -1.480295003422380091e+02 9.562128008962708092e-01 -1.407088043365476215e+00 3.459958833625984997e+00 2.336938014496950711e+00
1.000000000000000000e+00 4.894984372318376700e+02 5.459934645881566695e+01 -1.030412923279462848e+06 -6.943293408874558594e+13 1.020448705136570057e-05 1.130427101121143880e-06 1.194482598725942322e-06 -4.907058855246484654e+02 2.713139499668056898e-01 -4.627391829511675603e+00 -3.560547112299174977e+00 2.180618874330277013e+00
1.000000000000000000e+00 4.899624023131876243e+02 7.565514464130568228e+01 -1.036475949570460827e+06 -7.025243511711929688e+13 1.027426012191141392e-05 1.575583828626536289e-06 1.210152722530150399e-06 -3.848881571002240776e+02 -6.625750315961377312e-01 -3.600964802561597011e+00 -5.093314058528641830e-01 -4.144053080379085152e+00
1.000000000000000000e+00 4.783303102953302073e+02 9.481383302890054665e+01 -1.042538970891794073e+06 -7.107674332797229688e+13 1.008901510487021458e-05 1.986130688495208778e-06 1.170606705663731560e-06 7.866049769361231370e+01 -9.883991017823917646e-01 7.301922661862118025e-01 3.982613720210576691e+00 1.253547912757188909e+00
1.000000000000000000e+00 4.550122899178554690e+02 1.116503866359068837e+02 -1.048601973725311458e+06 -7.190585685551976562e+13 9.653001426810500031e-06 2.352419234622803227e-06 1.080232471114382266e-06 4.767444285327777607e+02 -4.071188363573338687e-01 4.391257010586104848e+00 -2.791180681844239952e+00 3.105141673947738656e+00
1.000000000000000000e+00 4.205818835348964626e+02 1.257559890406545264e+02 -1.054664944357414031e+06 -7.273977376413875000e+13 8.974156624210362089e-06 2.664937374696207656e-06 9.479304949669211806e-07 4.400502888401191512e+02 5.478236278330428366e-01 4.022113390951561840e+00 -1.669169716068497733e+00 -3.827070272799710349e+00
1.000000000000000000e+00 3.759896665003967655e+02 1.367949683091966335e+02 -1.060727870020123431e+06 -7.357849220589654688e+13 8.068790907628895585e-06 2.915532739282775747e-06 7.870837068105635478e-07 -4.272853595901353607e+00 9.999675072316769331e-01 -3.875649270590181272e-02 4.174693200232209023e+00 6.731343047559659731e-02
1.000000000000000000e+00 3.223955855686723453e+02 1.445493573869039210e+02 -1.066790740178389708e+06 -7.442201060391203125e+13 6.958199819747078840e-06 3.098412401271700896e-06 6.134230485676709879e-07 -4.514881908015416343e+02 5.342239136378580389e-01 -4.064176955800738789e+00 -1.792051393960945038e+00 3.771093503930931679e+00
1.000000000000000000e+00 2.610483004105356031e+02 1.488326988625274510e+02 -1.072853545063730096e+06 -7.527032745545301562e+13 5.666173688013297053e-06 3.208356484662256702e-06 4.432702922692273827e-07 -4.878765992431377754e+02 -4.219662486101085630e-01 -4.358739200703928951e+00 -2.688388312084320830e+00 -3.194552033922104073e+00
1.000000000000000000e+00 1.934881200995369568e+02 1.495456422657251778e+02 -1.078916275763021316e+06 -7.612344134750554688e+13 4.223481752077184362e-06 3.241942639448658974e-06 2.930161405521774826e-07 -7.346371106397117501e+01 -9.907775996943279928e-01 -6.514378654509302979e-01 4.021923295627972017e+00 -1.121038544418731631e+00
1.000000000000000000e+00 1.213632960861702230e+02 1.467106818573726912e+02 -1.084978926055772230e+06 -7.698135122088232812e+13 2.664018510235796023e-06 3.198356410581763200e-06 1.770686431307988121e-07 4.151640133132860910e+02 -6.498411301224782388e-01 3.654208054607290812e+00 -6.488859761303740203e-01 4.124504988961556151e+00
1.000000000000000000e+00 4.631437565029001036e+01 1.403823003148082762e+02 -1.091041491401869105e+06 -7.784405623645312500e+13 1.022317165531899261e-06 3.077495601433460428e-06 1.062846635124951641e-07 5.269628921943016167e+02 2.879024190399035454e-01 4.604164968584923301e+00 -3.483083598785142954e+00 -2.302329919421057802e+00
1.000000000000000000e+00 -2.982770502883221653e+01 1.307030054677739770e+02 -1.097103968718037708e+06 -7.871155574973223438e+13 -6.620582445175723057e-07 2.881225035856853779e-06 8.736062064913714100e-08 1.527975197306103610e+02 9.612562002819828866e-01 1.325280816969127473e+00 3.540712587810477707e+00 -2.212679096594865058e+00
1.000000000000000000e+00 -1.052358089928859783e+02 1.179291474242678674e+02 -1.103166357911936007e+06 -7.958384953799725000e+13 -2.348730165389027944e-06 2.614002433504633556e-06 1.220730624834882035e-07 -3.682879942184778201e+02 7.516130914826585352e-01 -3.171195990853894919e+00 5.421313220449690551e-01 4.139889858878520457e+00
1.000000000000000000e+00 -1.781950224165394161e+02 1.023378964330902505e+02 -1.109228659938248107e+06 -8.046093753013381250e+13 -3.998943086261989585e-06 2.280874488100377047e-06 2.072495403565134463e-07 -5.561470760742510038e+02 -1.485842324075929144e-01 -4.754358329869347699e+00 -3.990880198489869635e+00 -1.226975816912825090e+00
1.000000000000000000e+00 -2.469070341437941067e+02 8.428441219125538453e+01 -1.115290877257804619e+06 -8.134281987775745312e+13 -5.571218415277269150e-06 1.888770677111158104e-06 3.347928553135219686e-07 -2.319744836960327632e+02 -9.122939739191199271e-01 -1.968936393925053707e+00 2.774697199469853270e+00 -3.119879783780392657e+00
1.000000000000000000e+00 -3.096924251238098691e+02 6.421914528939331035e+01 -1.121353015806105919e+06 -8.222949724989042188e+13 -7.025892664549675684e-06 1.446940577855624178e-06 4.924295098495117249e-07 3.116015933790968688e+02 -8.376456262883043014e-01 2.626047155860490090e+00 1.683874249175081550e+00 3.820623238027075264e+00
1.000000000000000000e+00 -3.650897572736862458e+02 4.259198357684527281e+01 -1.127415082621315029e+06 -8.312097049697373438e+13 -8.327450537245977450e-06 9.648405031486728383e-07 6.652346071631531218e-07 5.745042728314473379e+02 6.887110353893783309e-03 4.807611234984663362e+00 -4.174839769313483551e+00 -5.750925617653254718e-02
1.000000000000000000e+00 -4.116606588291991784e+02 1.990991231144391804e+01 -1.133477086247679312e+06 -8.401724071504393750e+13 -9.440188847100595051e-06 4.534463516376205934e-07 8.364644879459645804e-07 3.092857667449540031e+02 8.451190994275539214e-01 2.570104465877678823e+00 1.788890591113316830e+00 -3.772593917586901657e+00
1.000000000000000000e+00 -4.481978048111836301e+02 -3.254281360332828221e+00 -1.139539037227858556e+06 -8.491830932507929688e+13 -1.033302559009949320e-05 -7.451232686033978569e-08 9.893943986348840295e-07 -2.460106157419262729e+02 9.064742631911845150e-01 -2.030115205239337861e+00 2.686309919710445637e+00 3.196299959211071684e+00
1.000000000000000000e+00 -4.738092607867237120e+02 -2.635992172960329327e+01 -1.145600947165866150e+06 -8.582417794051926562e+13 -1.098159647753494859e-05 -6.067660877546277604e-07 1.109112620249493275e-06 -5.813178005748094392e+02 1.344671297539876409e-01 -4.764061758963567428e+00 -4.024247557234430062e+00 1.112666172794051000e+00
1.000000000000000000e+00 -4.877197412093744902e+02 -4.884127060293548084e+01 -1.151662828515864443e+06 -8.673484833965832812e+13 -1.136381766403391442e-05 -1.130202133503125504e-06 1.183171326951210713e-06 -3.830849002070551137e+02 -7.611806405503015460e-01 -3.118001770701450237e+00 6.629937803149843489e-01 -4.122260746392819364e+00
1.000000000000000000e+00 -4.894784581038380225e+02 -7.010709070443266455e+01 -1.157724696141147288e+06 -8.765032270507398438e+13 -1.146482561509200320e-05 -1.630838901351873468e-06 1.203809926825754660e-06 1.725446361942387057e+02 -9.569895885998597196e-01 1.394828129991124710e+00 3.472368904604616002e+00 2.318458238641011082e+00
1.000000000000000000e+00 -4.790184520107563912e+02 -8.963855294619808944e+01 -1.163786564236719161e+06 -8.857060316475920312e+13 -1.127857298820914573e-05 -2.096099988688848372e-06 1.169041982348831231e-06 5.760425841755112515e+02 -2.729160567527775250e-01 4.625213672510333218e+00 -3.553266214214223062e+00 2.192462913007005021e+00
1.000000000000000000e+00 -4.564452556815884918e+02 -1.069320424763656519e+02 -1.169848446776537457e+06 -8.949569185790254688e+13 -1.080306209908103967e-05 -2.513513861489591333e-06 1.081650393141248141e-06 4.517731374474300878e+02 6.620744740613544455e-01 3.603092241602124268e+00 -5.148682971014265641e-01 -4.143368804563179353e+00
1.000000000000000000e+00 -4.222343864052623985e+02 -1.215048275296352500e+02 -1.175910358667753637e+06 -9.042559111153090625e+13 -1.004514910337427983e-05 -2.870857056783940409e-06 9.498515857514676504e-07 -9.234824514732750345e+01 9.883536753015768062e-01 -7.316121456098219067e-01 3.981863873553565636e+00 1.255927747315279230e+00
1.000000000000000000e+00 -3.772533778649764713e+02 -1.329890419309875540e+02 -1.181972313684287947e+06 -9.136030312476121875e+13 -9.021297672289246876e-06 -3.158398907381691751e-06 7.868951803899053832e-07 -5.582828672882943692e+02 4.060115071912533402e-01 -4.393626093185424963e+00 -2.798699471159376007e+00 3.098366615512061717e+00
1.000000000000000000e+00 -3.225280979496855593e+02 -1.410709859031132680e+02 -1.188034324790911051e+06 -9.229983001466553125e+13 -7.752202636839665355e-06 -3.367522527000983858e-06 6.089658771105193821e-07 -5.137669682868598784e+02 -5.495360620101121807e-01 -4.016710207987462589e+00 -1.653477875083106952e+00 -3.833876019200163299e+00
1.000000000000000000e+00 -2.594199860315843011e+02 -1.454983131174618620e+02 -1.194096404153824551e+06 -9.324417381471643750e+13 -6.267168834708431386e-06 -3.490930224300837996e-06 4.342504576030850009e-07 6.714170735532473344e+00 -9.999411691084920673e-01 5.214959818483406312e-02 4.174253348812836606e+00 9.057258918819154070e-02
1.000000000000000000e+00 -1.896046886620070211e+02 -1.461649823883086583e+02 -1.200158561075838283e+06 -9.419333614751115625e+13 -4.603798133112452705e-06 -3.524729437250306554e-06 2.808537348402648589e-07 5.278043384012083834e+02 -5.313403225674490082e-01 4.072905139798177032e+00 -1.817709483501174450e+00 3.758793243526082684e+00
1.000000000000000000e+00 -1.148139128802858977e+02 -1.430414964638969764e+02 -1.206220802899613744e+06 -9.514731835591759375e+13 -2.801882409173307861e-06 -3.466831059309245064e-06 1.643499813989014545e-07 5.674747724468692240e+02 4.254972030571497754e-01 4.350797796400124540e+00 -2.663400737640621685e+00 -3.215414580535895794e+00
1.000000000000000000e+00 -3.699202815852221704e+01 -1.361782959551338479e+02 -1.212283143454256002e+06 -9.610612283454465625e+13 -9.072788393030478273e-07 -3.317078744726035082e-06 9.683485057878983368e-08 8.286396149961586843e+01 9.913429738229732058e-01 6.312436754158923247e-01 4.031281165665850708e+00 -1.086906885310429338e+00
1.000000000000000000e+00 4.175945812647276512e+01 -1.257781295891915931e+02 -1.218345570724039339e+06 -9.706974790357300000e+13 1.029328305906178199e-06 -3.079069136567687138e-06 8.545132193761049661e-08 -4.845891059143089024e+02 6.464656562262826034e-01 -3.668020753212162255e+00 -6.854247152875551086e-01 4.118590459569925422e+00
1.000000000000000000e+00 1.194525093898291033e+02 -1.121133429179799066e+02 -1.224408092266462045e+06 -9.803819497952812500e+13 2.959034585339113403e-06 -2.758209900990799460e-06 1.313641821871988699e-07 -6.113078042350427950e+02 -2.921810283828390475e-01 -4.597930698010142869e+00 -3.462358141719814597e+00 -2.333381775975365446e+00
1.000000000000000000e+00 1.940614897664707712e+02 -9.552326806565770312e+01 -1.230470706352198031e+06 -9.901146400835540625e+13 4.831024193603220423e-06 -2.361697505100755767e-06 2.298047671255919712e-07 -1.746219399540564154e+02 -9.624466407499105980e-01 -1.305157627889828253e+00 3.559835616515206080e+00 -2.181780189977267082e+00
1.000000000000000000e+00 2.635911417950116515e+02 -7.647477035548490676e+01 -1.236533407904895721e+06 -9.998955438921890625e+13 6.594247420122997623e-06 -1.900062363352481092e-06 3.705571002352638969e-07 4.289341500089738588e+02 -7.489160807716078727e-01 3.185910538245100732e+00 5.083374369553647076e-01 4.144175124699375878e+00
1.000000000000000000e+00 3.263356015206304619e+02 -5.546813650193208645e+01 -1.242596189901501872e+06 -1.009724651888097344e+14 8.203950771571191555e-06 -1.384896803518676407e-06 5.394121770997456402e-07 6.437413127034532181e+02 1.522036379786350369e-01 4.751711196236565016e+00 -3.981789262956799913e+00 -1.256164272453798025e+00
1.000000000000000000e+00 3.807117880549454298e+02 -3.303148303941885899e+01 -1.248659044113405980e+06 -1.019601952546647031e+14 9.617645466586561431e-06 -8.287351505765543935e-07 7.191993462983627942e-07 2.665405045719494979e+02 9.135615778887802296e-01 1.955303950895082910e+00 2.794024046782387138e+00 -3.102583446096045083e+00
1.000000000000000000e+00 4.253168902141264880e+02 -9.774440414903564189e+00 -1.254721959301214432e+06 -1.029527429141400625e+14 1.079664199790430411e-05 -2.464241242875042475e-07 8.914499087044374278e-07 -3.615231157248258569e+02 8.363163493708389851e-01 -2.635821785437626019e+00 1.665293121786883601e+00 3.828758706489184149e+00
1.000000000000000000e+00 4.591576027792968375e+02 1.371129477912086969e+01 -1.260784922645800980e+06 -1.039501061984501094e+14 1.171200795771480836e-05 3.473467934504554667e-07 1.039216812028177756e-06 -6.634353902476553912e+02 -8.534796106678467151e-03 -4.807550149903397241e+00 -4.174627580023414275e+00 -7.126697759335584581e-02
1.000000000000000000e+00 4.814525303338796789e+02 3.685412527676169958e+01 -1.266847921156760771e+06 -1.049522830697700312e+14 1.233975477213543871e-05 9.381113933507423655e-07 1.148107663086583729e-06 -3.563918902823053259e+02 -8.455361614317544738e-01 -2.566931814622623875e+00 1.794778576111706103e+00 -3.769796317669944496e+00
1.000000000000000000e+00 4.916708690929987142e+02 5.905049939690297833e+01 -1.272910940854590619e+06 -1.059592712844029375e+14 1.266196385271350987e-05 1.510307620745384413e-06 1.207480744166070877e-06 2.834760074375615204e+02 -9.065379209830601859e-01 2.029458075397133410e+00 2.687273667292358503e+00 3.195489735715719259e+00
1.000000000000000000e+00 4.897272565309905872e+02 7.976311219521106466e+01 -1.278973967200672487e+06 -1.069710684607837031e+14 1.267198217026597627e-05 2.049781717698020698e-06 1.212163332071503967e-06 6.693512836876232086e+02 -1.355806129260607729e-01 4.763332252127121968e+00 -4.021736623693428214e+00 1.121708047412704579e+00
1.000000000000000000e+00 4.757518045857606808e+02 9.851422475781258470e+01 -1.285036986409356119e+06 -1.079876722977826094e+14 1.236871676458608336e-05 2.543656081430011230e-06 1.161947796281876469e-06 4.418623749373452938e+02 7.598069749554892116e-01 3.125736431929666992e+00 6.455469029877699549e-01 -4.125028922326525738e+00
1.000000000000000000e+00 4.501159032689847095e+02 1.148326788589237140e+02 -1.291099984007038176e+06 -1.090090803343737812e+14 1.175744093369483596e-05 2.978991003620558209e-06 1.061856205019872033e-06 -1.963202705936367067e+02 9.578844488445827920e-01 -1.380557228267187853e+00 3.486677810713592507e+00 2.296883161648608507e+00
1.000000000000000000e+00 4.135994649524733404e+02 1.283473070983379500e+02 -1.297162946348554222e+06 -1.100352902041715469e+14 1.085433135062223802e-05 3.345223315834898083e-06 9.224322004643060551e-07 -6.608457000230010863e+02 2.768138685791922682e-01 -4.619856454488551201e+00 -3.535373292710549453e+00 2.221200147482528919e+00
1.000000000000000000e+00 3.671366284518879297e+02 1.387693475271700265e+02 -1.303225862187386723e+06 -1.110662999063549844e+14 9.680013825220384560e-06 3.633766825958858327e-06 7.573612410782231242e-07 -5.206959768020916499e+02 -6.583532538694442104e-01 -3.618818563721233783e+00 -5.558991942585953527e-01 -4.138063617177735409e+00
1.000000000000000000e+00 3.118398954205149494e+02 1.458387000591243634e+02 -1.309288720319892513e+06 -1.121021074117732812e+14 8.260297232453844959e-06 3.836648659372189923e-06 5.822945460429836744e-07 1.019076194753952507e+02 -9.892166128500025080e-01 7.041388053285854154e-01 3.996114117653406961e+00 1.209820801887027786e+00
1.000000000000000000e+00 2.491491312784452816e+02 1.494122136484046166e+02 -1.315351510924142785e+06 -1.131427108934427656e+14 6.630248067804054963e-06 3.948860099408130755e-06 4.141959459729575745e-07 6.377068977855867615e+02 -4.119498293099996822e-01 4.380830642904717465e+00 -2.758138575511400958e+00 3.134528036605092716e+00
1.000000000000000000e+00 1.805625202060740833e+02 1.494357023975320260e+02 -1.321414226360370405e+06 -1.141881088703650312e+14 4.827198504882027901e-06 3.967684829656735201e-06 2.690244641202040897e-07 5.908203489228891385e+02 5.435725340004191608e-01 4.035422841563731211e+00 -1.707912794155393543e+00 -3.809938096813090258e+00
1.000000000000000000e+00 1.076670951010336239e+02 1.458903679584347515e+02 -1.327476860175482696e+06 -1.152383000433427344e+14 2.891602074437335483e-06 3.891324054607661994e-06 1.604552291162196172e-07 -2.295626348447115550e+00 9.999947424101650606e-01 -1.559004682087713686e-02 4.175148044821335169e+00 2.707799497774456693e-02
1.000000000000000000e+00 3.227545641492033468e+01 1.388770761369033835e+02 -1.333539407939957688e+06 -1.162932834456504688e+14 8.707767386618598902e-07 3.721176231415110849e-06 9.881486574149351725e-08 -6.001335465875145019e+02 5.380543049742861905e-01 -4.052480542843275302e+00 -1.757753959152615453e+00 3.787201530559304974e+00
1.000000000000000000e+00 -4.385098354411981347e+01 1.285795011915726036e+02 -1.339601868150499184e+06 -1.173530586092087969e+14 -1.188457499837929271e-06 3.460917929382136269e-06 8.976876525009526155e-08 -6.504272989636695002e+02 -4.181208943954052293e-01 -4.367296229629375581e+00 -2.715363948399019733e+00 -3.171654622073835306e+00
1.000000000000000000e+00 -1.189619431723984633e+02 1.152110151163667098e+02 -1.345664239991193172e+06 -1.184176251821516562e+14 -3.238719479942870115e-06 3.115118229610781475e-06 1.341527394239970091e-07 -1.003664122124889388e+02 -9.902382043326950489e-01 -6.701268623410483460e-01 4.013000392944094941e+00 -1.152572019536296066e+00
1.000000000000000000e+00 -1.911917578043106403e+02 9.909582649725940939e+01 -1.351726524470561882e+06 -1.194869831325733438e+14 -5.228613915372925717e-06 2.691460557141816976e-06 2.277424162823015782e-07 5.486715517686834573e+02 -6.525774924036266134e-01 3.642919156369379241e+00 -6.191258202734736260e-01 4.129077092118544456e+00
1.000000000000000000e+00 -2.588393292361412819e+02 8.062452128214947322e+01 -1.357788725998210022e+06 -1.205611330357495312e+14 -7.110350940765354462e-06 2.199597244184622515e-06 3.615898149157147304e-07 6.980050485477866005e+02 2.847514814669160343e-01 4.608692036132583603e+00 -3.498151162297153505e+00 -2.279371154442933811e+00
1.000000000000000000e+00 -3.203179052371330044e+02 6.020087467518376201e+01 -1.363850849725891370e+06 -1.216400756133261875e+14 -8.838461341640713940e-06 1.649732383576627319e-06 5.229397812500675212e-07 2.039303596501287075e+02 9.604303485365373039e-01 1.339048978184299576e+00 3.527460153814134358e+00 -2.233745571286264830e+00
1.000000000000000000e+00 -3.740377270282829727e+02 3.831986488384224288e+01 -1.369912903120214120e+06 -1.227238120180432812e+14 -1.036661423790862904e-05 1.054777227760207331e-06 6.960988436693509829e-07 -4.841345203279267366e+02 7.533832572549399309e-01 -3.161472058144991770e+00 5.643777554545095221e-01 4.136915779072081634e+00
1.000000000000000000e+00 -4.186849385392352474e+02 1.551619174230805065e+01 -1.375974895761445398e+06 -1.238123438067032188e+14 -1.165537956048988808e-05 4.289823932621278111e-07 8.644559863248885369e-07 -7.323240050084849599e+02 -1.461924864318011885e-01 -4.756071842673344818e+00 -3.996767540164035459e+00 -1.207660400890317343e+00
1.000000000000000000e+00 -4.531590291258587513e+02 -7.689521731277991989e+00 -1.382036837525542593e+06 -1.249056726199404688e+14 -1.267064809105962300e-05 -2.135319014348682180e-07 1.011703422344329599e-06 -3.063040335538378258e+02 -9.113998422469464789e-01 -1.978484544227308684e+00 2.761080733249492880e+00 -3.131936716867995685e+00
1.000000000000000000e+00 -4.764608503576493490e+02 -3.071619157819065293e+01 -1.388098740474413615e+06 -1.260038005265673125e+14 -1.338061743807096801e-05 -8.567054848867026529e-07 1.122734700071360989e-06 4.075287789931430211e+02 -8.387214923744759076e-01 2.618097799860409136e+00 1.698934713446043965e+00 3.813950085336126783e+00
1.000000000000000000e+00 -4.879640445830415274e+02 -5.298044918700830408e+01 -1.394160618478254415e+06 -1.271067299633753125e+14 -1.376351009208446379e-05 -1.484131102401860451e-06 1.186342345077163170e-06 7.523954115551313180e+02 5.079036230381190134e-03 4.807663245139423225e+00 -4.175020437447066080e+00 -4.241180126737449652e-02
1.000000000000000000e+00 -4.873332491581459749e+02 -7.395016488947416633e+01 -1.400222485134294257e+06 -1.282144633611535625e+14 -1.380548481748443305e-05 -2.080558893462109304e-06 1.196146401340055083e-06 4.054593320064392969e+02 8.442151359869727312e-01 2.576962283517310492e+00 1.776138615940375143e+00 -3.778614300368965839e+00
1.000000000000000000e+00 -4.744086561707649707e+02 -9.307282987419887377e+01 -1.406284354782531969e+06 -1.293270033304279375e+14 -1.349753064734366736e-05 -2.629903927089413184e-06 1.150475611561026320e-06 -3.200096942904723392e+02 9.071562305335340026e-01 -2.023061844515130936e+00 2.696638090140776267e+00 3.187591163369189573e+00
1.000000000000000000e+00 -4.494604838665121633e+02 -1.098390926368100224e+02 -1.412346242447334807e+06 -1.304443526536176250e+14 -1.284284574359206386e-05 -3.117036838893880204e-06 1.053595699281184789e-06 -7.574240034952978249e+02 1.360508757483136488e-01 -4.763022315215736491e+00 -4.020669949548510758e+00 1.125525464298793743e+00
1.000000000000000000e+00 -4.130767827183103691e+02 -1.238325822922566886e+02 -1.418408161880073836e+06 -1.315665139246316719e+14 -1.185388145839710894e-05 -3.529230068112858921e-06 9.149491030424689076e-07 -4.994056529388964236e+02 -7.601214531953547349e-01 -3.123968630428197724e+00 6.495382983345979744e-01 -4.124402309787932097e+00
1.000000000000000000e+00 -3.660327338572289477e+02 -1.346584040915679736e+02 -1.424470127092352370e+06 -1.326934898294727812e+14 -1.054877050144789339e-05 -3.854167888334438958e-06 7.479497548870484033e-07 2.228840391910169956e+02 -9.574862244817723411e-01 1.386927745150300817e+00 3.480308511253196624e+00 2.306522724901273858e+00
1.000000000000000000e+00 -3.095190290055637092e+02 -1.420085099069796684e+02 -1.430532151426918572e+06 -1.338252829734381250e+14 -8.958051394846240458e-06 -4.081838457260067585e-06 5.697433728562326990e-07 7.467828366651432361e+02 -2.746980950331203153e-01 4.622774605657252067e+00 -3.545117244559908620e+00 2.205615137849620044e+00
1.000000000000000000e+00 -2.449901849876749793e+02 -1.457021756633280063e+02 -1.436594245548138861e+06 -1.349618955008962188e+14 -7.120514587891217920e-06 -4.205755087109693156e-06 3.987126254994433898e-07 5.861405238260126680e+02 6.605463102937056963e-01 3.609569466272718241e+00 -5.317461131921091821e-01 -4.141236588881698211e+00
1.000000000000000000e+00 -1.740119847827191393e+02 -1.456097257608490168e+02 -1.442656418639052892e+06 -1.361033293105356406e+14 -5.078911500638644615e-06 -4.220822761457253137e-06 2.521599349941190290e-07 -1.176611868760343924e+02 9.886957986090858519e-01 -7.208481075305568364e-01 3.987512088398487808e+00 1.237877925670932022e+00
1.000000000000000000e+00 -9.846265653396585549e+01 -1.417146824451761233e+02 -1.448718678706110455e+06 -1.372495861072338438e+14 -2.885919289078386717e-06 -4.125178325188882368e-06 1.453335604583055081e-07 -7.200360011020400179e+02 4.083229830979110964e-01 -4.388672009840974830e+00 -2.782981256738600973e+00 3.112492528284859450e+00
1.000000000000000000e+00 -2.034447809218808700e+01 -1.341397302567407621e+02 -1.454781030401153257e+06 -1.384006669829822031e+14 -5.987875404731784392e-07 -3.921018376727531825e-06 8.945258902283208250e-08 -6.636163575109707153e+02 -5.471714978012049979e-01 -4.024164697806658531e+00 -1.675132614272803799e+00 -3.824464032853100104e+00
1.000000000000000000e+00 5.838263367548631777e+01 -1.230616072930481266e+02 -1.460843476386072347e+06 -1.395565726643229062e+14 1.725503880340982568e-06 -3.612185859278661096e-06 9.037293837454395163e-08 6.135980354565370831e+00 -9.999703541144294716e-01 3.701976303359164056e-02 4.174740744382730462e+00 6.429720972301691817e-02
1.000000000000000000e+00 1.356146552952185687e+02 -1.087665184384712802e+02 -1.466906017025243258e+06 -1.407173034454521250e+14 4.024736819655863992e-06 -3.205836260477362468e-06 1.480697755559832212e-07 6.770183702709909994e+02 -5.342865175326024785e-01 4.063986731077551262e+00 -1.791492806570755159e+00 3.771358898062166176e+00
1.000000000000000000e+00 2.093104052998051259e+02 -9.166075607204312803e+01 -1.472968648974695010e+06 -1.418828589073164688e+14 6.237533546878768230e-06 -2.712818623146341879e-06 2.565640858754956475e-07 7.297605302041405366e+02 4.220357496547576526e-01 4.358583664692102566e+00 -2.687898481592987388e+00 -3.194964188631470137e+00
1.000000000000000000e+00 2.776495735583003466e+02 -7.217718394773459067e+01 -1.479031367070999229e+06 -1.430532382683007812e+14 8.308123960071878166e-06 -2.144969582244680914e-06 4.049285250664740438e-07 1.095482513808014033e+02 9.907894717073755242e-01 6.510203730088874874e-01 4.022119742062419512e+00 -1.120333519314303139e+00
1.000000000000000000e+00 3.388401504825966981e+02 -5.082487792457015985e+01 -1.485094164700594032e+06 -1.442284404487494062e+14 1.018069507593648028e-05 -1.516610838755998659e-06 5.780153943239435729e-07 -6.179510455696977260e+02 6.498721134480720529e-01 -3.654080692815520948e+00 -6.485497073228294607e-01 4.124557878260276311e+00
1.000000000000000000e+00 3.913202136120199270e+02 -2.818908886403974279e+01 -1.491157031929802615e+06 -1.454084637005180000e+14 1.180549591386149919e-05 -8.445944809817249698e-07 7.581165441831288129e-07 -7.825657170657520965e+02 -2.876114036153903375e-01 -4.604585356624916415e+00 -3.484482164172598484e+00 -2.300212699197724309e+00
1.000000000000000000e+00 4.338846569622609763e+02 -4.834571982580637695e+00 -1.497219957693540491e+06 -1.465933060224033750e+14 1.314281736299169247e-05 -1.454412029774897358e-07 9.273211295744051103e-07 -2.268990438309008368e+02 -9.610644674313091329e-01 -1.328491061094970505e+00 3.537634837574324287e+00 -2.217596484928654466e+00
1.000000000000000000e+00 4.654708664774419162e+02 1.864564092553078467e+01 -1.503282929485860746e+06 -1.477829650948136562e+14 1.415669261255501941e-05 5.631989829492359166e-07 1.068696273747839421e-06 5.435437991089547722e+02 -7.524057001173419801e-01 3.166848526204034009e+00 5.520859050067474794e-01 4.138574098343573482e+00
1.000000000000000000e+00 4.853411069734034413e+02 4.163412586996898312e+01 -1.509345933389011538e+06 -1.489774382797907188e+14 1.482055398756341253e-05 1.262647314656376728e-06 1.168456110497138612e-06 8.202375100296778783e+02 1.467899454938670079e-01 4.755646469560883105e+00 -3.995305831769865978e+00 -1.212487412146261656e+00
1.000000000000000000e+00 4.931681834235473048e+02 6.358245447676311102e+01 -1.515408955520368414e+06 -1.501767229021934688e+14 1.512005852983744633e-05 1.936024986470787241e-06 1.217497247165828996e-06 3.431624772189614987e+02 9.112608565576634234e-01 1.979963755542287540e+00 2.758965360413856427e+00 -3.133800337293982441e+00
1.000000000000000000e+00 4.887970952167107157e+02 8.395794123545385901e+01 -1.521471982010956621e+06 -1.513808162455626562e+14 1.504600313511366045e-05 2.566667192081401903e-06 1.211036273003781052e-06 -4.550389812087842074e+02 8.394378544916450968e-01 -2.612785653324560808e+00 1.708973398197937366e+00 3.809462473662029947e+00
1.000000000000000000e+00 4.724085970977031366e+02 1.022469192111835810e+02 -1.527534998021477135e+06 -1.525897153555910312e+14 1.459948493353676395e-05 3.138233254676887754e-06 1.149934337461334732e-06 -8.413465713692521604e+02 -2.770412864152299939e-03 -4.807706806912086961e+00 -4.175171759865277998e+00 -2.313416544658811538e-02
1.000000000000000000e+00 4.445686609554559823e+02 1.180409387284186238e+02 -1.533597989522598451e+06 -1.538034173933644062e+14 1.379364191974691585e-05 3.637374390293292525e-06 1.041002059127453281e-06 -4.554793594896289619e+02 -8.424476595313634686e-01 -2.590297525082084107e+00 1.751244717620484836e+00 -3.790215871555838945e+00
1.000000000000000000e+00 4.059735474316126442e+02 1.309759887785701835e+02 -1.539660944039776456e+06 -1.550219197885589688e+14 1.264594831072044857e-05 4.051917541749127065e-06 8.949774749622952119e-07 3.541715236370337152e+02 -9.089299433781408144e-01 2.004575600720514661e+00 2.723536757965840049e+00 3.164639306776738881e+00
1.000000000000000000e+00 3.576035934056942551e+02 1.407344327364775722e+02 -1.545723849116050173e+06 -1.562452199348382500e+14 1.118310375795794735e-05 4.370952573755980257e-06 7.260425365934851185e-07 8.449380550080696821e+02 -1.411226654393839264e-01 4.759610109004657197e+00 -4.008931141106316431e+00 1.166647127393472871e+00
1.000000000000000000e+00 3.007475073920296609e+02 1.471233560087024443e+02 -1.551786694535966730e+06 -1.574733156412855938e+14 9.441970360004459236e-06 4.587303415191304405e-06 5.506637670213743887e-07 5.610563665140215335e+02 7.562560548541359395e-01 3.145578130860215982e+00 6.005928175747996534e-01 -4.131813485803176533e+00
1.000000000000000000e+00 2.367398294249375397e+02 1.500057441931971596e+02 -1.557849471187796909e+06 -1.587062049094680938e+14 7.461487125819150568e-06 4.695449788289455457e-06 3.853391076610209896e-07 -2.430644023471985804e+02 9.593793204395074659e-01 -1.356352255210355295e+00 3.510610789934522469e+00 2.260134132210463331e+00
1.000000000000000000e+00 1.671137804523023078e+02 1.493023731492453123e+02 -1.563912170675288420e+06 -1.599438858584001250e+14 5.287534277351460569e-06 4.691620657957421643e-06 2.457898180348799242e-07 -8.305700785523549712e+02 2.816368442770855185e-01 -4.613113693355880507e+00 -3.512882180521071707e+00 2.256602135903658990e+00
1.000000000000000000e+00 9.360951846420778111e+01 1.450633324779859947e+02 -1.569974787533481140e+06 -1.611863571823676875e+14 2.973317326727020171e-06 4.576085684502301824e-06 1.453592061096355021e-07 -6.573141068822553734e+02 -6.547612619165888992e-01 -3.633850653805953179e+00 -5.952858371986404773e-01 -4.132581419163831704e+00
1.000000000000000000e+00 1.790984620501909319e+01 1.373919722139160626e+02 -1.576037318374412367e+06 -1.624336179864560312e+14 5.710668174567825665e-07 4.350825588586883705e-06 9.327369983595208735e-08 1.240906886295954905e+02 -9.898623889168476353e-01 6.828400353295444036e-01 4.006786369987777263e+00 1.173992078025916541e+00
1.000000000000000000e+00 -5.820305663045518685e+01 1.264479341265822256e+02 -1.582099760886255885e+06 -1.636856675876841250e+14 -1.862980161722309171e-06 4.019660950492806139e-06 9.433615998507391945e-08 7.982844874782795159e+02 -4.157492061499503677e-01 4.372526602576883192e+00 -2.731878508571873976e+00 3.157441088665084106e+00
1.000000000000000000e+00 -1.328510366468591712e+02 1.125127615296454877e+02 -1.588162115079801297e+06 -1.649425057781837188e+14 -4.268628423683007100e-06 3.590380162645773471e-06 1.484029027306211303e-07 7.419774890413957564e+02 5.403296291606596302e-01 4.045476956580768224e+00 -1.737264631801748394e+00 -3.796644046138401674e+00
1.000000000000000000e+00 -2.043229403846118259e+02 9.590768016775494686e+01 -1.594224383088886039e+06 -1.662041327927957812e+14 -6.590147719079546351e-06 3.072179968840083639e-06 2.503200917049266466e-07 2.632620453882286715e-01 9.999999558376660991e-01 1.428830273023375249e-03 4.175235113748167137e+00 -2.481715488692466925e-03
1.000000000000000000e+00 -2.709121238967937870e+02 7.699788029620432894e+01 -1.600286568462009542e+06 -1.674705491692217500e+14 -8.771114362636993317e-06 2.475827310181386009e-06 3.903026302778575701e-07 -7.485298377193097394e+02 5.407691043591671409e-01 -4.044119418068059524e+00 -1.733297188415916512e+00 3.798456959163406754e+00
1.000000000000000000e+00 -3.309302644151434265e+02 5.625214479264300849e+01 -1.606348677503821673e+06 -1.687417560354691250e+14 -1.075486290747823687e-05 1.815610667042834537e-06 5.547082968742455564e-07 -8.131064708571343544e+02 -4.154684219717852955e-01 -4.373143444058530172e+00 -2.733827448198059340e+00 -3.155753776432236979e+00
1.000000000000000000e+00 -3.829658851494430110e+02 3.415539453605221354e+01 -1.612410718436379451e+06 -1.700177549438978125e+14 -1.249293088478685133e-05 1.106569771724346000e-06 7.279098839112695010e-07 -1.274991646712204130e+02 -9.898682516131055431e-01 -6.826435653077694843e-01 4.006883290233760775e+00 -1.173661242621953260e+00
1.000000000000000000e+00 -4.257138751381037309e+02 1.121351948729959425e+01 -1.618472699958939338e+06 -1.712985475739583438e+14 -1.393964635082006269e-05 3.646625293262701560e-07 8.931696733007131886e-07 6.820665954304403158e+02 -6.543681105736330883e-01 3.635487194315686121e+00 -5.995837078343461135e-01 4.131960042314912762e+00
1.000000000000000000e+00 -4.579978550013968288e+02 -1.199364887904738630e+01 -1.624534632967216428e+06 -1.725841360993777188e+14 -1.505292822379137601e-05 -3.914931111333896660e-07 1.033865521122463320e-06 8.690761728583511285e+02 2.827075331072236297e-01 4.611599665459558572e+00 -3.507836514703643882e+00 -2.264437546080533714e+00
1.000000000000000000e+00 -4.790179941322415971e+02 -3.490401417588916644e+01 -1.630596530144621851e+06 -1.738745231096907188e+14 -1.580254057361053162e-05 -1.143577783877699701e-06 1.136078314197530325e-06 2.551656421434452966e+02 9.598898669297605268e-01 1.347977138257551166e+00 3.518793217975960008e+00 -2.247373734632009512e+00
1.000000000000000000e+00 -4.881667941876884811e+02 -5.696813961034655449e+01 -1.636658404646130279e+06 -1.751697113355980000e+14 -1.616422370379066997e-05 -1.873414605395745301e-06 1.189394137017976590e-06 -5.998843229978884892e+02 7.545513679940654139e-01 -3.155026368052087360e+00 5.790865654854048250e-01 4.134882484867224761e+00
1.000000000000000000e+00 -4.850540288710373034e+02 -7.760285874930806926e+01 -1.642720270812763134e+06 -1.764697038043421250e+14 -1.612064093898855387e-05 -2.561445713799193231e-06 1.187916051995909133e-06 -9.085225500995511538e+02 -1.445422460592473146e-01 -4.757237556068386830e+00 -4.000773947792268359e+00 -1.194320824843184470e+00
1.000000000000000000e+00 -4.697332467191044429e+02 -9.628534218997251060e+01 -1.648782143298636423e+06 -1.777745036561622188e+14 -1.566906735461899515e-05 -3.189828052557161382e-06 1.131739426393621058e-06 -3.808591462827746454e+02 -9.107371106969867069e-01 -1.985526011132263902e+00 2.750996806774278713e+00 -3.140797825888377748e+00
1.000000000000000000e+00 -4.424940661064795222e+02 -1.125461150975399818e+02 -1.654844035919999238e+06 -1.790841138964255000e+14 -1.481470788895472009e-05 -3.742237937425929894e-06 1.025947539183068349e-06 5.031565393824719763e+02 -8.395909431681209956e-01 2.611648441828820832e+00 1.711119805919443015e+00 3.808498841246724886e+00
1.000000000000000000e+00 -4.038792894131456137e+02 -1.259268403508941105e+02 -1.660905963331873296e+06 -1.803985377565210938e+14 -1.357141716608704195e-05 -4.202494662728169141e-06 8.804567129106917826e-07 9.302867109278141697e+02 3.437411783842155705e-03 4.807696853400337922e+00 -4.175137183799153107e+00 -2.870384025024580107e-02
1.000000000000000000e+00 -3.548782852483338957e+02 -1.360732675252990589e+02 -1.666967939820613479e+06 -1.817177784339371562e+14 -1.196837658144225973e-05 -4.557680534274485590e-06 7.101689979592256114e-07 5.021772891856051615e+02 8.432826278860718894e-01 2.584009921412349975e+00 1.762998269118863037e+00 -3.784763072778972948e+00
1.000000000000000000e+00 -2.966865089669335021e+02 -1.427219217998332965e+02 -1.673029977065704530e+06 -1.830418386010481875e+14 -1.004222837013919162e-05 -4.797756773468228632e-06 5.324205819843100837e-07 -3.932596097956601398e+02 9.079471573968507236e-01 -2.014843945605742093e+00 2.708626144467562558e+00 3.177410710546281436e+00
1.000000000000000000e+00 -2.307053988747637163e+02 -1.456569580732912357e+02 -1.679092086256140843e+06 -1.843707208595549375e+14 -7.837198469401459271e-06 -4.914163141440259262e-06 3.652083140363827628e-07 -9.333891478548654277e+02 1.381077727576522640e-01 -4.761653819119811892e+00 -4.015960984077778129e+00 1.142213547613789348e+00
1.000000000000000000e+00 -1.586979081788514634e+02 -1.447973524174745421e+02 -1.685154276438163128e+06 -1.857044273743812812e+14 -5.410525416682610290e-06 -4.902799209545146889e-06 2.259271714212640214e-07 -6.166556479243794229e+02 -7.586168240155377607e-01 -3.132411082475194064e+00 6.304563187269810465e-01 -4.127362262288671424e+00
1.000000000000000000e+00 -8.251560068549893856e+01 -1.401718946707074451e+02 -1.691216554206879111e+06 -1.870429597969691250e+14 -2.823344406721071177e-06 -4.763256669709241053e-06 1.289970354773633588e-07 2.718475388376607498e+02 -9.582287068155868059e-01 1.375024094012584852e+00 3.492186092713156054e+00 2.288499663064921918e+00
1.000000000000000000e+00 -4.082995847538884782e+00 -1.318697501418000684e+02 -1.697278924725735327e+06 -1.883863194818704688e+14 -1.402041049412192616e-07 -4.497200201992105231e-06 8.456311534875837258e-08 9.170668980592147363e+02 -2.774724892482686722e-01 4.618943112795539818e+00 -3.532324832335731024e+00 2.226044854186857158e+00
1.000000000000000000e+00 7.447462744149081004e+01 -1.201184438143339719e+02 -1.703341390087745385e+06 -1.897345071159885000e+14 2.566484296951168140e-06 -4.111073262540419838e-06 9.742971860996789618e-08 7.217253679815530631e+02 6.581327853413214690e-01 3.619745371625163965e+00 -5.583228663909692857e-01 -4.137737303267621236e+00
1.000000000000000000e+00 1.511212944957489981e+02 -1.052444336849138296e+02 -1.709403949023523601e+06 -1.910875226411293125e+14 5.226355416028296515e-06 -3.614828170235872004e-06 1.662918875547926621e-07 -1.409567590294551280e+02 9.892213137498740982e-01 -7.039861396120047354e-01 3.996191780702717189e+00 1.209564246260397047e+00
1.000000000000000000e+00 2.239249751587489641e+02 -8.761590566993298523e+01 -1.715466598564958666e+06 -1.924453656139417812e+14 7.771652502511609093e-06 -3.020014586486484970e-06 2.842080758128492720e-07 -8.808791067172712701e+02 4.118670520641488086e-01 -4.381010540585967838e+00 -2.758708021670942756e+00 3.134026876903870829e+00
1.000000000000000000e+00 2.909352684351836160e+02 -6.771217650573844082e+01 -1.721529333519926760e+06 -1.938080350809099375e+14 1.013303099449663299e-05 -2.342205629712631033e-06 4.391158324231597128e-07 -8.147473099003663037e+02 -5.436345028936205859e-01 -4.035229886306137104e+00 -1.707350197685443938e+00 -3.810190246752898524e+00
1.000000000000000000e+00 3.504671178061659589e+02 -4.607252711564906633e+01 -1.727592145701538539e+06 -1.951755293953823750e+14 1.224946356695731957e-05 -1.599289459107816143e-06 6.152864222291337845e-07 3.081311016833466088e+00 -9.999950037598009933e-01 1.519762595711811153e-02 4.175152409584437230e+00 2.639641507303843934e-02
1.000000000000000000e+00 4.010917296970965822e+02 -2.323548468426153590e+01 -1.733655025672933087e+06 -1.965478466013196875e+14 1.406808431272792983e-05 -8.093907534196619993e-07 7.950112578122668805e-07 8.248509298087041088e+02 -5.383671185210516796e-01 4.051520152690476273e+00 -1.754942194973753367e+00 3.788505286559349816e+00
1.000000000000000000e+00 4.414995010679207894e+02 1.959025919902006030e-01 -1.739717961927585071e+06 -1.979249842418271562e+14 1.553952133094770209e-05 6.847985769945030149e-09 9.599899445174073933e-07 8.931355365572707115e+02 4.174067267063252262e-01 4.368875000680135123e+00 -2.720346731900395998e+00 -3.167381895545005488e+00
1.000000000000000000e+00 4.707606197842893607e+02 2.361061168903128760e+01 -1.745780940943576163e+06 -1.993069393633398125e+14 1.662717417804590659e-05 8.282106411175444812e-07 1.094080688081700849e-06 1.388437909048296319e+02 9.900540246532820721e-01 6.763877973093160856e-01 4.009954728841412575e+00 -1.163124020313323737e+00
1.000000000000000000e+00 4.882779031278275284e+02 4.644686447492429693e+01 -1.751843949692122173e+06 -2.006937090823919062e+14 1.730577531452388691e-05 1.634916731068405353e-06 1.184635157998893256e-06 -7.495945707628035279e+02 6.540511275594454998e-01 -3.636805423278683502e+00 -6.030470381986995365e-01 4.131456000456402933e+00
1.000000000000000000e+00 4.936287373514502974e+02 6.812594427956705090e+01 -1.757906974256623769e+06 -2.020852902700692188e+14 1.755597268399278893e-05 2.406313700460247509e-06 1.222690584176109267e-06 -9.545407294194033057e+02 -2.821969844448962705e-01 -4.612322395070774128e+00 -3.510244884650232766e+00 -2.260702382839083757e+00
1.000000000000000000e+00 4.868005845407906804e+02 8.810844151301914451e+01 -1.763969999626226490e+06 -2.034816795008609688e+14 1.737284152921665081e-05 3.122860134680503526e-06 1.204901420495580725e-06 -2.815565009900204245e+02 -9.594638569892676161e-01 -1.354969382380060816e+00 3.511965339838142963e+00 -2.258028756628886580e+00
1.000000000000000000e+00 4.681054916541987723e+02 1.059427670688302072e+02 -1.770033011821341468e+06 -2.048828735403832500e+14 1.676307448526120225e-05 3.767875096569322435e-06 1.133687563569836899e-06 6.563540169302419827e+02 -7.561942123437896957e-01 3.145921762625125240e+00 5.998117668818672144e-01 4.131926942516952472e+00
1.000000000000000000e+00 4.380079643595361745e+02 1.211952289220077432e+02 -1.776095997188789072e+06 -2.062888691857330312e+14 1.573899564927819038e-05 4.325096268139990735e-06 1.016132478656027623e-06 9.970349796138546026e+02 1.410954855392116403e-01 4.759628734586936361e+00 -4.008995194745360813e+00 -1.166426998356967948e+00
1.000000000000000000e+00 3.973434762887509351e+02 1.335035989423457181e+02 -1.782158942484532716e+06 -2.076996632860672500e+14 1.432653264019991904e-05 4.780609026485954599e-06 8.641165837784675664e-07 4.216567016017980905e+02 9.089038791599297618e-01 2.004848747536265297e+00 2.723141109130900350e+00 -3.164979765140492507e+00
1.000000000000000000e+00 3.472031919154646857e+02 1.426154078712935132e+02 -1.788221836732953088e+06 -2.091152531790740312e+14 1.256127360717806072e-05 5.124265953100089499e-06 6.925610326857492321e-07 -5.469572506972987185e+02 8.424530369445054623e-01 -2.590257100015904701e+00 1.751320376293989955e+00 3.790180913038969646e+00
1.000000000000000000e+00 2.887588243970147346e+02 1.483138736810676619e+02 -1.794284669393230928e+06 -2.105356362696651250e+14 1.048226618528671731e-05 5.347083229127371793e-06 5.175530444928854575e-07 -1.019236218927942218e+03 2.641957864459022927e-03 -4.807708478194279600e+00 -4.175177565497998344e+00 2.206151739217888583e-02
1.000000000000000000e+00 2.234730605461267885e+02 1.504690828734429715e+02 -1.800347430808832636e+06 -2.119608101375399062e+14 8.139731372850305939e-06 5.443113831566856803e-06 3.559196881619436004e-07 -5.558079463046840374e+02 -8.396282001580001042e-01 -2.611371573848152661e+00 1.711642233563148707e+00 -3.808264076750769611e+00
1.000000000000000000e+00 1.529640756019179548e+02 1.490671445376229656e+02 -1.806410114289612742e+06 -2.133907730326085938e+14 5.590290481202012445e-06 5.410558639238324489e-06 2.231415319875841880e-07 4.236910452618422482e+02 -9.109932666066171691e-01 1.982807947940636861e+00 2.754893529358745319e+00 3.137380444875111696e+00
1.000000000000000000e+00 7.883540406199108475e+01 1.441326453825681710e+02 -1.812472714510437567e+06 -2.148255235071433750e+14 2.890821976271294081e-06 5.249013074876278292e-06 1.315145428929157191e-07 1.020350345349388476e+03 -1.457838814806089178e-01 4.756361736503411208e+00 -3.997763776402392999e+00 1.204358419272399283e+00
1.000000000000000000e+00 2.882932930918694847e+00 1.357784245407495689e+02 -1.818535227702029049e+06 -2.162650604665825938e+14 1.060681098696529809e-07 4.961309303765257647e-06 8.959201158071428687e-08 6.808996632527554311e+02 7.533565253130785067e-01 3.161619295697460252e+00 5.640414144849967837e-01 -4.136961650382222189e+00
1.000000000000000000e+00 -7.305409843316945739e+01 1.242272643283192508e+02 -1.824597652687853901e+06 -2.177093834231404688e+14 -2.696747406184082035e-06 4.554365205920908469e-06 1.012306130476971407e-07 -2.891453500052390382e+02 9.605318076468986055e-01 -1.337365778169580244e+00 3.529087653328776497e+00 2.231173401847069915e+00
1.000000000000000000e+00 -1.472546384692392394e+02 1.097314551863023553e+02 -1.830659989653028781e+06 -2.191584922113242188e+14 -5.453875830467148184e-06 4.036292658604901010e-06 1.652862125914820648e-07 -1.000134688323889691e+03 2.852790078250936334e-01 -4.607937900637227635e+00 -3.495640124450945407e+00 2.283220211524945142e+00
1.000000000000000000e+00 -2.179113547266809121e+02 9.262152977723562230e+01 -1.836722240433404688e+06 -2.206123870627772500e+14 -8.097517921429712599e-06 3.418214043471601219e-06 2.755782908690412199e-07 -7.941499280617442764e+02 -6.521278369201609637e-01 -3.644779877048891059e+00 -6.240247740183215708e-01 -4.128339556698167101e+00
1.000000000000000000e+00 -2.832891449803410637e+02 7.332139562842863256e+01 -1.842784410208829911e+06 -2.220710690209281250e+14 -1.056168074260357096e-05 2.714870209600132876e-06 4.213769483954159159e-07 1.460616788485056929e+02 -9.903068440626352498e-01 6.677782341689182388e-01 4.014135590114359609e+00 1.148612153063286456e+00
1.000000000000000000e+00 -3.418764486877872173e+02 5.226520118420253880e+01 -1.848846505335011054e+06 -2.235345394299696875e+14 -1.278788179241621337e-05 1.941588999719778720e-06 5.888474615064949810e-07 9.588102162113974600e+02 -4.183499246580802966e-01 4.366789232486642192e+00 -2.713764188984333803e+00 3.173023532937258029e+00
1.000000000000000000e+00 -3.921826181233885791e+02 2.994466559022697183e+01 -1.854908533353442559e+06 -2.250027999419292188e+14 -1.471768193160866128e-05 1.116055484950961434e-06 7.617994271697424297e-07 8.931344435858070483e+02 5.381592694222372408e-01 4.052158371948037185e+00 -1.756810655100113916e+00 -3.787639203529574061e+00
1.000000000000000000e+00 -4.329022436213256810e+02 6.917536860282787359e+00 -1.860970504352612421e+06 -2.264758528526794062e+14 -1.629888512550089385e-05 2.586632865421298026e-07 9.232367606418339749e-07 2.782141376543195044e+00 9.999965795624805587e-01 1.257462663092277257e-02 4.175178726865053314e+00 -2.184062089209893795e-02
1.000000000000000000e+00 -4.630528686223203181e+02 -1.627797610901657777e+01 -1.867032429402379319e+06 -2.279537007297279062e+14 -1.749085392998283664e-05 -6.106552396066906087e-07 1.057396304690102272e-06 -8.969540297692727790e+02 5.425271710348016363e-01 -4.038673132085571993e+00 -1.717393655923534990e+00 3.805673848949884697e+00
