5.400000342613408429e+04 1.684360841027467911e-07 9.999999999999999547e-08
5.400918007299797318e+04 -5.355999254098508586e-09 9.999999999999999547e-08
5.401835667009092867e+04 1.768830581362484872e-07 9.999999999999999547e-08
5.402753323021242977e+04 1.001962992037072999e-07 9.999999999999999547e-08
5.403670976777689066e+04 8.106779359093260041e-08 9.999999999999999547e-08
5.404588629776488960e+04 1.234091660880235680e-07 9.999999999999999547e-08
5.405506283496440301e+04 1.902283193524122336e-07 9.999999999999999547e-08
5.406423939494758815e+04 1.817666414933839436e-07 9.999999999999999547e-08
5.407341599355958169e+04 2.623065445988692156e-07 9.999999999999999547e-08
5.408259264458391408e+04 3.013182868449171157e-08 9.999999999999999547e-08
5.409176936023307644e+04 -2.294390538354269822e-07 9.999999999999999547e-08
5.410094615210957272e+04 1.284993337313417016e-07 9.999999999999999547e-08
5.411012302892773732e+04 -9.727102387574154281e-08 9.999999999999999547e-08
5.411929999777215562e+04 5.848484283151850636e-08 9.999999999999999547e-08
5.412847706337115960e+04 1.712857981670684322e-07 9.999999999999999547e-08
5.413765422638346354e+04 -1.335709483932893142e-08 9.999999999999999547e-08
5.414683148555146909e+04 3.349541802302138016e-08 9.999999999999999547e-08
5.415600883790589432e+04 -2.033391387804728232e-07 9.999999999999999547e-08
5.416518627721953817e+04 1.675324737808461000e-07 9.999999999999999547e-08
5.417436379514554574e+04 2.429655751220300715e-08 9.999999999999999547e-08
5.418354138154946122e+04 -9.200470038639534005e-08 9.999999999999999547e-08
5.419271902388351009e+04 -1.168847281193854923e-08 9.999999999999999547e-08
5.420189670950268192e+04 -2.340980301217528724e-07 9.999999999999999547e-08
5.421107442519150936e+04 1.462764428697220955e-07 9.999999999999999547e-08
5.422025215592518362e+04 -1.356770535758520255e-07 9.999999999999999547e-08
5.422942988683648582e+04 -1.665459502825379958e-07 9.999999999999999547e-08
5.423860760366305476e+04 -8.889927028504188053e-08 9.999999999999999547e-08
5.424778529258023627e+04 -9.446199076724897425e-08 9.999999999999999547e-08
5.425696294066031260e+04 -4.934273317446532642e-08 9.999999999999999547e-08
5.426614053630539274e+04 -3.173238081306432332e-08 9.999999999999999547e-08
5.427531806785760273e+04 -2.703712743916963252e-07 9.999999999999999547e-08
5.428449552585290803e+04 -7.693465142993250828e-08 9.999999999999999547e-08
5.429367290374385630e+04 -2.124992539300970682e-07 9.999999999999999547e-08
5.430285019545407704e+04 -1.759614914089029360e-07 9.999999999999999547e-08
5.431202739699708036e+04 1.167991494562452150e-07 9.999999999999999547e-08
5.432120450658715708e+04 -3.349852164024591495e-07 9.999999999999999547e-08
5.433038152417632955e+04 -2.243908947315780420e-07 9.999999999999999547e-08
5.433955845236932510e+04 -1.852493056016912186e-07 9.999999999999999547e-08
5.434873529641538335e+04 -2.980716194152158335e-07 9.999999999999999547e-08
5.435791206213011901e+04 -1.514292964466082732e-07 9.999999999999999547e-08
5.436708875768095459e+04 -8.319307036421749532e-08 9.999999999999999547e-08
5.437626539391084225e+04 -2.183878013685483525e-07 9.999999999999999547e-08
5.438544198249694455e+04 -1.930314279794587568e-07 9.999999999999999547e-08
5.439461853705441899e+04 -1.349338075483611333e-07 9.999999999999999547e-08
5.440379507213363831e+04 -1.810251743164091216e-07 9.999999999999999547e-08
5.441297160212218296e+04 -1.582116758283000987e-07 9.999999999999999547e-08
5.442214814252036740e+04 -1.024070043108085224e-07 9.999999999999999547e-08
5.443132470952928270e+04 -2.200977067846801344e-07 9.999999999999999547e-08
5.444050131739275093e+04 -1.894826239888861495e-07 9.999999999999999547e-08
5.444967798018619214e+04 -2.800434909852867426e-07 9.999999999999999547e-08
5.445885471051661443e+04 -1.020164213945725872e-07 9.999999999999999547e-08
5.446803151851235452e+04 -1.140436709602330303e-07 9.999999999999999547e-08
5.447720841327253584e+04 -4.333122806299326382e-08 9.999999999999999547e-08
5.448638540163428115e+04 -4.016840507057637946e-08 9.999999999999999547e-08
5.449556248634878284e+04 -4.046803735129973231e-08 9.999999999999999547e-08
5.450473966864866088e+04 2.862532246942284692e-08 9.999999999999999547e-08
5.451391694711481250e+04 5.846112454573308875e-09 9.999999999999999547e-08
5.452309431734131067e+04 6.642973365726259142e-08 9.999999999999999547e-08
5.453227177313021093e+04 -6.471671539217969058e-09 9.999999999999999547e-08
5.454144930591055891e+04 6.116298037665810482e-09 9.999999999999999547e-08
5.455062690426965855e+04 3.508536119644641439e-08 9.999999999999999547e-08
5.455980455635015824e+04 2.007384810804605911e-07 9.999999999999999547e-08
5.456898224954472971e+04 -6.622568126273639308e-08 9.999999999999999547e-08
5.457815996915282449e+04 -7.061916341227447296e-09 9.999999999999999547e-08
5.458733770110581099e+04 -1.103614980845174409e-09 9.999999999999999547e-08
5.459651543063881400e+04 3.018598073750056452e-07 9.999999999999999547e-08
5.460569314285453584e+04 5.989552874503353510e-08 9.999999999999999547e-08
5.461487082468075096e+04 -3.183444856704220588e-08 9.999999999999999547e-08
5.462404846362007083e+04 1.286364095312243520e-07 9.999999999999999547e-08
5.463322604703909019e+04 6.604355742621861466e-08 9.999999999999999547e-08
5.464240356459309987e+04 2.267696908929977713e-07 9.999999999999999547e-08
5.465158100760705565e+04 -2.090810052398436155e-08 9.999999999999999547e-08
5.466075836852093926e+04 2.103017242539115502e-07 9.999999999999999547e-08
5.466993564261781285e+04 1.126874890488435549e-07 9.999999999999999547e-08
5.467911282631775975e+04 1.132249707682824348e-07 9.999999999999999547e-08
5.468828991736628814e+04 -7.806882621477568573e-08 9.999999999999999547e-08
5.469746691694864421e+04 2.136457568351209586e-07 9.999999999999999547e-08
5.470664382831453986e+04 2.150853037476020894e-07 9.999999999999999547e-08
5.471582065602939110e+04 2.405214883414088951e-07 9.999999999999999547e-08
5.472499740713791834e+04 5.823072212608784007e-08 9.999999999999999547e-08
5.473417409036830213e+04 3.482995644430971973e-07 9.999999999999999547e-08
5.474335071578410134e+04 -9.496400703801633566e-08 9.999999999999999547e-08
5.475252729674246802e+04 2.802910354103287062e-08 9.999999999999999547e-08
5.476170384673205990e+04 -7.251214149676094586e-09 9.999999999999999547e-08
5.477088037941354560e+04 6.889577047150988629e-08 9.999999999999999547e-08
5.478005691029751324e+04 1.751614052783264794e-07 9.999999999999999547e-08
5.478923345508285274e+04 -3.088519865285496549e-09 9.999999999999999547e-08
5.479841002886604838e+04 9.230242552070459203e-08 9.999999999999999547e-08
5.480758664692429738e+04 1.643398247811869068e-07 9.999999999999999547e-08
5.481676332258809998e+04 1.964201415594733778e-07 9.999999999999999547e-08
5.482594006730409455e+04 5.450314616878461114e-08 9.999999999999999547e-08
5.483511690357750194e+04 2.061495053295921540e-08 9.999999999999999547e-08
5.484429381700707745e+04 -1.142715077408225240e-07 9.999999999999999547e-08
5.485347082414886245e+04 1.424797767823079278e-07 9.999999999999999547e-08
5.486264792858758301e+04 1.408886566334708559e-07 9.999999999999999547e-08
5.487182513041669881e+04 2.060357071469757561e-07 9.999999999999999547e-08
5.488100242736285145e+04 -1.102417782094962394e-07 9.999999999999999547e-08
5.489017981545781367e+04 6.796854812629580820e-08 9.999999999999999547e-08
5.489935728783778904e+04 -7.149884905933643676e-08 9.999999999999999547e-08
5.490853483433338988e+04 1.543313725293672497e-07 9.999999999999999547e-08
5.491771244442620082e+04 -1.128208883345362901e-07 9.999999999999999547e-08
5.492689010611603589e+04 -6.050934038788798344e-08 9.999999999999999547e-08
5.493606780556286685e+04 -1.827894827713728257e-07 9.999999999999999547e-08
5.494524552922853763e+04 1.440267631422351063e-07 9.999999999999999547e-08
5.495442326216002402e+04 -2.500502921544681438e-08 9.999999999999999547e-08
5.496360098894618568e+04 2.486517023129009369e-09 9.999999999999999547e-08
5.497277869649946661e+04 -1.285014754361258325e-08 9.999999999999999547e-08
5.498195637118478044e+04 6.640905012727296573e-08 9.999999999999999547e-08
5.499113399988302262e+04 -3.640626173588758914e-08 9.999999999999999547e-08
5.500031157109163178e+04 1.651401120016382653e-08 9.999999999999999547e-08
5.500948907472087740e+04 2.125458897679219763e-09 9.999999999999999547e-08
5.501866650163876329e+04 1.255042938830881628e-07 9.999999999999999547e-08
5.502784384609427070e+04 -2.553115337317331583e-07 9.999999999999999547e-08
5.503702110267103853e+04 -1.206764854941807735e-08 9.999999999999999547e-08
5.504619826759295393e+04 -8.092291907387669171e-08 9.999999999999999547e-08
5.505537534045207576e+04 -2.173256901107041791e-08 9.999999999999999547e-08
5.506455232239465113e+04 -1.744247742988977862e-07 9.999999999999999547e-08
5.507372921655367827e+04 -1.530902486105316366e-07 9.999999999999999547e-08
5.508290602878008212e+04 4.828307348388934887e-10 9.999999999999999547e-08
5.509208276563038817e+04 -4.456709129220286548e-08 9.999999999999999547e-08
5.510125943618333986e+04 -4.323886617260274046e-08 9.999999999999999547e-08
5.511043605210985697e+04 -9.444647254167423694e-08 9.999999999999999547e-08
5.511961262606059609e+04 -1.706074916184842357e-07 9.999999999999999547e-08
5.512878917111216288e+04 -5.044948638453708450e-09 9.999999999999999547e-08
5.513796570259012515e+04 -6.830342775266408019e-08 9.999999999999999547e-08
5.514714223522468819e+04 -3.225125404921157891e-08 9.999999999999999547e-08
5.515631878442670859e+04 4.781313983364834507e-08 9.999999999999999547e-08
5.516549536644085310e+04 -1.060584115512810750e-07 9.999999999999999547e-08
5.517467199511609942e+04 -1.682814312070307325e-07 9.999999999999999547e-08
5.518384868340773392e+04 -5.338123145151537025e-08 9.999999999999999547e-08
5.519302544363068591e+04 1.295656511423111849e-07 9.999999999999999547e-08
5.520220228575577494e+04 4.016106487178637868e-08 9.999999999999999547e-08
5.521137921729779191e+04 -1.421525494484467255e-08 9.999999999999999547e-08
5.522055624410016026e+04 1.037663835790993172e-07 9.999999999999999547e-08
5.522973336807904707e+04 -6.237933677238599180e-08 9.999999999999999547e-08
5.523891058891642751e+04 -4.907239698314474756e-08 9.999999999999999547e-08
5.524808790494436835e+04 6.615221847373687744e-08 9.999999999999999547e-08
5.525726531061323476e+04 1.740577649172058419e-07 9.999999999999999547e-08
5.526644279831893800e+04 3.090467759592407176e-08 9.999999999999999547e-08
5.527562035886783269e+04 5.770977384324260290e-08 9.999999999999999547e-08
5.528479798038102308e+04 -1.226419616382946854e-07 9.999999999999999547e-08
5.529397565053579456e+04 -8.133493298316012661e-08 9.999999999999999547e-08
5.530315335644436709e+04 3.425736178312426463e-08 9.999999999999999547e-08
5.531233108324265049e+04 -2.618019760764441226e-09 9.999999999999999547e-08
5.532150881589365599e+04 2.577238427340377675e-08 9.999999999999999547e-08
5.533068654049258475e+04 -1.143895009203992023e-07 9.999999999999999547e-08
5.533986424255908059e+04 -1.041581484910215514e-07 9.999999999999999547e-08
5.534904190901052061e+04 -3.134372791338082124e-08 9.999999999999999547e-08
5.535821952762114961e+04 -1.725130984817993441e-07 9.999999999999999547e-08
5.536739708624439663e+04 7.471348156111687320e-09 9.999999999999999547e-08
5.537657457498257281e+04 -1.280885129739096216e-07 9.999999999999999547e-08
5.538575198636000277e+04 -7.063768264624575729e-09 9.999999999999999547e-08
5.539492931380118534e+04 -2.291307141678876049e-07 9.999999999999999547e-08
5.540410655215287989e+04 6.899979585354868033e-09 9.999999999999999547e-08
5.541328369913191273e+04 -1.745593957424709635e-07 9.999999999999999547e-08
5.542246075375498185e+04 -1.123183923486720662e-07 9.999999999999999547e-08
5.543163771768500737e+04 1.931015335994927277e-08 9.999999999999999547e-08
5.544081459557718335e+04 -3.244055185766022455e-08 9.999999999999999547e-08
5.544999139209074201e+04 -1.248120200947743272e-08 9.999999999999999547e-08
5.545916811483335186e+04 2.988931596878822421e-08 9.999999999999999547e-08
5.546834477384496859e+04 -4.754906169310860541e-08 9.999999999999999547e-08
5.547752138043569721e+04 -1.229218698192221243e-07 9.999999999999999547e-08
5.548669794750866276e+04 -7.600001023496487706e-08 9.999999999999999547e-08
5.549587448919955204e+04 -4.396626486765015555e-08 9.999999999999999547e-08
5.550505101950601238e+04 -7.347260335681634940e-08 9.999999999999999547e-08
5.551422755398611480e+04 6.541082436964308643e-08 9.999999999999999547e-08
5.552340410909923958e+04 1.405783702151315145e-07 9.999999999999999547e-08
5.553258069925037853e+04 -1.394839389893496697e-08 9.999999999999999547e-08
5.554175733873386343e+04 1.073405511108970414e-07 9.999999999999999547e-08
5.555093404077382002e+04 -8.577075807821456227e-08 9.999999999999999547e-08
5.556011081649922562e+04 -2.356006598483734434e-08 9.999999999999999547e-08
5.556928767592891381e+04 1.368767434977181574e-07 9.999999999999999547e-08
5.557846462672065536e+04 1.247852009529152152e-07 9.999999999999999547e-08
5.558764167265448486e+04 2.602142950943856635e-07 9.999999999999999547e-08
5.559681881578158936e+04 -1.254760849619688249e-07 9.999999999999999547e-08
5.560599605633912142e+04 -6.458901607011152630e-08 9.999999999999999547e-08
5.561517339065149281e+04 1.358697933401205662e-08 9.999999999999999547e-08
5.562435081352205452e+04 1.563438610318762443e-07 9.999999999999999547e-08
5.563352831701990362e+04 1.299071301981106252e-07 9.999999999999999547e-08
5.564270589032900170e+04 2.625973746653736943e-07 9.999999999999999547e-08
5.565188352255796781e+04 -4.729561035758051424e-08 9.999999999999999547e-08
5.566106120151584764e+04 1.108799504543384556e-07 9.999999999999999547e-08
5.567023891275456845e+04 -7.250985448292714309e-09 9.999999999999999547e-08
5.567941664171907905e+04 1.054705265570823062e-08 9.999999999999999547e-08
5.568859437425817305e+04 6.965830550836005362e-08 9.999999999999999547e-08
5.569777209532178676e+04 2.414971061305792568e-07 9.999999999999999547e-08
5.570694979149062419e+04 4.849710200010106180e-08 9.999999999999999547e-08
5.571612744980359275e+04 7.505357753135510259e-08 9.999999999999999547e-08
5.572530505697053741e+04 1.169684777292669941e-07 9.999999999999999547e-08
5.573448260236055648e+04 6.027584798942996294e-08 9.999999999999999547e-08
5.574366007667411759e+04 1.825803163907909513e-07 9.999999999999999547e-08
5.575283747174977179e+04 2.218233036258489620e-08 9.999999999999999547e-08
5.576201478174373187e+04 2.957051181843858091e-08 9.999999999999999547e-08
5.577119200227510009e+04 -6.250717526761307631e-08 9.999999999999999547e-08
5.578036913057380298e+04 2.536305623874484897e-07 9.999999999999999547e-08
5.578954616692223499e+04 3.973093335047321148e-08 9.999999999999999547e-08
5.579872311390320829e+04 1.769528566828396505e-07 9.999999999999999547e-08
5.580789997477959696e+04 -1.119367622548830949e-07 9.999999999999999547e-08
5.581707675593894965e+04 -2.000696687072320561e-08 9.999999999999999547e-08
5.582625346544878266e+04 1.099932863471379936e-07 9.999999999999999547e-08
