1.000000000000000000e+00 -3.807069817796736970e+02 1.247310936611743131e+02 -5.299074091672803042e+05 -2.289207850708817188e+13 -5.785895151523222245e-06 1.655620748791608152e-06 9.985899735146862346e-07 3.231100665822671658e+01 4.807183796861059233e-01 9.581280886003614716e-01 -1.568455637723854823e-01 -2.424966710798281255e+01
1.000000000000000000e+00 -4.065647032969260408e+02 6.550826217182084577e+01 -5.347701656713108532e+05 -2.331414985662621484e+13 -6.235575877427620045e-06 8.775045704263899505e-07 1.073586275632445892e-06 7.968472087159305772e+01 1.184159794781072916e+00 7.099243416788391103e-01 -3.861912195619499055e-01 -3.684071657425380408e+01
1.000000000000000000e+00 -4.223896069501021771e+02 4.678531243971114861e+00 -5.396328958014473319e+05 -2.374007438188314844e+13 -6.537193888129231522e-06 6.324032434082797899e-08 1.136363324481949022e-06 1.082808667995995791e+02 1.607246861456928189e+00 2.937912058159961592e-01 -5.241901628887757347e-01 -3.732254689729336405e+01
1.000000000000000000e+00 -4.277446718277826108e+02 -5.631703055286742199e+01 -5.444956063402002910e+05 -2.416985262227035156e+13 -6.679727015555582493e-06 -7.681044222962014420e-07 1.180551238878141196e-06 1.113054226281555685e+02 1.650225826299953402e+00 -1.918110518090912486e-01 -5.382497055844530642e-01 -2.527196245011029774e+01
1.000000000000000000e+00 -4.223450391885655222e+02 -1.159322710386343971e+02 -5.493583049258548999e+05 -2.460348521536280859e+13 -6.654306761266882542e-06 -1.595313998894120310e-06 1.201160313705671580e-06 8.799625872843607510e+01 1.303130901633722027e+00 -6.320746695219093825e-01 -4.250771041112496595e-01 -1.141164608515013690e+01
1.000000000000000000e+00 -4.062791042878286589e+02 -1.725939022016576416e+02 -5.542209994966960512e+05 -2.504097285006914844e+13 -6.457838645721314335e-06 -2.396042755406073731e-06 1.195877415607659509e-06 4.380552597989856167e+01 6.479628345992352045e-01 -9.229322511794174622e-01 -2.114289667026186537e-01 -8.069919599979346714e+00
1.000000000000000000e+00 -3.799156012847472539e+02 -2.248998178095062315e+02 -5.590836978889618767e+05 -2.548231623117121094e+13 -6.091772603013271835e-06 -3.149575844023945967e-06 1.164976812614135120e-06 -1.087020797832581742e+01 -1.606042350340030067e-01 -9.955921253788078129e-01 5.220160507580108578e-02 -1.822122777870465171e+01
1.000000000000000000e+00 -3.437972535239123317e+02 -2.714627520351892827e+02 -5.639464083544217283e+05 -2.592751612651099609e+13 -5.560578345619691288e-06 -3.834724966017934266e-06 1.110780439381531488e-06 -6.312103914563605400e+01 -9.315191780390039700e-01 -8.327926592100762804e-01 3.034823496515741681e-01 -3.283518504522430703e+01
1.000000000000000000e+00 -2.988389278512728424e+02 -3.109982236304232970e+02 -5.688091392895012395e+05 -2.637657334351627344e+13 -4.875099247047954393e-06 -4.431090422349097857e-06 1.038570915576608731e-06 -1.005606987675593444e+02 -1.482330485134433884e+00 -4.729486219902104827e-01 4.829521757165989859e-01 -3.890012710748120384e+01
1.000000000000000000e+00 -2.461977936584071074e+02 -3.425130447128702826e+02 -5.736718979981759330e+05 -2.682948861406022656e+13 -4.050675551010870781e-06 -4.921832510896769471e-06 9.558579427212264622e-07 -1.142650087138430450e+02 -1.682401652528605407e+00 -1.153684232847840274e-03 5.480969721006125894e-01 -3.100837773937566055e+01
1.000000000000000000e+00 -1.871498202728840852e+02 -3.651402113189383272e+02 -5.785346909519047476e+05 -2.728626261465023438e+13 -3.105264127874908103e-06 -5.291456213829811447e-06 8.707185944150889054e-07 -1.009127754076582875e+02 -1.484098832851858729e+00 4.709129194485307535e-01 4.834540242950718381e-01 -1.618825545573691471e+01
1.000000000000000000e+00 -1.232614996315466271e+02 -3.782218313416568094e+02 -5.833975242989275139e+05 -2.774689601157305078e+13 -2.062394562903320310e-06 -5.527099886309246432e-06 7.917140450135602521e-07 -6.360332115300058575e+01 -9.343235172381531006e-01 8.314562025276508450e-01 3.043138078720664108e-01 -7.648995419278528551e+00
1.000000000000000000e+00 -5.622569533292753619e+01 -3.814721744969323822e+02 -5.882604026570151327e+05 -2.821138934382092188e+13 -9.486023079353337116e-07 -5.621065152537783829e-06 7.271046118738648235e-07 -1.113808450788608972e+01 -1.634290957440451553e-01 9.951068512104539465e-01 5.310530019580053662e-02 -1.300146081926686925e+01
1.000000000000000000e+00 1.227264040258546096e+01 -3.747881523666711701e+02 -5.931233297803313471e+05 -2.867974308151514062e+13 2.087674286673215899e-07 -5.568227858669098798e-06 6.833663545003155942e-07 4.406785793198655199e+01 6.458664999071540569e-01 9.231742236535830370e-01 -2.106820096471077597e-01 -2.747323124303741437e+01
1.000000000000000000e+00 8.040208851267648527e+01 -3.583155796427614632e+02 -5.979863081744394731e+05 -2.915195758494556641e+13 1.378917541582291783e-06 -5.367141810488307378e-06 6.648847347418319603e-07 8.893776557623746726e+01 1.301995691354054685e+00 6.327714551546080868e-01 -4.246193669723839492e-01 -3.817246903858602991e+01
1.000000000000000000e+00 1.463659362535360060e+02 -3.325776369743583132e+02 -6.028493381884054979e+05 -2.962803301038066016e+13 2.530629286193422621e-06 -5.022130226664289730e-06 6.737239221022611891e-07 1.128341242248513510e+02 1.649935145570389006e+00 1.926817259648946346e-01 -5.381211938373244852e-01 -3.557714023053471664e+01
1.000000000000000000e+00 2.085295889903031252e+02 -2.982542152893497018e+02 -6.077124191558106104e+05 -3.010796941457671484e+13 3.634507128327511340e-06 -4.540156677514324793e-06 7.090199845628196977e-07 1.100701611109744533e+02 1.607680168324045367e+00 -2.929793109389058348e-01 -5.243815941054874585e-01 -2.200175825518754280e+01
1.000000000000000000e+00 2.652654596205725284e+02 -2.562318622957716912e+02 -6.125755495032223407e+05 -3.059176676158587109e+13 4.660366677153347292e-06 -3.931686937558388183e-06 7.670614034493937487e-07 8.124830498845955162e+01 1.185355351061151641e+00 -7.093823973668749172e-01 -3.866704281224035422e-01 -9.525558982174961997e+00
1.000000000000000000e+00 3.151290980044566936e+02 -2.077020201323818753e+02 -6.174387259308118373e+05 -3.107942483667111328e+13 5.580358464622751397e-06 -3.212334218428303871e-06 8.420608274625700326e-07 3.312390876653088156e+01 4.827036673387379295e-01 -9.580741930326560629e-01 -1.575418768390435265e-01 -9.247831519778950238e+00
1.000000000000000000e+00 3.569616303469813943e+02 -1.539170100552189808e+02 -6.223019440155302873e+05 -3.157094330066281250e+13 6.370923940422439346e-06 -2.399241220592453239e-06 9.266219274444880273e-07 -2.296957446207606424e+01 -3.343468926839193167e-01 -9.802010415925020981e-01 1.088405722397520065e-01 -2.141826306587488205e+01
1.000000000000000000e+00 3.897186007452300487e+02 -9.623543006733858363e+01 -6.271651983870783588e+05 -3.206632170349955078e+13 7.009915968190792383e-06 -1.511830424551807139e-06 1.012198294629225390e-06 -7.377421191438428139e+01 -1.072642012773320275e+00 -7.704377876473245124e-01 3.494710623389513104e-01 -3.520627202313951187e+01
1.000000000000000000e+00 4.126283390229660881e+02 -3.620377354078484444e+01 -6.320284823963146191e+05 -3.256555944630135938e+13 7.479549281505282750e-06 -5.731609953399904899e-07 1.090566588690357172e-06 -1.072323692503352248e+02 -1.557336874564526852e+00 -3.783255981777957633e-01 5.073833582013485000e-01 -3.833046216600315148e+01
1.000000000000000000e+00 4.252614816122845127e+02 2.469494217404397318e+01 -6.368917893425803632e+05 -3.306865590374934766e+13 7.767860615993931069e-06 3.939669606017790147e-07 1.154621611314951274e-06 -1.153540867074042353e+02 -1.673387996199421801e+00 1.033655197168186768e-01 5.451511952749600320e-01 -2.800148303062038835e+01
1.000000000000000000e+00 4.273392912575007472e+02 8.498637746703904838e+01 -6.417551122229230823e+05 -3.357561039764062891e+13 7.865419461661837962e-06 1.366170153500411590e-06 1.198131589580944895e-06 -9.614022242220246994e+01 -1.393080916850133688e+00 5.605713004417733902e-01 4.537951651802654141e-01 -1.342293896485962357e+01
1.000000000000000000e+00 4.188754488054688636e+02 1.431273805992741188e+02 -6.466184430756160291e+05 -3.408642212647705078e+13 7.768062655008955633e-06 2.318232281455224506e-06 1.216963298917788162e-06 -5.408513099524362389e+01 -7.828115407448873464e-01 8.849910747313042281e-01 2.549444403503753898e-01 -7.591958225881965561e+00
1.000000000000000000e+00 4.002155501514588423e+02 1.977509321813609233e+02 -6.514817740224364679e+05 -3.460109027237735547e+13 7.477836328869534660e-06 3.227059314898847639e-06 1.209985260293790792e-06 8.771800375425863328e-01 1.268167862276041967e-02 9.998086583054839327e-01 -4.290693075697138599e-03 -1.570546953392402401e+01
1.000000000000000000e+00 3.718295090381859040e+02 2.475936756882878171e+02 -6.563450975056763273e+05 -3.511961402677207031e+13 6.999319606476603652e-06 4.070595341453266364e-06 1.178170517723265225e-06 5.573393753166357811e+01 8.048537200714335205e-01 8.779081455220548724e-01 -2.625140172312301901e-01 -3.052958863521153532e+01
1.000000000000000000e+00 3.344455175844078667e+02 2.914170319911061142e+02 -6.612084061995737720e+05 -3.564199258212584375e+13 6.342251678448254577e-06 4.826579181200093169e-06 1.124801322494191359e-06 9.748767819612447738e+01 1.406231226605543227e+00 5.482412430135946702e-01 -4.586155329909860079e-01 -3.885900682012733398e+01
1.000000000000000000e+00 2.890667385988772935e+02 3.282392110170699198e+02 -6.660716932536625536e+05 -3.616822515928537500e+13 5.522030817324373075e-06 5.476430439712485762e-06 1.055537237365266835e-06 1.162361298274335866e+02 1.674782783798258512e+00 8.888371146846762993e-02 -5.462343550548822702e-01 -3.328254851491430344e+01
1.000000000000000000e+00 2.367551837700333408e+02 3.572432632595966879e+02 -6.709349525221523363e+05 -3.669831103445694531e+13 4.555747441233221095e-06 6.003860643941706540e-06 9.769749982114893744e-07 1.075078437026422478e+02 1.547278133665198396e+00 -3.914943266214288009e-01 -5.046889007215479284e-01 -1.876774280165119535e+01
1.000000000000000000e+00 1.787659374277971267e+02 3.776968557737029641e+02 -6.757981778274732642e+05 -3.723224946085240625e+13 3.464826666096520900e-06 6.393615634416012435e-06 8.965044957024316259e-07 7.331406120651014646e+01 1.053966867371210592e+00 -7.793126914740871047e-01 -3.438243362742726683e-01 -8.229434397183736039e+00
1.000000000000000000e+00 1.165467853619266094e+02 3.891707042138756378e+02 -6.806613641545799328e+05 -3.777003980110779688e+13 2.275155711132951779e-06 6.635251339349454037e-06 8.221861491734524281e-07 2.168220184803692518e+01 3.113544382198519811e-01 -9.828716040787451869e-01 -1.016713317639444392e-01 -1.104336053939937479e+01
1.000000000000000000e+00 5.151960677072112560e+01 3.914282926649185583e+02 -6.855245080339369597e+05 -3.831168157470029688e+13 1.012920245138965002e-06 6.721424699724323763e-06 7.611362131516904442e-07 -3.521794053972705996e+01 -5.051591018117398413e-01 -9.539863784117569301e-01 1.645203810850987269e-01 -2.470805749104757254e+01
1.000000000000000000e+00 -1.478146649324667372e+01 3.843457026725432684e+02 -6.903876062456460204e+05 -3.885717431820430469e+13 -2.926781058586427571e-07 6.646624656739070655e-06 7.189502986189866223e-07 -8.392746366342574049e+01 -1.202489866206539970e+00 -6.994043413575753432e-01 3.917818604064335908e-01 -3.706108027956084783e+01
1.000000000000000000e+00 -8.072474626712515544e+01 3.681178919191900150e+02 -6.952506566772426013e+05 -3.940651768352052344e+13 -1.609636540519539942e-06 6.410833126059468261e-06 6.997727690113515762e-07 -1.128757643469888734e+02 -1.615443155487016336e+00 -2.792882771323608182e-01 5.263066602626745860e-01 -3.709758974150942379e+01
1.000000000000000000e+00 -1.447980162392354941e+02 3.431308735488080401e+02 -7.001136583824703703e+05 -3.995971144897577344e+13 -2.907440852185052837e-06 6.017477630649390455e-06 7.054978705350849671e-07 -1.151374422151219363e+02 -1.645969383221841387e+00 2.069477439736968072e-01 5.362097273104554640e-01 -2.477993454166670517e+01
1.000000000000000000e+00 -2.054662874972408417e+02 3.098812527430381465e+02 -7.049766113358994480e+05 -4.051675549574130469e+13 -4.154272768703751902e-06 5.472126773127171104e-06 7.353518003255131156e-07 -9.010434398987720783e+01 -1.286665484435097317e+00 6.441642746210766157e-01 4.191202907020611379e-01 -1.108483999760867889e+01
1.000000000000000000e+00 -2.611993965258362209e+02 2.691710098718805284e+02 -7.098395169178004144e+05 -4.107764986760160156e+13 -5.317555951434342092e-06 4.786020947946348690e-06 7.864152735303894022e-07 -4.365530383610416720e+01 -6.226904854317748539e-01 9.288167538567653203e-01 2.027684302214854406e-01 -8.220181656996869535e+00
1.000000000000000000e+00 -3.106838187612945603e+02 2.219612940843841500e+02 -7.147023779097629013e+05 -4.164239477601655469e+13 -6.368301080455545518e-06 3.973640867216325088e-06 8.539464697658948105e-07 1.323054709629700021e+01 1.885075961609004314e-01 9.935380300574174761e-01 -6.159731696334398710e-02 -1.873707431259694900e+01
1.000000000000000000e+00 -3.526761424886703935e+02 1.692892086764367150e+02 -7.195651973935217829e+05 -4.221099047648309375e+13 -7.278233056413619416e-06 3.051304596527816784e-06 9.312636989323676090e-07 6.708444605602467448e+01 9.547491297748832428e-01 8.230925847026201447e-01 -3.113858652805980287e-01 -3.326222640419251064e+01
1.000000000000000000e+00 -3.860404539117672584e+02 1.124500356207546332e+02 -7.244279796970406314e+05 -4.278343738147283594e+13 -8.020616650013142525e-06 2.040520449181466801e-06 1.010528850609619294e-06 1.051481079109608885e+02 1.494809392253458213e+00 4.579134707770110002e-01 -4.875082422507606150e-01 -3.886169431890802883e+01
1.000000000000000000e+00 -4.099496372976381053e+02 5.283102141718403999e+01 -7.292907305660534184e+05 -4.335973608577027344e+13 -8.574541886799124263e-06 9.651078302153993212e-07 1.083903134671498549e-06 1.183930016687371420e+02 1.681232782550158733e+00 -1.555603520023013386e-02 -5.483473630702158097e-01 -3.055700437200990649e+01
1.000000000000000000e+00 -4.237307355247324949e+02 -8.176734378910850864e+00 -7.341534561883568531e+05 -4.393988725529858594e+13 -8.921883349090565320e-06 -1.503671179891095819e-07 1.143761244052709145e-06 1.036470939954223240e+02 1.470201795380071452e+00 -4.853502719411768029e-01 -4.795571188515428962e-01 -1.574091135515355333e+01
1.000000000000000000e+00 -4.269048197667301565e+02 -6.900954627248367501e+01 -7.390161637787043583e+05 -4.452389169934865625e+13 -9.048252709055825104e-06 -1.277465698683867643e-06 1.183671779099831732e-06 6.434114589500737225e+01 9.116479224201535780e-01 -8.404207241026675490e-01 -2.974141559171149529e-01 -7.592712635386766884e+00
1.000000000000000000e+00 -4.193694301564803482e+02 -1.281164092046581970e+02 -7.438788610474119196e+05 -4.511175031019832031e+13 -8.947026280631057007e-06 -2.387223679440608556e-06 1.199678478500101372e-06 9.710660970125013947e+00 1.374378073436904046e-01 -9.968173456143597511e-01 -4.496645494674091081e-02 -1.336105372334681007e+01
1.000000000000000000e+00 -4.012265622506737941e+02 -1.840493320518665428e+02 -7.487415556185444584e+05 -4.570346399404851562e+13 -8.615913699352614516e-06 -3.451853228227404728e-06 1.189792290153031336e-06 -4.736087648403587735e+01 -6.695711922160783036e-01 -9.174990483219455095e-01 2.181100196255621460e-01 -2.791656362079521614e+01
1.000000000000000000e+00 -3.728139622515463998e+02 -2.353050870493843263e+02 -7.536042557058046805e+05 -4.629903375373010938e+13 -8.057776871675031703e-06 -4.441818380272608818e-06 1.154208781713923502e-06 -9.336555707895968226e+01 -1.318511297310771990e+00 -6.211316689459307483e-01 4.295838803175276444e-01 -3.830389914253120764e+01
1.000000000000000000e+00 -3.348594244198832257e+02 -2.805221035871679192e+02 -7.584669698942365358e+05 -4.689846066404548438e+13 -7.284150749076645925e-06 -5.329542108453442393e-06 1.096408946499830804e-06 -1.173648877148725092e+02 -1.655602263961001519e+00 -1.777610725520875623e-01 5.393816766529798690e-01 -3.526814688702327771e+01
1.000000000000000000e+00 -2.882808081630649326e+02 -3.185620415172012372e+02 -7.633297057317267172e+05 -4.750174569794000000e+13 -6.311137187375620915e-06 -6.091052291154168311e-06 1.022193754893576278e-06 -1.136016771369766900e+02 -1.600750900993171300e+00 3.076939838754044754e-01 5.214699828573882145e-01 -2.150892244747057802e+01
1.000000000000000000e+00 -2.341999299566244019e+02 -3.483520321335402059e+02 -7.681924706769161858e+05 -4.810888984111862500e+13 -5.159843542859557074e-06 -6.703082009475188549e-06 9.387537709422665846e-07 -8.289649488214104167e+01 -1.166801266558643801e+00 7.202818202834266881e-01 3.800639428987715451e-01 -9.287767259128372643e+00
1.000000000000000000e+00 -1.740648746241674303e+02 -3.690786410084061799e+02 -7.730552714103291510e+05 -4.871989400486364844e+13 -3.859236677893022809e-06 -7.146865303469710421e-06 8.546928110187935617e-07 -3.247623706432136004e+01 -4.566134103011112999e-01 9.622981351593153931e-01 1.486496915765157523e-01 -9.497968250219711805e+00
1.000000000000000000e+00 -1.094191949794935681e+02 -3.802439070840267732e+02 -7.779181132990291808e+05 -4.933475895504843750e+13 -2.441221157370819596e-06 -7.409387117881840403e-06 7.786697816135804200e-07 2.573548849149177187e+01 3.614415960200941802e-01 9.764781115875466044e-01 -1.179650654822202299e-01 -2.195006310689990059e+01
1.000000000000000000e+00 -4.190068209583178316e+01 -3.814941388770773187e+02 -7.827810011646925705e+05 -4.995348540496058594e+13 -9.406782343268543206e-07 -7.480218512725291652e-06 7.182327980758219740e-07 7.795387694882886365e+01 1.093620669215514596e+00 7.595463698550691811e-01 -3.566672488833468324e-01 -3.554846630348035319e+01
1.000000000000000000e+00 2.666045111382443267e+01 -3.727960448495715013e+02 -7.876439386303453939e+05 -5.057607392924564062e+13 6.022504802873297525e-07 -7.355079471058346026e-06 6.796858573249134474e-07 1.118058546248771563e+02 1.566813588258771484e+00 3.629190902096502414e-01 -5.109978671068245992e-01 -3.818650689211706606e+01
1.000000000000000000e+00 9.449159849296124492e+01 -3.544547612078014822e+02 -7.925069271538674366e+05 -5.120252483426814062e+13 2.147711729498505867e-06 -7.036391894848448881e-06 6.671899681993054468e-07 1.192556267712124338e+02 1.669382946827127068e+00 -1.195410444031007047e-01 -5.444916756724111906e-01 -2.752138896880704522e+01
1.000000000000000000e+00 1.598779801051351797e+02 -3.269208133477378055e+02 -7.973699673884204822e+05 -5.183283832639671094e+13 3.656185760979933101e-06 -6.529630155923018087e-06 6.819415345988161722e-07 9.849672905891041808e+01 1.377284712981672321e+00 -5.737478478365100054e-01 -4.492582961136721287e-01 -1.304498460115847358e+01
1.000000000000000000e+00 2.210711450352035001e+02 -2.909434974479925700e+02 -8.022330585820251144e+05 -5.246701443027697656e+13 5.086421440973306048e-06 -5.846491842026697316e-06 7.224225077222472807e-07 5.437895733690589140e+01 7.595530892297601699e-01 -8.923209640515024077e-01 -2.478169933541137238e-01 -7.635507373086407590e+00
1.000000000000000000e+00 2.765371740082086376e+02 -2.475524313202776057e+02 -8.070961983999467921e+05 -5.310505295988759375e+13 6.401158016701520280e-06 -5.004706760750546238e-06 7.847465330269233716e-07 -2.720891872435601488e+00 -3.796333826720167670e-02 -9.999079949842923920e-01 1.221926848298614081e-02 -1.610726667901183973e+01
1.000000000000000000e+00 3.249352106289607605e+02 -1.978467907863401649e+02 -8.119593835578676080e+05 -5.374695359608964844e+13 7.566774754033277198e-06 -4.023921072037216001e-06 8.626267823769822461e-07 -5.932462091448786623e+01 -8.268266167952822432e-01 -8.709854662123741598e-01 2.693630420246170831e-01 -3.092399226125238698e+01
1.000000000000000000e+00 3.650167906589405789e+02 -1.431343546072512822e+02 -8.168226095139849931e+05 -5.439271584185496094e+13 8.551067188952040624e-06 -2.928584590271073000e-06 9.480621393392177008e-07 -1.020208651988598092e+02 -1.420349939297304021e+00 -5.359542028294826954e-01 4.627616031897479054e-01 -3.889292380270042315e+01
1.000000000000000000e+00 3.958552166174834497e+02 -8.489064727019903955e+01 -8.216858702206509188e+05 -5.504233898400634375e+13 9.328716981136033298e-06 -1.747236936793855713e-06 1.032874689681388533e-06 -1.206430437435248706e+02 -1.677783927038901890e+00 -7.403916339831245752e-02 5.465990859336257168e-01 -3.290988162561570363e+01
1.000000000000000000e+00 4.167904014566317983e+02 -2.454369793305081870e+01 -8.265491593945876230e+05 -5.569582225843037500e+13 9.880208815581334141e-06 -5.081533864332185559e-07 1.109119144416473911e-06 -1.107038231623738938e+02 -1.537886425984513750e+00 4.054084105198145771e-01 5.009821036714583453e-01 -1.830250971473175881e+01
1.000000000000000000e+00 4.273137772189411407e+02 3.638689370516201649e+01 -8.314124703550968552e+05 -5.635316482721044531e+13 1.018927199643077180e-05 7.577878794376110426e-07 1.169285185597866679e-06 -7.449110130594958434e+01 -1.033699842260810575e+00 7.888256411630001352e-01 3.366945443471949240e-01 -8.092204119619260894e+00
1.000000000000000000e+00 4.272744679059834425e+02 9.633765717295572983e+01 -8.362757953122843755e+05 -5.701436567999809375e+13 1.024793105868190765e-05 2.018049180085861280e-06 1.207802659862261660e-06 -2.054478765341584889e+01 -2.847873094931670512e-01 9.854038053879313752e-01 9.265510889452509280e-02 -1.138127621495969777e+01
1.000000000000000000e+00 4.167913307376988428e+02 1.539078257903790359e+02 -8.411391268110970268e+05 -5.767942382765896875e+13 1.005463335226323594e-05 3.242759024703378397e-06 1.221392982681988602e-06 3.836879909324429860e+01 5.312838481767714338e-01 9.486430975860860038e-01 -1.733289205194345761e-01 -2.523537518063385221e+01
1.000000000000000000e+00 3.961277967735015864e+02 2.077094540238321940e+02 -8.460024570275457809e+05 -5.834833820652201562e+13 9.611400379047819030e-06 4.401635004359204493e-06 1.208821700137193417e-06 8.829399777572608343e+01 1.221263922921183021e+00 6.873380494929424156e-01 -3.982910800317380207e-01 -3.730940359159660602e+01
1.000000000000000000e+00 3.658804092330209983e+02 2.564137057435202109e+02 -8.508657780674735550e+05 -5.902110771836537500e+13 8.928529520706232015e-06 5.464978153366611140e-06 1.171815401129934867e-06 1.173976729065716000e+02 1.622065114787339946e+00 2.634114905871914880e-01 -5.290255174408212691e-01 -3.685466845209451492e+01
1.000000000000000000e+00 3.268662180098984891e+02 2.989413737026093258e+02 -8.557290830038291169e+05 -5.969773137486364062e+13 8.022062780538777231e-06 6.407792745771833493e-06 1.114499792840406576e-06 1.187646493985267000e+02 1.639181126010205380e+00 -2.228148533498161277e-01 -5.346500309653269278e-01 -2.428139212860083873e+01
1.000000000000000000e+00 2.799945969622290249e+02 3.342982269171155849e+02 -8.605923652141810162e+05 -6.037820820846378125e+13 6.910776787917083993e-06 7.206388979510849898e-06 1.042187269031232047e-06 9.202457591051424401e+01 1.268747047626427538e+00 -6.563606099444649900e-01 -4.138645650563016476e-01 -1.077933126151233800e+01
1.000000000000000000e+00 2.264461178055700827e+02 3.616193257123493368e+02 -8.654556180040134350e+05 -6.106253722043619531e+13 5.620687074038657466e-06 7.839395436864284283e-06 9.618337295764001022e-07 4.344191031766251143e+01 5.982905022329172429e-01 -9.347213781399517085e-01 -1.952317826820383628e-01 -8.360746047976912010e+00
1.000000000000000000e+00 1.675434567986728780e+02 3.803414269767440032e+02 -8.703188358916110592e+05 -6.175071756291895312e+13 4.182014946140868090e-06 8.291596369472748791e-06 8.814644851056164026e-07 -1.554513691406933695e+01 -2.138603269195523682e-01 -9.920439777083063237e-01 6.956314261767435059e-02 -1.917934418706846600e+01
1.000000000000000000e+00 1.046249950334660923e+02 3.900239422603675621e+02 -8.751820142800157191e+05 -6.244274849691588281e+13 2.626113912280164410e-06 8.550190480080159050e-06 8.086109346116354362e-07 -7.100173905254133899e+01 -9.757479524349719213e-01 -8.146939894355963441e-01 3.178959121460888104e-01 -3.360848803921349770e+01
1.000000000000000000e+00 3.921944818560445611e+01 3.903938677161217470e+02 -8.800451491631293902e+05 -6.313862935363346875e+13 9.898882254208125312e-07 8.605856080524823285e-06 7.501060413715849069e-07 -1.097772594081653637e+02 -1.507004469625601750e+00 -4.445455790789296091e-01 4.909893893621866678e-01 -3.879807778209621461e+01
1.000000000000000000e+00 -2.709495198224749402e+01 3.815001350338566795e+02 -8.849082380414275685e+05 -6.383835966894506250e+13 -6.876482624656218877e-07 8.456274505592493605e-06 7.116643530172554070e-07 -1.226272801907039565e+02 -1.681602136043726325e+00 3.084263239037698945e-02 5.478336484660728534e-01 -3.011959913223972052e+01
1.000000000000000000e+00 -9.281293167569333491e+01 3.635213951836121851e+02 -8.897712790178895229e+05 -6.454193905820578125e+13 -2.368462975117643042e-06 8.102042142627686436e-06 6.968136963132275603e-07 -1.064325187457288564e+02 -1.457957944816617335e+00 4.989178622396777674e-01 4.749356544508995248e-01 -1.530421947075896760e+01
1.000000000000000000e+00 -1.563295082303255867e+02 3.368129053832075215e+02 -8.946342708978466690e+05 -6.524936723320607812e+13 -4.011125205949342956e-06 7.547800154571592549e-06 7.067476395124106334e-07 -6.496863652731649097e+01 -8.890156678457175055e-01 8.488209447015766518e-01 2.895506009949880277e-01 -7.558403413634504631e+00
1.000000000000000000e+00 -2.160906012019545699e+02 3.020424425801456323e+02 -8.994972143093629275e+05 -6.596064416927256250e+13 -5.574622028035498969e-06 6.805404355394117562e-06 7.405498750864051101e-07 -8.025378838009583404e+00 -1.097000214411893160e-01 9.977085537326899622e-01 3.559488974423785645e-02 -1.378549509402441764e+01
1.000000000000000000e+00 -2.707097403710279764e+02 2.599850795500770460e+02 -9.043601109744876157e+05 -6.667577000503752344e+13 -7.021420887874821853e-06 5.889466576602708824e-06 7.949868332442039397e-07 5.091895687832248996e+01 6.952751003811709074e-01 9.104003390890461622e-01 -2.267894577237370424e-01 -2.843306985045240154e+01
1.000000000000000000e+00 -3.187960686118031504e+02 2.115702942562767817e+02 -9.092229633124549873e+05 -6.739474498795139062e+13 -8.313101418510828559e-06 4.818492907926652675e-06 8.645852438049939515e-07 9.790278658336825401e+01 1.335391904723830958e+00 6.076612934757836815e-01 -4.355110869595388290e-01 -3.845344786788095348e+01
1.000000000000000000e+00 -3.591129524375436404e+02 1.579979675143910640e+02 -9.140857750563018490e+05 -6.811756956894703906e+13 -9.414510542577406843e-06 3.617633686495160114e-06 9.425319167591693977e-07 1.217906892391831519e+02 1.659452324848184057e+00 1.611952625175913090e-01 -5.412279392651817567e-01 -3.493039951747167038e+01
1.000000000000000000e+00 -3.906844193971564891e+02 1.005195502598024149e+02 -9.189485508311409503e+05 -6.884424434445960156e+13 -1.029667523790071862e-05 2.313810951749862810e-06 1.021189099048853064e-06 1.169002898529463295e+02 1.591123103263872185e+00 -3.233843117221465446e-01 -5.189838539541751228e-01 -2.100412231059769397e+01
1.000000000000000000e+00 -4.126204628089105881e+02 4.048185194527157904e+01 -9.238112959697105689e+05 -6.957477003217970312e+13 -1.093235576538218050e-05 9.367631079386773326e-07 1.092272445783665990e-06 8.433772404893885266e+01 1.146695393222564974e+00 -7.315218237623616337e-01 -3.740633222301248395e-01 -9.064411801576945038e+00
1.000000000000000000e+00 -4.242787830591300349e+02 -2.057787241228290398e+01 -9.286740175500347978e+05 -7.030914763097927344e+13 -1.130041350862102817e-05 -4.786850934466204564e-07 1.148402170677435057e-06 3.174208916332263186e+01 4.311220030327936326e-01 -9.667371506620942023e-01 -1.407227650817960418e-01 -9.731574517410150449e+00
1.000000000000000000e+00 -4.253520666590483756e+02 -8.116341613980313241e+01 -9.335367227198353503e+05 -7.104737817278678125e+13 -1.138832047260679029e-05 -1.897919827586578255e-06 1.184100613651395887e-06 -2.849695841876494740e+01 -3.866358953496901729e-01 -9.733773258459188504e-01 1.258856855245377437e-01 -2.241438970559189059e+01
1.000000000000000000e+00 -4.156831898781383074e+02 -1.397803032766585147e+02 -9.383994187179693254e+05 -7.178946272614329688e+13 -1.118741936990369700e-05 -3.285639014543296464e-06 1.195299358081500680e-06 -8.214119735593554594e+01 -1.113279375639495861e+00 -7.497858787267722702e-01 3.627131082405599116e-01 -3.582768716890255689e+01
1.000000000000000000e+00 -3.954207591768523571e+02 -1.948585782781725868e+02 -9.432621137635911582e+05 -7.253540253331414062e+13 -1.069723614179157216e-05 -4.604029091433398865e-06 1.180273850072970786e-06 -1.164604315138194295e+02 -1.576745094961847782e+00 -3.487712176289945454e-01 5.137043810933941135e-01 -3.802565481367932421e+01
1.000000000000000000e+00 -3.650757292329502093e+02 -2.449909886790819655e+02 -9.481248161756278714e+05 -7.328519887805471875e+13 -9.927232683761652536e-06 -5.818375723974148222e-06 1.140431600300269774e-06 -1.232601624303152335e+02 -1.667040975732451136e+00 1.348050799059252181e-01 5.430806926735449736e-01 -2.704473033096143197e+01
1.000000000000000000e+00 -3.253170591859399110e+02 -2.888917019631384733e+02 -9.529875339537917171e+05 -7.403885302090275000e+13 -8.891474421012019166e-06 -6.896177408285502973e-06 1.079399445783534476e-06 -1.008543256175398142e+02 -1.362570552080861308e+00 5.864569333521363337e-01 4.438534267726265137e-01 -1.266788253457584190e+01
1.000000000000000000e+00 -2.771108258896060761e+02 -3.253268787877529462e+02 -9.578502751935509732e+05 -7.479636626272132812e+13 -7.612562077129862160e-06 -7.805553651545791576e-06 1.003117938210731457e-06 -5.449377918637700446e+01 -7.354494185334826684e-01 8.992261934956138347e-01 2.395114959692027923e-01 -7.709609513529343872e+00
1.000000000000000000e+00 -2.217388425838619810e+02 -3.533469436257275902e+02 -9.627130469588174019e+05 -7.555773976812629688e+13 -6.122352909493149561e-06 -8.520877759295042244e-06 9.196191813767493153e-07 4.867910559928780856e+00 6.562818062114705864e-02 9.990757433607194704e-01 -2.154707223201304117e-02 -1.658776586271737941e+01
1.000000000000000000e+00 -1.605704992934826691e+02 -3.722284423070169623e+02 -9.675758553152258974e+05 -7.632297456664743750e+13 -4.455849424855111420e-06 -9.021540761812892322e-06 8.373044118291687311e-07 6.317788085332559689e+01 8.508543067562108764e-01 8.624377716754836332e-01 -2.775116125931199051e-01 -3.138910423552937345e+01
1.000000000000000000e+00 -9.518263557484806370e+01 -3.813973243606626511e+02 -9.724387121884200023e+05 -7.709207263618051562e+13 -2.654603677503196504e-06 -9.290220454344433543e-06 7.643944320928411250e-07 1.066240025496421424e+02 1.434458466169845625e+00 5.217373686559088064e-01 -4.678224231996978011e-01 -3.893192436130573242e+01
1.000000000000000000e+00 -2.734561764556585572e+01 -3.806407153816774098e+02 -9.773016099471014459e+05 -7.786503287610496875e+13 -7.664716172076970808e-07 -9.318156353979952276e-06 7.086451139067320842e-07 1.249055496690943272e+02 1.678641895393905958e+00 5.763520170406638554e-02 -5.474957980698456073e-01 -3.250658846389008971e+01
1.000000000000000000e+00 4.122089369840627882e+01 -3.700163399019382382e+02 -9.821645573644021060e+05 -7.864185678860154688e+13 1.161131447601154983e-06 -9.103141620297563441e-06 6.759328717790200962e-07 1.136615449311116777e+02 1.525926725564055397e+00 -4.201028443638398779e-01 -4.977272076623519559e-01 -1.783450646438160092e+01
1.000000000000000000e+00 1.087360933902437807e+02 -3.497574433354896541e+02 -9.870275563398974482e+05 -7.942254479749620312e+13 3.078100033615756770e-06 -8.647336944927395581e-06 6.695396904533240783e-07 7.549599968287675722e+01 1.012484399417309611e+00 -7.985352713233311306e-01 -3.302968497181703045e-01 -7.968523425722710662e+00
1.000000000000000000e+00 1.733870399479618243e+02 -3.204572112970756734e+02 -9.918906069231034489e+05 -8.020709703343870312e+13 4.932420976867707597e-06 -7.961959513954932398e-06 6.902857267667198011e-07 1.937309288568932786e+01 2.595422761569106673e-01 -9.881798831583290532e-01 -8.477785763187262180e-02 -1.168606369149830115e+01
1.000000000000000000e+00 2.335691070544723971e+02 -2.829409006240100553e+02 -9.967537079093644861e+05 -8.099551342341093750e+13 6.677024755506895744e-06 -7.064309688638114659e-06 7.363251576423368852e-07 -4.147558356048734396e+01 -5.550688731037481949e-01 -9.441295993915134188e-01 1.807887460637354893e-01 -2.568235536869024571e+01
1.000000000000000000e+00 2.877636426089109705e+02 -2.381543321745907065e+02 -1.001616857195887249e+06 -8.178779374389903125e+13 8.266416314096909732e-06 -5.975114739394215035e-06 8.029440160594516263e-07 -9.265419716364839076e+01 -1.238697204337317004e+00 -6.767052438806667736e-01 4.035792873745112086e-01 -3.749956058191292385e+01
1.000000000000000000e+00 3.345614125759840931e+02 -1.873266133693407198e+02 -1.006480051145509700e+06 -8.258393751292409375e+13 9.657411714884038965e-06 -4.722704704648681364e-06 8.833596699424666743e-07 -1.220029431054095852e+02 -1.629358046157032947e+00 -2.491028716415883970e-01 5.308375761942631943e-01 -3.660886330063340210e+01
1.000000000000000000e+00 3.728820170211475329e+02 -1.318150125944119395e+02 -1.011343284369415487e+06 -8.338394394812885938e+13 1.081557865957323127e-05 -3.339255183037732884e-06 9.698575034621567654e-07 -1.224973398182091557e+02 -1.634253832026223208e+00 2.374854882123862421e-01 5.323904320374134302e-01 -2.379834128292589668e+01
1.000000000000000000e+00 4.018255909619896897e+02 -7.299011580639572117e+01 -1.016206551293839933e+06 -8.418781221942073438e+13 1.171114366284046736e-05 -1.857942124289203678e-06 1.054053916940924336e-06 -9.394635362332073214e+01 -1.252044845410501983e+00 6.678227381655699180e-01 4.078395156330794635e-01 -1.048515632027249644e+01
1.000000000000000000e+00 4.206813017579303846e+02 -1.238983457161553225e+01 -1.021069845559817157e+06 -8.499554134830614062e+13 1.231936679211858120e-05 -3.168889509175892335e-07 1.127724562698561168e-06 -4.306392554703140974e+01 -5.733253480292356263e-01 9.399764955541818345e-01 1.866822723773136905e-01 -8.538343950310425257e+00
1.000000000000000000e+00 4.291190784401537144e+02 4.844637426396015911e+01 -1.025933159833436948e+06 -8.580713017303739062e+13 1.262631490923905166e-05 1.244991783837282423e-06 1.184149246980892254e-06 1.811700903403148644e+01 2.409473023939897318e-01 9.895250361995054922e-01 -7.868961244984426506e-02 -1.969144484126474737e+01
1.000000000000000000e+00 4.270117546057876439e+02 1.080810194752646396e+02 -1.030796486940754578e+06 -8.662257753549062500e+13 1.262386920294963430e-05 2.790670108536019187e-06 1.218031699812597383e-06 7.510690153717150963e+01 9.978469223969258506e-01 8.048169957059519986e-01 -3.254382130785872240e-01 -3.400326422214050126e+01
1.000000000000000000e+00 4.144318675926311926e+02 1.650225733128333161e+02 -1.035659818958078860e+06 -8.744188212818382812e+13 1.230977163137919164e-05 4.281013727185519377e-06 1.226073026237010603e-06 1.144024830329723699e+02 1.518338149133605652e+00 4.296617430012970029e-01 -4.951835607579209153e-01 -3.872809106811248370e+01
1.000000000000000000e+00 3.918194669405972945e+02 2.178893890624826497e+02 -1.040523147718962631e+06 -8.826504257731760938e+13 1.169277200658205010e-05 5.679027419390696282e-06 1.208218382594067731e-06 1.266820989034708163e+02 1.679568608892566983e+00 -4.712576930298956190e-02 -5.478073967722050241e-01 -2.966508927370918158e+01
1.000000000000000000e+00 3.597802837606541857e+02 2.654935630956555315e+02 -1.045386466288236552e+06 -8.909205769305904688e+13 1.078683310764190923e-05 6.952115964296096244e-06 1.166669140785147934e-06 1.090011162174157988e+02 1.443654794139047848e+00 -5.127735346282539242e-01 -4.709007096232679102e-01 -1.488292622231838003e+01
1.000000000000000000e+00 3.190797113750347194e+02 3.066786421966169769e+02 -1.050249767440590076e+06 -8.992292621389406250e+13 9.611064917225871373e-06 8.067932649870696119e-06 1.105273504664246892e-06 6.548450903618169150e+01 8.664058354971402309e-01 -8.571862832986401060e-01 -2.826608770278314919e-01 -7.533460185742346660e+00
1.000000000000000000e+00 2.707939383752365643e+02 3.404769572779244982e+02 -1.055113044224136276e+06 -9.075764690242962500e+13 8.194409380838759541e-06 8.998556661913749427e-06 1.030176207406289183e-06 6.365658664683148338e+00 8.413505607149447674e-02 -9.989104524049381428e-01 -2.758790254586104482e-02 -1.415650682764077750e+01
1.000000000000000000e+00 2.160921101325726568e+02 3.661720466670075211e+02 -1.059976290543603478e+06 -9.159621864726909375e+13 6.569234841369437020e-06 9.722265501820987713e-06 9.487234138070610726e-07 -5.440562677305521788e+01 -7.183378887428726323e-01 -9.043650555951537884e-01 2.340045918775067735e-01 -2.886071625280506225e+01
1.000000000000000000e+00 1.562344378196183641e+02 3.831300621377938569e+02 -1.064839501052387990e+06 -9.243864044766728125e+13 4.771343113560117018e-06 1.021919112423829400e-05 8.684641766531676365e-07 -1.024396977866070557e+02 -1.351154543280597142e+00 -5.958272733523526377e-01 4.402190002598845853e-01 -3.855490026601749065e+01
1.000000000000000000e+00 9.271188559243880434e+01 3.909512297487804631e+02 -1.069702670911396854e+06 -9.328491137443760938e+13 2.844318461793950210e-06 1.047542862337052595e-05 7.971555483547958133e-07 -1.263121259344986953e+02 -1.664309258826097260e+00 -1.462478762933048793e-01 5.422155832154189614e-01 -3.459948344759258276e+01
1.000000000000000000e+00 2.701855009493091586e+01 3.895121443388156308e+02 -1.074565797073125606e+06 -9.413503079694275000e+13 8.326735678953033694e-07 1.048431725391984766e-05 7.416325933563701473e-07 -1.202935248865630626e+02 -1.583375598797750916e+00 3.379556268831700461e-01 5.158069813990678876e-01 -2.051470609992721705e+01
1.000000000000000000e+00 -3.934325748677202483e+01 3.787913664370084348e+02 -1.079428876667421311e+06 -9.498899810609401562e+13 -1.217990983421959874e-06 1.024189318526149801e-05 7.068604994495497416e-07 -8.574057318357978374e+01 -1.127408373697458055e+00 7.421074640950512391e-01 3.672282845138562513e-01 -8.854648680000510197e+00
1.000000000000000000e+00 -1.047326763187810172e+02 3.590168963810835976e+02 -1.084291907693300396e+06 -9.584681283736237500e+13 -3.256927897652227628e-06 9.750957040318054434e-06 6.960111111556992176e-07 -3.079612859428992522e+01 -4.045243219729643402e-01 9.704964055900158204e-01 1.316752090085553939e-01 -1.001328703653955898e+01
1.000000000000000000e+00 -1.676037395620803068e+02 3.306891902768622344e+02 -1.089154889934587991e+06 -9.670847483682789062e+13 -5.235438665557680414e-06 9.021853751028790244e-06 7.101404136198819455e-07 3.154046342246878964e+01 4.138764235958302673e-01 9.690935952224816186e-01 -1.350569392987923945e-01 -2.295514376884791119e+01
1.000000000000000000e+00 -2.264929109474371103e+02 2.943998972788032802e+02 -1.094017823998688255e+06 -9.757398409679384375e+13 -7.106548711866926199e-06 8.067671199997610934e-06 7.476958208352966004e-07 8.650609500040594924e+01 1.133976071285023091e+00 7.383265391830843294e-01 -3.698265460232564861e-01 -3.614793839728071134e+01
1.000000000000000000e+00 -2.798970994874727012e+02 2.509755890452301799e+02 -1.098880711545797065e+06 -9.844334080012009375e+13 -8.821220426212780298e-06 6.908251991045183715e-06 8.048200648288982335e-07 1.210786196841996372e+02 1.585549005153450430e+00 3.328947774370176194e-01 -5.171105039659481539e-01 -3.784696050154994396e+01
1.000000000000000000e+00 -3.265095640601672358e+02 2.014804523459624477e+02 -1.103743555676347110e+06 -9.931654539412240625e+13 -1.033579326595250022e-05 5.570410957269587611e-06 8.760621293779429426e-07 1.270540849317550709e+02 1.662096848166479957e+00 -1.512568834750024904e-01 -5.421180299953496373e-01 -2.654584929422331641e+01
1.000000000000000000e+00 -3.651985150302195393e+02 1.470260415251228778e+02 -1.108606359864685219e+06 -1.001935984035376875e+14 -1.161144033093232312e-05 4.082796827515601378e-06 9.543897479961368919e-07 1.029762599152377192e+02 1.345738727880886554e+00 -5.996518429613948431e-01 -4.389713652694454682e-01 -1.230173796625599003e+01
1.000000000000000000e+00 -3.948904591458216942e+02 8.890959264791992211e+01 -1.113469128921682714e+06 -1.010745006067669844e+14 -1.261056507911996705e-05 2.479778780597957042e-06 1.031555548250066471e-06 5.447984905232497255e+01 7.112396051053073709e-01 -9.062983125294727937e-01 -2.320625411545833294e-01 -7.784841374249059420e+00
1.000000000000000000e+00 -4.148033708332033029e+02 2.859445659054146915e+01 -1.118331869031825336e+06 -1.019592530479365781e+14 -1.330432067547075928e-05 8.010113816503788208e-07 1.099742097178470857e-06 -7.023562121720154927e+00 -9.159975664381275751e-02 -9.986782796082983582e-01 2.970557125385426753e-02 -1.701461810640294203e+01
1.000000000000000000e+00 -4.244105488373687649e+02 -3.248961925428737629e+01 -1.123194586898772046e+06 -1.028478568858655781e+14 -1.367164892927844645e-05 -9.140832733628120090e-07 1.152145886772218295e-06 -6.701442684894723811e+01 -8.730970251475799193e-01 -8.548749076883512821e-01 2.844428074328592682e-01 -3.178080615696805111e+01
1.000000000000000000e+00 -4.233218449352529547e+02 -9.281472760561514690e+01 -1.128057289451880846e+06 -1.037403133421457031e+14 -1.369561574414275654e-05 -2.622612875418473560e-06 1.182993929810204000e-06 -1.112793512822295412e+02 -1.448326734489335799e+00 -5.088122175645530820e-01 4.718754331451066597e-01 -3.893720931806786467e+01
1.000000000000000000e+00 -4.115058209095727761e+02 -1.507959570215558927e+02 -1.132919984812263865e+06 -1.046366238804858750e+14 -1.337072469773258002e-05 -4.279323059925873661e-06 1.188895136331130692e-06 -1.292797414861523748e+02 -1.680895245929166837e+00 -4.231806753035322055e-02 5.476098828002922136e-01 -3.210464376582953605e+01
1.000000000000000000e+00 -3.892284784925315648e+02 -2.049955355828880954e+02 -1.137782680785538862e+06 -1.055367899318219375e+14 -1.270116779021768820e-05 -5.842380795138868577e-06 1.169039499225315185e-06 -1.166755667814526731e+02 -1.515474920976505713e+00 4.341915084916271317e-01 4.936786085968259963e-01 -1.736713769647841588e+01
1.000000000000000000e+00 -3.569216144994018123e+02 -2.539939314849694370e+02 -1.142645385537998285e+06 -1.064408130190405156e+14 -1.169671868752129191e-05 -7.269774652084991499e-06 1.124728239295145300e-06 -7.638671923630069216e+01 -9.911646401495205483e-01 8.078765344281424454e-01 3.228349306888661507e-01 -7.859472846477258301e+00
1.000000000000000000e+00 -3.153847884645062436e+02 -2.964449997442230824e+02 -1.147508107677784516e+06 -1.073486947735966406e+14 -1.037949517984397927e-05 -8.520911022927130481e-06 1.060314237081670189e-06 -1.791893868236992304e+01 -2.322735615562818157e-01 9.902591944925639433e-01 7.554141681750831117e-02 -1.205539590145476936e+01
1.000000000000000000e+00 -2.656890323969959695e+02 -3.312718946514665390e+02 -1.152370854543554364e+06 -1.082604366157195938e+14 -8.781033195510269275e-06 -9.562313888766327114e-06 9.826014737062444980e-07 4.489198003222211497e+01 5.813213245286141806e-01 9.382148684876404632e-01 -1.896405248426194790e-01 -2.621316584072602041e+01
1.000000000000000000e+00 -2.090248421280965658e+02 -3.575298877546054541e+02 -1.157233633000379428e+06 -1.091760398995549531e+14 -6.937431011552475339e-06 -1.036381228092493992e-05 8.992161025075953689e-07 9.717072049114105425e+01 1.257023382193688033e+00 6.641506397148230212e-01 -4.099527608145663304e-01 -3.772060952376859433e+01
1.000000000000000000e+00 -1.468805317892068274e+02 -3.744607788882019577e+02 -1.162096449574010447e+06 -1.100955059367274375e+14 -4.895376927941754539e-06 -1.090020457733667297e-05 8.186162600182899756e-07 1.265303882215509503e+02 1.635172801654603658e+00 2.329854167171273027e-01 -5.333030648007344166e-01 -3.633619200927804371e+01
1.000000000000000000e+00 -8.091054447117754478e+01 -3.816641627822977512e+02 -1.166959309548042715e+06 -1.110188358232134219e+14 -2.707949510853295665e-06 -1.115637834681564999e-05 7.493750030366338932e-07 1.259965937779677461e+02 1.626630604847078887e+00 -2.532773541731981326e-01 -5.305591414164196884e-01 -2.329694509395788415e+01
1.000000000000000000e+00 -1.276763750784638596e+01 -3.789376538145349400e+02 -1.171822216904604342e+06 -1.119460304230847188e+14 -4.290935611309534507e-07 -1.112283840710064840e-05 6.986219709712420085e-07 9.564713496698819029e+01 1.233570171614906785e+00 -6.796732837459628085e-01 -4.023933664267654309e-01 -1.020466322839750539e+01
1.000000000000000000e+00 5.573401813479578948e+01 -3.663161508304669383e+02 -1.176685174740161281e+06 -1.128770904431240000e+14 1.880876855442832072e-06 -1.079698472886485770e-05 6.716411723571469033e-07 4.259705295612687337e+01 5.488246937907406142e-01 -9.453982373499112413e-01 -1.791021225120312532e-01 -8.705628257665464886e+00
1.000000000000000000e+00 1.227720184567791790e+02 -3.442084403070898588e+02 -1.181548184070096817e+06 -1.138120161990175312e+14 4.160356618142287962e-06 -1.018729988602611961e-05 6.715170453464444642e-07 -2.066092654609833801e+01 -2.659294994509580623e-01 -9.875813078021568048e-01 8.653740446598921776e-02 -2.013591763756452480e+01
1.000000000000000000e+00 1.866814866929213110e+02 -3.132075063932264243e+02 -1.186411244725890923e+06 -1.147508077806566875e+14 6.352083980015618061e-06 -9.307939557209944409e-06 6.984674711889749743e-07 -7.918078966837593669e+01 -1.018121524052062910e+00 -7.961554524629259610e-01 3.317045402497234563e-01 -3.432521441794674644e+01
1.000000000000000000e+00 2.457898304915862866e+02 -2.741109801180464842e+02 -1.191274355823699618e+06 -1.156934651384587812e+14 8.397604736083274452e-06 -8.179454931047739079e-06 7.497687960752736969e-07 -1.190833457536950561e+02 -1.529657924106174516e+00 -4.163135617522156773e-01 4.983681428655757917e-01 -3.863665212142882410e+01
1.000000000000000000e+00 2.985704133405457696e+02 -2.280271218905076864e+02 -1.196137514422731474e+06 -1.166399878188774844e+14 1.024253854120021712e-05 -6.832092778818577769e-06 8.203742775324344122e-07 -1.308529749051341184e+02 -1.679155166102855867e+00 6.209481974162472939e-02 5.470336874676802186e-01 -2.922334949983159191e+01
1.000000000000000000e+00 3.437856460809016994e+02 -1.761610081161278458e+02 -1.201000716493541375e+06 -1.175903751458593438e+14 1.184160942210318887e-05 -5.299552413586785577e-06 9.034602883786897470e-07 -1.116236540558592907e+02 -1.430961122233564975e+00 5.257963376920349319e-01 4.661385233958555974e-01 -1.447155848389127897e+01
1.000000000000000000e+00 3.803044537444123421e+02 -1.198258387647256029e+02 -1.205863957164368127e+06 -1.185446262649607031e+14 1.315253457113691103e-05 -3.619386235403195055e-06 9.907613040380782912e-07 -6.589020694263803080e+01 -8.438344932284909117e-01 8.649563177964528782e-01 2.748285785867993214e-01 -7.532082034110935354e+00
1.000000000000000000e+00 4.072418144108860361e+02 -6.053263612873277566e+01 -1.210727230140515603e+06 -1.195027400253900156e+14 1.414094391930592307e-05 -1.835785924988334600e-06 1.073884399914336757e-06 -4.456385816468146466e+00 -5.701438205267992526e-02 9.992625576985925129e-01 1.842424201882542426e-02 -1.459032451547962950e+01
1.000000000000000000e+00 4.240684970591013325e+02 2.335254806061365374e-01 -1.215590528892108472e+06 -1.204647152097783594e+14 1.478437755633343766e-05 7.110624101081619779e-09 1.145250679627228522e-06 5.813273090325591852e+01 7.429986625005348122e-01 8.969762845352927672e-01 -2.423479396845895084e-01 -2.935297633402837647e+01
1.000000000000000000e+00 4.304067442311260834e+02 6.099626368611485105e+01 -1.220453846589839319e+06 -1.214305505204611875e+14 1.506538221836702729e-05 1.864707561990640097e-06 1.197899643871740556e-06 1.070499979268195716e+02 1.366847524348295595e+00 5.824023018720723144e-01 -4.457702206443885928e-01 -3.866863969487226171e+01
1.000000000000000000e+00 4.261538947813953087e+02 1.202009031118920461e+02 -1.225317175357149448e+06 -1.224002444288872031e+14 1.497596130147457432e-05 3.689286562944355490e-06 1.226780230095253002e-06 1.307005520609424707e+02 1.667160307942582076e+00 1.300483133921453982e-01 -5.437446295795725915e-01 -3.424722701143040382e+01
1.000000000000000000e+00 4.115608219733139208e+02 1.764353070951043776e+02 -1.230180507225844311e+06 -1.233737953631420469e+14 1.452053417083056430e-05 5.436763945803572696e-06 1.229850730955222208e-06 1.234567396224574054e+02 1.573191923344487764e+00 -3.530645427246543178e-01 -5.131378436625563255e-01 -2.002857233207653920e+01
1.000000000000000000e+00 3.870104141692341955e+02 2.283955176359107782e+02 -1.235043834827702260e+06 -1.243512018468550312e+14 1.370833628956353307e-05 7.065714526556807621e-06 1.207137260046709746e-06 8.698051698214406713e+01 1.107277016968899908e+00 -7.527027871159501782e-01 -3.612088902239730115e-01 -8.664783789237539224e+00
1.000000000000000000e+00 3.531320530989684698e+02 2.747955993511886845e+02 -1.239907150489495136e+06 -1.253324623186233438e+14 1.255758221144311576e-05 8.534637436653789422e-06 1.160940365716570357e-06 2.983747335316214233e+01 3.794584016807717175e-01 -9.743687831191465420e-01 -1.238771648158703831e-01 -1.026631189337053840e+01
1.000000000000000000e+00 3.108571316912375551e+02 3.145790306736467414e+02 -1.244770447278674226e+06 -1.263175753430323750e+14 1.109761950586544933e-05 9.808558285860895248e-06 1.096161048213088853e-06 -3.450343770924280307e+01 -4.383618547478722038e-01 -9.655952932181741666e-01 1.427468976873852713e-01 -2.341050161528778162e+01
1.000000000000000000e+00 2.611873924168380654e+02 3.468630519006662212e+02 -1.249633718716737349e+06 -1.273065395551910781e+14 9.360836740264351455e-06 1.085742690989823323e-05 1.018941471011215649e-06 -9.082725723820901464e+01 -1.152803478230093104e+00 -7.283712046962976805e-01 3.755920452967217993e-01 -3.639838079283313732e+01
1.000000000000000000e+00 2.053079844567937755e+02 3.708459900086007224e+02 -1.254496958367153071e+06 -1.282993535782451406e+14 7.386780231057250234e-06 1.165331103625458644e-05 9.364854550148442728e-07 -1.257628518891623628e+02 -1.594632373057399466e+00 -3.187495374339049392e-01 5.195297248985989436e-01 -3.765977643680055564e+01
1.000000000000000000e+00 1.446276331044898598e+02 3.860079320840082460e+02 -1.259360160985074937e+06 -1.292960162596212969e+14 5.223732816000770048e-06 1.217677602770900850e-05 8.569637748111792046e-07 -1.309655839213561137e+02 -1.658956255279293357e+00 1.663404475422598505e-01 5.404440972027757528e-01 -2.606545102218467846e+01
1.000000000000000000e+00 8.054196305928591926e+01 3.920341992372835307e+02 -1.264223322609107941e+06 -1.302965266946682344e+14 2.920288341251254718e-06 1.241463315128268643e-05 7.878557482069187106e-07 -1.051278150912776397e+02 -1.330348334660095722e+00 6.120256941865875877e-01 4.333539881957832463e-01 -1.194762277459428823e+01
1.000000000000000000e+00 1.454972039259214256e+01 3.887225062087316587e+02 -1.269086439754854189e+06 -1.313008840648720312e+14 5.295726859492798781e-07 1.235711328327761911e-05 7.353643568746553937e-07 -5.431734971402943302e+01 -6.866836608213824356e-01 9.127451413082100506e-01 2.236210323752102214e-01 -7.891987067572304504e+00
1.000000000000000000e+00 -5.171860910946008971e+01 3.761733463723725777e+02 -1.273949509691582061e+06 -1.323090876972160312e+14 -1.889638717515753309e-06 1.200401072624413937e-05 7.044514353093769864e-07 9.453056639526966620e+00 1.193881552147778857e-01 9.973152984056220527e-01 -3.906890933811516670e-02 -1.751175725191912491e+01
1.000000000000000000e+00 -1.167396372167537777e+02 3.546940877878211040e+02 -1.278812531209426234e+06 -1.333211372271359531e+14 -4.281588731517882405e-06 1.136179557684328763e-05 6.979613984639292361e-07 7.108309174552370280e+01 8.968639294081348634e-01 8.457969234477989984e-01 -2.925125210274250320e-01 -3.223182674781192247e+01
1.000000000000000000e+00 -1.789759511492110846e+02 3.247063554173134889e+02 -1.283675503787324065e+06 -1.343370324303983594e+14 -6.589154015381383471e-06 1.044076164081657939e-05 7.161727030989412813e-07 1.159741709780910384e+02 1.461817711370505091e+00 4.941504946206577431e-01 -4.767465073367149753e-01 -3.894264396947606599e+01
1.000000000000000000e+00 -2.368580456361981135e+02 2.869256322773198349e+02 -1.288538428306474118e+06 -1.353567733757241562e+14 -8.753167571397292015e-06 9.260892879533070689e-06 7.571454025875215046e-07 1.334853605880166469e+02 1.680883841086428632e+00 2.563320177992151061e-02 -5.482298749563890850e-01 -3.167579215113418201e+01
1.000000000000000000e+00 -2.890226082951200510e+02 2.422465037731132895e+02 -1.293401307233686559e+06 -1.363803604690141875e+14 -1.072123554794222784e-05 7.848324507215754492e-06 8.169672719338675253e-07 1.194396412279383952e+02 1.502536735762624476e+00 -4.489449955511649049e-01 -4.901006131506370211e-01 -1.690167556648946956e+01
1.000000000000000000e+00 -3.341849530406310578e+02 1.916478357664833254e+02 -1.298264143037915463e+06 -1.374077941244477188e+14 -1.244313119112098478e-05 6.232368443775933655e-06 8.896174080593269972e-07 7.710439783732626040e+01 9.690110471266877301e-01 -8.173967090383967848e-01 -3.161201820248158434e-01 -7.763352230303284252e+00
1.000000000000000000e+00 -3.711301622776485374e+02 1.363597275377027813e+02 -1.303126939750503516e+06 -1.384390750959992656e+14 -1.387051865305354203e-05 4.451014265585210620e-06 9.675543975172024671e-07 1.642986419371859697e+01 2.062799154034660465e-01 -9.926103953662688273e-01 -6.741181294431493332e-02 -1.239017485814668795e+01
1.000000000000000000e+00 -3.989455690265952512e+02 7.772953002196832983e+01 -1.307989702691683546e+06 -1.394742044253045469e+14 -1.496572280315824815e-05 2.546692475297093445e-06 1.042986921722771201e-06 -4.827565029341899105e+01 -6.055150162856680618e-01 -9.331028883723688772e-01 1.972315752643334641e-01 -2.666813676502796682e+01
1.000000000000000000e+00 -4.168823341168384218e+02 1.712170626926021910e+01 -1.312852437854743795e+06 -1.405131833149455938e+14 -1.569672800457254296e-05 5.630527649894092565e-07 1.108154754545194682e-06 -1.017029453127490939e+02 -1.274396440629137484e+00 -6.528595980460945025e-01 4.152108322933931173e-01 -3.788945870440608843e+01
1.000000000000000000e+00 -4.243507783568068135e+02 -4.392903085829048848e+01 -1.317715152077117236e+06 -1.415560131678773750e+14 -1.603711594266344170e-05 -1.449970946656683412e-06 1.156054195032980289e-06 -1.311589984426965145e+02 -1.641888891048257637e+00 -2.181105884749680590e-01 5.349174357144287351e-01 -3.605727923190146811e+01
1.000000000000000000e+00 -4.211378161051145526e+02 -1.038699421087245582e+02 -1.322577852849386865e+06 -1.426026955495869688e+14 -1.597442419376747695e-05 -3.441099843426665248e-06 1.181853380137749094e-06 -1.295938205188794541e+02 -1.620708973686187271e+00 2.682714224608612197e-01 5.279751956654886724e-01 -2.279884624851776209e+01
1.000000000000000000e+00 -4.072491793622206728e+02 -1.612349300296222623e+02 -1.327440547588981455e+06 -1.436532320334841875e+14 -1.550440210632028260e-05 -5.361179535007951523e-06 1.182567764215752073e-06 -9.730519887561405312e+01 -1.215716397561861228e+00 6.911207751390687770e-01 3.960023174082165087e-01 -9.928778272609910971e+00
1.000000000000000000e+00 -3.828994173176324693e+02 -2.145018098793353261e+02 -1.332303244540218031e+06 -1.447076243961268125e+14 -1.463078125010853131e-05 -7.158469596572762389e-06 1.157281515821161266e-06 -4.189348049410953223e+01 -5.228999178422876204e-01 9.503062402054143210e-01 1.702504167398087298e-01 -8.918446472945500858e+00
1.000000000000000000e+00 -3.487030976065495338e+02 -2.622567128683974715e+02 -1.337165952425004914e+06 -1.457658745443442188e+14 -1.337275355947584605e-05 -8.784115986005631567e-06 1.108474520055623764e-06 2.353617419900668040e+01 2.934839219421759848e-01 9.844988177537090657e-01 -9.581384127913607218e-02 -2.066611723347805452e+01
1.000000000000000000e+00 -3.054882053731947735e+02 -3.032942009255907578e+02 -1.342028678876629798e+06 -1.468279841744203125e+14 -1.175806806735256605e-05 -1.019558246195589962e-05 1.041117470813608950e-06 8.349097500523158999e+01 1.040075106712775366e+00 7.856875338142523812e-01 -3.392073682331021578e-01 -3.470359566094249715e+01
1.000000000000000000e+00 -2.542709944405279998e+02 -3.364742152736961316e+02 -1.346891431469746400e+06 -1.478939549939707812e+14 -9.822208248323769042e-06 -1.135195124729269877e-05 9.616894703358423835e-07 1.237698248258295877e+02 1.540341726948112777e+00 4.010039352374884514e-01 -5.023616532562951154e-01 -3.853308665812969025e+01
1.000000000000000000e+00 -1.964147932091046300e+02 -3.608863399169105719e+02 -1.351754217211881652e+06 -1.489637886096393750e+14 -7.614679931774336620e-06 -1.221952474398172742e-05 8.784007069623776034e-07 1.348212240796291042e+02 1.676247384610389357e+00 -7.851279380803116714e-02 -5.467269440162848548e-01 -2.875154978689769436e+01
1.000000000000000000e+00 -1.334121360429176946e+02 -3.759290737374401488e+02 -1.356617042000352871e+06 -1.500374864047230000e+14 -5.190776528306169279e-06 -1.277465915384701369e-05 7.999348649158985314e-07 1.139909553815339081e+02 1.415885686318324677e+00 -5.394764594261233226e-01 -4.618456497357043000e-01 -1.406464733747283802e+01
1.000000000000000000e+00 -6.684347614908205060e+01 -3.811514133368330590e+02 -1.361479911144187208e+06 -1.511150496506302188e+14 -2.610056993374287724e-06 -1.299855004122921461e-05 7.342263350573652242e-07 6.614605985507616026e+01 8.208052651521484666e-01 -8.729198784021475754e-01 -2.677907965076087859e-01 -7.536917833060724270e+00
1.000000000000000000e+00 1.490037956838640820e+00 -3.764029731750072187e+02 -1.366342828701289138e+06 -1.521964793568838125e+14 5.838976662901682467e-08 -1.288246185691791057e-05 6.882801901273687354e-07 2.540394536556000116e+00 3.149314880627351876e-02 -9.999874636532406491e-01 -1.042510564218131035e-02 -1.497671707628177451e+01
1.000000000000000000e+00 6.980508311864984705e+01 -3.618777723965837936e+02 -1.371205796674711164e+06 -1.532817760864697188e+14 2.745171081059559983e-06 -1.242941495396201035e-05 6.671763049184013584e-07 -6.181595798113500706e+01 -7.655872358700486213e-01 -8.905555728470110344e-01 2.494042516185846770e-01 -2.976699763462818638e+01
1.000000000000000000e+00 1.363808639862591008e+02 -3.379309043371900430e+02 -1.376068816151395207e+06 -1.543709402031845938e+14 5.382367119124400518e-06 -1.164807617176805345e-05 6.731755409263254662e-07 -1.116830526273307953e+02 -1.381850067058852494e+00 -5.704094757664349702e-01 4.502192480519612849e-01 -3.874063887155992347e+01
1.000000000000000000e+00 1.994342254263785037e+02 -3.052084231626518545e+02 -1.380931887257011142e+06 -1.554639718578356875e+14 7.898628263888822794e-06 -1.055734980249506592e-05 7.058186685173229792e-07 -1.351987630283783233e+02 -1.671191954265945467e+00 -1.152365660901443212e-01 5.444551588625986538e-01 -3.389957140271013003e+01
1.000000000000000000e+00 2.573590007354169416e+02 -2.646537285967330604e+02 -1.385795008043835638e+06 -1.565608707331448125e+14 1.022864439345314927e-05 -9.186776437472648452e-06 7.621139474073982413e-07 -1.267149566215545775e+02 -1.564810922311493213e+00 3.672248998858957947e-01 5.097566150798007456e-01 -1.955284842866339190e+01
1.000000000000000000e+00 3.087539750854127760e+02 -2.173031161520839021e+02 -1.390658175758142490e+06 -1.576616363229012812e+14 1.231438357623483557e-05 -7.569592246909108977e-06 8.365530128649875879e-07 -8.817134023038870794e+01 -1.087782842421399554e+00 7.627083710670785610e-01 3.543168198997306839e-01 -8.488211820496408322e+00
1.000000000000000000e+00 3.522873843826961320e+02 -1.644016526197638939e+02 -1.395521386197302258e+06 -1.587662677824825625e+14 1.409981172644825964e-05 -5.746836131388138940e-06 9.216492977367083768e-07 -2.865752957283071112e+01 -3.532113776512963432e-01 9.775473033781927334e-01 1.149534197919380857e-01 -1.056941610247926278e+01
1.000000000000000000e+00 3.869207066060167222e+02 -1.073841249066738897e+02 -1.400384633629831718e+06 -1.598747639048545000e+14 1.553992916832341666e-05 -3.766808634502185360e-06 1.009329845442655573e-06 3.774235271514756818e+01 4.647361735786093573e-01 9.609109065388523607e-01 -1.516357513647116628e-01 -2.393907224879646378e+01
1.000000000000000000e+00 4.119052416899038462e+02 -4.766363739357905871e+01 -1.405247912284327205e+06 -1.609871234556581250e+14 1.660083730928569836e-05 -1.677746219925989647e-06 1.091477744368534929e-06 9.530079321156904371e+01 1.172346518251114134e+00 7.168234391716052922e-01 -3.823389141129818203e-01 -3.668338312752530328e+01
1.000000000000000000e+00 4.266284546558703710e+02 1.325361293870996171e+01 -1.410111215700736502e+06 -1.621033450238983125e+14 1.725372656093405571e-05 4.681378846697356724e-07 1.160021760565887531e-06 1.303801912502451898e+02 1.602335555897719477e+00 3.031325665080524812e-01 -5.225876292442651616e-01 -3.745597646883025078e+01
1.000000000000000000e+00 4.308177777533048811e+02 7.379663125090904430e+01 -1.414974536222944269e+06 -1.632234269021480000e+14 1.748324190606443627e-05 2.615599826174640829e-06 1.208537812254855589e-06 1.346550567435773758e+02 1.653283367081561428e+00 -1.822568510043278689e-01 -5.392461260338212714e-01 -2.557448491400510449e+01
1.000000000000000000e+00 4.245032760925387265e+02 1.325336853209403500e+02 -1.419837866138149286e+06 -1.643473673455737812e+14 1.728619973065122800e-05 4.713583089254163275e-06 1.232930525426524250e-06 1.070699421866266761e+02 1.313334552686798995e+00 -6.245571122223088079e-01 -4.284044907345038733e-01 -1.161363197471689190e+01
1.000000000000000000e+00 4.078500101629546180e+02 1.880479228090457013e+02 -1.424701197947540786e+06 -1.654751646345873750e+14 1.666494915772829652e-05 6.710864473866822781e-06 1.231011740895754463e-06 5.408872045393250261e+01 6.628237816999810184e-01 -9.191912252929079763e-01 -2.162748670835126508e-01 -7.994168146479972314e+00
1.000000000000000000e+00 3.813470190878787776e+02 2.389643741013962597e+02 -1.429564523676017066e+06 -1.666068169147981875e+14 1.563521451517146325e-05 8.557030098460221057e-06 1.203440907132373081e-06 -1.181393719007560605e+01 -1.446338690143869898e-01 -9.964575324212603391e-01 4.699518327864884992e-02 -1.793830163293936764e+01
1.000000000000000000e+00 3.457421677448426180e+02 2.841391395587743887e+02 -1.434427836212609662e+06 -1.677423225086239688e+14 1.422364096277281148e-05 1.020929854281931785e-05 1.153464376073091107e-06 -7.507221017608677016e+01 -9.182034482983318924e-01 -8.380035160714356390e-01 2.991428615907782418e-01 -3.259792083725093903e+01
1.000000000000000000e+00 3.018692724341532312e+02 3.225206165075438207e+02 -1.439291128689163597e+06 -1.688816797729098125e+14 1.246083893972383210e-05 1.162765849819746676e-05 1.085679727386665756e-06 -1.206922077612654505e+02 -1.474768046708416991e+00 -4.812291898631225751e-01 4.804887529234299071e-01 -3.891800170699781347e+01
1.000000000000000000e+00 2.508294996147007225e+02 3.531726535938332745e+02 -1.444154394063156564e+06 -1.700248870016587812e+14 1.038895736195915448e-05 1.277576258993417005e-05 1.006596330138383639e-06 -1.378085801921905329e+02 -1.682309568479579243e+00 -1.052445422785874829e-02 5.480678092684538871e-01 -3.126277046410456961e+01
1.000000000000000000e+00 1.939063875662213263e+02 3.754477191745843925e+02 -1.449017626701209927e+06 -1.711719427994602188e+14 8.058338569481266370e-06 1.362728306580490135e-05 9.241539314900965911e-07 -1.222887694624167523e+02 -1.491426307602726764e+00 4.626653372875095260e-01 4.858418150304649741e-01 -1.645130066971486471e+01
1.000000000000000000e+00 1.323945637288437638e+02 3.888330892587059679e+02 -1.453880821675448678e+06 -1.723228459202774688e+14 5.520503463539339213e-06 1.416048609413832127e-05 8.460148955905311068e-07 -7.774603104957320454e+01 -9.472822901485853375e-01 8.262611932155903283e-01 3.085363070634344895e-01 -7.687254730178279871e+00
1.000000000000000000e+00 6.777791343867157536e+01 3.929719983720536902e+02 -1.458743974661079235e+06 -1.734775952458846250e+14 2.835613244210841939e-06 1.435908673644614966e-05 7.793919226405776960e-07 -1.469913176059233706e+01 -1.789283831222709953e-01 9.941644454711329182e-01 5.815649311678278144e-02 -1.278256435751371356e+01
1.000000000000000000e+00 1.630677864276186551e+00 3.878221043702126281e+02 -1.463607082561444957e+06 -1.746361899374198438e+14 6.844983481160019672e-08 1.421815352297765755e-05 7.306542560749210449e-07 5.192673524493581994e+01 6.314883375921401809e-01 9.266834559027624652e-01 -2.059947282922039435e-01 -2.719294794108212443e+01
1.000000000000000000e+00 -6.454912312371968142e+01 3.734869224489227122e+02 -1.468470143055080902e+06 -1.757986293318053438e+14 -2.718536659677830063e-06 1.373809954398231634e-05 7.041780894458489202e-07 1.063507382999420798e+02 1.292117425588474200e+00 6.398917738173174330e-01 -4.213977671467685759e-01 -3.808003146608003675e+01
1.000000000000000000e+00 -1.291635700565972513e+02 3.502368719531376655e+02 -1.473333154674112564e+06 -1.769649129636547188e+14 -5.457839101197655915e-06 1.292554802781810339e-05 7.021459686998229713e-07 1.356786250234443401e+02 1.646874338755186296e+00 2.017326263944390630e-01 -5.371221407549381377e-01 -3.575449747117408350e+01
1.000000000000000000e+00 -1.906242243040374547e+02 3.186533766483815953e+02 -1.478196117568179499e+06 -1.781350407527749062e+14 -8.081460839837970936e-06 1.179876959824959229e-05 7.246459074725533246e-07 1.329450342999146812e+02 1.612163554775692065e+00 -2.841282886925707851e-01 -5.258431583095852790e-01 -2.229142030692751675e+01
1.000000000000000000e+00 -2.475127270319179047e+02 2.794449877522869770e+02 -1.483059033105932176e+06 -1.793090129142173438e+14 -1.052775330583848527e-05 1.038104087521098272e-05 7.694108188969272724e-07 9.874923467256915899e+01 1.196352224982962564e+00 -7.028199579327143454e-01 -3.902565323331758651e-01 -9.669955595055554909e+00
1.000000000000000000e+00 -2.984061185576197772e+02 2.334679605222783039e+02 -1.487921903016385389e+06 -1.804868297548007812e+14 -1.273408037397392741e-05 8.701488783122173602e-06 8.318031277675691184e-07 4.111649319847374784e+01 4.976570126476344003e-01 -9.553639291484720131e-01 -1.624177202099051642e-01 -9.117370994976898402e+00
1.000000000000000000e+00 -3.419938496408164497e+02 1.818541440081111489e+02 -1.492784730684333481e+06 -1.816684919898375000e+14 -1.464182480590876241e-05 6.799962605707030992e-06 9.055167515344193888e-07 -2.637589543630638289e+01 -3.189410389954596692e-01 -9.820147552474111086e-01 1.038185198658354291e-01 -2.112725663407311316e+01
1.000000000000000000e+00 -3.772297127654408087e+02 1.258107081289453930e+02 -1.497647520384799922e+06 -1.828540005627593438e+14 -1.620299249348752961e-05 4.719688725938550165e-06 9.832008679246732954e-07 -8.777877538825050863e+01 -1.060430553483400429e+00 -7.763895790609851577e-01 3.454917821575264614e-01 -3.501336492368491093e+01
