1.000000000000000000e+00 -1.620241114723701230e+02 -3.370784590163669350e+02 -3.219576317039002315e+05 -1.390861797802619727e+13 -3.986725846802201437e-06 -4.474218094687406273e-06 9.902142102491032274e-07 -1.090034159201353159e+00 -2.909958127915444503e+00 -4.812573032373313464e-01 5.355646456671773331e-02 3.162572739100472319e+00 -1.031959506166928768e+05
1.000000000000000000e+00 -1.907999141755158234e+02 -3.130516995118540535e+02 -3.249120751241069520e+05 -1.416505399416536328e+13 -4.737857846198806008e-06 -4.193429476936613605e-06 1.083879847828580721e-06 1.982846629081284950e+00 1.126860073295965492e+00 9.406292746379301128e-01 -2.073817557190296007e-02 2.173236605396399401e+00 9.474789666130857076e+05
1.000000000000000000e+00 -2.148661168893457045e+02 -2.812998817937173612e+02 -3.278665031152337906e+05 -1.442383108955388477e+13 -5.383974361673199015e-06 -3.802366931292034737e-06 1.155139998568398070e-06 3.833893011459394984e+00 1.219180665102725269e+00 -9.301178883699691147e-01 -2.243710581459149034e-02 -2.685540796536281874e-02 -1.674333144480270566e+06
1.000000000000000000e+00 -2.336188676638441564e+02 -2.425439786790993537e+02 -3.308209206164970528e+05 -1.468494966599093555e+13 -5.906617933678850380e-06 -3.308041043120481800e-06 1.196808574222944892e-06 -1.339082973036325974e+01 -2.956249444924254899e+00 4.549377317575405977e-01 5.440860651583224322e-02 4.094506527912050720e-01 1.179642264263223857e+06
1.000000000000000000e+00 -2.465075057147233508e+02 -1.976633300308424737e+02 -3.337753332171583897e+05 -1.494841019916560352e+13 -6.288142639672074237e-06 -2.719992908236932804e-06 1.204094329301563116e-06 1.902409568362243064e+01 3.216416099221523606e+00 2.475552794495800291e-01 -5.919407337371870859e-02 2.719412178020404358e+00 8.381773907165579731e+05
1.000000000000000000e+00 -2.531651099415224735e+02 -1.478022617154999523e+02 -3.367297467339605209e+05 -1.521421320304890039e+13 -6.515133750655481024e-06 -2.051870697587148525e-06 1.176024965999335271e-06 -1.364719348181186476e+01 -1.869553658879041125e+00 -8.263377323096490201e-01 3.440837818754930583e-02 2.863265622332132221e+00 -3.452987077284191269e+06
1.000000000000000000e+00 -2.534103082655848596e+02 -9.418502657263388755e+01 -3.396841666553845280e+05 -1.548235918013542773e+13 -6.578662101969813615e-06 -1.318999389679862736e-06 1.115163164066494340e-06 -3.572464007522928586e+00 -4.113500772990721921e-01 9.922966133065712624e-01 7.571292684123731055e-03 5.893680863828276717e-01 4.933211584172376432e+06
1.000000000000000000e+00 -2.471575964607560820e+02 -3.812535351552070040e+01 -3.426385986297053169e+05 -1.575284866501899219e+13 -6.472145134054938424e-06 -5.385643355018900254e-07 1.026875484087804571e-06 2.503954000380301537e+01 2.486608120346630812e+00 -6.625263276398718482e-01 -4.576269378107893082e-02 -1.256055371055095349e-01 -3.819039010199852753e+06
1.000000000000000000e+00 -2.345385174103075485e+02 1.888767524144088483e+01 -3.455930483876168728e+05 -1.602568221785019141e+13 -6.194655693325437110e-06 2.691106782195399054e-07 9.199831079726819248e-07 -3.802608475508334607e+01 -3.319665651055609956e+00 1.854988347796848736e-03 6.109703472739892033e-02 1.968168728964553083e+00 1.216355176643328923e+04
1.000000000000000000e+00 -2.158824588480570981e+02 7.539445610445837076e+01 -3.485475207218799624e+05 -1.630086032922377734e+13 -5.750655520526463442e-06 1.083400012730635709e-06 8.055265667489106104e-07 3.203340435093581817e+01 2.494844407983318746e+00 6.597137469606093596e-01 -4.591447961960965635e-02 3.209813769739357170e+00 4.848943442934855819e+06
1.000000000000000000e+00 -1.916157159907220375e+02 1.299596424849002858e+02 -3.515020199600703781e+05 -1.657838346105447266e+13 -5.147507055694687426e-06 1.883318441169813498e-06 6.949167510395117559e-07 -6.037054578202782906e+00 -4.244004901985951594e-01 -9.917910858526117757e-01 7.811423089493259656e-03 1.429204306065395391e+00 -8.076094287293314002e+06
1.000000000000000000e+00 -1.623675174763577616e+02 1.810986158282850624e+02 -3.544565499920829316e+05 -1.685825204734934180e+13 -4.398455027498482198e-06 2.646461393702048454e-06 5.994304698236800591e-07 -2.899958739266514840e+01 -1.857760120268342918e+00 8.287524608482915722e-01 3.419151886428262177e-02 -2.612684733383062730e-01 7.405578139486985281e+06
1.000000000000000000e+00 -1.289270671672646813e+02 2.274896624984859841e+02 -3.574111134526429814e+05 -1.714046641406391211e+13 -3.521682142062870499e-06 3.352101379599734987e-06 5.289296653551731583e-07 5.459675214046364289e+01 3.212506454115009458e+00 -2.521192240079359048e-01 -5.912202053271858881e-02 1.092242766878127602e+00 -2.452791970404186286e+06
1.000000000000000000e+00 -9.213056972925886612e+01 2.679583570778186754e+02 -3.603657124230228364e+05 -1.742502684198767969e+13 -2.537378283808749327e-06 3.981055158688256681e-06 4.905140759444876099e-07 -5.448239646237031053e+01 -2.964194351103540015e+00 -4.502208390550286321e-01 5.455466065202293352e-02 3.124445087391050979e+00 -4.737040248043516651e+06
1.000000000000000000e+00 -5.295364204258922314e+01 3.014020734861915685e+02 -3.633203480894569075e+05 -1.771193353124548047e+13 -1.470359582163804166e-06 4.514642682998404908e-06 4.880774740180161352e-07 2.445794865334131529e+01 1.237418936250043844e+00 9.279357442436930725e-01 -2.277290595527003622e-02 2.285970245424965075e+00 1.049912557393218204e+07
1.000000000000000000e+00 -1.245098469357339077e+01 3.269914847334842989e+02 -3.662750201347955153e+05 -1.800118653795294922e+13 -3.485370887518459731e-07 4.937773562264043034e-06 5.219366410057142614e-07 2.339499012779926801e+01 1.106123394811654670e+00 -9.428540164760312869e-01 -2.035640572283190647e-02 4.172920489751862777e-02 -1.141551998393127881e+07
1.000000000000000000e+00 2.836127421616381383e+01 3.441287201098182322e+02 -3.692297275384363602e+05 -1.829278584751844922e+13 8.003139701728044084e-07 5.238476560276095898e-06 5.886590966174510541e-07 -6.530843418540912637e+01 -2.898012881476976332e+00 4.877558198170868775e-01 5.333679458034173981e-02 3.094937820362785308e-01 6.292212405751065351e+06
1.000000000000000000e+00 6.841742269342655902e+01 3.523583574044596389e+02 -3.721844685251111514e+05 -1.858673136673895703e+13 1.946090152855703759e-06 5.406674800307108214e-06 6.812733910821957372e-07 7.763350155317098711e+01 3.245444022777046911e+00 2.103893524677317994e-01 -5.972828839111540833e-02 2.621456783889271946e+00 2.880917115771599114e+06
1.000000000000000000e+00 1.066675307883251378e+02 3.515462361850300113e+02 -3.751392401850706665e+05 -1.888302288257116406e+13 3.058177829292469192e-06 5.437038057257087290e-06 7.903422636702748250e-07 -4.999752876156609460e+01 -1.975722136845350585e+00 -8.036101112144425906e-01 3.636234210666529354e-02 2.943163652255289531e+00 -1.164126083837460726e+07
1.000000000000000000e+00 1.421884605806078241e+02 3.418049889605353542e+02 -3.780940389298823429e+05 -1.918166010388091797e+13 4.108678710929684094e-06 5.328017634399553780e-06 9.050723692387101451e-07 -7.423445466814622584e+00 -2.781238361030170525e-01 9.964876909556044104e-01 5.119363127333101567e-03 7.137035013438483011e-01 1.522548742434203066e+07
1.000000000000000000e+00 1.740889628464536258e+02 3.233899876698724256e+02 -3.810488606530498364e+05 -1.948264267517680859e+13 5.069789230752551759e-06 5.080362048937696882e-06 1.013906718370650564e-06 6.719270011548763932e+01 2.393212458257080399e+00 -6.930332189045936842e-01 -4.404385482005086089e-02 -1.776912190800322422e-01 -1.113850348914564401e+07
1.000000000000000000e+00 2.015700390533719712e+02 2.968563271563347712e+02 -3.840037002751352848e+05 -1.978597012768032812e+13 5.915608011120650633e-06 4.699689275084798409e-06 1.106244819401527441e-06 -9.770593363075913373e+01 -3.316384550041484580e+00 4.448948261566418316e-02 6.103665633042409250e-02 1.823179008994444628e+00 7.503180009284204571e+05
1.000000000000000000e+00 2.240211287137587988e+02 2.629571678134457215e+02 -3.869585527780018747e+05 -2.009164198286788281e+13 6.625084629643804689e-06 4.195047566791346916e-06 1.173620977767142964e-06 7.984029864630221596e+01 2.588284081529148573e+00 6.261985588734461095e-01 -4.763412506536573304e-02 3.226963936955284940e+00 1.105743079747462086e+07
1.000000000000000000e+00 2.409124155788357768e+02 2.225317929016443372e+02 -3.899134129995065159e+05 -2.039965773123094141e+13 7.179023195800565323e-06 3.577236620839904838e-06 1.209481432512752673e-06 -1.842174839402359510e+01 -5.715353724767445742e-01 -9.850648893184895671e-01 1.051931571220966581e-02 1.586073966594694129e+00 -1.817542298832112923e+07
1.000000000000000000e+00 2.518474576829082139e+02 1.766505025088800664e+02 -3.928682752316890401e+05 -2.071001678934205859e+13 7.561753753422991757e-06 2.861206897575937249e-06 1.210475620619559672e-06 -5.815188145617517534e+01 -1.729821896482420129e+00 8.535107167615922918e-01 3.183689141130981864e-02 -2.384462672430163743e-01 1.642492191774040274e+07
1.000000000000000000e+00 2.566425569977953955e+02 1.264964977839465519e+02 -3.958231339931578841e+05 -2.102271857973571094e+13 7.763683921307155643e-06 2.064272850304844468e-06 1.177228253706581361e-06 1.109561285843117133e+02 3.169949281978942324e+00 -2.970017805442837222e-01 -5.833880125908254277e-02 9.348314829926891445e-01 -5.951000533578210510e+06
1.000000000000000000e+00 2.552064191891955716e+02 7.325502896528260521e+01 -3.987779841055651777e+05 -2.133776253999067578e+13 7.777871552994183570e-06 1.204359226094184099e-06 1.113214438549744982e-06 -1.103169761759743324e+02 -3.031709161594417168e+00 -4.073881676855370393e-01 5.579724546984929368e-02 3.060085587965221343e+00 -8.485846642772048712e+06
1.000000000000000000e+00 2.475879659147610710e+02 1.825632611584638099e+01 -4.017328203778667958e+05 -2.165514808989207422e+13 7.601597054431048180e-06 3.023695995077182735e-07 1.024853670529381610e-06 5.227154506092936259e+01 1.383835942634451754e+00 9.089769836800739577e-01 -2.546756837782972183e-02 2.431259936462680127e+00 1.965466166227461770e+07
1.000000000000000000e+00 2.340409796476739359e+02 -3.715025025498455591e+01 -4.046876382464489434e+05 -2.197487470090001953e+13 7.238521104445126537e-06 -6.198250270438057103e-07 9.211200807040802071e-07 3.732792383552928328e+01 9.532608062547458516e-01 -9.578822391639505440e-01 -1.754312843956064641e-02 1.448490062281252710e-01 -2.147168729629647359e+07
1.000000000000000000e+00 2.148944397345385369e+02 -9.169992475374981211e+01 -4.076424337200724403e+05 -2.229694189261463281e+13 6.694876399206329278e-06 -1.541117638151919363e-06 8.118201451212816940e-07 -1.141600990124784829e+02 -2.815754507894594916e+00 5.296750453474815545e-01 5.182287398577890142e-02 1.885664480430018497e-01 1.229308871938989870e+07
1.000000000000000000e+00 1.905995970849945138e+02 -1.440658740323092104e+02 -4.105972028059675940e+05 -2.262134917180839844e+13 5.981029766659898568e-06 -2.438734548235814404e-06 7.072937097757217036e-07 1.373428683006240760e+02 3.275642466364821370e+00 1.624658653322159640e-01 -6.028404289737260280e-02 2.486712227167205302e+00 3.899453116217538249e+06
1.000000000000000000e+00 1.617826738132266655e+02 -1.929886462701832954e+02 -4.135519425030451384e+05 -2.294809614264737109e+13 5.113285863622115092e-06 -3.290404199390617676e-06 6.178139462993927075e-07 -9.109818872813147550e+01 -2.103218777811801221e+00 -7.736918347033643339e-01 3.870884008474978488e-02 3.029743765127694388e+00 -1.918338574760023877e+07
1.000000000000000000e+00 1.291093095010060949e+02 -2.373697677112878068e+02 -4.165066506802239455e+05 -2.327718249702339844e+13 4.109769815800893691e-06 -4.076005592677862236e-06 5.519221647995689232e-07 -5.260083907886239807e+00 -1.176782609760594622e-01 9.993749137685535855e-01 2.166484961045615689e-03 8.694194063525575444e-01 2.557153676933472604e+07
1.000000000000000000e+00 9.333314161644860008e+01 -2.761199605687213534e+02 -4.194613254729729961e+05 -2.360860795007451562e+13 2.992029068918585095e-06 -4.775041533877681793e-06 5.157774481216718730e-07 1.050755542018983562e+02 2.280087533469862038e+00 -7.268183212379700775e-01 -4.196192106520287013e-02 -2.236632322260032057e-01 -1.917379105014889687e+07
1.000000000000000000e+00 5.533828287772323762e+01 -3.082910486556597220e+02 -4.224159660740871332e+05 -2.394237233088360547e+13 1.786504041921615373e-06 -5.368941424603421914e-06 5.128675412980481165e-07 -1.569168441765707485e+02 -3.305661120470033687e+00 9.177780224024731370e-02 6.083930596005168029e-02 1.659153749126345945e+00 2.493910385813566856e+06
1.000000000000000000e+00 1.600016755725068407e+01 -3.331573498513367895e+02 -4.253705723947010702e+05 -2.427847554797434375e+13 5.201516392864861555e-07 -5.842574600083736780e-06 5.435266711252687000e-07 1.310498551310983828e+02 2.682466588750334058e+00 5.891358713982035589e-01 -4.936743939055498326e-02 3.230517084276602890e+00 1.647591890084969066e+07
1.000000000000000000e+00 -2.376428982947781066e+01 -3.500588226465582693e+02 -4.283251448385766125e+05 -2.461691756621453516e+13 -7.779226381848535662e-07 -6.181616011356506833e-06 6.047461827343852210e-07 -3.621028154148785916e+01 -7.207556668334649252e-01 -9.761428763680248810e-01 1.326559163936834145e-02 1.745551466709094113e+00 -2.807302290144140273e+07
1.000000000000000000e+00 -6.296359875508417048e+01 -3.585346874478831296e+02 -4.312796849756963784e+05 -2.495769848672939453e+13 -2.075327034168163863e-06 -6.374962091526432431e-06 6.906125364401591382e-07 -8.264846382315469953e+01 -1.600957112966341578e+00 8.760303081614992937e-01 2.946521265683862273e-02 -2.020991026060555973e-01 2.588845747091576084e+07
1.000000000000000000e+00 -1.006728672440929699e+02 -3.583893231166685496e+02 -4.342341951761646778e+05 -2.530081850886299219e+13 -3.340984474007954142e-06 -6.416031822297156613e-06 7.930807865064804367e-07 1.655843217157102174e+02 3.123674166239589933e+00 -3.385796307624496237e-01 -5.748715863047575148e-02 7.912568349544575330e-01 -1.027415869052929245e+07
1.000000000000000000e+00 -1.359824975320955218e+02 -3.495290895050688960e+02 -4.371886781250650529e+05 -2.564627787643141016e+13 -4.543493583890300988e-06 -6.299987069806527226e-06 9.021472471218151773e-07 -1.679031059452178454e+02 -3.086764813206186009e+00 -3.679645202599042264e-01 5.681052570481112673e-02 2.989838121259912995e+00 -1.145758503417480178e+07
1.000000000000000000e+00 -1.679731771221595977e+02 -3.320947541513692158e+02 -4.401431374558732496e+05 -2.599407695378771484e+13 -5.650304732184760482e-06 -6.026197712260827876e-06 1.006823469252104689e-06 8.413347413999839830e+01 1.508320704249378252e+00 8.908255864432846893e-01 -2.775858655830288138e-02 2.550288006837192256e+00 2.844459583977242187e+07
1.000000000000000000e+00 -1.958569019793297343e+02 -3.065067405634971465e+02 -4.430975775489931111e+05 -2.634421620562549219e+13 -6.632484680766020108e-06 -5.599210970471085302e-06 1.096817313601906950e-06 4.707865453020221480e+01 8.235631207960637523e-01 -9.687358051257877189e-01 -1.515617512227659426e-02 2.408503983445572649e-01 -3.170037929335732758e+07
1.000000000000000000e+00 -2.189230508736092133e+02 -2.732919862498537213e+02 -4.460520029451623559e+05 -2.669669612972301953e+13 -7.463026518548637858e-06 -5.025737681432408422e-06 1.162896203966062895e-06 -1.606716856689113797e+02 -2.744196772104989357e+00 5.627242857202794379e-01 5.050589257318347652e-02 9.951688765602711984e-02 1.886043539653735235e+07
1.000000000000000000e+00 -2.365179148816689008e+02 -2.332100319147998846e+02 -4.490064190745546366e+05 -2.705151734543182031e+13 -8.116234577484044460e-06 -4.317051246811871016e-06 1.197956072552488576e-06 1.974212773525946147e+02 3.293942641216262679e+00 1.244443008803599593e-01 -6.062082661851378451e-02 2.373786981174966115e+00 4.269577412164314650e+06
1.000000000000000000e+00 -2.481811241627355571e+02 -1.872723919596943745e+02 -4.519608315214318573e+05 -2.740868050801371484e+13 -8.572501022567404695e-06 -3.489490196313811113e-06 1.198508913958542165e-06 -1.347760601583420055e+02 -2.197925678072069289e+00 -7.494235774974564723e-01 4.045186481271040302e-02 3.086400351623973748e+00 -2.630625713550431281e+07
1.000000000000000000e+00 -2.535836932675683784e+02 -1.365550598379683152e+02 -4.549152457639720524e+05 -2.776818627748953125e+13 -8.816370113753314991e-06 -2.561095155126913730e-06 1.164080374090814385e-06 2.363113466787118699e-01 3.768639587104382748e-03 1.000002764624646989e+00 -6.865024737747623903e-05 9.909703631510914379e-01 3.589493116179372370e+07
1.000000000000000000e+00 -2.525055358632340869e+02 -8.231357795935336696e+01 -4.578696676394010428e+05 -2.813003537537096875e+13 -8.835899692506909108e-06 -1.553820259082965143e-06 1.097356638509815057e-06 1.404941026990109094e+02 2.192147742674493749e+00 -7.509665585193797677e-01 -4.034349013663244415e-02 -2.477832269827867362e-01 -2.755121950230600685e+07
1.000000000000000000e+00 -2.449606238128746725e+02 -2.597544108570630073e+01 -4.608241029075309052e+05 -2.849422853210835938e+13 -8.627192027066557463e-06 -4.934981662286076640e-07 1.005005335796979960e-06 -2.156000613270061876e+02 -3.292874142357872458e+00 1.268059062561723016e-01 6.060397426347279015e-02 1.536090984292672657e+00 4.752752350366293453e+06
1.000000000000000000e+00 -2.311187969265822062e+02 3.106161130085496680e+01 -4.637785567130122217e+05 -2.886076641985626562e+13 -8.191886605567091822e-06 5.939119604228821702e-07 8.963140691289687076e-07 1.837892499164458684e+02 2.748876362518758221e+00 5.606713789660829894e-01 -5.058962903446669740e-02 3.223249730882607356e+00 2.145879051843038574e+07
1.000000000000000000e+00 -2.112740457693440419e+02 8.732402819897522761e+01 -4.667330340585940867e+05 -2.922964970931189062e+13 -7.536204731795697940e-06 1.680311219734954148e-06 7.820987190915243525e-07 -5.678934717454951908e+01 -8.321414747152562352e-01 -9.680700146074820989e-01 1.531555722814674329e-02 1.864248588332592771e+00 -3.781885980002043396e+07
1.000000000000000000e+00 -1.859525678488157325e+02 1.412892329159363385e+02 -4.696875393083308591e+05 -2.960087900653448438e+13 -6.674968457385012761e-06 2.735933466364646401e-06 6.741869835532783660e-07 -1.044422915635744005e+02 -1.499963583697422331e+00 8.921026867717604114e-01 2.760648864596349991e-02 -1.650369869339126938e-01 3.555842193116027862e+07
1.000000000000000000e+00 -1.558125678339747253e+02 1.915922018638204065e+02 -4.726420757058347226e+05 -2.997445478930986328e+13 -5.628243326063779463e-06 3.733340790347097430e-06 5.836370411688095538e-07 2.189434411280398649e+02 3.083060745805629388e+00 -3.708219085128542925e-01 -5.673971407312674436e-02 6.820235933151876928e-01 -1.507464860570332222e+07
1.000000000000000000e+00 -1.216008184165063852e+02 2.369182719861785813e+02 -4.755966461601991905e+05 -3.035037750301687500e+13 -4.419908517236546766e-06 4.645417649804065922e-06 5.195539198852787005e-07 -2.264191283804293562e+02 -3.127333661446884072e+00 -3.354426797905035729e-01 5.755718243681984259e-02 2.924627816079587994e+00 -1.390238042747863568e+07
1.000000000000000000e+00 -8.424366267030328004e+01 2.760332880946863838e+02 -4.785512525671351468e+05 -3.072864747211924219e+13 -3.081085122562364712e-06 5.445996300275998652e-06 4.886050629343888448e-07 1.188971748449721986e+02 1.611396755842089190e+00 8.742947445785081984e-01 -2.965559685709109189e-02 2.645039742832466345e+00 3.692826239074195921e+07
1.000000000000000000e+00 -4.472745086411531190e+01 3.079787656877477957e+02 -4.815058954159237910e+05 -3.110926484536014453e+13 -1.645939073957730154e-06 6.113780027951874757e-06 4.941105870062123851e-07 5.322131020153070580e+01 7.080098952615533348e-01 -9.769891551944801522e-01 -1.302953452029010674e-02 3.323345841734768880e-01 -4.204050575907619298e+07
1.000000000000000000e+00 -4.049496762528416838e+00 3.319469436415402015e+02 -4.844605746528518503e+05 -3.149222970244119531e+13 -1.499330912866860128e-07 6.630015446291420379e-06 5.354856211253412188e-07 -2.047212941714248871e+02 -2.674157530256468185e+00 5.925331332971386367e-01 4.921685814431087103e-02 2.474854845425419198e-02 2.596693113198916242e+07
1.000000000000000000e+00 3.670033907978028509e+01 3.472994441082229287e+02 -4.874152890752904350e+05 -3.187754197261382031e+13 1.367121848015542693e-06 6.978959241393569907e-06 6.083915777794141087e-07 2.577563393648566716e+02 3.307087101473236146e+00 8.725516303750463498e-02 -6.086272601505648971e-02 2.258791144274393314e+00 3.893021578875864856e+06
1.000000000000000000e+00 7.646750448522080035e+01 3.537376893412019854e+02 -4.903700363798774779e+05 -3.226520143646474219e+13 2.865753566480190668e-06 7.151426602666625501e-06 7.055037378832904716e-07 -1.817975663638401613e+02 -2.291784401538585314e+00 -7.234620549142285473e-01 4.217928104352379470e-02 3.135116910173406435e+00 -3.285201545404692367e+07
1.000000000000000000e+00 1.142756974748308210e+02 3.511496926347413705e+02 -4.933248137584933429e+05 -3.265520780045195703e+13 4.308487531375442377e-06 7.141882143798350883e-06 8.170485722785873186e-07 1.087311849898747518e+01 1.347167505659933318e-01 9.991796611565983977e-01 -2.478645674578031262e-03 1.124959771668764708e+00 4.616449214066042006e+07
1.000000000000000000e+00 1.491442729707404169e+02 3.396131471193938864e+02 -4.962796175898859510e+05 -3.304756065383359766e+13 5.656802543748929807e-06 6.948616754327103217e-06 9.316073869873197179e-07 1.715150408639190971e+02 2.089196770109967627e+00 -7.771389907651325979e-01 -3.844879498465432477e-02 -2.643665266291849725e-01 -3.652191313437224925e+07
1.000000000000000000e+00 1.802121393577228616e+02 3.195389497381215165e+02 -4.992344431894161389e+05 -3.344225943191611719e+13 6.875852981578924260e-06 6.576817183588101372e-06 1.038060921549965865e-06 -2.731882780702395621e+02 -3.272445771522086932e+00 1.680779707911149168e-01 6.022800719586446361e-02 1.390057598087170110e+00 8.032160041573878378e+06
1.000000000000000000e+00 2.067649912232506040e+02 2.914909748532067510e+02 -5.021892858411693014e+05 -3.383930355093268750e+13 7.935648981081867853e-06 6.035037616996729823e-06 1.126337050651016029e-06 2.398443132984736224e+02 2.826133262363891507e+00 5.246626056172005725e-01 -5.201144507525276572e-02 3.202699551430661540e+00 2.548876867278427258e+07
1.000000000000000000e+00 2.281451140494419292e+02 2.561807680495495561e+02 -5.051441404615535284e+05 -3.423869236231630078e+13 8.807740105614532221e-06 5.335182365669855310e-06 1.187710668092494331e-06 -8.389346411981958340e+01 -9.726572819626784216e-01 -9.561106667334474674e-01 1.790163940962848435e-02 2.012816228960235154e+00 -4.720721753591546416e+07
1.000000000000000000e+00 2.438650770440660835e+02 2.145917139037381389e+02 -5.080990014211028465e+05 -3.464042512694409375e+13 9.469694133638507775e-06 4.495196859905366736e-06 1.216538239778465873e-06 -1.196346801039167502e+02 -1.365115286459942290e+00 9.115402493044860721e-01 2.512468993308814361e-02 -1.047884693396657629e-01 4.572940675795944780e+07
1.000000000000000000e+00 2.536163191589623125e+02 1.677811645288382749e+02 -5.110538634377113776e+05 -3.504450113547647656e+13 9.905624712337508260e-06 3.535064205958004750e-06 1.210525961105678306e-06 2.691318749650121731e+02 3.023196758342264090e+00 -4.131311680867169600e-01 -5.563798527280866546e-02 5.423361639616939289e-01 -2.105322536996804178e+07
1.000000000000000000e+00 2.571706700935252456e+02 1.168774747588943228e+02 -5.140087210136616486e+05 -3.545091963207852344e+13 1.010252475391812501e-05 2.476787420374392636e-06 1.170337325834315192e-06 -2.871382275864432927e+02 -3.176043985118182533e+00 -2.909642527616328467e-01 5.845368201174413331e-02 2.825745986165034029e+00 -1.505830528299328312e+07
1.000000000000000000e+00 2.544844879872516969e+02 6.319434884675342801e+01 -5.169635686651178403e+05 -3.585967984540319531e+13 1.005447163093753486e-05 1.346869777436351486e-06 1.100402221348287444e-06 1.604113572277992716e+02 1.747538749103612066e+00 8.502334439828616031e-01 -3.216114964588150799e-02 2.763882271486479691e+00 4.467642747912576795e+07
1.000000000000000000e+00 2.456909072514384604e+02 8.025447707078800619e+00 -5.199184016787994187e+05 -3.627078109422132812e+13 9.762527540949909836e-06 1.720251257799733591e-07 1.007971133269061418e-06 5.136026227055781845e+01 5.512061917800827882e-01 -9.861156819096387194e-01 -1.014371798233122679e-02 4.645444715438352690e-01 -5.259845232063931227e+07
1.000000000000000000e+00 2.309956485568694688e+02 -4.734889478299696464e+01 -5.228732155182030983e+05 -3.668422270715914062e+13 9.230775600582229480e-06 -1.020689547868012803e-06 9.016994824248824280e-07 -2.435601834998615800e+02 -2.575635103344946497e+00 6.308961763649351129e-01 4.740360612142378860e-02 -6.248979978448432338e-02 3.415165914037496597e+07
1.000000000000000000e+00 2.107754564832647759e+02 -1.015511376308582356e+02 -5.258280059131571325e+05 -3.710000403603649219e+13 8.470357701713384719e-06 -2.201486020714592692e-06 7.917858018294718760e-07 3.182867534311583313e+02 3.317271712489411328e+00 3.862402500608319578e-02 -6.105015069775229092e-02 2.102528300836759900e+00 2.121421682802330237e+06
1.000000000000000000e+00 1.855576599534387299e+02 -1.533127272233128622e+02 -5.287827694241234567e+05 -3.751812453699959375e+13 7.498841622740911254e-06 -3.342280769898906699e-06 6.889536954514158811e-07 -2.342004148092141236e+02 -2.406163652306101408e+00 -6.889394010305232019e-01 4.428436824656940135e-02 3.182929777710267860e+00 -3.838623129958995432e+07
1.000000000000000000e+00 1.559128991910203013e+02 -2.014551569492287797e+02 -5.317375031547711696e+05 -3.793858373279967969e+13 6.336031656410392165e-06 -4.416346163042373063e-06 6.028887230141550263e-07 2.920769942907288552e+01 2.958679359167473710e-01 9.960238727445321905e-01 -5.444501485040426254e-03 1.293129712942074683e+00 5.628609914346781373e+07
1.000000000000000000e+00 1.225512732565471055e+02 -2.447812401059834713e+02 -5.346922046661822824e+05 -3.836138120263628125e+13 5.007946486269936918e-06 -5.395968542054084015e-06 5.417461330578901412e-07 1.964101371966703482e+02 1.962063588199471242e+00 -8.066469845779679071e-01 -3.610905280084022312e-02 -2.691198116718794275e-01 -4.622386862859340757e+07
1.000000000000000000e+00 8.629160715897297962e+01 -2.822787481641881300e+02 -5.376468727865747642e+05 -3.878651670079980469e+13 3.545713826940755197e-06 -6.256950695710324325e-06 5.113988377085408401e-07 -3.290260105659610304e+02 -3.241986985675841204e+00 2.150714768981253355e-01 5.966743567991983355e-02 1.223328528639556989e+00 1.249492739171151817e+07
1.000000000000000000e+00 4.795258357660853932e+01 -3.130890126165044762e+02 -5.406015066884161206e+05 -3.921399002780715625e+13 1.981195176210126484e-06 -6.978024736833205862e-06 5.146321443749509314e-07 2.988782363894229093e+02 2.905281080103808033e+00 4.838486904229254981e-01 -5.346805920770427573e-02 3.165385311652600731e+00 2.849362214044513926e+07
1.000000000000000000e+00 8.448141388052787804e+00 -3.363995665530086399e+02 -5.435561060918796575e+05 -3.964380106144453125e+13 3.509486301547089889e-07 -7.538539803749271347e-06 5.509803240415754328e-07 -1.166874020239200718e+02 -1.119204555470320717e+00 -9.414513129852518647e-01 2.059872903540976505e-02 2.165431119186304709e+00 -5.618809676925963908e+07
1.000000000000000000e+00 -3.125273693150713328e+01 -3.516432975506778575e+02 -5.465106720499846851e+05 -4.007594987408831250e+13 -1.305343174412901603e-06 -7.922977398657099105e-06 6.169949987178121879e-07 -1.294780889028672846e+02 -1.225603906568227597e+00 9.293562546488718379e-01 2.255707203409341305e-02 -3.060191901396535838e-02 5.620310702280808240e+07
1.000000000000000000e+00 -7.023550579300383845e+01 -3.584534953707382670e+02 -5.494652061209499370e+05 -4.051043661594914844e+13 -2.949408382393906953e-06 -8.120082511512017188e-06 7.064766331863419272e-07 3.166907309623292690e+02 2.958913615014124865e+00 -4.533984980416627120e-01 -5.445492771998924897e-02 4.142197846483234858e-01 -2.777890344075196236e+07
1.000000000000000000e+00 -1.075451120010319102e+02 -3.565562517440002921e+02 -5.524197105607968988e+05 -4.094726154562763281e+13 -4.540438958016988778e-06 -8.120535093779696940e-06 8.106141492342114851e-07 -3.485700207506642414e+02 -3.215161831125043612e+00 -2.489449593651186510e-01 5.917363646753505402e-02 2.722978624163785888e+00 -1.544978665669523925e+07
1.000000000000000000e+00 -1.422351932654403583e+02 -3.459627317100141681e+02 -5.553741885864532087e+05 -4.138642507209323438e+13 -6.037133201917298380e-06 -7.921408960303283936e-06 9.191784819572423080e-07 2.048898119740120194e+02 1.866035833856357185e+00 8.270686592508575963e-01 -3.434196358110441077e-02 2.860435105903024411e+00 5.198450386249202490e+07
1.000000000000000000e+00 -1.734761238612186389e+02 -3.269068136525966679e+02 -5.583286438696481055e+05 -4.182792768266244531e+13 -7.402315948989461628e-06 -7.524909956294582660e-06 1.021603305206772721e-06 4.615286492273742169e+01 4.151014433283634619e-01 -9.921481844061693645e-01 -7.638842799899587394e-03 5.860138284364223571e-01 -6.314702840669282526e+07
1.000000000000000000e+00 -2.004596124627775282e+02 -2.997331392164074941e+02 -5.612830805128371576e+05 -4.227176994117521875e+13 -8.598977974131910240e-06 -6.935921018978705661e-06 1.107290933143953680e-06 -2.801964401041753945e+02 -2.489095660407571575e+00 6.616665833175265909e-01 4.581089462406054413e-02 -1.240041657745573206e-01 4.263754414807488024e+07
1.000000000000000000e+00 -2.224546369233145811e+02 -2.650787327761798906e+02 -5.642375037461663596e+05 -4.271795259523535156e+13 -9.592712121306968021e-06 -6.166294478931104594e-06 1.167388507148049035e-06 3.783005934663094649e+02 3.319748370580332786e+00 -6.171875738757437446e-04 -6.109572225520572275e-02 1.972306346260733090e+00 -4.026066876374091225e+04
1.000000000000000000e+00 -2.389093930443942497e+02 -2.237873517024182206e+02 -5.671919188290672610e+05 -4.316647641349125781e+13 -1.035621978484970854e-05 -5.233027263020189903e-06 1.196010221309254464e-06 -2.874038061002043491e+02 -2.491804715067292175e+00 -6.607376894223252473e-01 4.586054669874603529e-02 3.209101576352858753e+00 -4.362541255699341744e+07
1.000000000000000000e+00 -2.493518785621336349e+02 -1.767878860771507448e+02 -5.701463311167961219e+05 -4.361734219593260938e+13 -1.086518130311767088e-05 -4.155528476416839973e-06 1.189734878954737117e-06 4.889486067926086577e+01 4.188906614394661831e-01 9.920103735049807803e-01 -7.708631832950351565e-03 1.423269753560455264e+00 6.628430437363133579e+07
1.000000000000000000e+00 -2.534469251064529942e+02 -1.252616190142876320e+02 -5.731007465147355106e+05 -4.407055084414039844e+13 -1.110084401002885912e-05 -2.959623184658466721e-06 1.148599168892374251e-06 2.200636600071239286e+02 1.863214777245876252e+00 -8.276409009068577127e-01 -3.428985153800902241e-02 -2.618952304837794398e-01 -5.595762986859948188e+07
1.000000000000000000e+00 -2.510846900731435198e+02 -7.052939361880153513e+01 -5.760551706688870909e+05 -4.452610323832614062e+13 -1.105407255323546461e-05 -1.675026395350635837e-06 1.076648496274542376e-06 -3.841067799937976019e+02 -3.214425717994290554e+00 2.498065695038145795e-01 5.916018922867074398e-02 1.100426008343152962e+00 1.708773062963275239e+07
1.000000000000000000e+00 -2.422707093866573302e+02 -1.391857894610627433e+01 -5.790096091467820806e+05 -4.498400026441415625e+13 -1.072073797098601242e-05 -3.322523751917967539e-07 9.807424138632546846e-07 3.577943980075582999e+02 2.959920965491682043e+00 4.528029380678069704e-01 -5.447363502047043032e-02 3.127873114324097426e+00 3.133246856412993744e+07
1.000000000000000000e+00 -2.271760904906794565e+02 4.308348476175398645e+01 -5.819640673983077286e+05 -4.544424280761265625e+13 -1.010408034965288551e-05 1.033699770748626947e-06 8.704580176449274254e-07 -1.500229830010214300e+02 -1.227033780238226512e+00 -9.291791471983175121e-01 2.258324486409242146e-02 2.275561613964623753e+00 -6.503283504281442612e+07
1.000000000000000000e+00 -2.062054780387717017e+02 9.896557288749581005e+01 -5.849185501106975134e+05 -4.590683165070160938e+13 -9.217933962888006931e-06 2.386530361008400723e-06 7.573344537300990688e-07 -1.383052379796346543e+02 -1.118523699397689475e+00 9.415307821509266706e-01 2.058633054970190543e-02 3.381314529414012476e-02 6.664382510160802305e+07
1.000000000000000000e+00 -1.798705311282620301e+02 1.523297661018407041e+02 -5.878730612011288758e+05 -4.637176746984175781e+13 -8.081306446513824492e-06 3.691949573824615699e-06 6.528292526182417676e-07 3.632732687979731736e+02 2.905375650015807221e+00 -4.837956314858757878e-01 -5.346962326964784656e-02 3.213084860088421535e-01 -3.462781165842033923e+07
1.000000000000000000e+00 -1.488279029876673007e+02 2.017433518462391362e+02 -5.908276079939798219e+05 -4.683905149384315625e+13 -6.720214608649890365e-06 4.914139023189373577e-06 5.675225330628632573e-07 -4.098256560510625945e+02 -3.241779858765568623e+00 -2.153544941365276577e-01 5.966353604897837309e-02 2.634912810234458114e+00 -1.558481018665286712e+07
1.000000000000000000e+00 -1.139255496315388569e+02 2.458839722467771765e+02 -5.937821856021221029e+05 -4.730868302888010156e+13 -5.169949436903860825e-06 6.019283664930363355e-06 5.103840265525416022e-07 2.505637447694776085e+02 1.960515229399429682e+00 8.069929741319892269e-01 -3.608075552574399603e-02 2.932055503117102280e+00 5.904045820264500380e+07
1.000000000000000000e+00 -7.605952333676704313e+01 2.836651947238660796e+02 -5.967367991723821033e+05 -4.778066297246368750e+13 -3.468761330093349649e-06 6.978728424491475168e-06 4.874274585831260234e-07 3.857789950816587776e+01 2.986132913539229494e-01 -9.959427645312587396e-01 -5.494990163493880704e-03 6.943444553621183069e-01 -7.365390523605914414e+07
1.000000000000000000e+00 -3.620268806740671153e+01 3.140792527401035272e+02 -5.996914494532312965e+05 -4.825499153059035156e+13 -1.659230315761305265e-06 7.765233715385783916e-06 5.010170828126550285e-07 -3.145034065753079062e+02 -2.408598140219212258e+00 6.881703128797129754e-01 4.432938168146313695e-02 -1.700204842540981587e-01 5.143857106180199236e+07
1.000000000000000000e+00 4.563610831113005695e+00 3.363344826661517004e+02 -6.026461358706760220e+05 -4.873166869775491406e+13 2.101885129447878090e-07 8.356438047265453984e-06 5.498174389828070942e-07 4.377705456193061764e+02 3.317437758932475944e+00 -3.730934315734507623e-02 -6.105319076622447994e-02 1.847789666495588401e+00 -2.818339531032174360e+06
1.000000000000000000e+00 4.520059182490043526e+01 3.499526204852335809e+02 -6.056008569442322478e+05 -4.921069431931120312e+13 2.092033339846338766e-06 8.737418883476320906e-06 6.290301881990828741e-07 -3.430315833972306336e+02 -2.572500140786264211e+00 -6.320531253410661687e-01 4.734570479880310240e-02 3.224997451711823171e+00 -4.824632507653614134e+07
1.000000000000000000e+00 8.468249709405949943e+01 3.545921249459983073e+02 -6.085556106362029677e+05 -4.969206814491911719e+13 3.938509758618712354e-06 8.896450833393338513e-06 7.305605578177022153e-07 7.352089490820831941e+01 5.456874346022168032e-01 9.864007885616810078e-01 -1.004221821851776844e-02 1.558381101599355834e+00 7.607679300697094202e+07
1.000000000000000000e+00 1.219675230842376834e+02 3.501681277764296851e+02 -6.115103937402758747e+05 -5.017578972600142188e+13 5.700146878677130707e-06 8.828112992874084564e-06 8.440181792331255646e-07 2.385735335643231281e+02 1.752722513308808461e+00 -8.492597842394441487e-01 -3.225636463409415483e-02 -2.435011145153295475e-01 -6.617312000905326009e+07
1.000000000000000000e+00 1.561453398703759774e+02 3.369166161357498481e+02 -6.144652021838611690e+05 -5.066185846096498438e+13 7.332706798178770961e-06 8.535071220909878583e-06 9.583830349467828068e-07 -4.369657102310137020e+02 -3.177905179882941411e+00 2.891151457874649444e-01 5.848805210353188316e-02 9.623634350883052413e-01 2.275669671501717344e+07
1.000000000000000000e+00 1.863953368383137388e+02 3.151973850404698965e+02 -6.174200316623807885e+05 -5.115027369686164062e+13 8.795362792856442022e-06 8.023257807862431006e-06 1.062501399152034669e-06 4.194912777628676395e+02 3.020391460523058846e+00 4.149901816621484052e-01 -5.558651424745729430e-02 3.072425750868099659e+00 3.299358276723362505e+07
1.000000000000000000e+00 2.119518512238335006e+02 2.855998363251288765e+02 -6.203748772035717266e+05 -5.164103465593185156e+13 1.004915200669948408e-05 7.304652871001487765e-06 1.146114333015157580e-06 -1.906072509778668973e+02 -1.358844054255007761e+00 -9.123844667680073295e-01 2.500911628750700569e-02 2.406912332763610163e+00 -7.326214619278097153e+07
1.000000000000000000e+00 2.322404803777077689e+02 2.489807363149337220e+02 -6.233297334594824351e+05 -5.213414048180132031e+13 1.106353117620902957e-05 6.398394545306107144e-06 1.201561384260666937e-06 -1.387216106424353370e+02 -9.792792783732517936e-01 9.555033429569572689e-01 1.802362950053924828e-02 1.264363252617375921e-01 7.748216073211172223e+07
1.000000000000000000e+00 2.468184892155115620e+02 2.062542828094668153e+02 -6.262845952348283026e+05 -5.262959032679160938e+13 1.181374026515192883e-05 5.325521357220982800e-06 1.223680007364953921e-06 4.047737310560673905e+02 2.829752987345398374e+00 -5.228875620418300674e-01 -5.207787585202702102e-02 2.075611497830695817e-01 -4.281579960191481560e+07
1.000000000000000000e+00 2.553330622970540844e+02 1.584939221054187897e+02 -6.292394568894210970e+05 -5.312738325161817969e+13 1.227894348912113331e-05 4.111648555325622124e-06 1.210341240592109245e-06 -4.724684148355300408e+02 -3.271323423189572921e+00 -1.700494461276218505e-01 6.020728144622953387e-02 2.508646457352829540e+00 -1.405906613427245803e+07
1.000000000000000000e+00 2.576450857327138237e+02 1.069546646331737634e+02 -6.321943127741606440e+05 -5.362751829759467188e+13 1.244831149109798918e-05 2.787646760297841352e-06 1.163593428398043069e-06 3.039032493340567953e+02 2.084205332896634122e+00 7.783583445799129308e-01 -3.835713681907031852e-02 3.017476084342905818e+00 6.496902979032391310e+07
1.000000000000000000e+00 2.537524648121620316e+02 5.285933097127238511e+01 -6.351491580400598468e+05 -5.412999462449449219e+13 1.231754039905480211e-05 1.384155283138916067e-06 1.088390666867195350e-06 2.071040938058665404e+01 1.406978663127561868e-01 -9.990980531228030870e-01 -2.588705646517821656e-03 8.467939184408349584e-01 -8.418626454360121489e+07
1.000000000000000000e+00 2.437447437924319047e+02 -2.494438521294044531e+00 -6.381039876830897992e+05 -5.463481135016129688e+13 1.188679346999617531e-05 -6.562233646037637442e-08 9.918360004954309621e-07 -3.411046807241920078e+02 -2.295718634135351710e+00 7.223329389846507853e-01 4.225189647495579404e-02 -2.183473464308341438e-01 6.143818734046827257e+07
1.000000000000000000e+00 2.279167963857173618e+02 -5.771911837891559571e+01 -6.410587971190299140e+05 -5.514196764878835156e+13 1.116637465623713355e-05 -1.525474594173922337e-06 8.834187150368565238e-07 4.960215870993138196e+02 3.307512442054945989e+00 -8.578133703637599861e-02 -6.087051796025270967e-02 1.680081692306091279e+00 -7.364170871896719560e+06
1.000000000000000000e+00 2.066786935120373982e+02 -1.115485732878054250e+02 -6.440135825351057574e+05 -5.565146281335568750e+13 1.017252424615719881e-05 -2.961736877078316875e-06 7.735542375751657641e-07 -4.043716452995911368e+02 -2.671705710420295254e+00 -5.935336763257131887e-01 4.917153473592902196e-02 3.230921673944536998e+00 -5.142441933016076684e+07
1.000000000000000000e+00 1.805102806108360767e+02 -1.627214506028449250e+02 -6.469683403677733149e+05 -5.616329616802188281e+13 8.925303014570251423e-06 -4.340255158528188511e-06 6.725202120055371248e-07 1.076311028496747042e+02 7.046754531300578606e-01 9.772143947705018707e-01 -1.296825385622569701e-02 1.728296528212621919e+00 8.544181344441978633e+07
1.000000000000000000e+00 1.500676023921602109e+02 -2.099702597399680428e+02 -6.499230677553752903e+05 -5.667746714806142969e+13 7.453957201025384077e-06 -5.626096319526988432e-06 5.900495902151960933e-07 2.487045431585470112e+02 1.613668279648873272e+00 -8.739093374659183677e-01 -2.969722498172458480e-02 -2.061995445297108986e-01 -7.710238125897079706e+07
1.000000000000000000e+00 1.160827979593529307e+02 -2.522266829039757852e+02 -6.528777628952420782e+05 -5.719397536521393750e+13 5.792122566277852116e-06 -6.789070695476028318e-06 5.339812736207543752e-07 -4.864150205988929088e+02 -3.127892609301365923e+00 3.349706138496745256e-01 5.756760117864122978e-02 8.036327246360157606e-01 2.981905029946139827e+07
1.000000000000000000e+00 7.932030432640129902e+01 -2.884943065298472220e+02 -6.558324243108795490e+05 -5.771282048290882812e+13 3.975715100514686059e-06 -7.800412274063192201e-06 5.093857842526582186e-07 4.836636746266878504e+02 3.082741733627830438e+00 3.710637929810200464e-01 -5.673398654784560929e-02 2.995695421348543608e+00 3.332628190015609935e+07
1.000000000000000000e+00 4.067760460245160203e+01 -3.178418280110039404e+02 -6.587870511853236239e+05 -5.823400227649282031e+13 2.048039950398034749e-06 -8.632638007864587345e-06 5.184391216403189140e-07 -2.374250791910764917e+02 -1.500040456682267154e+00 -8.920855696834919524e-01 2.760773552444652917e-02 2.542597549651541833e+00 -8.082804755851341784e+07
1.000000000000000000e+00 1.077258186578289756e+00 -3.395997534296826643e+02 -6.617416439719795017e+05 -5.875752074432034375e+13 5.448115027709258608e-08 -9.264953803524900012e-06 5.602954490635033997e-07 -1.327190674957284955e+02 -8.312386269380788173e-01 9.681467969049700750e-01 1.529904202671962532e-02 2.348980187572638767e-01 8.848726521949452162e+07
1.000000000000000000e+00 -3.857523767311470664e+01 -3.532218900641557866e+02 -6.646962034596184967e+05 -5.928337594600651562e+13 -1.959610726232399155e-06 -9.679618350796661069e-06 6.309063665223020906e-07 4.425523125565040914e+02 2.747930537074312785e+00 -5.610899904661252879e-01 -5.057202882803878835e-02 1.037619726079699184e-01 -5.172772044324420393e+07
1.000000000000000000e+00 -7.729574282725536705e+01 -3.582825421112730737e+02 -6.676507313751433976e+05 -5.981156811175420312e+13 -3.944054463276998990e-06 -9.861941045507260182e-06 7.232623680433624684e-07 -5.349272933561077252e+02 -3.293190078667406873e+00 -1.260605065323333607e-01 6.060973669027994171e-02 2.378709543964328876e+00 -1.172165572352023795e+07
1.000000000000000000e+00 -1.141359837195544316e+02 -3.546609906183946350e+02 -6.706052304451887030e+05 -6.034209765715882812e+13 -5.849618212822442170e-06 -9.805455772231928255e-06 8.284856533934346642e-07 3.594907336568704181e+02 2.194432673120648492e+00 7.503647330998335363e-01 -4.038574828165825137e-02 3.084374073645018033e+00 7.036712516978539526e+07
1.000000000000000000e+00 -1.482237812804623616e+02 -3.423893914300104484e+02 -6.735597036370654823e+05 -6.087496504996760156e+13 -7.630130828490178422e-06 -9.507882875707201236e-06 9.363039006790758418e-07 3.200248590314849068e-02 1.937143853337556219e-04 -9.999965891584619015e-01 -2.856552709426486779e-06 9.870385658939766493e-01 -9.456976624796831608e+07
1.000000000000000000e+00 -1.786711859097330546e+02 -3.216512458925719784e+02 -6.765141547434484819e+05 -6.141017091718286719e+13 -9.237818112556649239e-06 -8.971179609836998795e-06 1.035582832819171773e-06 -3.656561552992993711e+02 -2.194952861795165688e+00 7.502177304375854394e-01 4.039735848916075484e-02 -2.471684540463625901e-01 7.154297067703609169e+07
1.000000000000000000e+00 -2.046934401570308637e+02 -2.929486281613715732e+02 -6.794685884795050370e+05 -6.194771606604432031e+13 -1.062946260664137814e-05 -8.206316803652571721e-06 1.116347370870957290e-06 5.532125573266746414e+02 3.293430722731530480e+00 -1.256691655384586936e-01 -6.061135372731456944e-02 1.540076680549616217e+00 -1.208381821248074435e+07
1.000000000000000000e+00 -2.256444982685487162e+02 -2.569320577719630592e+02 -6.824230097218415467e+05 -6.248760134831069531e+13 -1.176837259167412393e-05 -7.228686377134103903e-06 1.170555832451600846e-06 -4.651589400245332513e+02 -2.746575940853922759e+00 -5.616681108235460629e-01 5.054948630706135315e-02 3.223674104375661820e+00 -5.445295877250629663e+07
1.000000000000000000e+00 -2.409254355530877660e+02 -2.143948609276300772e+02 -6.853774237290412420e+05 -6.302982770146253125e+13 -1.261974114193932281e-05 -6.058032399384664513e-06 1.192186239558025252e-06 1.412922490738233989e+02 8.275064144143752243e-01 9.684372489033766795e-01 -1.522884799269328022e-02 1.859240817240807919e+00 9.465649289655007422e+07
1.000000000000000000e+00 -2.501034052849001057e+02 -1.664183603778364215e+02 -6.883318363268116955e+05 -6.357439618441661719e+13 -1.315695716775413687e-05 -4.722658272392277842e-06 1.178763712639350971e-06 2.590449615765376734e+02 1.504941264436609583e+00 -8.913386965725094147e-01 -2.769622304472402208e-02 -1.669808648358135639e-01 -8.782745847648635507e+07
1.000000000000000000e+00 -2.529359046378737048e+02 -1.141799579543590539e+02 -6.912862530628715176e+05 -6.412130782299475781e+13 -1.336307488816199545e-05 -3.254132446945070303e-06 1.131407006242827918e-06 -5.353791469742672007e+02 -3.085498476165695614e+00 3.689284743162918323e-01 5.678736203403766253e-02 6.884007855419387312e-01 3.664462196751500666e+07
1.000000000000000000e+00 -2.492729850770088262e+02 -5.893884836424512486e+01 -6.942406796141517116e+05 -6.467056368468567188e+13 -1.322584021506905896e-05 -1.686938032191871807e-06 1.054189389592251736e-06 5.464954657805328679e+02 3.124622764090249305e+00 3.377858611382509313e-01 -5.750474895729269786e-02 2.929510272970698548e+00 3.381912699083906412e+07
1.000000000000000000e+00 -2.391694329278803366e+02 -2.158827034791991117e+00 -6.971951218183519086e+05 -6.522216488506155469e+13 -1.274377258367401380e-05 -6.205254721993858096e-08 9.548562898286988133e-07 -2.825643423926943001e+02 -1.602886412891036283e+00 -8.757049485276713341e-01 2.950054410972829597e-02 2.637440402570190301e+00 -8.836990074668025970e+07
1.000000000000000000e+00 -2.228894298741543594e+02 5.470333301009764426e+01 -7.001495846105342498e+05 -6.577611238861046094e+13 -1.192664542485179063e-05 1.579036065904370622e-06 8.437725877867148362e-07 -1.278077879216682504e+02 -7.193559789011029215e-01 9.762430690579114723e-01 1.323991965439175883e-02 3.230482777746593870e-01 9.928951264509010315e+07
1.000000000000000000e+00 -2.007958740436608025e+02 1.102183502702202986e+02 -7.031040726276680361e+05 -6.633240711922642188e+13 -1.078977522340306913e-05 3.194927045698641943e-06 7.320523328720403603e-07 4.802493146524298027e+02 2.682136064927864716e+00 -5.892703061693695954e-01 -4.936115818545493139e-02 3.264204936197589307e-02 -6.039937711737781763e+07
1.000000000000000000e+00 -1.734501109737902027e+02 1.628757818494920855e+02 -7.060585900126610650e+05 -6.689104992189646094e+13 -9.359514518662289412e-06 4.741160750666740872e-06 6.311363427580995609e-07 -5.964694353061053107e+02 -3.305641202214873786e+00 -9.184551237417803993e-02 6.083890128870497738e-02 2.273232920121829093e+00 -9.486857500739669427e+06
1.000000000000000000e+00 -1.415924426061276051e+02 2.113040041744163489e+02 -7.090131398485423997e+05 -6.745204145308401562e+13 -7.672419789920021047e-06 6.176599425695111876e-06 5.516201867548451621e-07 4.144196479998325913e+02 2.279223305608895966e+00 7.270680049271577294e-01 -4.194622388247266215e-02 3.129001659787909340e+00 7.567639736522084475e+07
1.000000000000000000e+00 -1.060171871444116078e+02 2.542842147543539113e+02 -7.119677244655707618e+05 -6.801538223520464062e+13 -5.768655218336658650e-06 7.463922707497764961e-06 5.017298972913835992e-07 -2.118656330646645003e+01 -1.156408403540751528e-01 -9.993896852612108583e-01 2.128973305994039285e-03 1.105353400543886755e+00 -1.048132273255900294e+08
1.000000000000000000e+00 -6.766050400081097393e+01 2.906406969618175253e+02 -7.149223455045922892e+05 -6.858107266579735156e+13 -3.696852296810553234e-06 8.566486281741606730e-06 4.867162772133578597e-07 -3.886529452022719511e+02 -2.105434109899849027e+00 7.731491034660571415e-01 3.874981621445980351e-02 -2.625563570392363544e-01 8.169877033570624888e+07
1.000000000000000000e+00 -2.756114328713159978e+01 3.194525937453136066e+02 -7.178770030769582372e+05 -6.914911285295085938e+13 -1.512116558657652710e-06 9.454615805227189188e-06 5.083575612663277793e-07 6.093177363150311976e+02 3.276248927803286914e+00 -1.613539100863530251e-01 -6.029513749266202094e-02 1.413873537186651097e+00 -1.717822856888309121e+07
1.000000000000000000e+00 1.327156933229969304e+01 3.400444580296802997e+02 -7.208316964998382609e+05 -6.971950275148008594e+13 7.311292428367919611e-07 1.010548129100567010e-05 5.646244889969976531e-07 -5.271384297689305640e+02 -2.813423964145532530e+00 -5.307960775707118994e-01 5.177979419751756185e-02 3.207082212632472284e+00 -5.693104503943479806e+07
1.000000000000000000e+00 5.377372645939227169e+01 3.518621870444388264e+02 -7.237864244554070756e+05 -7.029224219069728125e+13 2.974531455532758238e-06 1.049954445767996738e-05 6.497324072629028587e-07 1.790047728041736548e+02 9.483665890939335652e-01 9.583292396705433980e-01 -1.745316944858730374e-02 1.987181313413058703e+00 1.035464130901046097e+08
1.000000000000000000e+00 9.287412496680428831e+01 3.546651675505290200e+02 -7.267411842729778728e+05 -7.086733073189039062e+13 5.158370194996827874e-06 1.062638962800328700e-05 7.550924199874709112e-07 2.640984640377255346e+02 1.388999202824412471e+00 -9.082565337409481687e-01 -2.556243479328609847e-02 -1.162578313394018320e-01 -9.885630292117495835e+07
1.000000000000000000e+00 1.296213909695362929e+02 3.484833100442297678e+02 -7.296959727348960005e+05 -7.144476782076987500e+13 7.228640491031001561e-06 1.048362211947981554e-05 8.704103288540751216e-07 -5.811102155305195538e+02 -3.034185563704030031e+00 4.057134647132702443e-01 5.584297723495692395e-02 5.665051273206415106e-01 4.448030416819169372e+07
1.000000000000000000e+00 1.630933547393916569e+02 3.334761230505574758e+02 -7.326507859037166927e+05 -7.202455275132070312e+13 9.132113173126520062e-06 1.007277631048772514e-05 9.841718968000297654e-07 6.111274173963205385e+02 3.168003078774946246e+00 2.988815738147932999e-01 -5.830310231439932850e-02 2.844099663577221104e+00 3.300481246506233886e+07
1.000000000000000000e+00 1.924411426959183871e+02 3.101054737792062497e+02 -7.356056190094298217e+05 -7.260668464068575000e+13 1.081884663032803429e-05 9.404633941885231496e-06 1.085279840905254329e-06 -3.349747294281980885e+02 -1.724084089915913331e+00 -8.545586693946450874e-01 3.173110562146599922e-02 2.744049778845804699e+00 -9.504459841859208047e+07
1.000000000000000000e+00 2.170023214227021242e+02 2.790614062414401815e+02 -7.385604670888469554e+05 -7.319116255259076562e+13 1.224865596318478676e-05 8.497149547414516518e-06 1.164392837602978172e-06 -1.131607648465382994e+02 -5.783049454265549727e-01 9.847129341937062019e-01 1.064397549067748472e-02 4.410038902030481989e-01 1.103012832681062669e+08
1.000000000000000000e+00 2.361973516151216472e+02 2.411120854846825523e+02 -7.415153250466706231e+05 -7.377798550873054688e+13 1.338545548295412849e-05 7.371002126664569038e-06 1.213795941851175067e-06 5.109073659499044311e+02 2.592624279409788457e+00 -6.245649172998292142e-01 -4.771379798383115073e-02 -4.886175895710838379e-02 -7.045504891536138952e+07
1.000000000000000000e+00 2.495659547193433525e+02 1.972656578876219271e+02 -7.444701872510128887e+05 -7.436715240743551562e+13 1.419942144816434539e-05 6.054610671122455423e-06 1.228795079010820245e-06 -6.580660003292796318e+02 -3.316077838010702550e+00 -4.652461612782993194e-02 6.103099248892416423e-02 2.128348850919857149e+00 -5.285176438428743742e+06
1.000000000000000000e+00 2.568639790332662756e+02 1.486749874514541148e+02 -7.474250481512696715e+05 -7.495866214547635938e+13 1.467265996933028704e-05 4.581344860820957218e-06 1.208729237527218330e-06 4.773217728382479095e+02 2.388611475167798481e+00 6.944755303192803320e-01 -4.395938719448404947e-02 3.176442406767480797e+00 7.944281661107085645e+07
1.000000000000000000e+00 2.579463944307065617e+02 9.648896426193986997e+01 -7.503799025144039188e+05 -7.555251366596701562e+13 1.479274104184300441e-05 2.985013257344754191e-06 1.155838252426867618e-06 -5.470463003146421954e+01 -2.718680904506201035e-01 -9.966375614808133943e-01 5.004196845677586804e-03 1.267976007528911042e+00 -1.147981935587952137e+08
1.000000000000000000e+00 2.527978133183770808e+02 4.201221544677418507e+01 -7.533347450169022195e+05 -7.614870587713185938e+13 1.455456769712254490e-05 1.304821211674848890e-06 1.075363529667084668e-06 -4.012348758588336750e+02 -1.980401761249775294e+00 8.025687424844443196e-01 3.644866713727273888e-02 -2.694664924736962508e-01 9.308068435124599934e+07
1.000000000000000000e+00 2.416156036162736029e+02 -1.340095214098538001e+01 -7.562895709779688623e+05 -7.674723780075428125e+13 1.396532633575557569e-05 -4.178411361842527273e-07 9.754648921811955266e-07 6.622612516976723782e+02 3.246569987874573293e+00 -2.088083595660053526e-01 -5.974892497825200210e-02 1.245515314816436847e+00 -2.438284693209562823e+07
1.000000000000000000e+00 2.246820134832744884e+02 -6.848670695873205716e+01 -7.592443761232639663e+05 -7.734810852658679688e+13 1.303730693083072252e-05 -2.143755710141823573e-06 8.655685253417825429e-07 -5.947074149620251546e+02 -2.895740369606096820e+00 -4.889779426512675387e-01 5.329479256108120983e-02 3.170874539286501204e+00 -5.748637935400321335e+07
1.000000000000000000e+00 2.023929918535639558e+02 -1.219096120095675815e+02 -7.621991562969450606e+05 -7.795131715506256250e+13 1.178967771377049580e-05 -3.830838458276828349e-06 7.559983507378578020e-07 2.279207061370451015e+02 1.102352964676656777e+00 9.432607202603533469e-01 -2.028714537160215131e-02 2.147956527323195530e+00 1.116417953265278339e+08
1.000000000000000000e+00 1.753309885627569713e+02 -1.723731217781867429e+02 -7.651539082278172718e+05 -7.855686295508404688e+13 1.025287072502755919e-05 -5.437581430864939240e-06 6.574449969317122146e-07 2.581825056496749653e+02 1.240405977460181886e+00 -9.275679825689582270e-01 -2.282773520256143468e-02 -3.895166294522778988e-02 -1.105199462653965056e+08
1.000000000000000000e+00 1.441289710715541617e+02 -2.187482579057742669e+02 -7.681086294744076440e+05 -7.916474535620864062e+13 8.460809752614350632e-06 -6.927151297311621913e-06 5.791819913056103326e-07 -6.213032239211441947e+02 -2.965241413314431362e+00 4.495967530653027788e-01 5.457409871746687902e-02 4.261044469386955913e-01 5.392605758564231545e+07
1.000000000000000000e+00 1.095005906240582334e+02 -2.599081739629081653e+02 -7.710633179676377913e+05 -7.977496385730742188e+13 6.452745010249372930e-06 -8.262232401905623456e-06 5.283357307677943917e-07 6.774807567329160065e+02 3.212120555484865747e+00 2.525667497724779498e-01 -5.911502027073798488e-02 2.732148134134291251e+00 3.049392006826923788e+07
1.000000000000000000e+00 7.230465666796199287e+01 -2.948405632495297937e+02 -7.740179725130215520e+05 -8.038751813235571875e+13 4.277158185937218808e-06 -9.408615119868381891e-06 5.096279729322348203e-07 -3.942997505234567939e+02 -1.857285045953719127e+00 -8.288445339094308029e-01 3.418258222661593043e-02 2.853623857991791635e+00 -1.007286405793875158e+08
1.000000000000000000e+00 3.340285069866395418e+01 -3.227637550052412507e+02 -7.769725927496863296e+05 -8.100240802535610938e+13 1.983477284556785585e-06 -1.033898451524849350e-05 5.247489687618977707e-07 -9.062654217961569714e+01 -4.241145549342698606e-01 9.918088975572817434e-01 7.806213484359307217e-03 5.777190315006754950e-01 1.213199402656418085e+08
1.000000000000000000e+00 -6.307687831541866963e+00 -3.429574941475676724e+02 -7.799271787579102674e+05 -8.161963347150079688e+13 -3.759778377260721403e-07 -1.102761963624551310e-05 5.720451890548969552e-07 5.364087277451392310e+02 2.494121410545329098e+00 -6.599591127155551851e-01 -4.590096716733432780e-02 -1.208115612237266184e-01 -8.125072216905453801e+07
1.000000000000000000e+00 -4.583780793669875209e+01 -3.548763483389408862e+02 -7.828817317530178698e+05 -8.223919464470337500e+13 -2.742571753811381893e-06 -1.145409130269452821e-05 6.468102134626255578e-07 -7.185568349602913258e+02 -3.319669989795827281e+00 -1.263035229145559324e-03 6.109711393063190638e-02 1.978643120837105362e+00 -1.564997439876254357e+05
1.000000000000000000e+00 -8.425352803370250854e+01 -3.582512374015793739e+02 -7.858362538696987322e+05 -8.286109191661439062e+13 -5.060088999444873203e-06 -1.160665794686086997e-05 7.419283472671032235e-07 5.420555014680771819e+02 2.488326639039033505e+00 6.619439310205464944e-01 -4.579452780341217166e-02 3.208168661649939413e+00 8.254476341232942045e+07
1.000000000000000000e+00 -1.206408271886482453e+02 -3.529139761081314646e+02 -7.887907474937633378e+05 -8.348532571881243750e+13 -7.272673876012319616e-06 -1.147672806169582803e-05 8.480125964617833327e-07 -9.088189058326550196e+01 -4.145609722396830787e-01 -9.921686468884601817e-01 7.630335218966237745e-03 1.418750780518843513e+00 -1.245106190905952752e+08
1.000000000000000000e+00 -1.540567220141335838e+02 -3.389099582433300952e+02 -7.917452159542711452e+05 -8.411189669085743750e+13 -9.321892704136714781e-06 -1.106259985341346724e-05 9.542445345214503002e-07 -4.117611215292439510e+02 -1.866470746168824579e+00 8.269747003926779527e-01 3.435183284127578396e-02 -2.623084726926705468e-01 1.044355429351432025e+08
1.000000000000000000e+00 -1.836788721716634143e+02 -3.165808391259142809e+02 -7.946996633445284097e+05 -8.474080564585482812e+13 -1.115578748036087192e-05 -1.037230027224805690e-05 1.050127979362899906e-06 7.138070673763277227e+02 3.215426739808752821e+00 -2.487198521496111203e-01 -5.917576533478281081e-02 1.104237369695281634e+00 -3.160709852117216587e+07
1.000000000000000000e+00 -2.087663106095125443e+02 -2.863777379931019027e+02 -7.976540941536945757e+05 -8.537205349462743750e+13 -1.272661816205081337e-05 -9.417622521291717412e-06 1.125918317350637067e-06 -6.607976896541022143e+02 -2.958183690140764543e+00 -4.537946838221516010e-01 5.444403677716011525e-02 3.129214294242720573e+00 -5.802761704736809433e+07
1.000000000000000000e+00 -2.286158015299461113e+02 -2.489695666750805287e+02 -8.006085135245764395e+05 -8.600564130267201562e+13 -1.398828422200159847e-05 -8.217768322547786775e-06 1.173507959047203914e-06 2.749098475165369564e+02 1.223101427208795444e+00 9.296566473890601756e-01 -2.250940596655950574e-02 2.271503420797900130e+00 1.196140947389288247e+08
1.000000000000000000e+00 -2.427089150932807513e+02 -2.053012550665688423e+02 -8.035629269801733317e+05 -8.664157023378112500e+13 -1.490539948368725837e-05 -6.801409478138160053e-06 1.188086997247879592e-06 2.539719952453583289e+02 1.123026635863532796e+00 -9.410392017150837063e-01 -2.066749217391604387e-02 3.104307287256039341e-02 -1.218247262934471816e+08
1.000000000000000000e+00 -2.506641937881531703e+02 -1.563903388288308918e+02 -8.065173399003749946e+05 -8.727984143828890625e+13 -1.545055234317722423e-05 -5.200092338796609430e-06 1.167769012922954307e-06 -6.616964063302265231e+02 -2.908113431932809245e+00 4.822703345452034607e-01 5.352268968250965819e-02 3.259021483992052826e-01 6.281595066931363195e+07
1.000000000000000000e+00 -2.521929872773655461e+02 -1.034271962001937482e+02 -8.094717580995990429e+05 -8.792045617798320312e+13 -1.560172814901668019e-05 -3.451627167559096476e-06 1.113765545970228688e-06 7.417717387261782278e+02 3.240315338882284735e+00 2.174457264188070504e-01 -5.963390284039409711e-02 2.640517272677011640e+00 2.849481473249295726e+07
1.000000000000000000e+00 -2.472366526506080504e+02 -4.780582161525185114e+01 -8.124261875045578927e+05 -8.856341575757446875e+13 -1.535093271358216769e-05 -1.601224130824814519e-06 1.031489869856639130e-06 -4.499453652160140109e+02 -1.953696470503120119e+00 -8.084818873958361518e-01 3.595697343730043516e-02 2.927133401079628605e+00 -1.065871721705781370e+08
1.000000000000000000e+00 -2.359029583525118312e+02 9.096303671836400540e+00 -8.153806333858967992e+05 -8.920872135701179688e+13 -1.470048889815559516e-05 3.057825995542328021e-07 9.293044261193871810e-07 -7.154117440355402380e+01 -3.087801563864795984e-01 9.956681559876998655e-01 5.683569633743539712e-03 6.846664022377787484e-01 1.320545150339918137e+08
1.000000000000000000e+00 -2.184136217207953337e+02 6.582540991738150638e+01 -8.183351008845503675e+05 -8.985637414447440625e+13 -1.365994338383679042e-05 2.220813956158605009e-06 8.173353567439447236e-07 5.632988197210513590e+02 2.416816452350492472e+00 -6.855607286421347979e-01 -4.447825902190381125e-02 -1.658001246617359647e-01 -9.146881632755205035e+07
1.000000000000000000e+00 -1.952251759875150867e+02 1.208432809612632610e+02 -8.212895945656645345e+05 -9.050637517754179688e+13 -1.225378180020601233e-05 4.091723275188015033e-06 7.071899952926766740e-07 -7.779015773134161691e+02 -3.317846604226685869e+00 3.316483720954799264e-02 6.106356246199032972e-02 1.861994806746312792e+00 4.451210918366526254e+06
1.000000000000000000e+00 -1.669440194702967517e+02 1.727540840007459906e+02 -8.242441181272560498e+05 -9.115872533646884375e+13 -1.051634249089403076e-05 5.870452869711766000e-06 6.102834748606467636e-07 6.043560437814054467e+02 2.562515344887398072e+00 6.357426797169382082e-01 -4.715988248436986385e-02 3.223492155822764715e+00 8.583011962540435791e+07
1.000000000000000000e+00 -1.342613303397492643e+02 2.202098791649869156e+02 -8.271986747540510260e+05 -9.181342539929562500e+13 -8.487871093929544693e-06 7.509898278061673932e-06 5.365075219053998024e-07 -1.253362782594598315e+02 -5.283324727573180946e-01 -9.872510230070742354e-01 9.724202704457019994e-03 1.539931345734961043e+00 -1.340692060102904439e+08
1.000000000000000000e+00 -9.805715656006124448e+01 2.619110593188731855e+02 -8.301532667469592998e+05 -9.247047595726779688e+13 -6.221220235570448384e-06 8.963952453071189161e-06 4.937091690916266723e-07 -4.221809799516574913e+02 -1.769297455395368646e+00 8.461362230344287028e-01 3.256341560767591486e-02 -2.469581495675326754e-01 1.155766369157813936e+08
1.000000000000000000e+00 -5.929557880489295485e+01 2.968221463500843811e+02 -8.331078950237175450e+05 -9.312987729969017188e+13 -3.775387747355853377e-06 1.019494711402771409e-05 4.866186790752477848e-07 7.641784533425745849e+02 3.184074788860054905e+00 -2.829607419815997060e-01 -5.859876594590219395e-02 9.838563723566694508e-01 -3.887493434500283003e+07
1.000000000000000000e+00 -1.895110913084642945e+01 3.240611437737695155e+02 -8.360625597893076483e+05 -9.379162955886215625e+13 -1.210908721494906000e-06 1.116999971167533440e-05 5.160937636175370492e-07 -7.267581433521382905e+02 -3.010780511503611923e+00 -4.212376707619426286e-01 5.541206128854788554e-02 3.082316854854910915e+00 -5.820629659966500103e+07
1.000000000000000000e+00 2.189626722557763472e+01 3.428926351927911469e+02 -8.390172603869308950e+05 -9.445573267369753125e+13 1.404038378474698979e-06 1.186086815831088409e-05 5.791655887336530350e-07 3.244734840622669481e+02 1.336544397454308752e+00 9.153759006644819340e-01 -2.459721390334330959e-02 2.384899354196897026e+00 1.272117571784632355e+08
1.000000000000000000e+00 6.217628336880337514e+01 3.529176507411584680e+02 -8.419719948792626383e+05 -9.512218629169185938e+13 4.000924941194939384e-06 1.225063081186094899e-05 6.696265082009276831e-07 2.450300708548379305e+02 1.003581533612905252e+00 -9.532069402903605715e-01 -1.846922948027501787e-02 1.096520162032364742e-01 -1.332250447210970968e+08
1.000000000000000000e+00 1.008992062604040854e+02 3.539361832308647422e+02 -8.449267607622023206e+05 -9.579098992568400000e+13 6.515455972316639211e-06 1.232910225646680321e-05 7.785239068696461264e-07 -6.981807527681844476e+02 -2.843440852813480024e+00 5.160797664832699194e-01 5.233242613790935194e-02 2.268756582235273989e-01 7.253914970258331299e+07
1.000000000000000000e+00 1.370586490873157857e+02 3.459255681163668328e+02 -8.478815546285883756e+05 -9.646214287509176562e+13 8.881363257104853590e-06 1.209219873606435894e-05 8.948514836305468658e-07 8.066252610545710695e+02 3.266667973112261869e+00 1.781107530078988033e-01 -6.011888188741482120e-02 2.531680846016447273e+00 2.517612687533979863e+07
1.000000000000000000e+00 1.697456144803810787e+02 3.292017991617644839e+02 -8.508363720468089450e+05 -9.713564419461418750e+13 1.103780224789883898e-05 1.154770479558186772e-05 1.007358020384944982e-06 -5.122098687028044424e+02 -2.062773839623189609e+00 -7.835104844851363826e-01 3.796447532483043091e-02 3.003483426331859718e+00 -1.113712499401550442e+08
1.000000000000000000e+00 1.982054122165243086e+02 3.042549210013165748e+02 -8.537912085657363059e+05 -9.781149292042317188e+13 1.293317597922764466e-05 1.070968545493089524e-05 1.105442968640596034e-06 -4.202933025152763946e+01 -1.683217120440973491e-01 9.987171379202678390e-01 3.098538618003926319e-03 8.196266812559798165e-01 1.427535071843148768e+08
1.000000000000000000e+00 2.217310000793962388e+02 2.717170327573072655e+02 -8.567460591976249125e+05 -9.848968795119578125e+13 1.451832554799847482e-05 9.597462075965357286e-06 1.179420628617562150e-06 5.813629590892780925e+02 2.315433858900571629e+00 -7.166075253444015303e-01 -4.261242948885202164e-02 -2.111850960991038251e-01 -1.029978827405657172e+08
1.000000000000000000e+00 2.397693156255382689e+02 2.325036110054651886e+02 -8.597009184195485432e+05 -9.917022804631820312e+13 1.575357023580319725e-05 8.240707871411159961e-06 1.222370296083492006e-06 -8.355723370127847147e+02 -3.309631484766047294e+00 7.772092245730427562e-02 6.091237592393761169e-02 1.708204947943005703e+00 1.123244538090119511e+07
1.000000000000000000e+00 2.519593264700045268e+02 1.876296091415298690e+02 -8.626557807979757199e+05 -9.985311196835367188e+13 1.661139000791267097e-05 6.673080081931430210e-06 1.230766988732971949e-06 6.742596432686091248e+02 2.656112025524925535e+00 5.998733704095808861e-01 -4.888241597594072257e-02 3.231059207824058532e+00 8.717105784445010126e+07
1.000000000000000000e+00 2.580152390378846690e+02 1.381772045007797090e+02 -8.656106409331872128e+05 -1.005383384704856562e+14 1.706891607372997165e-05 4.931129574914931976e-06 1.203960719812815096e-06 -1.736057395565874515e+02 -6.801737555070392904e-01 -9.787817584033317031e-01 1.251871486422830720e-02 1.702198334190651918e+00 -1.430085588562631309e+08
1.000000000000000000e+00 2.578249250248034627e+02 8.542818172156960088e+01 -8.685654932662822539e+05 -1.012259062516671094e+14 1.711454946070130903e-05 3.059082293592229872e-06 1.145040197602520861e-06 -4.194610541007230609e+02 -1.634544706622762300e+00 8.703838513394919207e-01 3.008337194828098263e-02 -2.127937773674883348e-01 1.278608596227859557e+08
1.000000000000000000e+00 2.514702525354835814e+02 3.066994785066770035e+01 -8.715203329022149555e+05 -1.019158141484818125e+14 1.674951132982427848e-05 1.101990846861514916e-06 1.060233700800902567e-06 8.089659016092912225e+02 3.135432159217639736e+00 -3.285713197474395830e-01 -5.770355145784456657e-02 8.255681842538949988e-01 -4.852822591167589277e+07
1.000000000000000000e+00 2.391034409010688648e+02 -2.482821181854105319e+01 -8.744751551802300382e+05 -1.026080610369691875e+14 1.597979856287193355e-05 -8.951181081994052705e-07 9.574437747100642334e-07 -7.976014176775212263e+02 -3.074876479505075366e+00 -3.768893801490773021e-01 5.659172489738711204e-02 3.006614358804659659e+00 -5.596340077854036540e+07
1.000000000000000000e+00 2.210406024973588899e+02 -7.968510458774245819e+01 -8.774299555177506991e+05 -1.033026457967941875e+14 1.482253593954693933e-05 -2.882551200594762130e-06 8.465030476809126387e-07 3.866809266885048828e+02 1.482796237537326256e+00 8.947055627637138242e-01 -2.728883434423738305e-02 2.526266349524491250e+00 1.335621396181436628e+08
1.000000000000000000e+00 1.977680639332185422e+02 -1.326052511449317421e+02 -8.803847303152809618e+05 -1.039995675253491562e+14 1.330658653443581482e-05 -4.813053063008123273e-06 7.382908038874692183e-07 2.223318355037257277e+02 8.480659356046061914e-01 -9.668156475301612485e-01 -1.560712452580457175e-02 2.221530108806074322e-01 -1.450934006565917134e+08
1.000000000000000000e+00 1.698152340335411736e+02 -1.823893989844814598e+02 -8.833394764446300687e+05 -1.046988254203341562e+14 1.146416126657474760e-05 -6.642241437824155412e-06 6.429252158830248667e-07 -7.265027375654198067e+02 -2.756618133472484189e+00 5.571883678123263905e-01 5.073450101776408316e-02 1.140052766465724648e-01 8.406101749257183075e+07
1.000000000000000000e+00 1.378460591297672977e+02 -2.278056798694366307e+02 -8.862941912374491803e+05 -1.054004187788993594e+14 9.337062303736860306e-06 -8.323957938002574070e-06 5.692843069465830643e-07 8.720270767855627128e+02 3.291491460927721047e+00 1.301991801303116758e-01 -6.057571694143125407e-02 2.391195628272461793e+00 1.974592311569989100e+07
1.000000000000000000e+00 1.026545769122265881e+02 -2.677872956646431248e+02 -8.892488731028666953e+05 -1.061043471468595156e+14 6.976532795080056992e-06 -9.817495679975913795e-06 5.243145353930202179e-07 -5.820235815764626750e+02 -2.185438802339137343e+00 -7.527301831123416331e-01 4.022205112113982906e-02 3.079341062960845310e+00 -1.147554227009106874e+08
1.000000000000000000e+00 6.503596012537215643e+01 -3.014279017974403132e+02 -8.922035208919150755e+05 -1.068106101707901719e+14 4.434610572521537337e-06 -1.108753003166885314e-05 5.120462382416673352e-07 -2.830752001376297233e+00 -1.057418664470689308e-02 9.999983359752463441e-01 1.953181524280386860e-04 9.764692395940288705e-01 1.532449187774774134e+08
1.000000000000000000e+00 2.587711916007187085e+01 -3.278551707062426317e+02 -8.951581341463453136e+05 -1.075192076595507188e+14 1.770327791766722503e-06 -1.209955020016724489e-05 5.333716390956343415e-07 5.923994323243664439e+02 2.201499117485724799e+00 -7.484804707798321521e-01 -4.051559148139407401e-02 -2.456703006859036476e-01 -1.152944882737688124e+08
1.000000000000000000e+00 -1.385674669480607335e+01 -3.464260480983726325e+02 -8.981127135019282578e+05 -1.082301396842254062e+14 -9.511086280367396810e-07 -1.282710972350065342e-05 5.861744040445999920e-07 -8.910123203182586167e+02 -3.294259879859665840e+00 1.234997362372070862e-01 6.062947749581651391e-02 1.547749630410126809e+00 1.912158273619480804e+07
1.000000000000000000e+00 -5.325248507372570828e+01 -3.567055060510347744e+02 -9.010672603222916368e+05 -1.089434064939186250e+14 -3.667204160613863059e-06 -1.325117682220684572e-05 6.653913784600906949e-07 7.457567496540366392e+02 2.743171880086197501e+00 5.632012784442607112e-01 -5.048464514585700863e-02 3.224228719983511127e+00 8.764754565002472699e+07
1.000000000000000000e+00 -9.135891520764921836e+01 -3.583423881811309570e+02 -9.040217764376871055e+05 -1.096590084552646094e+14 -6.312012138486775931e-06 -1.335563377386364420e-05 7.631023810688778658e-07 -2.247916446273821975e+02 -8.226762656640904670e-01 -9.688038397251227396e-01 1.514135765229071562e-02 1.854186565127832864e+00 -1.515371108532133996e+08
1.000000000000000000e+00 -1.272083229135724878e+02 -3.512590178315849130e+02 -9.069762647962702904e+05 -1.103769462127956719e+14 -8.817580801589016754e-06 -1.313441790836591753e-05 8.695599923290365491e-07 -4.143674336572329366e+02 -1.508823968297939189e+00 8.907459000084908540e-01 2.776955855524671640e-02 -1.685741118290336737e-01 1.400337851401440203e+08
1.000000000000000000e+00 -1.599471538314463714e+02 -3.356104523525573882e+02 -9.099307288107275963e+05 -1.110972205338277969e+14 -1.112302330789270328e-05 -1.259015960582695241e-05 9.743106015768988445e-07 8.520550478453208143e+02 3.086994335304089176e+00 -3.678414404965463236e-01 -5.681210736071039269e-02 6.920300338134194318e-01 -5.811984275124780834e+07
