5.400000438380804553e+04 -2.012691730834144210e-07 9.999999999999999547e-08
5.400918207016043016e+04 9.843477994864182848e-08 9.999999999999999547e-08
5.401835965723268600e+04 -3.712935013827696418e-08 9.999999999999999547e-08
5.402753713368914759e+04 -2.942775799019987462e-08 9.999999999999999547e-08
5.403671448971956124e+04 2.781387128446258723e-08 9.999999999999999547e-08
5.404589171898461791e+04 -1.124670777999508312e-07 9.999999999999999547e-08
5.405506881867373886e+04 -6.828355110798471361e-08 9.999999999999999547e-08
5.406424578770753578e+04 -3.977228292146016825e-08 9.999999999999999547e-08
5.407342263012720650e+04 -1.539777454641490731e-07 9.999999999999999547e-08
5.408259935373871122e+04 -1.600274359554852431e-07 9.999999999999999547e-08
5.409177596819142491e+04 -1.436106216122394141e-07 9.999999999999999547e-08
5.410095248676995834e+04 -2.465053497239823714e-07 9.999999999999999547e-08
5.411012892587299575e+04 -1.137328455428739081e-07 9.999999999999999547e-08
5.411930530312428164e+04 -9.858708103881362777e-08 9.999999999999999547e-08
5.412848163882066729e+04 -1.049493329844255217e-08 9.999999999999999547e-08
5.413765795463752147e+04 -1.573339302698466268e-07 9.999999999999999547e-08
5.414683427082189883e+04 -2.585164816679782899e-07 9.999999999999999547e-08
5.415601060839365527e+04 -5.300659623547262125e-08 9.999999999999999547e-08
5.416518698865640908e+04 -3.017646209483695344e-07 9.999999999999999547e-08
5.417436342984480143e+04 -1.224272013449673791e-07 9.999999999999999547e-08
5.418353994945435988e+04 -1.837663512972500219e-07 9.999999999999999547e-08
5.419271656256797723e+04 -9.109722066299853792e-08 9.999999999999999547e-08
5.420189328063600260e+04 -1.699494016371016885e-07 9.999999999999999547e-08
5.421107011345129285e+04 -1.682070282355771352e-07 9.999999999999999547e-08
5.422024706837714621e+04 -1.929691236544761087e-07 9.999999999999999547e-08
5.422942414814750373e+04 -2.783233707465417151e-07 9.999999999999999547e-08
5.423860135331299534e+04 -1.193440459822385872e-07 9.999999999999999547e-08
5.424777868192177266e+04 -2.373029407749791217e-07 9.999999999999999547e-08
5.425695612789237930e+04 1.172982900575258280e-08 9.999999999999999547e-08
5.426613368406552036e+04 -1.951488208211173967e-07 9.999999999999999547e-08
5.427531134054905124e+04 -4.755904781535039553e-08 9.999999999999999547e-08
5.428448908358420886e+04 1.418552204062363259e-08 9.999999999999999547e-08
5.429366689921828220e+04 -1.255334508354343276e-08 9.999999999999999547e-08
5.430284477177548979e+04 -1.221387735349742600e-07 9.999999999999999547e-08
5.431202268331406958e+04 -1.500460995118786140e-07 9.999999999999999547e-08
5.432120061589481338e+04 -9.278921554321012729e-08 9.999999999999999547e-08
5.433037855082697934e+04 -2.433546223630656277e-08 9.999999999999999547e-08
5.433955646786242869e+04 -3.282418814374044263e-08 9.999999999999999547e-08
5.434873434873716906e+04 -1.292525148514851741e-07 9.999999999999999547e-08
5.435791217570893059e+04 4.137636757777802853e-08 9.999999999999999547e-08
5.436708993057952466e+04 -2.516512320909178389e-08 9.999999999999999547e-08
5.437626759798324929e+04 -1.789166094037294906e-07 9.999999999999999547e-08
5.438544516413102247e+04 -1.996950238836571099e-07 9.999999999999999547e-08
5.439462261674901674e+04 1.863689803337339191e-07 9.999999999999999547e-08
5.440379994774006627e+04 -3.499703126227155511e-08 9.999999999999999547e-08
5.441297715162143868e+04 2.276616875777574611e-07 9.999999999999999547e-08
5.442215422459180263e+04 -2.996681915500885392e-08 9.999999999999999547e-08
5.443133116785591119e+04 2.006823913058749781e-08 9.999999999999999547e-08
5.444050798614470114e+04 1.831431272811765226e-08 9.999999999999999547e-08
5.444968468644475070e+04 1.570741195051869428e-07 9.999999999999999547e-08
5.445886128052535059e+04 9.018253137804038675e-08 9.999999999999999547e-08
5.446803778210063319e+04 -4.663582190221022260e-08 9.999999999999999547e-08
5.447721420674341061e+04 9.722230644416861282e-08 9.999999999999999547e-08
5.448639057398719160e+04 1.073466567005009701e-07 9.999999999999999547e-08
5.449556690419713414e+04 1.118339876309376766e-07 9.999999999999999547e-08
5.450474321779629827e+04 2.390483996813428495e-07 9.999999999999999547e-08
5.451391953645154717e+04 4.330226213184597587e-08 9.999999999999999547e-08
5.452309588120737317e+04 3.148100979687818954e-07 9.999999999999999547e-08
5.453227227144145581e+04 7.868612069927594339e-08 9.999999999999999547e-08
5.454144872703640431e+04 7.295596745208035129e-08 9.999999999999999547e-08
5.455062526444394462e+04 1.773540562223094408e-07 9.999999999999999547e-08
5.455980189705754310e+04 2.507931737234901744e-08 9.999999999999999547e-08
5.456897863725909701e+04 3.122142392274898480e-07 9.999999999999999547e-08
5.457815549410466338e+04 3.174527214746647543e-08 9.999999999999999547e-08
5.458733247325306729e+04 2.323230825955891934e-07 9.999999999999999547e-08
5.459650957815496804e+04 2.088149990861715507e-07 9.999999999999999547e-08
5.460568680836999556e+04 1.433859008694706040e-07 9.999999999999999547e-08
5.461486416023081983e+04 1.762513235497853574e-07 9.999999999999999547e-08
5.462404162884467223e+04 2.607726389950600138e-07 9.999999999999999547e-08
5.463321920608032087e+04 8.127619026306431318e-08 9.999999999999999547e-08
5.464239688032700360e+04 3.023099233958654508e-08 9.999999999999999547e-08
5.465157463914469554e+04 4.332085511068987979e-08 9.999999999999999547e-08
5.466075246739709110e+04 1.311168336007855655e-07 9.999999999999999547e-08
5.466993034858923056e+04 2.179754217084036009e-07 9.999999999999999547e-08
5.467910826603275927e+04 3.964563169073894526e-08 9.999999999999999547e-08
5.468828620080953260e+04 -5.150512868028694593e-08 9.999999999999999547e-08
5.469746413308491901e+04 2.082240415791243757e-08 9.999999999999999547e-08
5.470664204438687739e+04 1.830157535019433665e-07 9.999999999999999547e-08
5.471581991611771082e+04 -1.362167686180910459e-07 9.999999999999999547e-08
5.472499772957647656e+04 2.506224060867305849e-09 9.999999999999999547e-08
5.473417546847364429e+04 9.464643515513375571e-08 9.999999999999999547e-08
5.474335311671474483e+04 1.228988383680269901e-07 9.999999999999999547e-08
5.475253066046614549e+04 2.716652849426386567e-07 9.999999999999999547e-08
5.476170808971275983e+04 -1.661205714350396633e-08 9.999999999999999547e-08
5.477088539599461365e+04 1.191139789551735378e-08 9.999999999999999547e-08
5.478006257335370174e+04 -1.763399487159724255e-08 9.999999999999999547e-08
5.478923962035113800e+04 5.863349159987423302e-08 9.999999999999999547e-08
5.479841653832088923e+04 -1.195619556942891811e-07 9.999999999999999547e-08
5.480759333188040182e+04 -2.091447747653963536e-09 9.999999999999999547e-08
5.481677001046573423e+04 1.654076954555224340e-07 9.999999999999999547e-08
5.482594658499070647e+04 6.974692071987026996e-08 9.999999999999999547e-08
5.483512308071082225e+04 5.766841458162723377e-08 9.999999999999999547e-08
5.484429949258615670e+04 -2.045886959153733772e-07 9.999999999999999547e-08
5.485347585088882624e+04 6.031385238839872662e-09 9.999999999999999547e-08
5.486265217571229732e+04 5.484600039312217886e-08 9.999999999999999547e-08
5.487182848878204095e+04 -4.636410241911456603e-08 9.999999999999999547e-08
5.488100481090254470e+04 -7.201095318765486576e-08 9.999999999999999547e-08
5.489018116259708768e+04 -1.710421955172982905e-07 9.999999999999999547e-08
5.489935756481398857e+04 -1.191994940230812503e-07 9.999999999999999547e-08
5.490853403545654874e+04 -2.015035798385119650e-07 9.999999999999999547e-08
5.491771059013537888e+04 2.645164320955409537e-09 9.999999999999999547e-08
5.492688724354515580e+04 -1.294552171548554765e-08 9.999999999999999547e-08
5.493606400630082499e+04 -1.002639648980375313e-07 9.999999999999999547e-08
5.494524088676335668e+04 3.688288406161480071e-08 9.999999999999999547e-08
5.495441789119576424e+04 -1.120084735254118519e-07 9.999999999999999547e-08
5.496359502099794190e+04 -1.220493582094431219e-07 9.999999999999999547e-08
5.497277227525299531e+04 9.084640213901610023e-08 9.999999999999999547e-08
5.498194965125446470e+04 2.950194473640892275e-08 9.999999999999999547e-08
5.499112714232491999e+04 9.746465244348927344e-09 9.999999999999999547e-08
5.500030473936005001e+04 -1.064368000687985086e-07 9.999999999999999547e-08
5.500948243193331291e+04 3.717624746235556551e-08 9.999999999999999547e-08
5.501866020568742533e+04 1.086618564130867759e-07 9.999999999999999547e-08
5.502783804551088542e+04 1.438490350697642816e-07 9.999999999999999547e-08
5.503701593583805516e+04 3.585820809481905453e-08 9.999999999999999547e-08
5.504619385809216328e+04 -8.859869616595434173e-08 9.999999999999999547e-08
5.505537179351636587e+04 6.576937043536177146e-09 9.999999999999999547e-08
5.506454972349142190e+04 5.303785010326028446e-08 9.999999999999999547e-08
5.507372762835497997e+04 6.097113612179451097e-08 9.999999999999999547e-08
5.508290548955713166e+04 -1.111456240853902590e-07 9.999999999999999547e-08
5.509208328982464445e+04 6.624887148559372673e-08 9.999999999999999547e-08
5.510126101166781154e+04 -2.455675198710957185e-07 9.999999999999999547e-08
5.511043863967965444e+04 -1.801131352031670525e-07 9.999999999999999547e-08
5.511961616179966950e+04 -1.857831148097405549e-07 9.999999999999999547e-08
5.512879356687255495e+04 8.635599491571612312e-08 9.999999999999999547e-08
5.513797084746220207e+04 -6.944316139306309499e-08 9.999999999999999547e-08
5.514714799930109439e+04 -7.109922111598184041e-08 9.999999999999999547e-08
5.515632502016521175e+04 -1.233719325312899707e-08 9.999999999999999547e-08
5.516550191247519979e+04 5.611238508488870901e-08 9.999999999999999547e-08
5.517467868279584945e+04 -1.720223497511168939e-07 9.999999999999999547e-08
5.518385533946363284e+04 -1.084989016728077255e-08 9.999999999999999547e-08
5.519303189445164026e+04 -2.855196107581970315e-08 9.999999999999999547e-08
5.520220836329989106e+04 -4.907881255198927466e-08 9.999999999999999547e-08
5.521138476267475198e+04 -6.558867288019646317e-09 9.999999999999999547e-08
5.522056111246628279e+04 2.357396219431416335e-08 9.999999999999999547e-08
5.522973743379302323e+04 -1.008623207626505353e-07 9.999999999999999547e-08
5.523891374684230686e+04 1.272999316820440544e-07 9.999999999999999547e-08
5.524809007290207228e+04 1.675279711520494190e-07 9.999999999999999547e-08
5.525726643349482765e+04 8.302440355021666335e-08 9.999999999999999547e-08
5.526644284779510781e+04 7.041417202245396958e-08 9.999999999999999547e-08
5.527561933376565867e+04 1.718571265406485922e-07 9.999999999999999547e-08
5.528479590759176790e+04 2.905341447586173179e-08 9.999999999999999547e-08
5.529397258165201492e+04 1.247793322482997362e-07 9.999999999999999547e-08
5.530314936698072415e+04 7.185583779659442092e-08 9.999999999999999547e-08
5.531232627235719701e+04 -9.929233465762669289e-09 9.999999999999999547e-08
5.532150330145157204e+04 -3.079647670499569497e-09 9.999999999999999547e-08
5.533068045606508531e+04 8.989481348178495059e-08 9.999999999999999547e-08
5.533985773528752907e+04 6.460954544363451006e-08 9.999999999999999547e-08
5.534903513454417407e+04 4.884726311517233547e-08 9.999999999999999547e-08
5.535821264748607791e+04 1.901779717851127457e-07 9.999999999999999547e-08
5.536739026514894795e+04 2.533478490166429481e-08 9.999999999999999547e-08
5.537656797469541925e+04 2.250566422146457191e-07 9.999999999999999547e-08
5.538574576261325274e+04 -4.348263016871805176e-08 9.999999999999999547e-08
5.539492361437235377e+04 3.651623051881295570e-08 9.999999999999999547e-08
5.540410151231519558e+04 9.309277203752082521e-08 9.999999999999999547e-08
5.541327943873532058e+04 -1.361618736509330520e-08 9.999999999999999547e-08
5.542245737505560828e+04 -2.619149789804553861e-08 9.999999999999999547e-08
5.543163530107364204e+04 1.613084845070982832e-07 9.999999999999999547e-08
5.544081319867235288e+04 1.313296048895920034e-07 9.999999999999999547e-08
5.544999104974170041e+04 9.021366616624990521e-08 9.999999999999999547e-08
5.545916883549364866e+04 -1.579390810230916517e-07 9.999999999999999547e-08
5.546834653959275602e+04 -6.696955148766973918e-08 9.999999999999999547e-08
5.547752414791558840e+04 -1.457851888069906014e-07 9.999999999999999547e-08
5.548670164719332388e+04 -3.205641931412941711e-07 9.999999999999999547e-08
5.549587902816307178e+04 6.137754483390623513e-08 9.999999999999999547e-08
5.550505628386793251e+04 4.885263817632903026e-08 9.999999999999999547e-08
5.551423340914721484e+04 -2.694461495747200147e-08 9.999999999999999547e-08
5.552341040409173002e+04 -7.762900767512974018e-08 9.999999999999999547e-08
5.553258727210086363e+04 -7.712483369971515110e-08 9.999999999999999547e-08
5.554176401876909949e+04 -2.329099269554051569e-07 9.999999999999999547e-08
5.555094065411719930e+04 -2.838553701245869811e-08 9.999999999999999547e-08
5.556011719107544923e+04 -8.032742359745396250e-08 9.999999999999999547e-08
5.556929364424838423e+04 6.080014832726272927e-08 9.999999999999999547e-08
5.557847003236620367e+04 -1.092044494832542305e-07 9.999999999999999547e-08
5.558764637539607793e+04 -9.675361049230793228e-08 9.999999999999999547e-08
5.559682269293821446e+04 -1.156367412224279058e-07 9.999999999999999547e-08
5.560599900693617383e+04 3.489275921699517628e-08 9.999999999999999547e-08
5.561517533874696528e+04 1.624897133557596999e-07 9.999999999999999547e-08
5.562435170831866708e+04 -9.826288709860805347e-08 9.999999999999999547e-08
5.563352813575399341e+04 -2.707774068599437414e-08 9.999999999999999547e-08
5.564270463845166523e+04 -2.011183045400057772e-08 9.999999999999999547e-08
5.565188123090784211e+04 -8.702194394915889079e-08 9.999999999999999547e-08
5.566105792654299148e+04 -3.464819317374378090e-08 9.999999999999999547e-08
5.567023473591476068e+04 1.230110047385798844e-07 9.999999999999999547e-08
5.567941166531825729e+04 -9.746092121294623325e-08 9.999999999999999547e-08
5.568858871965808794e+04 -1.152185344201043185e-07 9.999999999999999547e-08
5.569776589973121736e+04 -1.060394174027801059e-07 9.999999999999999547e-08
5.570694320302717097e+04 1.795607673391968757e-08 9.999999999999999547e-08
5.571612062590216374e+04 1.433088583262246719e-07 9.999999999999999547e-08
5.572529816096877039e+04 -1.130565478686904836e-08 9.999999999999999547e-08
5.573447579759397922e+04 8.136695780523865367e-08 9.999999999999999547e-08
5.574365352415551752e+04 7.659143570272140667e-08 9.999999999999999547e-08
5.575283132656128146e+04 1.797354787580530903e-07 9.999999999999999547e-08
5.576200918861181708e+04 8.784921394937832338e-08 9.999999999999999547e-08
5.577118709394836333e+04 2.971147070527171137e-08 9.999999999999999547e-08
5.578036502424415085e+04 1.816190827366051689e-07 9.999999999999999547e-08
5.578954295960612944e+04 1.039492123844779970e-07 9.999999999999999547e-08
5.579872088182582957e+04 1.010795720297094276e-07 9.999999999999999547e-08
5.580789877198345494e+04 3.610857488970345137e-07 9.999999999999999547e-08
5.581707661110618938e+04 1.560992727216928575e-07 9.999999999999999547e-08
5.582625438219140051e+04 1.932457118781091229e-07 9.999999999999999547e-08
