5.400000048161418090e+04 6.779342403194807219e-07 9.999999999999999547e-08
5.400917843872644880e+04 5.270361159162618257e-07 9.999999999999999547e-08
5.401835638637497323e+04 5.730725539291720935e-07 9.999999999999999547e-08
5.402753430466043210e+04 7.159560665189864935e-07 9.999999999999999547e-08
5.403671217369267106e+04 7.249101574663149685e-07 9.999999999999999547e-08
5.404588997431658936e+04 9.769909821401075387e-07 9.999999999999999547e-08
5.405506768994688900e+04 7.999830303547654832e-07 9.999999999999999547e-08
5.406424530440273520e+04 1.036151233658915344e-06 9.999999999999999547e-08
5.407342280414568086e+04 9.313972718032892434e-07 9.999999999999999547e-08
5.408260018010721978e+04 1.119633704608297681e-06 9.999999999999999547e-08
5.409177742565360677e+04 9.727812708441268375e-07 9.999999999999999547e-08
5.410095453719511715e+04 1.085172301820724108e-06 9.999999999999999547e-08
5.411013151560626284e+04 9.862414798569425848e-07 9.999999999999999547e-08
5.411930836459992133e+04 1.061183269886935693e-06 9.999999999999999547e-08
5.412848509149662277e+04 1.179842507605524422e-06 9.999999999999999547e-08
5.413766170856571262e+04 1.356854469403531567e-06 9.999999999999999547e-08
5.414683822920350212e+04 1.444564429371710812e-06 9.999999999999999547e-08
5.415601466897945647e+04 1.250728515131261880e-06 9.999999999999999547e-08
5.416519104696467548e+04 1.320438831499244215e-06 9.999999999999999547e-08
5.417436738256793615e+04 1.232337293794303356e-06 9.999999999999999547e-08
5.418354369635139301e+04 1.244540831671373662e-06 9.999999999999999547e-08
5.419272000985826890e+04 1.440921845255837180e-06 9.999999999999999547e-08
5.420189634284056956e+04 1.440196433964693311e-06 9.999999999999999547e-08
5.421107271443195350e+04 1.433603772642386873e-06 9.999999999999999547e-08
5.422024914406622702e+04 1.325306897763466550e-06 9.999999999999999547e-08
5.422942564841761487e+04 1.186367444269484215e-06 9.999999999999999547e-08
5.423860224184178514e+04 1.454923806979728490e-06 9.999999999999999547e-08
5.424777893748001952e+04 1.154771240086928882e-06 9.999999999999999547e-08
5.425695574445618695e+04 1.239617583177307606e-06 9.999999999999999547e-08
5.426613267023493972e+04 1.188078828563620983e-06 9.999999999999999547e-08
5.427530972053036385e+04 1.132679077810893217e-06 9.999999999999999547e-08
5.428448689640304656e+04 1.194389920163282347e-06 9.999999999999999547e-08
5.429366419641648827e+04 1.078381479039209966e-06 9.999999999999999547e-08
5.430284161722770659e+04 1.074231962488904163e-06 9.999999999999999547e-08
5.431201915197940980e+04 7.338595700655339433e-07 9.999999999999999547e-08
5.432119679151785385e+04 1.040115665846871770e-06 9.999999999999999547e-08
5.433037452512283198e+04 1.061980839128206070e-06 9.999999999999999547e-08
5.433955233775897796e+04 9.874500976742492365e-07 9.999999999999999547e-08
5.434873021336008242e+04 1.030283426681549522e-06 9.999999999999999547e-08
5.435790813535590132e+04 1.025736762932446829e-06 9.999999999999999547e-08
5.436708608448586165e+04 1.045207869541233538e-06 9.999999999999999547e-08
5.437626404088861455e+04 1.010753996666331502e-06 9.999999999999999547e-08
5.438544198453833087e+04 9.738334536117924272e-07 9.999999999999999547e-08
5.439461989431062830e+04 9.595032500734022004e-07 9.999999999999999547e-08
5.440379775063421403e+04 9.892294071273658470e-07 9.999999999999999547e-08
5.441297553605637222e+04 9.308597073276641156e-07 9.999999999999999547e-08
5.442215323247038759e+04 8.081658399216291374e-07 9.999999999999999547e-08
5.443133082453867974e+04 8.883388028626833312e-07 9.999999999999999547e-08
5.444050830054016842e+04 9.142261970700498597e-07 9.999999999999999547e-08
5.444968565057007072e+04 8.336347670295285894e-07 9.999999999999999547e-08
5.445886286916306562e+04 9.874490283375386448e-07 9.999999999999999547e-08
5.446803995434798708e+04 9.576277448720161857e-07 9.999999999999999547e-08
5.447721690617007698e+04 9.013557049753555796e-07 9.999999999999999547e-08
5.448639372955550061e+04 8.417838256564597616e-07 9.999999999999999547e-08
5.449557043376884394e+04 9.059384588384454520e-07 9.999999999999999547e-08
5.450474703013663384e+04 9.124796360536996442e-07 9.999999999999999547e-08
5.451392353289196762e+04 7.647388953727830308e-07 9.999999999999999547e-08
5.452309995911533042e+04 8.485707498145494437e-07 9.999999999999999547e-08
5.453227632648928557e+04 7.763414214627248827e-07 9.999999999999999547e-08
5.454145265571700293e+04 8.536920706564307426e-07 9.999999999999999547e-08
5.455062896822285984e+04 9.398316428313529840e-07 9.999999999999999547e-08
5.455980528370373213e+04 6.673677455573028384e-07 9.999999999999999547e-08
5.456898162242830585e+04 7.276854872319354224e-07 9.999999999999999547e-08
5.457815800430005038e+04 5.194172589361453474e-07 9.999999999999999547e-08
5.458733444722375134e+04 6.280988945302963894e-07 9.999999999999999547e-08
5.459651096798993240e+04 5.853161585161228925e-07 9.999999999999999547e-08
5.460568758124621672e+04 4.842375514909845642e-07 9.999999999999999547e-08
5.461486429789667454e+04 4.282799634208241718e-07 9.999999999999999547e-08
5.462404112756466202e+04 5.988696003234056959e-07 9.999999999999999547e-08
5.463321807818363595e+04 3.861332822489038853e-07 9.999999999999999547e-08
5.464239515315589233e+04 4.239131264619099354e-07 9.999999999999999547e-08
5.465157235367478279e+04 1.509416729736796498e-07 9.999999999999999547e-08
5.466074967822957842e+04 -2.012143503542738960e-08 9.999999999999999547e-08
5.466992712188022415e+04 1.930526873107273442e-07 9.999999999999999547e-08
5.467910467805239023e+04 1.719709591149423795e-07 9.999999999999999547e-08
5.468828233778777940e+04 1.585101263223786900e-07 9.999999999999999547e-08
5.469746008784102742e+04 2.738838715529343476e-07 9.999999999999999547e-08
5.470663791386176308e+04 -1.284039629801452178e-07 9.999999999999999547e-08
5.471581580035029037e+04 5.506369592980206341e-08 9.999999999999999547e-08
5.472499372889829101e+04 -1.257886772755646019e-07 9.999999999999999547e-08
5.473417168096555542e+04 1.562695317456695221e-07 9.999999999999999547e-08
5.474334963662474183e+04 -1.709611803375946517e-07 9.999999999999999547e-08
5.475252757453762024e+04 -1.183168429542499898e-07 9.999999999999999547e-08
5.476170547493077902e+04 -2.580130749495578675e-07 9.999999999999999547e-08
5.477088331899294280e+04 -7.417985882947664847e-08 9.999999999999999547e-08
5.478006108754258457e+04 -9.368611988262879631e-08 9.999999999999999547e-08
5.478923876396553533e+04 -1.387508872710524323e-07 9.999999999999999547e-08
5.479841633398487465e+04 -8.932511971992729803e-08 9.999999999999999547e-08
5.480759378497378930e+04 5.127790980608273419e-08 9.999999999999999547e-08
5.481677110913956130e+04 -2.230771985522924906e-07 9.999999999999999547e-08
5.482594830158456170e+04 -1.612025917382242227e-07 9.999999999999999547e-08
5.483512537092345883e+04 -1.653518632322004406e-07 9.999999999999999547e-08
5.484430229640148900e+04 -2.892967654784012383e-07 9.999999999999999547e-08
5.485347909548842290e+04 -2.899733214485735330e-07 9.999999999999999547e-08
5.486265577682213188e+04 -3.322517760922435929e-07 9.999999999999999547e-08
5.487183235312371107e+04 -3.433443399604061560e-07 9.999999999999999547e-08
5.488100883944614179e+04 -2.684629451767213531e-07 9.999999999999999547e-08
5.489018525179046264e+04 -2.790338509528309830e-07 9.999999999999999547e-08
5.489936160985899187e+04 -2.773073845555033440e-07 9.999999999999999547e-08
5.490853793436761043e+04 -3.426663359301047277e-07 9.999999999999999547e-08
5.491771424521285371e+04 -3.199368489744717468e-07 9.999999999999999547e-08
5.492689056355926004e+04 -2.851881287794328494e-07 9.999999999999999547e-08
5.493606690943101421e+04 -3.415592605446213913e-07 9.999999999999999547e-08
5.494524330155993812e+04 -2.078630545553920628e-07 9.999999999999999547e-08
5.495441975869768794e+04 -2.364548904155966429e-07 9.999999999999999547e-08
5.496359629697461787e+04 -3.600418544757274674e-07 9.999999999999999547e-08
5.497277292932626733e+04 -3.506486894194021059e-07 9.999999999999999547e-08
5.498194966762343392e+04 -2.430637477335010390e-07 9.999999999999999547e-08
5.499112652117099060e+04 -3.159617456972562491e-07 9.999999999999999547e-08
5.500030349575843866e+04 -3.377704891892512612e-07 9.999999999999999547e-08
5.500948059577267122e+04 -4.826104980973658135e-07 9.999999999999999547e-08
5.501865782138428040e+04 -3.501242243184835255e-07 9.999999999999999547e-08
5.502783516956763197e+04 -3.811451921842084614e-07 9.999999999999999547e-08
5.503701263625374122e+04 -3.946563060800248227e-07 9.999999999999999547e-08
5.504619021410720597e+04 -6.587429304507947682e-07 9.999999999999999547e-08
5.505536789238960773e+04 -5.574172398119325516e-07 9.999999999999999547e-08
5.506454565880825248e+04 -4.210198892913899367e-07 9.999999999999999547e-08
5.507372349840686365e+04 -5.044985284508921071e-07 9.999999999999999547e-08
5.508290139419856132e+04 -5.073243398203984025e-07 9.999999999999999547e-08
5.509207932903156325e+04 -6.393120353579011677e-07 9.999999999999999547e-08
5.510125728365816030e+04 -4.450579102132388290e-07 9.999999999999999547e-08
5.511043523683198146e+04 -4.990956824420620705e-07 9.999999999999999547e-08
5.511961316879903461e+04 -4.136043288144776869e-07 9.999999999999999547e-08
5.512879105948537472e+04 -6.178002555816161378e-07 9.999999999999999547e-08
5.513796888938001939e+04 -6.382780981478623638e-07 9.999999999999999547e-08
5.514714664092305611e+04 -6.975537043643406200e-07 9.999999999999999547e-08
5.515632429728507850e+04 -6.205770556852138935e-07 9.999999999999999547e-08
5.516550184372835065e+04 -7.737040899337923179e-07 9.999999999999999547e-08
5.517467926998381881e+04 -5.394688464013823864e-07 9.999999999999999547e-08
5.518385656837856368e+04 -6.728508233425930245e-07 9.999999999999999547e-08
5.519303373346293665e+04 -8.059109299338728063e-07 9.999999999999999547e-08
5.520221076471527340e+04 -6.993667202016932703e-07 9.999999999999999547e-08
5.521138766433602723e+04 -8.377467992067212258e-07 9.999999999999999547e-08
5.522056443859011779e+04 -7.677526296366595930e-07 9.999999999999999547e-08
5.522974109818835132e+04 -9.332433126568926931e-07 9.999999999999999547e-08
5.523891765550317359e+04 -8.049707601866564602e-07 9.999999999999999547e-08
5.524809412500204053e+04 -8.923760483036689995e-07 9.999999999999999547e-08
5.525727052492531948e+04 -9.621851335113811491e-07 9.999999999999999547e-08
5.526644687471594807e+04 -9.182794825616966259e-07 9.999999999999999547e-08
5.527562319438101258e+04 -9.460574417957921365e-07 9.999999999999999547e-08
5.528479950535960961e+04 -9.870325532118629128e-07 9.999999999999999547e-08
5.529397582750525180e+04 -9.763096011221957992e-07 9.999999999999999547e-08
5.530315218034579448e+04 -1.134652258343833488e-06 9.999999999999999547e-08
5.531232858423584548e+04 -9.569181823762069220e-07 9.999999999999999547e-08
5.532150505642918142e+04 -1.308074612748844717e-06 9.999999999999999547e-08
5.533068161197087466e+04 -9.148465329968230304e-07 9.999999999999999547e-08
5.533985826461441320e+04 -1.105244429461946505e-06 9.999999999999999547e-08
5.534903502513474086e+04 -1.005276707334323512e-06 9.999999999999999547e-08
5.535821190191494679e+04 -1.180009756656820427e-06 9.999999999999999547e-08
5.536738890171128151e+04 -9.869989359390193341e-07 9.999999999999999547e-08
5.537656602679978823e+04 -9.670906711161756096e-07 9.999999999999999547e-08
5.538574327641197306e+04 -1.045625343382841443e-06 9.999999999999999547e-08
5.539492064885328728e+04 -9.434447848772920074e-07 9.999999999999999547e-08
5.540409813840427523e+04 -1.063555313012979583e-06 9.999999999999999547e-08
5.541327573684021627e+04 -1.065662374167935833e-06 9.999999999999999547e-08
5.542245343407766632e+04 -1.052891931889239504e-06 9.999999999999999547e-08
5.543163121608502843e+04 -1.074162019291050682e-06 9.999999999999999547e-08
5.544080906771014998e+04 -1.292387977870737179e-06 9.999999999999999547e-08
5.544998697315766185e+04 -9.012130246033240642e-07 9.999999999999999547e-08
5.545916491360491636e+04 -1.095781779797271698e-06 9.999999999999999547e-08
5.546834286899014114e+04 -9.754896871992407688e-07 9.999999999999999547e-08
5.547752081980436196e+04 -1.180918269581829350e-06 9.999999999999999547e-08
5.548669874501999584e+04 -1.056733345799765251e-06 9.999999999999999547e-08
5.549587662478218408e+04 -1.092853401214927408e-06 9.999999999999999547e-08
5.550505444092903053e+04 -1.021085224319606739e-06 9.999999999999999547e-08
5.551423217456435668e+04 -1.119946918120609031e-06 9.999999999999999547e-08
5.552340980951806705e+04 -9.834975933803551050e-07 9.999999999999999547e-08
5.553258733309322270e+04 -1.160174652287269615e-06 9.999999999999999547e-08
5.554176473445702868e+04 -8.504224715194287981e-07 9.999999999999999547e-08
5.555094200612940767e+04 -8.665047609805079677e-07 9.999999999999999547e-08
5.556011914488665207e+04 -8.861073068933223514e-07 9.999999999999999547e-08
5.556929614936287544e+04 -9.994942467931830480e-07 9.999999999999999547e-08
5.557847302301404125e+04 -1.016630545805475271e-06 9.999999999999999547e-08
5.558764977397358598e+04 -9.319326622951034491e-07 9.999999999999999547e-08
5.559682641193676682e+04 -9.272012929070698146e-07 9.999999999999999547e-08
5.560600295002376515e+04 -7.301995293620253749e-07 9.999999999999999547e-08
5.561517940449683374e+04 -8.735165800155737441e-07 9.999999999999999547e-08
5.562435579272683390e+04 -7.234193108362259587e-07 9.999999999999999547e-08
5.563353213458928803e+04 -6.117473196862044964e-07 9.999999999999999547e-08
5.564270845126924542e+04 -7.159121215699126991e-07 9.999999999999999547e-08
5.565188476261544565e+04 -6.172359576882227252e-07 9.999999999999999547e-08
5.566106108889440657e+04 -7.303017401292929953e-07 9.999999999999999547e-08
5.567023745093519392e+04 -5.218236767818696874e-07 9.999999999999999547e-08
5.567941386689711362e+04 -5.236913624585586141e-07 9.999999999999999547e-08
5.568859035431384837e+04 -4.256881678134903534e-07 9.999999999999999547e-08
5.569776692863219068e+04 -1.780975993773091445e-07 9.999999999999999547e-08
5.570694360181665252e+04 -3.949049045874222432e-07 9.999999999999999547e-08
5.571612038465891965e+04 -3.008122742935070759e-07 9.999999999999999547e-08
5.572529728601941315e+04 -3.238110335996117390e-07 9.999999999999999547e-08
5.573447431053969194e+04 -2.642937127308114093e-07 9.999999999999999547e-08
5.574365146027598530e+04 -4.333230173367566662e-08 9.999999999999999547e-08
5.575282873513500817e+04 1.619972251489720059e-08 9.999999999999999547e-08
5.576200613122063078e+04 1.212645494634729760e-07 9.999999999999999547e-08
5.577118364295798528e+04 1.161868932039466499e-07 9.999999999999999547e-08
5.578036126256355055e+04 2.678380868467756480e-07 9.999999999999999547e-08
5.578953897752789635e+04 1.418406373400178577e-07 9.999999999999999547e-08
5.579871677443955559e+04 1.740778420471135488e-07 9.999999999999999547e-08
5.580789463854973292e+04 1.197753198709911861e-07 9.999999999999999547e-08
5.581707255229533621e+04 2.068586262488321868e-07 9.999999999999999547e-08
5.582625049721956020e+04 3.671533576359141179e-07 9.999999999999999547e-08
