5.400000027132961259e+04 1.051550786621056397e-07 9.999999999999999547e-08
5.400917736907325161e+04 -5.878173547855600761e-08 9.999999999999999547e-08
5.401835448391264072e+04 7.159499815025872764e-08 9.999999999999999547e-08
5.402753161616553552e+04 -8.850078050670100075e-08 9.999999999999999547e-08
5.403670876634035812e+04 1.620212551978984127e-07 9.999999999999999547e-08
5.404588593437356030e+04 -1.555368524432916663e-07 9.999999999999999547e-08
5.405506311937540158e+04 5.139904248624793945e-10 9.999999999999999547e-08
5.406424032013837859e+04 5.424206290914280626e-08 9.999999999999999547e-08
5.407341753526431421e+04 -2.781070794363719841e-07 9.999999999999999547e-08
5.408259476240177901e+04 3.694080065675811510e-08 9.999999999999999547e-08
5.409177199958061101e+04 -6.293516107186504376e-08 9.999999999999999547e-08
5.410094924425869976e+04 -1.293567903833918520e-07 9.999999999999999547e-08
5.411012649313129805e+04 -2.439238167874983385e-07 9.999999999999999547e-08
5.411930374359273992e+04 -8.360831181777196232e-08 9.999999999999999547e-08
5.412848099252893735e+04 -1.980670331956279336e-07 9.999999999999999547e-08
5.413765823695289873e+04 5.763938088547351878e-08 9.999999999999999547e-08
5.414683547438605456e+04 -9.211791968192826813e-08 9.999999999999999547e-08
5.415601270190499054e+04 -9.375089000117739056e-08 9.999999999999999547e-08
5.416518991715823358e+04 -2.493267528791674650e-07 9.999999999999999547e-08
5.417436711842986551e+04 -1.577368123346497848e-07 9.999999999999999547e-08
5.418354430419462005e+04 2.290168859168321728e-08 9.999999999999999547e-08
5.419272147311788285e+04 -1.006107277070885484e-07 9.999999999999999547e-08
5.420189862475477275e+04 -3.399990047155307255e-07 9.999999999999999547e-08
5.421107575859688222e+04 -2.465002998242504242e-07 9.999999999999999547e-08
5.422025287477131496e+04 -1.185376541178974055e-07 9.999999999999999547e-08
5.422942997429490788e+04 -2.206679105322534734e-07 9.999999999999999547e-08
5.423860705786675680e+04 -1.178698155717439173e-07 9.999999999999999547e-08
5.424778412682145427e+04 -2.189998523209751760e-07 9.999999999999999547e-08
5.425696118293849577e+04 -3.237140278482619670e-07 9.999999999999999547e-08
5.426613822806090320e+04 -2.530396171774255910e-07 9.999999999999999547e-08
5.427531526441303868e+04 -2.714675873000751495e-07 9.999999999999999547e-08
5.428449229447345715e+04 -1.905725071609401050e-07 9.999999999999999547e-08
5.429366932078427635e+04 -2.533919992937747098e-07 9.999999999999999547e-08
5.430284634563339932e+04 -2.390104981200293604e-07 9.999999999999999547e-08
5.431202337188070669e+04 -2.462308082333638451e-07 9.999999999999999547e-08
5.432120040206830890e+04 -2.581058073881488345e-07 9.999999999999999547e-08
5.433037743892898288e+04 -3.426733952563009641e-07 9.999999999999999547e-08
5.433955448468708346e+04 -3.227298289570668054e-07 9.999999999999999547e-08
5.434873154150340270e+04 -1.126620452672224284e-07 9.999999999999999547e-08
5.435790861134808074e+04 -1.904702299009405273e-07 9.999999999999999547e-08
5.436708569612770953e+04 -1.514716759447801063e-07 9.999999999999999547e-08
5.437626279724043707e+04 -2.546330299685274097e-07 9.999999999999999547e-08
5.438543991544891469e+04 -3.045683240571612660e-07 9.999999999999999547e-08
5.439461705138866819e+04 -9.538190266974683571e-08 9.999999999999999547e-08
5.440379420505969028e+04 9.788512312681531335e-08 9.999999999999999547e-08
5.441297137652553647e+04 -3.183104325476905259e-07 9.999999999999999547e-08
5.442214856489646627e+04 -1.619125708768287049e-08 9.999999999999999547e-08
5.443132576877432439e+04 -1.260826995257373872e-07 9.999999999999999547e-08
5.444050298631606711e+04 -7.215146085535828494e-08 9.999999999999999547e-08
5.444968021567866526e+04 -3.643338509159546256e-08 9.999999999999999547e-08
5.445885745463776402e+04 -2.141957248662697793e-09 9.999999999999999547e-08
5.446803470033349004e+04 7.243654823019274778e-08 9.999999999999999547e-08
5.447721194996951817e+04 1.573072323612303441e-07 9.999999999999999547e-08
5.448638920030464215e+04 1.062466087482183277e-07 9.999999999999999547e-08
5.449556644841543311e+04 2.746760916162531727e-08 9.999999999999999547e-08
5.450474369182333612e+04 8.126223178100107195e-08 9.999999999999999547e-08
5.451392092747780407e+04 2.108209223697587937e-08 9.999999999999999547e-08
5.452309815270962281e+04 2.054732097559808958e-07 9.999999999999999547e-08
5.453227536535799300e+04 2.145581471836621657e-07 9.999999999999999547e-08
5.454145256357987819e+04 7.289938778973869649e-08 9.999999999999999547e-08
5.455062974604067131e+04 1.065008436482211804e-07 9.999999999999999547e-08
5.455980691178706911e+04 2.242231662220731348e-10 9.999999999999999547e-08
5.456898405980224197e+04 1.027581151890842696e-07 9.999999999999999547e-08
5.457816118995907891e+04 1.799801832045118200e-07 9.999999999999999547e-08
5.458733830282954295e+04 2.320271431436447769e-07 9.999999999999999547e-08
5.459651539911272994e+04 2.310282418963247027e-07 9.999999999999999547e-08
5.460569247969838034e+04 2.292694925209061757e-07 9.999999999999999547e-08
5.461486954604820494e+04 2.377237867653478523e-07 9.999999999999999547e-08
5.462404659962391452e+04 2.999001706738804208e-07 9.999999999999999547e-08
5.463322364277697488e+04 1.748537552833337615e-07 9.999999999999999547e-08
5.464240067785884457e+04 1.959497585760514108e-07 9.999999999999999547e-08
5.465157770703031565e+04 3.809604325831202681e-07 9.999999999999999547e-08
5.466075473270639486e+04 4.694070503389820149e-07 9.999999999999999547e-08
5.466993175768340734e+04 2.355787409731574811e-07 9.999999999999999547e-08
5.467910878450347809e+04 2.461608017461372637e-07 9.999999999999999547e-08
5.468828581589937676e+04 1.703437276378992376e-07 9.999999999999999547e-08
5.469746285447676928e+04 4.024168034091177304e-07 9.999999999999999547e-08
5.470663990207868483e+04 7.031305157749936279e-08 9.999999999999999547e-08
5.471581696131080389e+04 1.546013795773938464e-07 9.999999999999999547e-08
5.472499403407970385e+04 3.137451756812569338e-07 9.999999999999999547e-08
5.473417112210131017e+04 6.527268038211781324e-08 9.999999999999999547e-08
5.474334822639248159e+04 2.861617777244371077e-07 9.999999999999999547e-08
5.475252534822426242e+04 1.567031373183305104e-07 9.999999999999999547e-08
5.476170248759665265e+04 2.269493568490485388e-07 9.999999999999999547e-08
5.477087964495453343e+04 2.748548867992923623e-07 9.999999999999999547e-08
5.478005681998012733e+04 1.865627636389065379e-07 9.999999999999999547e-08
5.478923401140238275e+04 -6.481606385449009933e-08 9.999999999999999547e-08
5.479841121807735908e+04 2.497845130343605962e-07 9.999999999999999547e-08
5.480758843828910904e+04 1.673741713170989718e-07 9.999999999999999547e-08
5.481676566974973684e+04 2.221637399303807870e-07 9.999999999999999547e-08
5.482594291029845044e+04 2.257243397069155782e-09 9.999999999999999547e-08
5.483512016857843264e+04 -2.779579082024828194e-08 9.999999999999999547e-08
5.484429741846946126e+04 3.547167269001035562e-07 9.999999999999999547e-08
5.485347466861471185e+04 5.410130682647248717e-08 9.999999999999999547e-08
5.486265191621787380e+04 1.650695969705420758e-07 9.999999999999999547e-08
5.487182915810129634e+04 -5.210685580981987301e-08 9.999999999999999547e-08
5.488100639191352093e+04 6.959167727806483454e-08 9.999999999999999547e-08
5.489018361492177792e+04 1.479341607151440190e-07 9.999999999999999547e-08
5.489936082477460877e+04 -3.776828311883604772e-08 9.999999999999999547e-08
5.490853802001029544e+04 2.182404184457437845e-08 9.999999999999999547e-08
5.491771519923068263e+04 1.881869345181107988e-07 9.999999999999999547e-08
5.492689236135535612e+04 6.584229680182248755e-08 9.999999999999999547e-08
5.493606950581235287e+04 1.028304883361503836e-07 9.999999999999999547e-08
5.494524663260167290e+04 1.146817260064100868e-07 9.999999999999999547e-08
5.495442374210462731e+04 -1.578890696150632113e-07 9.999999999999999547e-08
5.496360083502030466e+04 1.265372385465213342e-07 9.999999999999999547e-08
5.497277791274686024e+04 -5.286636434545345591e-08 9.999999999999999547e-08
5.498195497630114551e+04 5.872214149558233121e-08 9.999999999999999547e-08
5.499113202771684882e+04 1.046542996326272342e-07 9.999999999999999547e-08
5.500030906909121404e+04 -1.251866148911551290e-07 9.999999999999999547e-08
5.500948610271215148e+04 -1.382596063697809106e-07 9.999999999999999547e-08
5.501866313105822337e+04 -8.106396521500901286e-08 9.999999999999999547e-08
5.502784015648088098e+04 -1.040159012561721527e-07 9.999999999999999547e-08
5.503701718145868654e+04 -1.562465807187848215e-07 9.999999999999999547e-08
5.504619420897862437e+04 -8.159798435398727986e-08 9.999999999999999547e-08
5.505537124170992320e+04 -9.375958956108554817e-08 9.999999999999999547e-08
5.506454828174981958e+04 -3.230523818705850480e-07 9.999999999999999547e-08
5.507372533164043125e+04 -1.696647379738818252e-07 9.999999999999999547e-08
5.508290239347900206e+04 -2.863574983457441925e-07 9.999999999999999547e-08
5.509207946898147202e+04 -2.095803763633694999e-07 9.999999999999999547e-08
5.510125656024506316e+04 -1.043464845326825122e-07 9.999999999999999547e-08
5.511043366809598228e+04 -1.385989790983224587e-07 9.999999999999999547e-08
5.511961079323329614e+04 -2.521390229546705383e-07 9.999999999999999547e-08
5.512878793622899684e+04 -1.946877885300364002e-07 9.999999999999999547e-08
5.513796509721017355e+04 -2.382925197452432549e-07 9.999999999999999547e-08
5.514714227547775954e+04 -2.930702425743102494e-07 9.999999999999999547e-08
5.515631947020555526e+04 -1.226445255794820215e-07 9.999999999999999547e-08
5.516549667974119075e+04 -3.021947924642140248e-07 9.999999999999999547e-08
5.517467390217808133e+04 -1.037262089076342887e-07 9.999999999999999547e-08
5.518385113573674607e+04 -1.542151186180705575e-07 9.999999999999999547e-08
5.519302837781151902e+04 -2.836500771940609097e-08 9.999999999999999547e-08
5.520220562535185309e+04 -2.642959737473977399e-07 9.999999999999999547e-08
5.521138287543432671e+04 -2.454387837192215902e-07 9.999999999999999547e-08
5.522056012532616296e+04 5.699984837006600009e-08 9.999999999999999547e-08
5.522973737191326654e+04 -9.534336891300089923e-08 9.999999999999999547e-08
5.523891461258997151e+04 -1.256682666247516358e-08 9.999999999999999547e-08
5.524809184443284175e+04 -1.094597682278684537e-07 9.999999999999999547e-08
5.525726906470911490e+04 -9.907181451258708572e-08 9.999999999999999547e-08
5.526644627182996192e+04 -2.335317130525363392e-07 9.999999999999999547e-08
5.527562346407945006e+04 -1.675577864658358165e-07 9.999999999999999547e-08
5.528480063993232034e+04 -1.335157193722340573e-07 9.999999999999999547e-08
5.529397779862593597e+04 -1.809742058065539233e-07 9.999999999999999547e-08
5.530315493946120841e+04 -1.595584662201735106e-07 9.999999999999999547e-08
5.531233206262879685e+04 -1.499480993452717544e-07 9.999999999999999547e-08
5.532150916889134533e+04 -7.799956271638103640e-08 9.999999999999999547e-08
5.533068625882082415e+04 -1.004390537280970647e-07 9.999999999999999547e-08
5.533986333330697380e+04 -7.219324046684722034e-09 9.999999999999999547e-08
5.534904039438348264e+04 -4.756876184596749949e-08 9.999999999999999547e-08
5.535821744363917969e+04 -1.621150181756434306e-07 9.999999999999999547e-08
5.536739448323485703e+04 -8.847235461979096146e-08 9.999999999999999547e-08
5.537657151577618788e+04 -3.025952119323178510e-07 9.999999999999999547e-08
5.538574854310620140e+04 -7.948388142815224923e-08 9.999999999999999547e-08
5.539492556814832642e+04 -6.457225644076064134e-08 9.999999999999999547e-08
5.540410259350824344e+04 -1.094263580724358141e-08 9.999999999999999547e-08
5.541327962198226305e+04 -7.927561136706717355e-08 9.999999999999999547e-08
5.542245665585830284e+04 -4.380008452731117177e-08 9.999999999999999547e-08
5.543163369767846598e+04 -3.128298593760499061e-08 9.999999999999999547e-08
5.544081074973066279e+04 -1.520717707882043911e-07 9.999999999999999547e-08
5.544998781404858892e+04 -1.633410565921743633e-08 9.999999999999999547e-08
5.545916489279304369e+04 2.699529694494297281e-07 9.999999999999999547e-08
5.546834198717151594e+04 1.045781909684478670e-07 9.999999999999999547e-08
5.547751909832796809e+04 8.417829230057497653e-08 9.999999999999999547e-08
5.548669622708859242e+04 -1.659728981947025606e-08 9.999999999999999547e-08
5.549587337370758905e+04 -9.723026450382904989e-08 9.999999999999999547e-08
5.550505053812141705e+04 8.526215159218769744e-08 9.999999999999999547e-08
5.551422771982163977e+04 -3.300611805626975769e-08 9.999999999999999547e-08
5.552340491753721290e+04 1.583324620125893974e-07 9.999999999999999547e-08
5.553258212967930740e+04 1.210607507221728471e-07 9.999999999999999547e-08
5.554175935472265701e+04 3.235816512096616681e-07 9.999999999999999547e-08
5.555093659006158850e+04 1.187106310332723755e-07 9.999999999999999547e-08
5.556011383334465063e+04 9.767303764450760025e-08 9.999999999999999547e-08
5.556929108171197004e+04 1.410962267232151873e-07 9.999999999999999547e-08
5.557846833198588865e+04 1.050914749910433946e-07 9.999999999999999547e-08
5.558764558137008862e+04 2.660699293742309154e-07 9.999999999999999547e-08
5.559682282706823753e+04 1.038980272134233186e-07 9.999999999999999547e-08
5.560600006615691382e+04 2.830581822601608404e-07 9.999999999999999547e-08
5.561517729577622231e+04 9.176636607131320615e-08 9.999999999999999547e-08
5.562435451370182273e+04 8.742022175420613566e-08 9.999999999999999547e-08
5.563353171790002671e+04 1.048864410463879995e-07 9.999999999999999547e-08
5.564270890684556070e+04 1.438672013561920335e-07 9.999999999999999547e-08
5.565188607939446956e+04 2.851781381620075833e-07 9.999999999999999547e-08
5.566106323446635361e+04 3.813766730648802813e-07 9.999999999999999547e-08
5.567024037174345722e+04 8.718760091578913065e-08 9.999999999999999547e-08
5.567941749154353602e+04 1.758001994828493910e-07 9.999999999999999547e-08
5.568859459437501937e+04 2.524797785237049438e-07 9.999999999999999547e-08
5.569777168106408499e+04 1.492915717252009062e-07 9.999999999999999547e-08
5.570694875294535450e+04 3.573302704615849509e-07 9.999999999999999547e-08
5.571612581135343498e+04 3.347878030289123248e-07 9.999999999999999547e-08
5.572530285838557029e+04 2.499922237666800611e-07 9.999999999999999547e-08
5.573447989652031538e+04 1.144919137945905625e-07 9.999999999999999547e-08
5.574365692772782495e+04 2.455440521396155423e-08 9.999999999999999547e-08
5.575283395442309848e+04 7.694315498094466634e-08 9.999999999999999547e-08
5.576201097933890560e+04 -1.264302624254898473e-07 9.999999999999999547e-08
5.577118800495381583e+04 8.101622700426381022e-08 9.999999999999999547e-08
5.578036503425482078e+04 9.905979343873234038e-08 9.999999999999999547e-08
5.578954206965691264e+04 1.773195161945267215e-07 9.999999999999999547e-08
5.579871911332090531e+04 6.799397463509096209e-08 9.999999999999999547e-08
5.580789616747113178e+04 2.465166849109787218e-08 9.999999999999999547e-08
5.581707323464973160e+04 2.578842430311662163e-08 9.999999999999999547e-08
5.582625031638194923e+04 -7.497510203472636307e-09 9.999999999999999547e-08
