1.000000000000000000e+00 1.318167055276797726e+02 -3.591827373810332347e+02 -4.540957006623745547e+05 -1.961689015293534766e+13 2.915240428312659093e-06 -4.767592429627832951e-06 8.610733440626635779e-07 2.083842528225406204e+04 7.753012278029856041e-01 3.818408510354140972e+00 5.881705624567499374e-02 -2.849006043506372987e-01
1.000000000000000000e+00 1.687164913104919037e+02 -3.477694628782728046e+02 -4.582632576911767828e+05 -1.997861860691072266e+13 3.765555977012148857e-06 -4.658464155455907910e-06 9.714902517096618154e-07 3.220772506461335433e+04 -2.287881754944375567e-01 5.885337386597599085e+00 -2.604539233254160036e-01 1.295822298355896740e-01
1.000000000000000000e+00 2.014509314716703727e+02 -3.277732872343099757e+02 -4.624308440965093323e+05 -2.034365431849778906e+13 4.537040003020924558e-06 -4.430539634017254659e-06 1.069253590677598057e-06 7.281224505925125413e+03 -9.756201909726934796e-01 1.326822692532069192e+00 2.628852128700300272e-01 1.245759419753439401e-01
1.000000000000000000e+00 2.292115840886890794e+02 -2.996290433864954252e+02 -4.665984533098738757e+05 -2.071199677443697656e+13 5.208784527516794591e-06 -4.086612678766627084e-06 1.144610440891905773e-06 -2.601793034787067154e+04 -6.232130879806813128e-01 -4.728045912761463576e+00 -6.493396363899553436e-02 -2.835690054129591520e-01
1.000000000000000000e+00 2.512245002233405557e+02 -2.639307577167181194e+02 -4.707660779586656136e+05 -2.108364536860967188e+13 5.760015963820898915e-06 -3.631879587599050577e-06 1.189458573613350927e-06 -3.008674524656028734e+04 4.320163565932161331e-01 -5.452402607271329416e+00 -1.823193103152417061e-01 2.266880445699328561e-01
1.000000000000000000e+00 2.668841062402515831e+02 -2.215746993801757299e+02 -4.749337098466121824e+05 -2.145859939708218750e+13 6.173226927112480456e-06 -3.076022021373140470e-06 1.199045959129217244e-06 -1.448962758072703707e+02 9.999906193272704025e-01 -2.618647157808550938e-02 2.908976618814667070e-01 2.520074733244989651e-03
1.000000000000000000e+00 2.757860623919913223e+02 -1.735955059678591681e+02 -4.791013410747676389e+05 -2.183685815702696875e+13 6.435113859481901607e-06 -2.431096174853144498e-06 1.172187007201114591e-06 3.012536542442394784e+04 4.398263631793083439e-01 5.429532118042062372e+00 -1.783576606474394644e-01 -2.298180701188183295e-01
1.000000000000000000e+00 2.776205856767242608e+02 -1.211402532707904669e+02 -4.832689633276894456e+05 -2.221842088226500781e+13 6.534270447244422692e-06 -1.711250773424512239e-06 1.110774374337059210e-06 2.648703745061925656e+04 -6.163599046150562977e-01 4.760768266969190421e+00 -6.987651259668878345e-02 2.823917021657861293e-01
1.000000000000000000e+00 2.722990055067838853e+02 -6.558974670485578429e+01 -4.874365680940191960e+05 -2.260328676207200391e+13 6.464288005086026882e-06 -9.345237362112317325e-07 1.020822936012299144e-06 -7.111067584085200906e+03 -9.775209774100627191e-01 -1.274662691136456250e+00 2.650452115267146191e-01 -1.199117855405563010e-01
1.000000000000000000e+00 2.599655088222999098e+02 -8.369297560069274056e+00 -4.916041477482023765e+05 -2.299145504158204688e+13 6.224261130987360142e-06 -1.202654340073241463e-07 9.116643174240783098e-07 -3.285147101586165081e+04 -2.375294407372964267e-01 -5.872666279682991153e+00 -2.580823167642096738e-01 -1.342435035239448737e-01
1.000000000000000000e+00 2.408783024815374745e+02 4.908495765822610224e+01 -4.957716952092926367e+05 -2.338292499311514062e+13 5.816154639930408721e-06 7.113223005703655945e-07 7.941399109264127264e-07 -2.165916583172959508e+04 7.694527548462970490e-01 -3.861406000412896944e+00 5.356065714868265409e-02 2.859354061157284299e-01
1.000000000000000000e+00 2.155208770769397404e+02 1.052210042290449650e+02 -4.999392038948392146e+05 -2.377769591395055469e+13 5.247628413645184149e-06 1.537644404503049305e-06 6.802244767144866076e-07 1.399239525946618232e+04 9.114070289062223829e-01 2.487838793431662587e+00 1.923852734690010835e-01 -2.182102358209232207e-01
1.000000000000000000e+00 1.845874767822387525e+02 1.585753654658953451e+02 -5.041066687646337086e+05 -2.417576722841487109e+13 4.531909314023697739e-06 2.336654162332544671e-06 5.817138175570695495e-07 3.407850601362721500e+04 3.076989717845048100e-02 6.042829259886327797e+00 -2.903577208329722881e-01 -1.789397712770961213e-02
1.000000000000000000e+00 1.488488149224673123e+02 2.078016383802534790e+02 -5.082740857152407989e+05 -2.457713843544314844e+13 3.684680907089012937e-06 3.087331120621629736e-06 5.085792311112689297e-07 1.599094984240750819e+04 -8.838568277586131838e-01 2.827917930644631372e+00 1.636086665886039848e-01 2.405410665185142294e-01
1.000000000000000000e+00 1.092475304719490907e+02 2.515682903077106687e+02 -5.124414515207716613e+05 -2.498180910651857031e+13 2.726543406941426063e-06 3.768221528395145886e-06 4.683506386571094926e-07 -2.010875470206359023e+04 -8.098518048949958636e-01 -3.546611551369532656e+00 9.068199029805895650e-02 -2.764137787816446923e-01
1.000000000000000000e+00 6.686183994698576782e+01 2.887598276919903242e+02 -5.166087652024012641e+05 -2.538977902376728906e+13 1.682273597575980512e-06 4.360485232035974138e-06 4.652821137314222507e-07 -3.388282810835089913e+04 1.677595862723965381e-01 -5.960012000244741870e+00 -2.745343351069354787e-01 9.622213525046156846e-02
1.000000000000000000e+00 2.276167144878457904e+01 3.184834566135619980e+02 -5.207760269048780901e+05 -2.580104807754395703e+13 5.773134412993621042e-07 4.848128670705429614e-06 4.996806589723206507e-07 -9.886522367615485564e+03 9.579651627306736694e-01 -1.734415628800117570e+00 2.430234273974660464e-01 1.598981369521040030e-01
1.000000000000000000e+00 -2.190280829247665650e+01 3.399560829329721514e+02 -5.249432377004581504e+05 -2.621561625130314062e+13 -5.599750565979837421e-07 5.216406621985174625e-06 5.678929878627154124e-07 2.524304501721919951e+04 6.828580468059333164e-01 4.416686797770605466e+00 -1.961008199497421209e-02 -2.902468693180266790e-01
1.000000000000000000e+00 -6.594709066786673191e+01 3.526870754298594193e+02 -5.291104006567074684e+05 -2.663348373277484375e+13 -1.699411192491768408e-06 5.454715683854993238e-06 6.629489549455549042e-07 3.245667290721563404e+04 -3.497828737533764110e-01 5.663790383791154959e+00 -2.197243780281810388e-01 1.906541323047949710e-01
1.000000000000000000e+00 -1.082938095886099461e+02 3.564533433268734370e+02 -5.332775196637785994e+05 -2.705465080288342969e+13 -2.812635428509860210e-06 5.556383901433687445e-06 7.754117496569284441e-07 3.656420306433356473e+03 -9.944447029720615561e-01 6.363714027162969966e-01 2.844621989272440032e-01 6.090203482842197757e-02
1.000000000000000000e+00 -1.478787851191480058e+02 3.511703379113177448e+02 -5.374445995788060827e+05 -2.747911785377403125e+13 -3.870758821037548843e-06 5.516807170666293715e-06 8.939340674827794987e-07 -2.933835784741754833e+04 -5.389121848445083129e-01 -5.092660849192478523e+00 -1.219335488951007879e-01 -2.641212034627499206e-01
1.000000000000000000e+00 -1.836947915607738366e+02 3.370536271585979193e+02 -5.416116468123450177e+05 -2.790688545307881641e+13 -4.845530954294615713e-06 5.336091591548041461e-06 1.006844633335118904e-06 -3.000146630093507702e+04 5.117442202010944463e-01 -5.194082791842522084e+00 -1.385410518413667247e-01 2.558010504658903561e-01
1.000000000000000000e+00 -2.149203623566011174e+02 3.145643419889937036e+02 -5.457786680655801902e+05 -2.833795421894139453e+13 -5.712821520620887743e-06 5.018365899607504057e-06 1.103563726742044729e-06 2.525051322991497273e+03 9.973960186798304095e-01 4.360105873613893679e-01 2.878824406346011666e-01 -4.185093593972078613e-02
1.000000000000000000e+00 -2.408123523211304473e+02 2.842685133656194125e+02 -5.499456702382183867e+05 -2.877232481153073047e+13 -6.449931198467544986e-06 4.569669815219817689e-06 1.174662002287744895e-06 3.242390572950464775e+04 3.832261757109153288e-01 5.584130760327589371e+00 -2.054615709211093655e-01 -2.059450007632989965e-01
1.000000000000000000e+00 -2.607428980337002145e+02 2.469852615541072964e+02 -5.541126612028277013e+05 -2.920999801546627344e+13 -7.036668580817735621e-06 4.000418135060617160e-06 1.213276861093862174e-06 2.665007469487192066e+04 -6.531862119786290277e-01 4.577781689457409264e+00 -4.267499231091483047e-02 2.877614385146637921e-01
1.000000000000000000e+00 -2.743114767471509481e+02 2.037114515915199604e+02 -5.582796488163536415e+05 -2.965097463867501953e+13 -7.458514006551830975e-06 3.324325305651737516e-06 1.216354249802541130e-06 -8.592839642697939780e+03 -9.698984020582308574e-01 -1.472186063727422667e+00 2.564085134823201328e-01 -1.374135170882112011e-01
1.000000000000000000e+00 -2.812227201302864046e+02 1.554774925639873970e+02 -5.624466405538448598e+05 -3.009525547313237500e+13 -7.703503187510546396e-06 2.556142908335713229e-06 1.183884897848827135e-06 -3.452857741515403177e+04 -2.179604598925924952e-01 -5.900338986866406010e+00 -2.632683283479677061e-01 -1.237642426294118525e-01
1.000000000000000000e+00 -2.813183301108903720e+02 1.034922937227615591e+02 -5.666136444067739649e+05 -3.054284139019483984e+13 -7.763214643299988919e-06 1.714080902758041545e-06 1.119238216019991615e-06 -2.244573480544945414e+04 7.743214502937821875e-01 -3.825668239475669363e+00 5.793369172597790523e-02 2.850815459263623119e-01
1.000000000000000000e+00 -2.746733466733028308e+02 4.905563855859697497e+01 -5.707806673608996207e+05 -3.099373317734123438e+13 -7.635584871741850162e-06 8.184543545951452456e-07 1.029176968469935277e-06 1.452212807897508901e+04 9.128240616160082643e-01 2.468776879314023009e+00 1.938892679786107798e-01 -2.168749691123521839e-01
1.000000000000000000e+00 -2.614620543332334819e+02 -6.582978069969875889e+00 -5.749477157681657700e+05 -3.144793157486966016e+13 -7.321390255675342566e-06 -1.106335980136489507e-07 9.222263934220342306e-07 3.562029130799841369e+04 4.374742787625691270e-02 6.039903921148978228e+00 -2.897950740450555562e-01 -2.542863590494040538e-02
1.000000000000000000e+00 -2.419886513599554689e+02 -6.207607015953955454e+01 -5.791147961796600139e+05 -3.190543736516621094e+13 -6.825212777720357870e-06 -1.050812310359715979e-06 8.084668798611561566e-07 1.737053427130128694e+04 -8.739915936295357124e-01 2.937849822248884468e+00 1.535190342189129697e-01 2.471026236146785515e-01
1.000000000000000000e+00 -2.167702471110140721e+02 -1.160733648584812840e+02 -5.832819138275248697e+05 -3.236625120501773047e+13 -6.157929574208684217e-06 -1.979007135570030059e-06 6.990980318323441892e-07 -2.025131003432701618e+04 -8.250358567753897088e-01 -3.416301887392001024e+00 1.051251468145966567e-01 -2.712498921142177388e-01
1.000000000000000000e+00 -1.863943062037932634e+02 -1.673560792347183792e+02 -5.874490729981724871e+05 -3.283037366209853516e+13 -5.332850383731441237e-06 -2.873743428102721906e-06 6.045401206231061797e-07 -3.558485696272353380e+04 1.382108976396652922e-01 -5.987670339774403772e+00 -2.797945594583622353e-01 7.964172877497233127e-02
1.000000000000000000e+00 -1.515504173477474410e+02 -2.146832233681537616e+02 -5.916162773896122817e+05 -3.329780525144436328e+13 -4.366704321524586089e-06 -3.712568686396562987e-06 5.336265034341783568e-07 -1.140587057072913922e+04 9.485453818966600448e-01 -1.914315232180485049e+00 2.325746246084436364e-01 1.747479454900880413e-01
1.000000000000000000e+00 -1.131018408004609910e+02 -2.568927874794346167e+02 -5.957835293837139616e+05 -3.376854635062492578e+13 -3.281819574701037215e-06 -4.473801177873637173e-06 4.931491090755672396e-07 2.562407910111154706e+04 7.046560305580084060e-01 4.289715067098917700e+00 -2.013016722688303582e-03 -2.909016126260551283e-01
1.000000000000000000e+00 -7.193678204545327048e+01 -2.930264320899382255e+02 -5.999508302450653864e+05 -3.424259721722623047e+13 -2.101953964056297864e-06 -5.138764689893128435e-06 4.869622904382505684e-07 3.424877599522522360e+04 -3.242553458794161236e-01 5.719040731477348594e+00 -2.297354320343638345e-01 1.784640908775473045e-01
1.000000000000000000e+00 -2.900132136024337015e+01 -3.221704701338236418e+02 -6.041181808276202064e+05 -3.471995806564634375e+13 -8.532891560782625573e-07 -5.689104514770059197e-06 5.155807150997526496e-07 4.607071954240778723e+03 -9.919119176244621805e-01 7.673683111321076833e-01 2.815350681258774745e-01 7.325166127892801526e-02
1.000000000000000000e+00 1.463962215876627582e+01 -3.435620127811249063e+02 -6.082855801014740719e+05 -3.520062889496077344e+13 4.337044957870237592e-07 -6.108701939202708537e-06 5.762594139480241972e-07 -3.036453391933568855e+04 -5.510759574314085807e-01 -5.044858372266001645e+00 -1.142196030121934297e-01 -2.675475336318804409e-01
1.000000000000000000e+00 5.795588212062534694e+01 -3.567005497684603483e+02 -6.124530258185208077e+05 -3.568460955902267969e+13 1.728728691041649734e-06 -6.385763626723330455e-06 6.633374548145968645e-07 -3.144169280293117481e+04 5.071065255807799543e-01 -5.210681431554021081e+00 -1.412902069154421680e-01 2.542928978452934086e-01
1.000000000000000000e+00 9.991869352836685891e+01 -3.611826956752195770e+02 -6.166205152377884369e+05 -3.617189984673157031e+13 3.000690832788988862e-06 -6.510002874156486349e-06 7.683473163015468256e-07 2.831689641163344731e+03 9.969979576115137743e-01 4.681049496904096663e-01 2.874205414661579194e-01 -4.491361495210411531e-02
1.000000000000000000e+00 1.394492887736031150e+02 -3.568102205470071340e+02 -6.207880441588669783e+05 -3.666249936591147656e+13 4.216151252833389953e-06 -6.474659076985440056e-06 8.807772553488327032e-07 3.410365850012204464e+04 3.671187093910422972e-01 5.623546037571657052e+00 -2.124935032178451033e-01 -1.986814323357190826e-01
1.000000000000000000e+00 1.755756426714010558e+02 -3.436830793220374289e+02 -6.249556073392671533e+05 -3.715640758715196875e+13 5.344043328751988694e-06 -6.278322138600516012e-06 9.896102320115131628e-07 2.708680414138044580e+04 -6.759520145596948915e-01 4.455346297383859344e+00 -2.506984609046730011e-02 2.898263329681510236e-01
1.000000000000000000e+00 2.073976235172849840e+02 -3.220241793306764748e+02 -6.291231989779124269e+05 -3.765362389755121875e+13 6.354714017067875964e-06 -5.921891659405537696e-06 1.083851830401315821e-06 -1.054629980607141442e+04 -9.581649244746475169e-01 -1.730377761942483605e+00 2.432461292519395024e-01 -1.595591459889216523e-01
1.000000000000000000e+00 2.340419209584825069e+02 -2.922834670525029992e+02 -6.332908119285866851e+05 -3.815414750372548438e+13 7.218606629169387133e-06 -5.410578630499196439e-06 1.153632453399975461e-06 -3.646002678893480333e+04 -1.605187080155556223e-01 -5.967296219295556092e+00 -2.759173279611910612e-01 -9.218149811931791726e-02
1.000000000000000000e+00 2.548176570609428211e+02 -2.552061151067624678e+02 -6.374584383882159600e+05 -3.865797750995572656e+13 7.911119187691074473e-06 -4.755314297706423472e-06 1.191997500418166207e-06 -2.128649035709051896e+04 8.182712634590164624e-01 -3.475258818479426637e+00 9.865749023635260462e-02 2.736685953576501462e-01
1.000000000000000000e+00 2.691745218166219615e+02 -2.116414592389313327e+02 -6.416260709202518919e+05 -3.916511304051853125e+13 8.411481366446338311e-06 -3.969346619280999020e-06 1.194750253727698756e-06 1.803656522750308068e+04 8.740335917068740024e-01 2.937393109335056263e+00 1.535617475671951226e-01 -2.470760817013138433e-01
1.000000000000000000e+00 2.766573038301636416e+02 -1.626366901296659648e+02 -6.457937010998066980e+05 -3.967555307466182031e+13 8.701467045463918493e-06 -3.070072330060300113e-06 1.160795055448385070e-06 3.715544112281347043e+04 -5.622558381556936463e-02 6.036128190973881757e+00 -2.890692694614799829e-01 3.266126019876683384e-02
1.000000000000000000e+00 2.770528714485394630e+02 -1.094768618953964534e+02 -6.499613203692513052e+05 -4.018929654849525000e+13 8.770143565990695303e-06 -2.079917590097102426e-06 1.093423222050610796e-06 1.435886001315509566e+04 -9.229610496332950609e-01 2.326946697505741568e+00 2.047164963903466695e-01 2.066856467450665646e-01
1.000000000000000000e+00 2.703318130135611455e+02 -5.347518580119374576e+01 -6.541289208328204695e+05 -4.070634245336031250e+13 8.612258221730363124e-06 -1.022473188364544445e-06 9.993765992653820305e-07 -2.476975718483807213e+04 -7.492110786578187742e-01 -4.004251033315204822e+00 3.567542235280091872e-02 -2.887127719805872017e-01
1.000000000000000000e+00 2.565940702084182021e+02 3.944813011406403280e+00 -6.582964945680060191e+05 -4.122668975220492969e+13 8.226681677819779523e-06 7.590742164519664054e-08 8.879158869037801626e-07 -3.611597338960487104e+04 2.682121393946542143e-01 -5.824177018158775532e+00 -2.490539594604437579e-01 1.503327168045628937e-01
1.000000000000000000e+00 2.361993565831772059e+02 6.123252314433920418e+01 -6.624640345912699122e+05 -4.175033750120166406e+13 7.620747114796609245e-06 1.185716152351298097e-06 7.705854158331965692e-07 -6.788219884660344178e+03 9.835516110588692351e-01 -1.092017124622808977e+00 2.719260781262481386e-01 1.033634775906985964e-01
1.000000000000000000e+00 2.096841402312979596e+02 1.169322966450769030e+02 -6.666315350768492790e+05 -4.227728488122375781e+13 6.807818554757097985e-06 2.278539749429944140e-06 6.594195603753795946e-07 3.031413691776570704e+04 5.937327727528197707e-01 4.864740287096166682e+00 -8.580720539875211217e-02 -2.779656884696771746e-01
1.000000000000000000e+00 1.776937291592458621e+02 1.696037299712021991e+02 -6.707989907109538326e+05 -4.280753112001113281e+13 5.805251469707370934e-06 3.325554542712298840e-06 5.656030633391025756e-07 3.349700142011942808e+04 -4.617920075302232030e-01 5.362457655676596602e+00 -1.668349880543456565e-01 2.383146810955455996e-01
1.000000000000000000e+00 1.410936632950639478e+02 2.178138882626480211e+02 -6.749663974058397580e+05 -4.334107558590517188e+13 4.638165025112997146e-06 4.297382349307090904e-06 4.989265008056216033e-07 -9.010016703785804566e+02 -9.997167312202217548e-01 -1.438896674700976541e-01 2.905790029175103206e-01 -1.384353741753944871e-02
1.000000000000000000e+00 1.008624595443617693e+02 2.603561670032788697e+02 -6.791337529351195553e+05 -4.387791787480290625e+13 3.336118008644597385e-06 5.168439775677140486e-06 4.664271653538813272e-07 -3.443693172171356127e+04 -4.201222773902352770e-01 -5.486268967570413047e+00 -1.882162624707124088e-01 -2.218162280048985857e-01
1.000000000000000000e+00 5.801455553165209267e+01 2.961564293793556999e+02 -6.833010562247345224e+05 -4.441805772535601562e+13 1.930659099230989662e-06 5.915201357351965351e-06 4.714049945244868869e-07 -2.961152625573222394e+04 6.277335403889524601e-01 -4.706137627508667265e+00 -6.164387798432127696e-02 2.843023615305004248e-01
1.000000000000000000e+00 1.369905094388063382e+01 3.242582339214108060e+02 -6.874683074336821446e+05 -4.496149503409874219e+13 4.586693261946358436e-07 6.515983415687475272e-06 5.132785780627830657e-07 8.279393985892460478e+03 9.761437791956396604e-01 1.312671649341659919e+00 2.634797838228916111e-01 -1.233134379595653279e-01
1.000000000000000000e+00 -3.092117883592665351e+01 3.440226093198737658e+02 -6.916355085595380515e+05 -4.550822994002075000e+13 -1.041573349693105356e-06 6.955054586341708256e-06 5.878520817870665529e-07 3.710940585816204839e+04 2.396909410349431502e-01 5.869455431794797562e+00 -2.574821653886189554e-01 -1.353910446504980325e-01
1.000000000000000000e+00 -7.474394917117889747e+01 3.550065355922682215e+02 -6.958026623288872652e+05 -4.605826268496123438e+13 -2.532903601370937925e-06 7.220357646262728690e-06 6.876120457776098699e-07 2.480185920801012981e+04 -7.622287654033392812e-01 3.913423173383605569e+00 4.712293694235012570e-02 2.870665938048043708e-01
1.000000000000000000e+00 -1.166303975124194494e+02 3.569338989054737112e+02 -6.999697728547713486e+05 -4.661159370405875000e+13 -3.976010995440125832e-06 7.303034587795167001e-06 8.023325081585675363e-07 -1.508936542269712845e+04 -9.195901797971695046e-01 -2.375225341730218709e+00 2.011028298306840045e-01 -2.102033593900349828e-01
1.000000000000000000e+00 -1.555257307434385723e+02 3.498698715606971632e+02 -7.041368459119386971e+05 -4.716822366812392188e+13 -5.333543677715672315e-06 7.201117405769885082e-06 9.207635508606264043e-07 -3.842943195508493955e+04 -6.005006710061391167e-02 -6.034781668626316709e+00 -2.888105386986726253e-01 -3.487510862130457912e-02
1.000000000000000000e+00 -1.905198653122036774e+02 3.340694684990746168e+02 -7.083038874322071206e+05 -4.772815328745035938e+13 -6.572285577362255915e-06 6.916600424358557343e-06 1.031570784543135211e-06 -1.933059537320920936e+04 8.654971457702383963e-01 -3.028370852810365221e+00 1.449221060318647836e-01 2.522407255937355597e-01
1.000000000000000000e+00 -2.207427667453033564e+02 3.099384127273197578e+02 -7.124709040995243704e+05 -4.829138339310350781e+13 -7.659671593556394224e-06 6.454740892014019991e-06 1.123785066052664884e-06 2.123139852547056580e+04 8.359113639425623798e-01 3.318265414133049873e+00 1.156348844284940391e-01 -2.669388955697054033e-01
1.000000000000000000e+00 -2.454766408458457079e+02 2.781866398924973964e+02 -7.166379034741615178e+05 -4.885791495683615625e+13 -8.567743991724442035e-06 5.827366311276947349e-06 1.188658290182898602e-06 3.851593737344583496e+04 -1.152162096799277530e-01 6.005430265125766276e+00 -2.831850856947691897e-01 6.658834511242567311e-02
1.000000000000000000e+00 -2.641978502117315202e+02 2.396542661697827441e+02 -7.208048930998456199e+05 -4.942774897210889844e+13 -9.274778367615402151e-06 5.049392911755766528e-06 1.220373867347003948e-06 1.333736356374263778e+04 -9.392756511185280655e-01 2.074661361008839577e+00 2.223930613505679388e-01 1.875343347973585928e-01
1.000000000000000000e+00 -2.764624771693540310e+02 1.952717875476934637e+02 -7.249718807524116710e+05 -5.000088648832308594e+13 -9.761440063176037588e-06 4.138061486203677200e-06 1.215924002911547328e-06 -2.668908375994645758e+04 -7.284684560830558819e-01 -4.141778663829921214e+00 1.784217447978159524e-02 -2.903609086543818552e-01
1.000000000000000000e+00 -2.820091856008824607e+02 1.462015017376401715e+02 -7.291388745330616366e+05 -5.057732862467894531e+13 -1.001451779941782048e-05 3.116006555198426850e-06 1.176260287563748186e-06 -3.742941848235949874e+04 2.850437593434529959e-01 -5.794883402098181868e+00 -2.436359658095239855e-01 1.589632555933153946e-01
1.000000000000000000e+00 -2.807834060601387591e+02 9.365073750543855624e+01 -7.333058815793552203e+05 -5.115707639161691406e+13 -1.002797265769484885e-05 2.007394110508025438e-06 1.105803819153182995e-06 -6.865082116215066890e+03 9.844985078804230350e-01 -1.060371760440164346e+00 2.730103179013422809e-01 1.004647539397439115e-01
1.000000000000000000e+00 -2.728148936797350643e+02 3.883886727085636181e+01 -7.374729088402529014e+05 -5.174013079574974219e+13 -9.798750098696624596e-06 8.372379427122616381e-07 1.011130240011902665e-06 3.144042140526118965e+04 5.981569658451664218e-01 4.844890334618253469e+00 -8.273919606516060010e-02 -2.788942916218548063e-01
1.000000000000000000e+00 -2.583147495161883853e+02 -1.686657092828398063e+01 -7.416399632784065325e+05 -5.232649286766041406e+13 -9.330369935749572018e-06 -3.656421013697407690e-07 9.013219839900098526e-07 3.514349666727604199e+04 -4.487128351949433713e-01 5.402889774202785489e+00 -1.737636447719149435e-01 2.333109432074393919e-01
1.000000000000000000e+00 -2.376849774271759088e+02 -7.214208635134322378e+01 -7.458070506947746035e+05 -5.291616349516580469e+13 -8.633457455079120445e-06 -1.572720175871194155e-06 7.871480276962060195e-07 -7.121116649594921455e+01 -9.999983680283563992e-01 -1.092237637261829139e-02 2.909066784862597843e-01 -1.051131227364244473e-03
1.000000000000000000e+00 -2.113906200040559611e+02 -1.257312339437124962e+02 -7.499741761616938747e+05 -5.350914348050950781e+13 -7.721266758881403843e-06 -2.756295416436027653e-06 6.793613075837567302e-07 -3.538662444131523080e+04 -4.447011080471809930e-01 -5.414999480445728430e+00 -1.758489548198538532e-01 -2.317432750988262513e-01
1.000000000000000000e+00 -1.800545469169401542e+02 -1.763107811190816108e+02 -7.541413441565604880e+05 -5.410543355665530469e+13 -6.613226214774147526e-06 -3.886582543343763317e-06 5.881795121043885985e-07 -3.156597434635365425e+04 6.038176763837008743e-01 -4.819156812060668926e+00 -7.878049438293029116e-02 2.800382726870496164e-01
1.000000000000000000e+00 -1.444546154498266901e+02 -2.226844724072217900e+02 -7.583085577528266003e+05 -5.470503426820460938e+13 -5.334993744033256127e-06 -4.935966093785809805e-06 5.223317197682264127e-07 7.404555435427065277e+03 9.824451026552774024e-01 1.127835459717722921e+00 2.706603978086023488e-01 -1.066337166324722585e-01
1.000000000000000000e+00 -1.053920259572820299e+02 -2.637953517493435811e+02 -7.624758192210108973e+05 -5.530794605302229688e+13 -3.913725510822435009e-06 -5.879352365965950322e-06 4.879026311728209094e-07 3.832203892685087339e+04 2.685464979417262477e-01 5.823613847613370531e+00 -2.489495408298262880e-01 -1.505055699480385145e-01
1.000000000000000000e+00 -6.378556929582914137e+01 -2.985932851994321595e+02 -7.666431301845733542e+05 -5.591416926179077344e+13 -2.381618631879230494e-06 -6.691285505779006922e-06 4.880281862458683535e-07 2.660004447402206642e+04 -7.449834808124113916e-01 4.032977784429641055e+00 3.200016850434190402e-02 2.891431992637194526e-01
1.000000000000000000e+00 -2.065704260832063710e+01 -3.262282302039683941e+02 -7.708104904829568695e+05 -5.652370398869812500e+13 -7.754830268941535735e-07 -7.350306214023434487e-06 5.227477516872257691e-07 -1.494460017293926830e+04 -9.274592765154283658e-01 -2.260630380527893113e+00 2.095593157442604548e-01 -2.017738676081781979e-01
1.000000000000000000e+00 2.300322326633598635e+01 -3.460505476681513528e+02 -7.749778989776570816e+05 -5.713655018322293750e+13 8.682295179912803632e-07 -7.839080671226306788e-06 5.888251686375835179e-07 -3.995218791143267299e+04 -7.286949145291779506e-02 -6.029619363449723046e+00 -2.878191500623809573e-01 -4.228400787690158452e-02
1.000000000000000000e+00 6.614260981697347574e+01 -3.574783811093756185e+02 -7.791453537706594216e+05 -5.775270767863959375e+13 2.509899587033440205e-06 -8.141502174467792947e-06 6.797489694581512283e-07 -2.022963648675498553e+04 8.637935543148367312e-01 -3.046097117846006785e+00 1.432080698652543616e-01 2.532177900350480737e-01
1.000000000000000000e+00 1.076723471616330556e+02 -3.601880894899111922e+02 -7.833128513175591361e+05 -5.837217605682702344e+13 4.107673980434236231e-06 -8.247092676917905358e-06 7.866033488077149330e-07 2.234296158426270631e+04 8.317087411659722651e-01 3.356641822213395354e+00 1.115572897417703296e-01 -2.686685161499872687e-01
1.000000000000000000e+00 1.466030421373303056e+02 -3.540983229788373592e+02 -7.874803873854139820e+05 -5.899495478525809375e+13 5.622626866939855062e-06 -8.150793523257072242e-06 8.990292370166199073e-07 3.996498556860049575e+04 -1.349536030143541065e-01 5.990385447069264124e+00 -2.803122471322515574e-01 7.780002938580940497e-02
1.000000000000000000e+00 1.819510816350129687e+02 -3.392333171293998930e+02 -7.916479568430713844e+05 -5.962104318268761719e+13 7.015251927058506456e-06 -7.849949624986302552e-06 1.005564222483370126e-06 1.260604121779655361e+04 -9.501372030565251592e-01 1.885241166251165001e+00 2.343330873171722561e-01 1.723827272471571970e-01
1.000000000000000000e+00 2.127743479660240098e+02 -3.159063264948252936e+02 -7.958155531625653384e+05 -6.025044034009310156e+13 8.246852476423792349e-06 -7.348640830547890898e-06 1.095314251366457205e-06 -2.911631278042533086e+04 -6.954122569929815922e-01 -4.344500820649553674e+00 -9.542844437812215280e-03 -2.907520156160589009e-01
1.000000000000000000e+00 2.383043487122539545e+02 -2.846804838513793925e+02 -7.999831692261046264e+05 -6.088314523796903906e+13 9.284731572308968804e-06 -6.656942731233125336e-06 1.159464133107192117e-06 -3.814189901069344342e+04 3.432566288745441119e-01 -5.678365692492169714e+00 -2.223559053140614916e-01 1.875783885119215733e-01
1.000000000000000000e+00 2.578495705241282394e+02 -2.462220420261009508e+02 -8.041507976969581796e+05 -6.151915680073487500e+13 1.009858311698368681e-05 -5.787629230197437256e-06 1.191116906003365726e-06 -4.093894552148481125e+03 9.949285103859328849e-01 -6.081034280490524857e-01 2.850221825263561382e-01 5.822504557900987088e-02
1.000000000000000000e+00 2.708349233474851872e+02 -2.014715357619064093e+02 -8.083184303320762701e+05 -6.215847379015007031e+13 1.066212281117808932e-05 -4.760279505979075707e-06 1.186474989341079840e-06 3.473847709846396174e+04 5.242180794659683229e-01 5.148414855614384500e+00 -1.310225499511617764e-01 -2.597323465975321377e-01
1.000000000000000000e+00 2.769226121167620818e+02 -1.515752973664744161e+02 -8.124860587830697186e+05 -6.280109492554375000e+13 1.095798930263278390e-05 -3.599818646376553488e-06 1.145880719340148052e-06 3.446781839743716409e+04 -5.378310322919231945e-01 5.096836636616280281e+00 -1.226108560213268472e-01 2.638074647360887925e-01
1.000000000000000000e+00 2.759052450674171268e+02 -9.772475086779337516e+01 -8.166536750570365693e+05 -6.344701895500184375e+13 1.097373358263443161e-05 -2.332806776621943623e-06 1.072986611900924323e-06 -4.760756698220115140e+03 -9.932278035855447440e-01 -7.024076840413465694e-01 2.830549010741235660e-01 -6.713958178811810229e-02
1.000000000000000000e+00 2.677398275811945041e+02 -4.131302563261228045e+01 -8.208212706668783212e+05 -6.409624452407642188e+13 1.070331030334055412e-05 -9.912241626938285243e-07 9.749421919488025007e-07 -3.877911953355595324e+04 -3.291872973327237828e-01 -5.708733152927486287e+00 -2.278603823143755258e-01 -1.808520020246164872e-01
1.000000000000000000e+00 2.526486313154041454e+02 1.616183175511325842e+01 -8.249888380737144034e+05 -6.474877040024070312e+13 1.015129754024275930e-05 3.897399540437102218e-07 8.620389186116266104e-07 -2.917935129288848839e+04 7.052808674855171045e-01 -4.285960238985694559e+00 -1.500447073483763584e-03 2.909047079772772437e-01
1.000000000000000000e+00 2.309939279050649645e+02 7.326714083567533464e+01 -8.291563708184349816e+05 -6.540459549740287500e+13 9.328107462701785285e-06 1.775750564945111564e-06 7.456914472947163362e-07 1.334745315741408922e+04 9.462069049559649336e-01 1.956157340862701322e+00 2.299966890672375530e-01 -1.781272676567900171e-01
1.000000000000000000e+00 2.032989930730654464e+02 1.284878299499037269e+02 -8.333238678561134730e+05 -6.606371956742922656e+13 8.250980931051801821e-06 3.129767603120460354e-06 6.376423003351796883e-07 4.102255711401848384e+04 1.243302003424328200e-01 5.998782792204825576e+00 -2.819148486671889664e-01 -7.177616990144568276e-02
1.000000000000000000e+00 1.703254282253246288e+02 1.803391589847130660e+02 -8.374913138360934099e+05 -6.672614007928783594e+13 6.947304521255883731e-06 4.414755201059909875e-06 5.492450268975399676e-07 2.270623819806600659e+04 -8.364814665313280440e-01 3.313010250373395138e+00 1.161896095481631530e-01 2.666979098114768965e-01
1.000000000000000000e+00 1.329268513071122300e+02 2.275324833324049791e+02 -8.416587106116124196e+05 -6.739185720830159375e+13 5.448855299134033848e-06 5.597778435505104192e-06 4.897442728634537681e-07 -2.115036722593272862e+04 -8.605785433565460441e-01 -3.079178211237537433e+00 1.399825481743939559e-01 -2.550150714592546164e-01
1.000000000000000000e+00 9.205792129748098773e+01 2.688223713864636011e+02 -8.458260556884986581e+05 -6.806087043602885156e+13 3.792265703972293754e-06 6.646342885432231416e-06 4.652779838351420177e-07 -4.149603499135203310e+04 7.669458296082667936e-02 -6.027885145369182851e+00 -2.874862946376400830e-01 4.449079523098305872e-02
1.000000000000000000e+00 4.883351457807219020e+01 3.031176984185945571e+02 -8.499933483502354939e+05 -6.873317952361264062e+13 2.021575864101293235e-06 7.531181208024148497e-06 4.784575461281814987e-07 -1.555065512851137100e+04 9.279018148714039960e-01 -2.253982995650424037e+00 2.100370274522309066e-01 2.012765449917005567e-01
1.000000000000000000e+00 4.368864212603464914e+00 3.296248309490352426e+02 -8.541605895683049457e+05 -6.940878450425731250e+13 1.817458952524217289e-07 8.229922111471769426e-06 5.280772906688078623e-07 2.783750334391156866e+04 7.460096804135712967e-01 4.026038455275906536e+00 3.289038167501048826e-02 -2.890432895917796619e-01
1.000000000000000000e+00 -4.021350430264887166e+01 3.476769313087713158e+02 -8.583277808515570359e+05 -7.008768550200862500e+13 -1.681053844910350727e-06 8.722988913710089822e-06 6.090581470738239281e-07 4.040274349549836188e+04 -2.644229124164986788e-01 5.830506554575725531e+00 -2.502282265417028473e-01 1.483699265571008785e-01
1.000000000000000000e+00 -8.373048659990369913e+01 3.568304155789022616e+02 -8.624949254665647168e+05 -7.076988293415035938e+13 -3.517197036177986415e-06 8.996108605355491173e-06 7.131072953751983186e-07 8.119078638410249368e+03 -9.811244176245424997e-01 1.169101097655056876e+00 2.691515964729959687e-01 1.103866775512462733e-01
1.000000000000000000e+00 -1.250995080281128651e+02 3.569771733870733215e+02 -8.666620282129608095e+05 -7.145537748112582812e+13 -5.280340217906667203e-06 9.043290681969446001e-06 8.300553364118879602e-07 -3.329823791407928366e+04 -6.113541179336904330e-01 -4.784301547466807136e+00 -7.345217145138362158e-02 -2.814828218095054568e-01
1.000000000000000000e+00 -1.633207668867904090e+02 3.481512153422137885e+02 -8.708290942978338571e+05 -7.214416990611301562e+13 -6.926771728356728185e-06 8.862109694651666537e-06 9.484403534203253279e-07 -3.798903583163124858e+04 4.340826434092617259e-01 -5.446400947901968159e+00 -1.812780851302333573e-01 2.275215513226848674e-01
1.000000000000000000e+00 -1.974198082624013466e+02 3.306106145242438856e+02 -8.749961301608632784e+05 -7.283626119401081250e+13 -8.413048506376912878e-06 8.455887583115828543e-06 1.056533311784784064e-06 -6.625320285523314396e+02 9.998771052542563265e-01 -9.477948071192977830e-02 2.907655817474936177e-01 9.120139023440068660e-03
1.000000000000000000e+00 -2.265999527520077663e+02 3.049220116499737969e+02 -8.791631429004210513e+05 -7.353165246032540625e+13 -9.702548508818214403e-06 7.836001756079830354e-06 1.144180845649748664e-06 3.754886379387155466e+04 4.625813023706040195e-01 5.359970599827135196e+00 -1.664104924636766458e-01 -2.386112915659313050e-01
1.000000000000000000e+00 -2.502060356108145527e+02 2.717493042998236774e+02 -8.833301395787269576e+05 -7.423034483699892188e+13 -1.076409112310197607e-05 7.016616904285287677e-06 1.203074903849840951e-06 3.443826326227723621e+04 -5.845274830869275906e-01 4.905316696787124009e+00 -9.211772630931247541e-02 2.759386253578282044e-01
1.000000000000000000e+00 -2.676597876458209271e+02 2.319298026912421165e+02 -8.874971280343375402e+05 -7.493233960946471875e+13 -1.156928767862670942e-05 6.016719849672529583e-06 1.227461288324483997e-06 -6.714420832672232791e+03 -9.874627531255757429e-01 -9.543256591679625256e-01 2.764112583961462200e-01 -9.068967249154763488e-02
1.000000000000000000e+00 -2.786002872706147855e+02 1.865403804832193089e+02 -8.916641163914087228e+05 -7.563763813646851562e+13 -1.209871883696094027e-05 4.861949271989511187e-06 1.215697329080612985e-06 -4.063131599177451426e+04 -3.024571121259322926e-01 -5.762529825468474698e+00 -2.376837668975089191e-01 -1.677326069021044808e-01
1.000000000000000000e+00 -2.828285672383057090e+02 1.366765600192134116e+02 -8.958311120380271459e+05 -7.634624167705932812e+13 -1.233973830922725189e-05 3.578956801520185224e-06 1.169436306984975401e-06 -2.982706345428323039e+04 7.158977374486161782e-01 -4.221133230631907374e+00 7.278282709373397330e-03 2.908175150598183989e-01
1.000000000000000000e+00 -2.802381952609659947e+02 8.353231327955356278e+01 -8.999981224259590963e+05 -7.705815152462129688e+13 -1.228359434224934493e-05 2.197517728806735001e-06 1.093020437979346137e-06 1.397913897468900359e+04 9.451873194316393612e-01 1.974091363435695357e+00 2.288746906564123329e-01 -1.795666351015600681e-01
1.000000000000000000e+00 -2.709452411904470068e+02 2.845608333151653824e+01 -9.041651547067891806e+05 -7.777336894452970312e+13 -1.193124677449128319e-05 7.520715590807182441e-07 9.940405930009401071e-07 4.252904279830571613e+04 1.317666964592202339e-01 5.992978066022944361e+00 -2.808067990860834140e-01 -7.599567127010092848e-02
1.000000000000000000e+00 -2.552169062467616243e+02 -2.727283327981895411e+01 -9.083322150486148894e+05 -7.849189505486815625e+13 -1.129043544341117549e-05 -7.241211798037536304e-07 8.820648984113940869e-07 2.414486011312687333e+04 -8.274256383025094808e-01 3.395111233778326021e+00 1.074227555336347700e-01 2.703482052064082319e-01
1.000000000000000000e+00 -2.334006997544624085e+02 -8.235563889858933351e+01 -9.124993095666347072e+05 -7.921373098409806250e+13 -1.037268604575171200e-05 -2.196656554964869866e-06 7.675581924420992432e-07 -2.107723628844696577e+04 -8.721812874591687859e-01 -2.957448443226335488e+00 1.516798476226464965e-01 -2.482358239455699778e-01
1.000000000000000000e+00 -2.060466823555843803e+02 -1.354243534669048472e+02 -9.166664433059626026e+05 -7.993887769343976562e+13 -9.198849092333679010e-06 -3.628644144188919175e-06 6.615762043443712170e-07 -4.312719707406636735e+04 4.867542094964069643e-02 -6.038525661651517495e+00 -2.895300800930400431e-01 2.828662556904048414e-02
1.000000000000000000e+00 -1.738235662229833736e+02 -1.852637570082418108e+02 -9.208336200286342064e+05 -8.066733593531315625e+13 -7.795542755899325722e-06 -4.986638774551914045e-06 5.741998397300008317e-07 -1.735811767195706125e+04 9.160092969122560769e-01 -2.425271857545478582e+00 1.972785068347074622e-01 2.137966117735114191e-01
1.000000000000000000e+00 -1.374482038396490964e+02 -2.307123960299804253e+02 -9.250008428658486810e+05 -8.139910636304457812e+13 -6.192096732000615770e-06 -6.238056923691554283e-06 5.134015883242005583e-07 2.785473887970815122e+04 7.663876155374426125e-01 3.883621973056090582e+00 5.082171525293294884e-02 -2.864349031167728876e-01
1.000000000000000000e+00 -9.780191676048507077e+01 -2.706186847430215607e+02 -9.291681141973076155e+05 -8.213418950703450000e+13 -4.425865370775657509e-06 -7.350017148803701162e-06 4.848155277370605386e-07 4.222578921840744442e+04 -2.360396258995227647e-01 5.874861414359206613e+00 -2.584928063508526441e-01 1.334513751507486745e-01
1.000000000000000000e+00 -5.583611804721713412e+01 -3.040579767801860953e+02 -9.333354348652075278e+05 -8.287258563219617188e+13 -2.538104540896267003e-06 -8.295268186315243232e-06 4.911797019913041605e-07 9.498310707579123118e+03 -9.759209869364158241e-01 1.318712555406398534e+00 2.632267486799895750e-01 1.238526513407237073e-01
1.000000000000000000e+00 -1.250201491713572999e+01 -3.302227564664262331e+02 -9.375028048289963044e+05 -8.361429484865375000e+13 -5.708330676738447711e-07 -9.049317990816156213e-06 5.318156155084406673e-07 -3.401474058825062093e+04 -6.264142084996383586e-01 -4.712558647117651489e+00 -6.260657424547662331e-02 -2.840919170374456293e-01
1.000000000000000000e+00 3.113828834697170223e+01 -3.483841944034978724e+02 -9.416702229003654793e+05 -8.435931706076104688e+13 1.428072014122831056e-06 -9.589446855221108915e-06 6.026339694100229625e-07 -3.960282628867879976e+04 4.240388311869744964e-01 -5.475244669843923440e+00 -1.862926571994629188e-01 2.234342103133015456e-01
1.000000000000000000e+00 7.401566277120923587e+01 -3.581005980158441844e+02 -9.458376862862003036e+05 -8.510765188029940625e+13 3.409547784483635315e-06 -9.900518416522490798e-06 6.968184578336121104e-07 -7.455416219121572112e+02 9.998552604580800418e-01 -1.028581934180968077e-01 2.907401657947131790e-01 9.897295510793062759e-03
1.000000000000000000e+00 1.151241308138042712e+02 -3.590945898753664665e+02 -9.500051917638803134e+05 -8.585929883255684375e+13 5.326585197454063388e-06 -9.971743902525799912e-06 8.052045853578178912e-07 3.913170655970218650e+04 4.537470690415904007e-01 5.387500569697690089e+00 -1.711203364506541647e-01 -2.352565215201911919e-01
1.000000000000000000e+00 1.534140824248608226e+02 -3.512173130900757769e+02 -9.541727350989279803e+05 -8.661425724890003125e+13 7.129330767788716408e-06 -9.795783866024454696e-06 9.167161721477417662e-07 3.511750793701881776e+04 -6.025923399508366085e-01 4.824759402529125829e+00 -7.964057033179268441e-02 2.797948891991989817e-01
1.000000000000000000e+00 1.879040312970809055e+02 -3.346429804983653185e+02 -9.583403102843455272e+05 -8.737252612406189062e+13 8.770258384413712424e-06 -9.374276328592442661e-06 1.020190463133327873e-06 -8.517894285715026854e+03 -9.811658422728413154e-01 -1.167829738529450712e+00 2.691988907510572959e-01 -1.102712912918207278e-01
1.000000000000000000e+00 2.177481513852787600e+02 -3.097280579422627511e+02 -9.625079110303701600e+05 -8.813410438193892188e+13 1.020740435613456814e-05 -8.714071772962161472e-06 1.105380157063804189e-06 -4.273215572312154109e+04 -2.545498758461141597e-01 -5.846544700909260150e+00 -2.532093629925130651e-01 -1.432229693788360514e-01
1.000000000000000000e+00 2.421306067701285087e+02 -2.769720697197257664e+02 -9.666755301947540138e+05 -8.889899076968271875e+13 1.139953012164754671e-05 -7.826236670905271502e-06 1.163239114458881311e-06 -2.882026131196294227e+04 7.591876906304511063e-01 -3.934970156618765369e+00 4.443101953838082818e-02 2.874955390393827970e-01
1.000000000000000000e+00 2.603808598242490007e+02 -2.371924060550815057e+02 -9.708431599451274378e+05 -8.966718388431140625e+13 1.231160481397368511e-05 -6.731101372149382859e-06 1.187653096581924530e-06 1.772570456637303505e+04 9.167391439750764981e-01 2.415171386758449223e+00 1.980567606271628200e-01 -2.130758551188754457e-01
1.000000000000000000e+00 2.720316226977615770e+02 -1.913597944798593460e+02 -9.750107923335642554e+05 -9.043868227656282812e+13 1.291770462805631187e-05 -5.453764670914747454e-06 1.175960668906770890e-06 4.442727531346883188e+04 4.008011923284012651e-02 6.040834027869472322e+00 -2.899739371406319099e-01 -2.330056316757451659e-02
1.000000000000000000e+00 2.767076010463233047e+02 -1.405493524484774639e+02 -9.791784191421838477e+05 -9.121348442167092188e+13 1.319591341330528380e-05 -4.022786256035888743e-06 1.128593115153242865e-06 2.101837334974792611e+04 -8.817363996710270158e-01 2.852009408857194117e+00 1.614304516862125616e-01 2.420082844308240888e-01
1.000000000000000000e+00 2.742366651671415525e+02 -8.609301251491037021e+01 -9.833460316722112475e+05 -9.199158867882871875e+13 1.313374026712067995e-05 -2.474631573081642607e-06 1.050174226550501552e-06 -2.623210102715574249e+04 -8.091873157261411098e-01 -3.552150848156231167e+00 9.005605164442306854e-02 -2.766183436198371148e-01
1.000000000000000000e+00 2.646882846790955455e+02 -2.939018506333951208e+01 -9.875136220740850549e+05 -9.277299353919865625e+13 1.273017428454132605e-05 -8.483629456262673060e-07 9.489353966531210599e-07 -4.404700841250437952e+04 1.751130573968996684e-01 -5.952275900295031619e+00 -2.730673971375265352e-01 1.003095064552789323e-01
1.000000000000000000e+00 2.482485796269086791e+02 2.815111076597687045e+01 -9.916811831721520284e+05 -9.355769759620220312e+13 1.198989500132389708e-05 8.160257885376349490e-07 8.349372194043561195e-07 -1.224498433200373438e+04 9.619736327916547092e-01 -1.651334350524865213e+00 2.475011022184559484e-01 1.528757824686914901e-01
1.000000000000000000e+00 2.253195416785017073e+02 8.497880691973617218e+01 -9.958487080081562744e+05 -9.434569946169354688e+13 1.092820311310051782e-05 2.473661496545482664e-06 7.198045906597323640e-07 3.346959536789538106e+04 6.669937026961663129e-01 4.504423501135697450e+00 -3.206941282157346751e-02 -2.891355274366067540e-01
1.000000000000000000e+00 1.965309232056679036e+02 1.396023276825828248e+02 -1.000016190970914671e+06 -9.513699798176617188e+13 9.571818626272477797e-06 4.080712202858056827e-06 6.156116679868001103e-07 4.169881455911013472e+04 -3.766369292039318251e-01 5.600492962734248792e+00 -2.083746859602104706e-01 2.029970214455101840e-01
1.000000000000000000e+00 1.625979673800071055e+02 1.906505584410550398e+02 -1.004183627383558545e+06 -9.593159216323085938e+13 7.952154023959101807e-06 5.596126116897824388e-06 5.331015252103131479e-07 3.126386234407303164e+03 -9.975949610726767558e-01 4.190451175574264053e-01 2.881133570440714275e-01 4.023051028213145419e-02
1.000000000000000000e+00 1.244068335831036194e+02 2.367395595514718707e+02 -1.008351013759882539e+06 -9.672948122650275000e+13 6.109596244096463767e-06 6.977805344338777852e-06 4.809230772906973525e-07 -3.908641720086943678e+04 -5.021173709733720569e-01 -5.228311253259484204e+00 -1.442197575581500024e-01 -2.526429535819942340e-01
1.000000000000000000e+00 8.300235652756312277e+01 2.766778728641750149e+02 -1.012518348344035214e+06 -9.753066471429331250e+13 4.093076479115325813e-06 8.188674450576878048e-06 4.647228240542361236e-07 -3.771054905155718734e+04 5.537732225181531964e-01 -5.034051373591184486e+00 -1.124857465119076527e-01 2.682811161755969120e-01
1.000000000000000000e+00 3.943398339039426048e+01 3.095058209747459159e+02 -1.016685630820862018e+06 -9.833514244243865625e+13 1.952602628417761684e-06 9.197965629711994304e-06 4.863031386801035666e-07 5.785423591845185001e+03 9.918402775858073950e-01 7.707454335568990622e-01 2.814523825502351362e-01 -7.356872176109464923e-02
1.000000000000000000e+00 -5.165493968899546928e+00 3.343517265365020421e+02 -1.020852861638122587e+06 -9.914291437396190625e+13 -2.568215981528750666e-07 9.977069469454263607e-06 5.434473447654012715e-07 4.298325531324720214e+04 3.263143323132262630e-01 5.714758710814120235e+00 -2.289560797273807735e-01 -1.794628485805196128e-01
1.000000000000000000e+00 -4.960466363830999370e+01 3.506225854026409934e+02 -1.025020043201649445e+06 -9.995398085518757812e+13 -2.476346436267175584e-06 1.050530149656180853e-05 6.304242799508163082e-07 3.248713644665669199e+04 -7.011656017049081591e-01 4.310569012914053033e+00 -4.867947182420248251e-03 2.908678455157847620e-01
1.000000000000000000e+00 -9.278718214825163102e+01 3.580114032518041540e+02 -1.029187179162783548e+06 -1.007683424839687031e+14 -4.650920201608934236e-06 1.077029261814085919e-05 7.387384425970097018e-07 -1.412861106601537904e+04 -9.509128199389276226e-01 -1.870893154963281013e+00 2.351909688531160503e-01 -1.712104220971897295e-01
1.000000000000000000e+00 -1.336282260408613070e+02 3.563360643840849775e+02 -1.033354273924468667e+06 -1.015860000175154062e+14 -6.725181009168209348e-06 1.076329626425272746e-05 8.575620799671686179e-07 -4.524258532731881860e+04 -1.481781672655649584e-01 -5.978951612503973223e+00 -2.781337524823205287e-01 -8.526087141748273091e-02
1.000000000000000000e+00 -1.710787521158298148e+02 3.457116231363942802e+02 -1.037521333469423116e+06 -1.024069545388611250e+14 -8.644694379281742266e-06 1.048448957185145925e-05 9.752115747582199025e-07 -2.636803156411810414e+04 8.179938985319353817e-01 -3.477644602120071315e+00 9.839343684500183318e-02 2.737636426748334961e-01
1.000000000000000000e+00 -2.042679797538809510e+02 3.265245001033306380e+02 -1.041688364204153768e+06 -1.032312072340086250e+14 -1.036321817978558084e-05 9.942368641307455963e-06 1.080631041638074287e-06 2.174189273876180232e+04 8.808697239594139861e-01 2.861781321952177048e+00 1.605416631942754579e-01 -2.425987939862461196e-01
1.000000000000000000e+00 -2.324065565682160752e+02 2.992587285100569261e+02 -1.045855372825133149e+06 -1.040587593669799219e+14 -1.183795112877853398e-05 9.148601983127160878e-06 1.163530533882695011e-06 4.600510041725704650e+04 -2.777539474502077263e-02 6.043359434955438481e+00 -2.904597215368155405e-01 1.615396637116838646e-02
1.000000000000000000e+00 -2.548038127056289284e+02 2.646559054299311242e+02 -1.050022367176304338e+06 -1.048896124522824062e+14 -1.303049780398218953e-05 8.122999283936574525e-06 1.215877421918440387e-06 1.955305513810334014e+04 -9.056574932255927468e-01 2.563434011483919139e+00 1.863068683104291412e-01 2.234223607545263168e-01
1.000000000000000000e+00 -2.709947544567389741e+02 2.236645057974590145e+02 -1.054189355077067856e+06 -1.057237680243771406e+14 -1.391348889852395852e-05 6.892106371721122317e-06 1.233344242027560851e-06 -2.858953524562233360e+04 -7.855989718611084971e-01 -3.740687327061029688e+00 6.816904018104419372e-02 -2.828087382411662021e-01
1.000000000000000000e+00 -2.806276212257109250e+02 1.772627002445327946e+02 -1.058356344077354996e+06 -1.065612275882601094e+14 -1.446501429581996799e-05 5.483849830093223214e-06 1.214581527869571218e-06 -4.536264557659082493e+04 2.000047964364778663e-01 -5.923538226652373950e+00 -2.676347750296796391e-01 1.140150326035037909e-01
1.000000000000000000e+00 -2.834749017823872350e+02 1.266144929853377761e+02 -1.062523342016885057e+06 -1.074019927314556406e+14 -1.466930802494932889e-05 3.932404417935466644e-06 1.161547097875959837e-06 -1.211422586206049345e+04 9.653010539277669944e-01 -1.578769393406735055e+00 2.512322109952193627e-01 1.466634808778887744e-01
1.000000000000000000e+00 -2.795461029575112661e+02 7.300429134307698575e+01 -1.066690356259477558e+06 -1.082460649697638906e+14 -1.452273276406247688e-05 2.276266117045140857e-06 1.079830845843537239e-06 3.465565045493374055e+04 6.664185719737502067e-01 4.507533812849387367e+00 -3.251560046455964637e-02 -2.890856900491520221e-01
1.000000000000000000e+00 -2.689614887233749982e+02 1.766359878570696296e+01 -1.070857393389740260e+06 -1.090934456835742812e+14 -1.402743530085024435e-05 5.529006576045730306e-07 9.771674037060485058e-07 4.330723145793783624e+04 -3.678844625008207414e-01 5.621716672417016447e+00 -2.121660385072879351e-01 1.990310844287627445e-01
1.000000000000000000e+00 -2.519608818264174772e+02 -3.807116304930732298e+01 -1.075024460102822864e+06 -1.099441362967697656e+14 -1.319191974004414809e-05 -1.196329372701712499e-06 8.631781892965516604e-07 4.066771479009332779e+03 -9.961953730430941345e-01 5.268701274170792814e-01 2.864898049507572098e-01 5.051130689303487409e-02
1.000000000000000000e+00 -2.290051723414814830e+02 -9.283187431206214058e+01 -1.079191562143758638e+06 -1.107981380593742031e+14 -1.203650408025194175e-05 -2.928410367173383631e-06 7.490417373096475485e-07 -3.985055811136021657e+04 -5.230639428367984678e-01 -5.152703583762731299e+00 -1.317257961532531385e-01 -2.593763965602052801e-01
1.000000000000000000e+00 -2.006389269969777729e+02 -1.453845516668439188e+02 -1.083358703882643487e+06 -1.116554519562188594e+14 -1.058629539791144038e-05 -4.603909880174988886e-06 6.455246673193084600e-07 -3.974043630547064095e+04 5.295581240433913095e-01 -5.128401186620636487e+00 -1.277485415320932516e-01 2.613582036232808270e-01
1.000000000000000000e+00 -1.675002824930429028e+02 -1.944679313039480917e+02 -1.087525889515571296e+06 -1.125160789499907969e+14 -8.871798781972039808e-06 -6.181927028237402425e-06 5.621054494814785716e-07 4.537162328615959268e+03 9.953176505795697793e-01 5.843646617412877609e-01 2.854727910555932002e-01 -5.597397637916110696e-02
1.000000000000000000e+00 -1.304130956519583719e+02 -2.388714741085262858e+02 -1.091693121958355885e+06 -1.133800197507538750e+14 -6.933911797857225430e-06 -7.622565049786009554e-06 5.066124221633417336e-07 4.396078272800568811e+04 3.554449640153094503e-01 5.650891387512809949e+00 -2.174011450823886415e-01 -1.932991013471906105e-01
1.000000000000000000e+00 -9.024033596801643853e+01 -2.775920870092207906e+02 -1.095860402883652598e+06 -1.142472748186136250e+14 -4.816288271755756113e-06 -8.891982354995783681e-06 4.841957333580462674e-07 3.453403810395424807e+04 -6.804059395856708603e-01 4.430497201803465401e+00 -2.155502079616445493e-02 2.901089132433579132e-01
1.000000000000000000e+00 -4.789620223112712694e+01 -3.096683867813779329e+02 -1.100027733445571037e+06 -1.151178445104505156e+14 -2.566027156532170805e-06 -9.957189711505864789e-06 4.967732484443230940e-07 -1.351780878547036627e+04 -9.581401767305509631e-01 -1.730878555273351438e+00 2.432185370223775289e-01 -1.596012021053088703e-01
1.000000000000000000e+00 -4.429225254773633935e+00 -3.342625438461249132e+02 -1.104195113106167410e+06 -1.159917288313182344e+14 -2.381936190948424541e-07 -1.078871722296814060e-05 5.429975502838209793e-07 -4.665340956701154937e+04 -1.657002696913773276e-01 -5.962117256053773851e+00 -2.749338686042912538e-01 -9.507454106669986638e-02
1.000000000000000000e+00 3.913221763301159939e+01 -3.508055532029173378e+02 -1.108362540183401434e+06 -1.168689275432922344e+14 2.112383829871282640e-06 -1.136539605499013148e-05 6.184450492101675312e-07 -2.762588849913507511e+04 8.125903408425396712e-01 -3.523642414418640456e+00 9.326707148936140557e-02 2.755522706140590139e-01
1.000000000000000000e+00 8.176573775302483682e+01 -3.588249337894941391e+02 -1.112530012292400235e+06 -1.177494402543396562e+14 4.430366250776550636e-06 -1.166891898104017681e-05 7.156551088491210750e-07 2.251235082034021980e+04 8.805059607886165374e-01 2.865870030697589499e+00 1.601688792098223679e-01 -2.428450752999422035e-01
1.000000000000000000e+00 1.223808645109052691e+02 -3.580288145667772710e+02 -1.116697525795979192e+06 -1.186332662987838594e+14 6.655881871713651594e-06 -1.168664387201990099e-05 8.247555180800027140e-07 4.754440519747501094e+04 -4.008932478914034592e-02 6.040831795201631493e+00 -2.899735077570519404e-01 2.330590620070813537e-02
1.000000000000000000e+00 1.599792115513677686e+02 -3.484349873928721308e+02 -1.120865075677521760e+06 -1.195204047052289844e+14 8.733200367496148534e-06 -1.141593192336871864e-05 9.349861954182942488e-07 1.912735769399800847e+04 -9.159869777406733915e-01 2.425579946888431149e+00 1.972547171229802609e-01 2.138185610219522359e-01
1.000000000000000000e+00 1.936374376380669275e+02 -3.301869615426028872e+02 -1.125032656499885488e+06 -1.204108543963515781e+14 1.060989267741357766e-05 -1.085828719405069810e-05 1.035256297581373380e-06 -3.098078541470570781e+04 -7.611358484299327598e-01 -3.921190391117081120e+00 4.615426313588952278e-02 -2.872239273792285275e-01
1.000000000000000000e+00 2.224401236419049894e+02 -3.036362528728264465e+02 -1.129200261517894687e+06 -1.213046139965515781e+14 1.223321567977012643e-05 -1.002214931458919114e-05 1.115068363540338023e-06 -4.632169950291531131e+04 2.513357991805700298e-01 -5.851624923309373116e+00 -2.541553717046559080e-01 1.415374420371989794e-01
1.000000000000000000e+00 2.456408222346305479e+02 -2.694484288309338922e+02 -1.133367883238275070e+06 -1.222016819475118906e+14 1.355900993500088118e-05 -8.926533367335123099e-06 1.166396603818732122e-06 -9.395989138330180140e+03 9.806128688318536124e-01 -1.184684170335328801e+00 2.685677287962506266e-01 1.117997116006513997e-01
1.000000000000000000e+00 2.626378024842032346e+02 -2.284011804690186409e+02 -1.137535514200299978e+06 -1.231020566741929219e+14 1.455052740163044624e-05 -7.594506952499678821e-06 1.183732492954063514e-06 3.829407607006849867e+04 6.038412056823541096e-01 4.819049054168032420e+00 -7.876396183523053096e-02 -2.800429231042691480e-01
1.000000000000000000e+00 2.729078266168696132e+02 -1.814594413561077886e+02 -1.141703146145015489e+06 -1.240057364044919844e+14 1.517489600433795056e-05 -6.055765407772611875e-06 1.164462785289430129e-06 4.288289910307474929e+04 -4.541585641764728787e-01 5.386233118619196070e+00 -1.709029702882327029e-01 2.354144753650988242e-01
1.000000000000000000e+00 2.761601455236067295e+02 -1.298531716431351697e+02 -1.145870770513595548e+06 -1.249127192747314062e+14 1.541179341981168153e-05 -4.349351211610381648e-06 1.110411911668193480e-06 -9.739185709906021202e+02 -9.997960539729908724e-01 -1.220946097758476845e-01 2.906712831085815907e-01 -1.174758020939051587e-02
1.000000000000000000e+00 2.722967667621570627e+02 -7.485480686018300389e+01 -1.150038379269521683e+06 -1.258230035083751250e+14 1.525145765820835818e-05 -2.516334103463699811e-06 1.027059914761647095e-06 -4.389020675064473471e+04 -4.181351618463496345e-01 -5.491814790802904689e+00 -1.891854036765746594e-01 -2.209902339482375244e-01
1.000000000000000000e+00 2.613380758716166383e+02 -1.784502839337429592e+01 -1.154205964438827243e+06 -1.267365873171333438e+14 1.469070163186039944e-05 -6.020559225791491522e-07 9.225436161801662262e-07 -3.741864137941740046e+04 6.344347630272274552e-01 -4.673177246252770090e+00 -5.672282728987659145e-02 2.853249399001217546e-01
1.000000000000000000e+00 2.435616117866241552e+02 3.963561575634782486e+01 -1.158373518585754326e+06 -1.276534690060463750e+14 1.374086253254938223e-05 1.342055590918063309e-06 8.076751362343691740e-07 1.126650235283931215e+04 9.726447369197021020e-01 1.404400255739602699e+00 2.595124346618524758e-01 -1.314575852533546862e-01
1.000000000000000000e+00 2.194388531862416301e+02 9.612283874320993959e+01 -1.162541035551120993e+06 -1.285736471389414531e+14 1.242448372126576414e-05 3.266413450156420363e-06 6.943469063847355666e-07 4.742879394007116935e+04 2.174968757445845946e-01 5.900964211737290910e+00 -2.633857804274826186e-01 -1.235140928532902083e-01
1.000000000000000000e+00 1.895462017768077772e+02 1.501656047422495135e+02 -1.166708509563257918e+06 -1.294971203461336250e+14 1.077045341300617311e-05 5.121169029042363905e-06 5.940873677459633604e-07 3.038133320763579832e+04 -7.813809731811687254e-01 3.772840070060215378e+00 6.432350844287551550e-02 2.837081012702397098e-01
1.000000000000000000e+00 1.546857832268045740e+02 2.002882459079679336e+02 -1.170875936035979772e+06 -1.304238875037348906e+14 8.820999874790142067e-06 6.854923602904560108e-06 5.175196270529723435e-07 -2.082468691214703722e+04 -9.042755866349547755e-01 -2.581203643710159312e+00 1.848516514158581037e-01 -2.246278420712698731e-01
1.000000000000000000e+00 1.157976317264201356e+02 2.452236940617786445e+02 -1.175043312206049217e+06 -1.313539478808742188e+14 6.626894966278772709e-06 8.422724216421777110e-06 4.728930132570159142e-07 -4.886121782069971232e+04 -1.579330914354629481e-02 -6.044937896299131808e+00 -2.907634556565056316e-01 -9.187672145464799087e-03
1.000000000000000000e+00 7.385838329714677286e+01 2.838388679527496947e+02 -1.179210636386893922e+06 -1.322873009794849062e+14 4.241775894454369434e-06 9.783618945545733401e-06 4.648960295215074739e-07 -2.234269589960377562e+04 8.897980021636057169e-01 -2.758979284278853861e+00 1.697396187816082036e-01 2.362546555745295429e-01
1.000000000000000000e+00 2.999039665760633255e+01 3.150935435266785021e+02 -1.183377908255774993e+06 -1.332239466032312812e+14 1.728471416747310402e-06 1.089931582709844377e-05 4.944402810175173686e-07 2.919862770202009779e+04 8.035235731345405918e-01 3.598836779237255534e+00 8.474174576560233874e-02 -2.782923588411354010e-01
1.000000000000000000e+00 -1.464207736251368708e+01 3.382539294318391967e+02 -1.187545129079769133e+06 -1.341638849139775000e+14 -8.468555823107147820e-07 1.174165318942212488e-05 5.587400821239365560e-07 4.837357777211050416e+04 -1.762152075419385067e-01 5.951086915754870255e+00 -2.728421079361965651e-01 1.009206847068435664e-01
1.000000000000000000e+00 -5.893523089716060070e+01 3.527928959111001177e+02 -1.191712301224400755e+06 -1.351071163266744219e+14 -3.420605159725809500e-06 1.228931083615423384e-05 6.514820000672043981e-07 1.381608497063136565e+04 -9.598192623288553937e-01 1.696535597550512531e+00 2.450922315031073273e-01 1.567086421407336005e-01
1.000000000000000000e+00 -1.017366297800254671e+02 3.583350975208121554e+02 -1.195879428337836871e+06 -1.360536415556260938e+14 -5.925449166192843881e-06 1.252601762215824416e-05 7.633084854772133140e-07 -3.619042859452097036e+04 -6.794761256542869443e-01 -4.435709766470279369e+00 -2.229069210250782945e-02 -2.900533149446088976e-01
1.000000000000000000e+00 -1.419522663837461494e+02 3.548444822844656983e+02 -1.200046515624376247e+06 -1.370034616820195469e+14 -8.296538749203408137e-06 1.244722133696989372e-05 8.833301476486551441e-07 -4.624603767216792039e+04 3.524867683648192918e-01 -5.657660057209668025e+00 -2.186195869009515680e-01 1.919199746978478283e-01
1.000000000000000000e+00 -1.786371739543974400e+02 3.424951463925807502e+02 -1.204213568903008942e+06 -1.379565779443881562e+14 -1.047687810033285619e-05 1.205574944107200175e-05 1.000134221845898249e-06 -5.143262288033243749e+03 9.945894014735682243e-01 -6.280517374373123518e-01 2.846296518706166179e-01 6.011457178402641183e-02
1.000000000000000000e+00 -2.108773303514502686e+02 3.216040622280704611e+02 -1.208380594433462247e+06 -1.389129917010529844e+14 -1.241052552121305139e-05 1.135956088177677275e-05 1.102185740398092519e-06 4.178599635430795752e+04 5.387948884254060156e-01 5.093114460029195101e+00 -1.220070970885210465e-01 -2.640872369592999758e-01
1.000000000000000000e+00 -2.378910400369447586e+02 2.927979076069503890e+02 -1.212547599667386850e+06 -1.398727046051749375e+14 -1.404861193336170470e-05 1.037774608680931316e-05 1.179736505541022471e-06 4.271409181682185590e+04 -5.110379803157309997e-01 5.196623661297604002e+00 -1.389613155849321602e-01 2.555729900354694051e-01
1.000000000000000000e+00 -2.591008324087327992e+02 2.568597766767694566e+02 -1.216714592039457988e+06 -1.408357183296174688e+14 -1.535373567473127115e-05 9.135263792646517765e-06 1.225861408343307290e-06 -3.516814567245774015e+03 -9.975018546831491140e-01 -4.270694024480128359e-01 2.880052808646129114e-01 -4.099705670972874499e-02
1.000000000000000000e+00 -2.740039485754142561e+02 2.146583464100398544e+02 -1.220881579347295221e+06 -1.418020346551323438e+14 -1.629246877488758961e-05 7.660508453356818377e-06 1.236246846035513566e-06 -4.603380880481140048e+04 -3.849092373775920839e-01 -5.579898144126675064e+00 -2.047093864923238415e-01 -2.066926886629075755e-01
1.000000000000000000e+00 -2.822660786625044693e+02 1.673039021388369179e+02 -1.225048569636767963e+06 -1.427716554450643750e+14 -1.684102545673614215e-05 5.990949426869884239e-06 1.210369243926988210e-06 -3.789581905067395564e+04 6.517931411159572086e-01 -4.585033391524716784e+00 -4.373269442282316094e-02 2.876025937005527999e-01
1.000000000000000000e+00 -2.837743811459088192e+02 1.159795614847908922e+02 -1.229215570243529510e+06 -1.437445824221694062e+14 -1.698860711604151927e-05 4.167213876538095926e-06 1.151356980099364705e-06 1.211529135802302153e+04 9.702724974506844458e-01 1.463148387482604340e+00 2.568308016063327037e-01 -1.366226182263165223e-01
1.000000000000000000e+00 -2.784988831370683329e+02 6.187585856539366347e+01 -1.233382588268135907e+06 -1.447208172772965625e+14 -1.672930141046857005e-05 2.230772729562858432e-06 1.064677352247451310e-06 4.893576382078335155e+04 2.188772441120263312e-01 5.899098426306727205e+00 -2.630353187731638842e-01 -1.242586879967164520e-01
1.000000000000000000e+00 -2.665809858057406245e+02 6.342937820122105386e+00 -1.237549630855870200e+06 -1.457003617343454688e+14 -1.606750077140781783e-05 2.294506828358998297e-07 9.586210521349337729e-07 3.179582101878934191e+04 -7.742878461505130483e-01 3.825916824696407925e+00 5.790341414237111517e-02 2.850876972010933930e-01
1.000000000000000000e+00 -2.483708561228241081e+02 -4.928658306651919219e+01 -1.241716704234051984e+06 -1.466832173229997500e+14 -1.502033755183623111e-05 -1.788905953896579325e-06 8.436738030387356784e-07 -2.060514865797880339e+04 -9.123740156685251623e-01 -2.474850017979744354e+00 1.934113499868372610e-01 -2.173012889078995147e-01
1.000000000000000000e+00 -2.242828305693577136e+02 -1.037522152964819071e+02 -1.245883813652138226e+06 -1.476693853608891875e+14 -1.360912198579961126e-05 -3.778428405433456958e-06 7.306022668915121348e-07 -5.038415008632357058e+04 -4.125283378246628191e-02 -6.040545469049333427e+00 -2.899184432241026510e-01 -2.398117476851471114e-02
1.000000000000000000e+00 -1.948816807023395370e+02 -1.557152515362092799e+02 -1.250050963982593501e+06 -1.486588670926272812e+14 -1.186465926928859221e-05 -5.689775704273428263e-06 6.299594547995137526e-07 -2.436808059815096567e+04 8.759750566833773844e-01 -2.916178215311441946e+00 1.555385181872754041e-01 2.458364696802975702e-01
1.000000000000000000e+00 -1.609075725451986045e+02 -2.039398574559434394e+02 -1.254218158688294003e+06 -1.496516634419006875e+14 -9.828926833579163292e-06 -7.476726100269348162e-06 5.512655431086333166e-07 2.884324636672032648e+04 8.217102783351075690e-01 3.445472760201014228e+00 1.019388929797544890e-01 -2.724633233351370087e-01
1.000000000000000000e+00 -1.231270777587793646e+02 -2.473345729531224890e+02 -1.258385400432533817e+06 -1.506477751519359375e+14 -7.546121233068329191e-06 -9.097766239136886017e-06 5.016858481595445991e-07 5.015992304962884373e+04 -1.458819260928323758e-01 5.981015165577101556e+00 -2.785266145634570090e-01 8.396859796724440161e-02
1.000000000000000000e+00 -8.241876487806142393e+01 -2.848045310939219803e+02 -1.262552691343481187e+06 -1.516472028458576875e+14 -5.067947984239218834e-06 -1.051072520461009111e-05 4.856642471455435237e-07 1.561397930015357451e+04 -9.515811820605581950e-01 1.858430888587508933e+00 2.359307813235060891e-01 1.701895028750164129e-01
1.000000000000000000e+00 -3.978738064532788599e+01 -3.154336094871426326e+02 -1.266720031767457956e+06 -1.526499467240881250e+14 -2.454610129839485433e-06 -1.167951690384892665e-05 5.046690058944159926e-07 -3.652492934167793283e+04 -6.962682392182645286e-01 -4.339486903973992504e+00 -8.849752559607121719e-03 -2.907739368382231682e-01
1.000000000000000000e+00 3.789233966244014429e+00 -3.385112909905840297e+02 -1.270887420866735978e+06 -1.536560067018353438e+14 2.345389829580932016e-07 -1.257524675585775023e-05 5.568101081177770088e-07 -4.799104869283997687e+04 3.372521901434058500e-01 -5.691501078066618646e+00 -2.247332529786735811e-01 1.847234838086072028e-01
1.000000000000000000e+00 4.727492152746729204e+01 -3.533872878643642821e+02 -1.275054857181163970e+06 -1.546653825406506250e+14 2.935730747478337664e-06 -1.317091868150310610e-05 6.367888546121743205e-07 -5.684346868883078969e+03 9.937861369778101528e-01 -6.729241841384188128e-01 2.837003784710563359e-01 6.435756148382774933e-02
1.000000000000000000e+00 8.957121179012978018e+01 -3.596515146604585880e+02 -1.279222337821532506e+06 -1.556780736496301562e+14 5.580473100436857683e-06 -1.344820137371919879e-05 7.366062008007264065e-07 4.318111565234630689e+04 5.363084890789250325e-01 5.102697235864159353e+00 -1.235623736660250854e-01 -2.633631338642196118e-01
1.000000000000000000e+00 1.296737696970678826e+02 -3.571433505228390572e+02 -1.283389858827026794e+06 -1.566940791670342812e+14 8.105266040055158553e-06 -1.339792206958045261e-05 8.464716468558660424e-07 4.366369302442076878e+04 -5.236612742809602095e-01 5.150485548645544753e+00 -1.313620196981936938e-01 2.595608218618068452e-01
