5.399999775114303338e+04 3.591996096900883811e-07 9.999999999999999547e-08
5.400917543692707841e+04 5.380085515178701961e-07 9.999999999999999547e-08
5.401835318740335060e+04 4.046378262719126150e-07 9.999999999999999547e-08
5.402753098810687516e+04 1.832257978330560637e-07 9.999999999999999547e-08
5.403670882280189835e+04 1.393452741632657819e-07 9.999999999999999547e-08
5.404588667343879933e+04 2.859128617898535110e-07 9.999999999999999547e-08
5.405506452262272796e+04 1.400630312485611118e-07 9.999999999999999547e-08
5.406424235204162687e+04 -6.111925685590923888e-08 9.999999999999999547e-08
5.407342014295201079e+04 5.632204690853914734e-08 9.999999999999999547e-08
5.408259787856107141e+04 -5.788396760655337510e-08 9.999999999999999547e-08
5.409177554327534745e+04 -2.796780770767494828e-07 9.999999999999999547e-08
5.410095312259912316e+04 -1.003289962260568114e-07 9.999999999999999547e-08
5.411013060543299071e+04 1.186424302565746931e-08 9.999999999999999547e-08
5.411930798274047265e+04 -5.435848950604199020e-08 9.999999999999999547e-08
5.412848524741759320e+04 -9.947808534492256593e-08 9.999999999999999547e-08
5.413766239730881352e+04 -1.722482982373188231e-07 9.999999999999999547e-08
5.414683943273289333e+04 -1.471396299758484575e-07 9.999999999999999547e-08
5.415601635605112824e+04 -1.576694967774162687e-07 9.999999999999999547e-08
5.416519317401883018e+04 -1.648805281620638868e-07 9.999999999999999547e-08
5.417436989520279894e+04 6.260223498191112087e-08 9.999999999999999547e-08
5.418354653029928159e+04 -1.704228063499087029e-07 9.999999999999999547e-08
5.419272309342544031e+04 -1.164409496880335907e-07 9.999999999999999547e-08
5.420189959933845239e+04 -1.705580923942294431e-08 9.999999999999999547e-08
5.421107606323266373e+04 -1.734603438569521196e-07 9.999999999999999547e-08
5.422025250244485505e+04 -1.912886696324084074e-07 9.999999999999999547e-08
5.422942893427736999e+04 -2.529262290248425843e-07 9.999999999999999547e-08
5.423860537519157515e+04 -2.228388630909280146e-07 9.999999999999999547e-08
5.424778184278608387e+04 -1.829187661930654603e-07 9.999999999999999547e-08
5.425695835244474438e+04 -2.878913664420652820e-08 9.999999999999999547e-08
5.426613491815565794e+04 -6.117889308354012368e-08 9.999999999999999547e-08
5.427531155434544780e+04 -1.936877037135120352e-07 9.999999999999999547e-08
5.428448827253620402e+04 -1.840237859120370299e-07 9.999999999999999547e-08
5.429366508216735383e+04 -7.397049106444259846e-08 9.999999999999999547e-08
5.430284199138256372e+04 -1.354740557022749077e-08 9.999999999999999547e-08
5.431201900542710791e+04 -1.336868232082137657e-07 9.999999999999999547e-08
5.432119612708584464e+04 -4.632310534227337566e-08 9.999999999999999547e-08
5.433037335823932517e+04 -2.089310791336200582e-07 9.999999999999999547e-08
5.433955069661951711e+04 -1.582729813669001175e-07 9.999999999999999547e-08
5.434872813727569883e+04 -1.368635565271048489e-07 9.999999999999999547e-08
5.435790567417177954e+04 -1.171251697604194766e-07 9.999999999999999547e-08
5.436708329805772519e+04 -2.155431096400308119e-07 9.999999999999999547e-08
5.437626099738865014e+04 -3.041158903582077647e-07 9.999999999999999547e-08
5.438543875938958809e+04 -2.248342388778252980e-07 9.999999999999999547e-08
5.439461656832331937e+04 -4.896847295620327543e-07 9.999999999999999547e-08
5.440379440700612031e+04 -2.508198216336322122e-07 9.999999999999999547e-08
5.441297225906141830e+04 -3.541994803558910058e-07 9.999999999999999547e-08
5.442215010593614716e+04 -1.523708877415201660e-07 9.999999999999999547e-08
5.443132792878491455e+04 -4.046732392734318506e-07 9.999999999999999547e-08
5.444050571021986980e+04 -4.270185647448645217e-07 9.999999999999999547e-08
5.444968343279427063e+04 -5.809213892497486167e-07 9.999999999999999547e-08
5.445886108112915099e+04 -2.043468142087864849e-07 9.999999999999999547e-08
5.446803864239517861e+04 -2.888731459081259846e-07 9.999999999999999547e-08
5.447721610489045270e+04 -3.450250423323418746e-07 9.999999999999999547e-08
5.448639345961304207e+04 -3.458792610260378890e-07 9.999999999999999547e-08
5.449557070166007179e+04 -2.355051848411675842e-07 9.999999999999999547e-08
5.450474782866626629e+04 -3.294363351048463837e-07 9.999999999999999547e-08
5.451392484098177374e+04 -3.866491598274128630e-07 9.999999999999999547e-08
5.452310174300559447e+04 -4.306458775835490893e-07 9.999999999999999547e-08
5.453227854074214702e+04 -4.691210722416427559e-07 9.999999999999999547e-08
5.454145524324906000e+04 -2.405389107480208029e-07 9.999999999999999547e-08
5.455063186324334674e+04 -6.173959882780007276e-07 9.999999999999999547e-08
5.455980841378788318e+04 -5.135010373676518867e-07 9.999999999999999547e-08
5.456898490960190975e+04 -4.521792975936509894e-07 9.999999999999999547e-08
5.457816136733443273e+04 -4.667164263513664109e-07 9.999999999999999547e-08
5.458733780359807133e+04 -2.714831722181669527e-07 9.999999999999999547e-08
5.459651423551656626e+04 -2.908479291278034995e-07 9.999999999999999547e-08
5.460569068093015812e+04 -3.891188147506949854e-07 9.999999999999999547e-08
5.461486715555701085e+04 -4.189820716034740285e-07 9.999999999999999547e-08
5.462404367469994031e+04 -3.096429583443596518e-07 9.999999999999999547e-08
5.463322025369191397e+04 -3.043872457100954599e-07 9.999999999999999547e-08
5.464239690530765802e+04 -2.344935869266860882e-07 9.999999999999999547e-08
5.465157364071733173e+04 -2.406000957202615471e-07 9.999999999999999547e-08
5.466075046978094906e+04 -2.378383399154413671e-07 9.999999999999999547e-08
5.466992739926678041e+04 -3.917177038075318788e-07 9.999999999999999547e-08
5.467910443417490751e+04 -3.610853327333829041e-07 9.999999999999999547e-08
5.468828157808047399e+04 -2.544660635731037500e-07 9.999999999999999547e-08
5.469745883062989742e+04 -3.512482423401627678e-07 9.999999999999999547e-08
5.470663618931599922e+04 -5.207001568030164375e-07 9.999999999999999547e-08
5.471581364995901095e+04 -3.411527410407446119e-07 9.999999999999999547e-08
5.472499120475355448e+04 -4.492281169388342208e-07 9.999999999999999547e-08
5.473416884437794215e+04 -2.884862848008300837e-07 9.999999999999999547e-08
5.474334655753248080e+04 -4.687821457360367358e-07 9.999999999999999547e-08
5.475252432984146435e+04 -6.147662772913975314e-07 9.999999999999999547e-08
5.476170214563026821e+04 -5.179719953720171973e-07 9.999999999999999547e-08
5.477087998874213372e+04 -3.920365731144252223e-07 9.999999999999999547e-08
5.478005784102443431e+04 -3.079205631351751802e-07 9.999999999999999547e-08
5.478923568409257132e+04 -3.524240454238953464e-07 9.999999999999999547e-08
5.479841350034477364e+04 -6.673142450085071269e-07 9.999999999999999547e-08
5.480759127109097608e+04 -5.635361382748343407e-07 9.999999999999999547e-08
5.481676897972924780e+04 -4.593523942955093037e-07 9.999999999999999547e-08
5.482594661203551368e+04 -3.791325859876380749e-07 9.999999999999999547e-08
5.483512416570866480e+04 -5.294209847386157554e-07 9.999999999999999547e-08
5.484430160694386723e+04 -6.367183937146643496e-07 9.999999999999999547e-08
5.485347893982229289e+04 -7.780658707127104413e-07 9.999999999999999547e-08
5.486265615885133593e+04 -7.219419664132946945e-07 9.999999999999999547e-08
5.487183326245308854e+04 -7.878145870616504209e-07 9.999999999999999547e-08
5.488101025276694418e+04 -6.645482636165415218e-07 9.999999999999999547e-08
5.489018713311563624e+04 -7.312358872154476321e-07 9.999999999999999547e-08
5.489936391069273668e+04 -5.496042244940989560e-07 9.999999999999999547e-08
5.490854059606786905e+04 -7.125273964940045625e-07 9.999999999999999547e-08
5.491771720070794254e+04 -5.500310087957819081e-07 9.999999999999999547e-08
5.492689373879426421e+04 -5.588616063956419084e-07 9.999999999999999547e-08
5.493607022595866874e+04 -4.395436448107470756e-07 9.999999999999999547e-08
5.494524667775341368e+04 -6.239536023997248158e-07 9.999999999999999547e-08
5.495442311144034466e+04 -5.722663542796118601e-07 9.999999999999999547e-08
5.496359954491027747e+04 -5.794942497722332850e-07 9.999999999999999547e-08
5.497277599443306099e+04 -7.639740920716922849e-07 9.999999999999999547e-08
5.498195247641878086e+04 -6.735875402123501095e-07 9.999999999999999547e-08
5.499112900661647291e+04 -6.410632341949983429e-07 9.999999999999999547e-08
5.500030559860936046e+04 -5.807584651408537548e-07 9.999999999999999547e-08
5.500948226586417150e+04 -5.270294362564597064e-07 9.999999999999999547e-08
5.501865901949113322e+04 -3.805737215275533723e-07 9.999999999999999547e-08
5.502783586777489836e+04 -3.978131993061039932e-07 9.999999999999999547e-08
5.503701281761090650e+04 -6.265922425682143522e-07 9.999999999999999547e-08
5.504618987423968065e+04 -5.908228385856443673e-07 9.999999999999999547e-08
5.505536703951588424e+04 -4.079381841140206557e-07 9.999999999999999547e-08
5.506454431335021218e+04 -4.588793197382654547e-07 9.999999999999999547e-08
5.507372169312580081e+04 -3.747983955165347159e-07 9.999999999999999547e-08
5.508289917269173020e+04 -3.714781165166756818e-07 9.999999999999999547e-08
5.509207674495122774e+04 -3.294420903162978008e-07 9.999999999999999547e-08
5.510125440057924425e+04 -5.787675635050515884e-07 9.999999999999999547e-08
5.511043212634731026e+04 -5.767556295350417124e-07 9.999999999999999547e-08
5.511960990840427985e+04 -5.044702884273494063e-07 9.999999999999999547e-08
5.512878773102167906e+04 -3.717848826712477090e-07 9.999999999999999547e-08
5.513796557695127558e+04 -5.239403026095439163e-07 9.999999999999999547e-08
5.514714342869034590e+04 -4.012088123030344104e-07 9.999999999999999547e-08
5.515632126814168441e+04 -3.919832083464490059e-07 9.999999999999999547e-08
5.516549907614907715e+04 -1.920213883554469743e-07 9.999999999999999547e-08
5.517467683542642771e+04 -2.933852508063231508e-07 9.999999999999999547e-08
5.518385453017169493e+04 -2.367175650661178296e-07 9.999999999999999547e-08
5.519303214506159566e+04 -2.864202594912986239e-07 9.999999999999999547e-08
5.520220966773931286e+04 -4.860773592002379774e-07 9.999999999999999547e-08
5.521138708790558303e+04 -2.604896766240502678e-08 9.999999999999999547e-08
5.522056439788317221e+04 -4.077597151981159423e-07 9.999999999999999547e-08
5.522974159380538913e+04 -1.549324730855940251e-07 9.999999999999999547e-08
5.523891867497820203e+04 1.567750081904240529e-08 9.999999999999999547e-08
5.524809564238766325e+04 -1.492790390114612082e-07 9.999999999999999547e-08
5.525727250133182679e+04 -9.582075362923238657e-08 9.999999999999999547e-08
5.526644925985159352e+04 7.058133853137016850e-08 9.999999999999999547e-08
5.527562592764299916e+04 8.307727925422308514e-08 9.999999999999999547e-08
5.528480251788103487e+04 -1.495132627333202772e-07 9.999999999999999547e-08
5.529397904467394983e+04 4.194401819895344192e-08 9.999999999999999547e-08
5.530315552276853123e+04 7.657079282492758871e-08 9.999999999999999547e-08
5.531233196943851362e+04 1.772125578815400582e-07 9.999999999999999547e-08
5.532150840190357849e+04 1.951294871449224598e-07 9.999999999999999547e-08
5.533068483678998746e+04 1.326085410353068436e-07 9.999999999999999547e-08
5.533986129136216186e+04 3.682629396281090340e-07 9.999999999999999547e-08
5.534903778183651593e+04 2.466794415888130671e-08 9.999999999999999547e-08
5.535821432271350204e+04 3.225891991437656166e-07 9.999999999999999547e-08
5.536739092873700429e+04 2.361471277229609253e-07 9.999999999999999547e-08
5.537656761255858873e+04 4.995107662208070138e-07 9.999999999999999547e-08
5.538574438380196807e+04 5.392254536946750811e-07 9.999999999999999547e-08
5.539492125170765939e+04 3.602739413214204542e-07 9.999999999999999547e-08
5.540409822269680444e+04 5.880232606210229716e-07 9.999999999999999547e-08
5.541327530045288586e+04 6.153672644823972397e-07 9.999999999999999547e-08
5.542245248751743929e+04 4.312210141237770752e-07 9.999999999999999547e-08
5.543162978270582244e+04 7.180618235982941597e-07 9.999999999999999547e-08
5.544080718231389619e+04 6.954305348628513461e-07 9.999999999999999547e-08
5.544998468108975067e+04 8.499988415423726057e-07 9.999999999999999547e-08
5.545916227102367702e+04 5.711193824152128273e-07 9.999999999999999547e-08
5.546833994106820319e+04 7.714103966771737816e-07 9.999999999999999547e-08
5.547751767924980959e+04 9.858765923454386275e-07 9.999999999999999547e-08
5.548669547071443230e+04 8.930846871445785805e-07 9.999999999999999547e-08
5.549587329896058509e+04 9.195878756452383708e-07 9.999999999999999547e-08
5.550505114755844261e+04 1.048365263382197233e-06 9.999999999999999547e-08
5.551422899832035910e+04 1.079498242251098444e-06 9.999999999999999547e-08
5.552340683239830832e+04 1.143356137365085764e-06 9.999999999999999547e-08
5.553258463209447655e+04 1.073358865655247466e-06 9.999999999999999547e-08
5.554176237984880572e+04 1.248847576283929690e-06 9.999999999999999547e-08
5.555094005928645493e+04 1.003684822681574610e-06 9.999999999999999547e-08
5.556011765684383136e+04 1.089260992903046018e-06 9.999999999999999547e-08
5.556929515981073200e+04 1.111695361629392797e-06 9.999999999999999547e-08
5.557847255808756017e+04 1.156483659963893611e-06 9.999999999999999547e-08
5.558764984558919969e+04 1.029937573442731529e-06 9.999999999999999547e-08
5.559682701860152156e+04 1.142829659799257964e-06 9.999999999999999547e-08
5.560600407641378843e+04 9.173809145762111096e-07 9.999999999999999547e-08
5.561518102181633731e+04 1.112473232949914661e-06 9.999999999999999547e-08
5.562435786001846282e+04 1.068988709892648921e-06 9.999999999999999547e-08
5.563353459905405180e+04 1.151862244288727677e-06 9.999999999999999547e-08
5.564271125038388709e+04 9.123065580237292071e-07 9.999999999999999547e-08
5.565188782682239980e+04 1.076093642711370217e-06 9.999999999999999547e-08
5.566106434215458285e+04 8.938124059081669383e-07 9.999999999999999547e-08
5.567024081279028906e+04 9.722690545190983910e-07 9.999999999999999547e-08
5.567941725510194374e+04 1.006828315352265490e-06 9.999999999999999547e-08
5.568859368626127980e+04 8.588240854571614217e-07 9.999999999999999547e-08
5.569777012398670195e+04 8.333535463254948363e-07 9.999999999999999547e-08
5.570694658443258231e+04 8.517191717587438608e-07 9.999999999999999547e-08
5.571612308323558682e+04 9.677931825966499164e-07 9.999999999999999547e-08
5.572529963613087602e+04 8.582465758004241809e-07 9.999999999999999547e-08
5.573447625683208753e+04 8.849532043337844192e-07 9.999999999999999547e-08
5.574365295689944469e+04 6.204543933978344094e-07 9.999999999999999547e-08
5.575282974706295499e+04 6.945888973290723500e-07 9.999999999999999547e-08
5.576200663494846958e+04 6.004582266949772868e-07 9.999999999999999547e-08
5.577118362642104330e+04 7.377830020915368558e-07 9.999999999999999547e-08
5.578036072616725869e+04 5.442572675711458627e-07 9.999999999999999547e-08
5.578953793494978163e+04 6.798251547304202444e-07 9.999999999999999547e-08
5.579871525092378579e+04 5.070889647998105135e-07 9.999999999999999547e-08
5.580789267087376356e+04 3.990752327612534571e-07 9.999999999999999547e-08
5.581707018843718106e+04 3.706672604732203503e-07 9.999999999999999547e-08
5.582624779489162756e+04 4.626503194613617165e-07 9.999999999999999547e-08
