5.399999704506361013e+04 1.876143733527018108e-08 9.999999999999999547e-08
5.400917415651281772e+04 1.682771901311325782e-07 9.999999999999999547e-08
5.401835136451560538e+04 -1.252167997226437644e-07 9.999999999999999547e-08
5.402752866748680390e+04 -5.751990031895004729e-08 9.999999999999999547e-08
5.403670606250385026e+04 -5.039872229627279299e-08 9.999999999999999547e-08
5.404588354343120591e+04 5.666323261457385757e-08 9.999999999999999547e-08
5.405506110202201671e+04 -5.410018824001724290e-08 9.999999999999999547e-08
5.406423872851953638e+04 -1.118637548047289283e-07 9.999999999999999547e-08
5.407341641014810011e+04 -2.838695312525805723e-08 9.999999999999999547e-08
5.408259413252499508e+04 -4.144754884298343144e-09 9.999999999999999547e-08
5.409177188125829707e+04 1.048896946087878942e-07 9.999999999999999547e-08
5.410094964020320913e+04 -3.315050225367177319e-08 9.999999999999999547e-08
5.411012739284793497e+04 4.771142506553778565e-09 9.999999999999999547e-08
5.411930512375762191e+04 -1.577577668352734834e-07 9.999999999999999547e-08
5.412848281652807054e+04 -1.035662367222677055e-07 9.999999999999999547e-08
5.413766045685545396e+04 3.783869187607814011e-08 9.999999999999999547e-08
5.414683803276763501e+04 -3.326416092525184477e-08 9.999999999999999547e-08
5.415601553258109925e+04 -1.708516808584136595e-07 9.999999999999999547e-08
5.416519294738570898e+04 -1.311720246741838431e-07 9.999999999999999547e-08
5.417437027084490546e+04 9.080341530383281506e-08 9.999999999999999547e-08
5.418354749860917218e+04 6.640807695800731878e-08 9.999999999999999547e-08
5.419272462913853087e+04 -4.705563465191239340e-08 9.999999999999999547e-08
5.420190166410338861e+04 9.103954255359390012e-08 9.999999999999999547e-08
5.421107860593865917e+04 -8.115774984351296346e-08 9.999999999999999547e-08
5.422025545983810298e+04 8.661550112215357527e-08 9.999999999999999547e-08
5.422943223402868898e+04 -6.560369659312912243e-08 9.999999999999999547e-08
5.423860893744888745e+04 1.023654388390596055e-07 9.999999999999999547e-08
5.424778558115427586e+04 -8.760061944005709383e-08 9.999999999999999547e-08
5.425696217724993039e+04 1.539564150406017589e-07 9.999999999999999547e-08
5.426613873819305445e+04 -1.034427348834359581e-07 9.999999999999999547e-08
5.427531527793953137e+04 4.010283787252055525e-08 9.999999999999999547e-08
5.428449181137335108e+04 -7.568364368023550380e-08 9.999999999999999547e-08
5.429366835228252603e+04 4.676116950581121221e-08 9.999999999999999547e-08
5.430284491449348570e+04 -2.110842402550619589e-07 9.999999999999999547e-08
5.431202151203510584e+04 -4.547980339527330583e-08 9.999999999999999547e-08
5.432119815734310396e+04 -1.552645088850670258e-07 9.999999999999999547e-08
5.433037486283892940e+04 -2.929755306570606144e-07 9.999999999999999547e-08
5.433955163941405044e+04 -1.469769971162760199e-07 9.999999999999999547e-08
5.434872849526241043e+04 -2.396885930526973366e-07 9.999999999999999547e-08
5.435790543778127176e+04 -2.296936996317877259e-07 9.999999999999999547e-08
5.436708247281370132e+04 -2.500226134956037558e-07 9.999999999999999547e-08
5.437625960343742918e+04 -2.857236179709965219e-07 9.999999999999999547e-08
5.438543683053099812e+04 -7.099818730416100968e-08 9.999999999999999547e-08
5.439461415263355593e+04 -2.214959363392975359e-08 9.999999999999999547e-08
5.440379156497379881e+04 -1.576398663568114819e-07 9.999999999999999547e-08
5.441296906208583823e+04 -2.392881773594705376e-07 9.999999999999999547e-08
5.442214663558952452e+04 -8.846757950815731616e-08 9.999999999999999547e-08
5.443132427406153147e+04 -2.850931114454944139e-07 9.999999999999999547e-08
5.444050196483780019e+04 -1.921048735653755941e-07 9.999999999999999547e-08
5.444967969397385605e+04 3.442539688960775411e-08 9.999999999999999547e-08
5.445885744587548834e+04 -1.078729214966411527e-07 9.999999999999999547e-08
5.446803520499562728e+04 -2.858762686366067006e-07 9.999999999999999547e-08
5.447721295511870267e+04 -1.360527129311063885e-07 9.999999999999999547e-08
5.448639067927781434e+04 -1.950222034394965768e-07 9.999999999999999547e-08
5.449556836254023074e+04 -1.889385278744291692e-07 9.999999999999999547e-08
5.450474599142073566e+04 -3.041119051863269889e-07 9.999999999999999547e-08
5.451392355287546525e+04 -9.041348122417554278e-08 9.999999999999999547e-08
5.452310103641988098e+04 -1.110554730651621448e-07 9.999999999999999547e-08
5.453227843362182466e+04 -1.321882093331049802e-07 9.999999999999999547e-08
5.454145573796415556e+04 -9.181240738098210129e-08 9.999999999999999547e-08
5.455063294643762492e+04 -1.338410456992930553e-07 9.999999999999999547e-08
5.455981005831257062e+04 -2.499970718361391751e-08 9.999999999999999547e-08
5.456898707414494129e+04 -5.422695300721970653e-08 9.999999999999999547e-08
5.457816399771087890e+04 -8.369445912318948634e-08 9.999999999999999547e-08
5.458734083536366961e+04 -7.978889700985652295e-08 9.999999999999999547e-08
5.459651759453145496e+04 -2.072032224327549203e-08 9.999999999999999547e-08
5.460569428525111289e+04 4.418198777517581111e-08 9.999999999999999547e-08
5.461487091884550318e+04 -5.008738454756661970e-08 9.999999999999999547e-08
5.462404750639524718e+04 -5.809749302270695057e-08 9.999999999999999547e-08
5.463322406203311402e+04 -3.021359480932646634e-08 9.999999999999999547e-08
5.464240059977775672e+04 1.348674683397987443e-07 9.999999999999999547e-08
5.465157713340868941e+04 1.102652059531301014e-07 9.999999999999999547e-08
5.466075367741092487e+04 -2.226923434085614386e-08 9.999999999999999547e-08
5.466993024584194063e+04 3.397843008495866822e-08 9.999999999999999547e-08
5.467910685161421861e+04 5.266755929606951466e-08 9.999999999999999547e-08
5.468828350815297745e+04 1.680406098781493380e-08 9.999999999999999547e-08
5.469746022736695886e+04 2.281421190026212168e-08 9.999999999999999547e-08
5.470663701860095898e+04 1.564288446313751235e-07 9.999999999999999547e-08
5.471581389116431092e+04 -1.076582751919872986e-07 9.999999999999999547e-08
5.472499085196487431e+04 1.114272435102224095e-07 9.999999999999999547e-08
5.473416790573272010e+04 3.550102122701550857e-08 9.999999999999999547e-08
5.474334505554334464e+04 -1.405764003882387452e-08 9.999999999999999547e-08
5.475252230193832656e+04 1.891263235415203684e-07 9.999999999999999547e-08
5.476169964205477299e+04 1.265173627284294188e-07 9.999999999999999547e-08
5.477087707202424644e+04 4.401340314268862708e-08 9.999999999999999547e-08
5.478005458536702645e+04 3.655703172131189380e-07 9.999999999999999547e-08
5.478923217225717235e+04 2.161901390910599397e-07 9.999999999999999547e-08
5.479840982229412475e+04 8.554145386679165863e-08 9.999999999999999547e-08
5.480758752209704835e+04 1.633579449372960154e-07 9.999999999999999547e-08
5.481676525667943497e+04 1.675280761593548237e-07 9.999999999999999547e-08
5.482594301151853142e+04 8.098722159335961939e-08 9.999999999999999547e-08
5.483512078184163693e+04 1.817233372718919615e-07 9.999999999999999547e-08
5.484429852767055127e+04 -4.704791238810169248e-08 9.999999999999999547e-08
5.485347624500667735e+04 2.280481646116505291e-07 9.999999999999999547e-08
5.486265391872543842e+04 1.936230738934882173e-07 9.999999999999999547e-08
5.487183153473729180e+04 1.454661666557100226e-07 9.999999999999999547e-08
5.488100908164936845e+04 1.337583989865910884e-07 9.999999999999999547e-08
5.489018654880892427e+04 4.219760705184951336e-07 9.999999999999999547e-08
5.489936392757696012e+04 8.635800169156427347e-08 9.999999999999999547e-08
5.490854121310379560e+04 1.097849572790996619e-07 9.999999999999999547e-08
5.491771840244641498e+04 3.113054620299449331e-08 9.999999999999999547e-08
5.492689549465631717e+04 5.090737258648475900e-08 9.999999999999999547e-08
5.493607249195655459e+04 1.420604851687713167e-07 9.999999999999999547e-08
5.494524939805619942e+04 9.715394402748557690e-08 9.999999999999999547e-08
5.495442621893625619e+04 2.104687029572819429e-07 9.999999999999999547e-08
5.496360296377609484e+04 1.340700630281343307e-07 9.999999999999999547e-08
5.497277964233306557e+04 7.650439306910681509e-08 9.999999999999999547e-08
5.498195626530500158e+04 1.633120828475813612e-08 9.999999999999999547e-08
5.499113284563716297e+04 6.397126766861432426e-08 9.999999999999999547e-08
5.500030939654706162e+04 4.441588535721690715e-08 9.999999999999999547e-08
5.500948593194282876e+04 6.587050950893124990e-08 9.999999999999999547e-08
5.501866246681095072e+04 -9.380502335484112273e-08 9.999999999999999547e-08
5.502783901463945222e+04 7.817022676663826140e-08 9.999999999999999547e-08
5.503701558895703056e+04 -7.758892193803827176e-08 9.999999999999999547e-08
5.504619220390098053e+04 1.126944017429914158e-07 9.999999999999999547e-08
5.505536887220179779e+04 4.319293980387115138e-08 9.999999999999999547e-08
5.506454560458761262e+04 -1.602315015973951239e-07 9.999999999999999547e-08
5.507372241164298612e+04 8.546265414663878513e-08 9.999999999999999547e-08
5.508289930130940047e+04 1.070658503034998980e-07 9.999999999999999547e-08
5.509207627982111444e+04 5.928122524671478577e-09 9.999999999999999547e-08
5.510125335296004778e+04 2.146661340133757961e-07 9.999999999999999547e-08
5.511043052218555385e+04 -2.299926018166516774e-08 9.999999999999999547e-08
5.511960778706062410e+04 1.469462309646684974e-07 9.999999999999999547e-08
5.512878514559788891e+04 -2.953599335100700731e-08 9.999999999999999547e-08
5.513796259273692704e+04 1.840077498602663135e-08 9.999999999999999547e-08
5.514714012126017042e+04 1.376827773201952238e-07 9.999999999999999547e-08
5.515631772204035224e+04 -1.551104442838295570e-07 9.999999999999999547e-08
5.516549538302984729e+04 -1.788295407248233706e-07 9.999999999999999547e-08
5.517467309027658484e+04 -9.984274601202090086e-08 9.999999999999999547e-08
5.518385083040926111e+04 -7.126754204116392807e-08 9.999999999999999547e-08
5.519302858728089632e+04 -6.798603292483714478e-09 9.999999999999999547e-08
5.520220634441094444e+04 3.167523771234663885e-08 9.999999999999999547e-08
5.521138408587795857e+04 -1.916084733959100812e-07 9.999999999999999547e-08
5.522056179549793160e+04 -6.689186427785580173e-09 9.999999999999999547e-08
5.522973945845365961e+04 -1.126598728911510619e-08 9.999999999999999547e-08
5.523891706194190192e+04 -1.687973411562085378e-07 9.999999999999999547e-08
5.524809459361055633e+04 -9.051620908571369102e-08 9.999999999999999547e-08
5.525727204318902659e+04 -2.147365447446875570e-07 9.999999999999999547e-08
5.526644940388886607e+04 -6.037719231104978834e-08 9.999999999999999547e-08
5.527562667042895191e+04 -3.933369713404613306e-08 9.999999999999999547e-08
5.528480384008336841e+04 -6.091949100626341038e-08 9.999999999999999547e-08
5.529398091345501598e+04 -1.939234123106567130e-07 9.999999999999999547e-08
5.530315789184363530e+04 -3.174477832942620700e-08 9.999999999999999547e-08
5.531233477997704176e+04 -1.356003079125061044e-07 9.999999999999999547e-08
5.532151158531055262e+04 -1.723709003078207562e-07 9.999999999999999547e-08
5.533068831605916785e+04 -1.790977534368965344e-07 9.999999999999999547e-08
5.533986498210443096e+04 -5.911617926004564514e-08 9.999999999999999547e-08
5.534904159572022036e+04 3.426752553860443199e-08 9.999999999999999547e-08
5.535821816891647177e+04 -2.175911720119512060e-07 9.999999999999999547e-08
5.536739471533390315e+04 -1.251547132654271005e-08 9.999999999999999547e-08
5.537657124976601335e+04 5.567025118311829972e-09 9.999999999999999547e-08
5.538574778580123530e+04 1.788970430993140449e-07 9.999999999999999547e-08
5.539492433738594991e+04 6.196521930629584841e-08 9.999999999999999547e-08
5.540410091903137072e+04 2.438172268955587415e-08 9.999999999999999547e-08
5.541327754352863121e+04 -1.183703058866415993e-07 9.999999999999999547e-08
5.542245422339024663e+04 -2.583290502489449479e-07 9.999999999999999547e-08
5.543163097018039116e+04 1.603814472953859772e-07 9.999999999999999547e-08
5.544080779278034606e+04 5.106682101953393217e-08 9.999999999999999547e-08
5.544998469927813130e+04 2.521376942408940454e-08 9.999999999999999547e-08
5.545916169678299048e+04 -2.231556792372036262e-08 9.999999999999999547e-08
5.546833878854565410e+04 9.179578058564770477e-08 9.999999999999999547e-08
5.547751597670260526e+04 2.248726647751600544e-08 9.999999999999999547e-08
5.548669326067902875e+04 -1.114528977407158027e-07 9.999999999999999547e-08
5.549587063706445770e+04 -1.326812921920602433e-07 9.999999999999999547e-08
5.550504810082151380e+04 1.950973557495523993e-08 9.999999999999999547e-08
5.551422564484432223e+04 2.708625525176642562e-08 9.999999999999999547e-08
5.552340325824910542e+04 -1.880574463961618533e-08 9.999999999999999547e-08
5.553258092917340400e+04 1.986060913908663092e-08 9.999999999999999547e-08
5.554175864455308329e+04 -7.024341758987402867e-08 9.999999999999999547e-08
5.555093638882301457e+04 2.102313793004516093e-07 9.999999999999999547e-08
5.556011414682440227e+04 1.282094086172056228e-07 9.999999999999999547e-08
5.556929190239268792e+04 -1.337428315553343921e-07 9.999999999999999547e-08
5.557846963847672305e+04 -7.467904241703042144e-08 9.999999999999999547e-08
5.558764733961817547e+04 -1.407080959840307514e-07 9.999999999999999547e-08
5.559682499189424561e+04 7.852958394453351867e-08 9.999999999999999547e-08
5.560600258166838466e+04 2.852703770989119338e-09 9.999999999999999547e-08
5.561518009741502465e+04 9.354209984965690303e-08 9.999999999999999547e-08
5.562435753001861303e+04 1.984665647669845813e-07 9.999999999999999547e-08
5.563353487193151523e+04 -5.431184352699792942e-08 9.999999999999999547e-08
5.564271211895281886e+04 -5.450827181491525567e-08 9.999999999999999547e-08
5.565188926967638690e+04 1.173286301436456035e-07 9.999999999999999547e-08
5.566106632342385274e+04 1.213768366089185420e-07 9.999999999999999547e-08
5.567024328313978185e+04 3.167458512667249427e-08 9.999999999999999547e-08
5.567942015420857933e+04 6.862616128228308368e-08 9.999999999999999547e-08
5.568859694356806722e+04 -2.639183557298148488e-08 9.999999999999999547e-08
5.569777366038696346e+04 2.952282705435617433e-07 9.999999999999999547e-08
5.570695031530901906e+04 2.468281663778859204e-07 9.999999999999999547e-08
5.571612691929988068e+04 2.871989472270676586e-08 9.999999999999999547e-08
5.572530348572661023e+04 8.956393758007541649e-08 9.999999999999999547e-08
5.573448002895172249e+04 -2.572023409611438181e-09 9.999999999999999547e-08
5.574365656219276570e+04 1.361770446413871019e-07 9.999999999999999547e-08
5.575283310008754779e+04 7.471282786502364565e-08 9.999999999999999547e-08
5.576200965676653868e+04 2.391196068663396206e-07 9.999999999999999547e-08
5.577118624537057622e+04 2.062575676020310866e-07 9.999999999999999547e-08
5.578036287990232813e+04 2.189177296804235765e-07 9.999999999999999547e-08
5.578953957256898866e+04 1.681839791440090169e-07 9.999999999999999547e-08
5.579871633332010970e+04 8.497321489103082764e-08 9.999999999999999547e-08
5.580789317175590259e+04 1.474606860044519773e-07 9.999999999999999547e-08
5.581707009617093718e+04 1.403222688435494153e-07 9.999999999999999547e-08
5.582624711177330028e+04 2.392227154028543714e-07 9.999999999999999547e-08
