1.000000000000000000e+00 1.071342650451087053e+02 3.420708559620784399e+02 -6.457710749390865676e+05 -2.789722800259069141e+13 2.016885943701683421e-06 4.540455601115666761e-06 6.805779234734133382e-07 9.913817541098131869e+02 4.256845925318106794e+00 -3.976012482170219187e-01 -4.828452919243081398e-02 4.425270695080812722e+00
1.000000000000000000e+00 1.538672763628249243e+02 2.999986377225158094e+02 -6.516974055764088407e+05 -2.841161095760389844e+13 2.923254417063540345e-06 4.018556188912709178e-06 6.685922218875446174e-07 -4.170572234186182072e+02 -1.773666253302335516e+00 -9.240134865087361593e-01 2.011920494511178562e-02 3.558527985059957821e+00
1.000000000000000000e+00 1.968005865539204251e+02 2.505318612913518166e+02 -6.576237985654245131e+05 -2.893069840062401953e+13 3.772925815703462195e-06 3.386454593289464647e-06 6.834146164334229132e-07 -1.024435665475225733e+03 -4.315487082940602903e+00 3.670164228309339416e-01 4.895260593670493904e-02 4.520465578537237405e+00
1.000000000000000000e+00 2.348834535967467048e+02 1.948073797389490665e+02 -6.635502528824683977e+05 -2.945449038908960547e+13 4.543605317416688242e-06 2.656953748572302968e-06 7.234464891583938960e-07 3.909764386165884389e+02 1.631561607545675363e+00 9.361376017233407065e-01 -1.850674743690326404e-02 3.464937053637938913e+00
1.000000000000000000e+00 2.670822720656778984e+02 1.341502916679173723e+02 -6.694767666402424220e+05 -2.998298689983720312e+13 5.212606344302710948e-06 1.846000871396691227e-06 7.844003745788181013e-07 1.056748400918880179e+03 4.368882958061413468e+00 -3.364344466087016428e-01 -4.955540793727822302e-02 4.612048099617394037e+00
1.000000000000000000e+00 2.925237315964484424e+02 7.012932605629319482e+01 -6.754033358765656594e+05 -3.051618771622339062e+13 5.759684073241164071e-06 9.735710183380819667e-07 8.600225175982860184e-07 -3.638896398186270744e+02 -1.490568293390435395e+00 -9.469606236267731347e-01 1.690801558415692962e-02 3.375604555111197946e+00
1.000000000000000000e+00 3.105604812997485169e+02 4.313040788997546393e+00 -6.813299552658527391e+05 -3.105409248475486719e+13 6.168478151219309052e-06 6.040123510758862096e-08 9.426120889747502677e-07 -1.088115138466478811e+03 -4.416489393208379965e+00 3.061399845198037317e-01 5.009825722733959874e-02 4.699463851455101704e+00
1.000000000000000000e+00 3.206425790953812225e+02 -6.164475827081597004e+01 -6.872566185074620880e+05 -3.159670074539123828e+13 6.424132358239805083e-06 -8.708028772449969176e-07 1.023217956815417572e-06 3.355746546392190339e+02 1.349732650516168420e+00 9.567620799170297730e-01 -1.530988910969165694e-02 3.289877367014831133e+00
1.000000000000000000e+00 3.224550651040887033e+02 -1.259724784771776314e+02 -6.931833173512028297e+05 -3.214401183730126172e+13 6.516158828791538433e-06 -1.794851600684980869e-06 1.093176216416086814e-06 1.118736165377199541e+03 4.459416218645913865e+00 -2.757806373801622857e-01 -5.058237502243688455e-02 4.783217743776057240e+00
1.000000000000000000e+00 3.159614764454623810e+02 -1.870368583983293149e+02 -6.991100425091191428e+05 -3.269602497641776953e+13 6.439527933709343856e-06 -2.687679695288054142e-06 1.145422246432594434e-06 -3.061263162679589982e+02 -1.209421170876882501e+00 -9.654023743611306330e-01 1.371896316820231561e-02 3.208258833286876666e+00
1.000000000000000000e+00 3.012616860325034054e+02 -2.432589775285113944e+02 -7.050367846872932278e+05 -3.325273934865184375e+13 6.191986988139165806e-06 -3.525213494969681804e-06 1.174276628411117236e-06 -1.148432943321218545e+03 -4.497211821117269359e+00 2.455380369114981143e-01 5.101386289597000662e-02 4.863052295709459294e+00
1.000000000000000000e+00 2.787133682303908131e+02 -2.930920772812152677e+02 -7.109635334598467452e+05 -3.381415400276159766e+13 5.776695577646919344e-06 -4.283079889142374290e-06 1.176414787519691808e-06 2.751975088403744394e+02 1.068259190306606765e+00 9.731482188583044923e-01 -1.211705522302616335e-02 3.129947711062932569e+00
1.000000000000000000e+00 2.489455358266210681e+02 -3.352733992906995582e+02 -7.168902781639092136e+05 -3.438026793170490234e+13 5.202731215556175824e-06 -4.940336820618174066e-06 1.151755318321449898e-06 1.177395065125587053e+03 4.530872576402787288e+00 -2.149616243445712782e-01 -5.139295812727870394e-02 4.939612170299229277e+00
1.000000000000000000e+00 2.126968039330490967e+02 -3.687228504906865965e+02 -7.228170088320694631e+05 -3.495108016187533594e+13 4.481915701366562313e-06 -5.478140751953462877e-06 1.102600073117909514e-06 -2.427732113484066190e+02 -9.262333088472622933e-01 -9.798469838492072093e-01 1.050677029708916958e-02 3.055299977081534557e+00
1.000000000000000000e+00 1.709181384277750624e+02 -3.925146300047262571e+02 -7.287437148709435714e+05 -3.552658962701867188e+13 3.631092666508696781e-06 -5.879432940727546711e-06 1.033887737180091962e-06 -1.205422127993841741e+03 -4.559851865149018302e+00 1.841959891652116821e-01 5.172434962953425391e-02 5.012640723647494134e+00
1.000000000000000000e+00 1.247591192902542474e+02 -4.061058674385878930e+02 -7.346703870435029967e+05 -3.610679536060214062e+13 2.672016842060915962e-06 -6.132486057243299918e-06 9.532093889767967011e-07 2.084565670481074449e+02 7.818987367650414022e-01 9.857154718157229434e-01 -8.868779432082063083e-03 2.983679344777779630e+00
1.000000000000000000e+00 7.539125156403792971e+01 -4.092012323369114597e+02 -7.405970176184631418e+05 -3.669169651599471875e+13 1.627710886205282239e-06 -6.229076467409059817e-06 8.689465742232946356e-07 1.232644109222776706e+03 4.584868461547648266e+00 -1.527752475980112545e-01 -5.200549289743391923e-02 5.082600693882348253e+00
1.000000000000000000e+00 2.410077882208983624e+01 -4.017081909342280142e+02 -7.465235990509286057e+05 -3.728129224066067969e+13 5.245042052006935764e-07 -6.163948462221807656e-06 7.896215142013346878e-07 -1.722236587733708006e+02 -6.352820916845866028e-01 -9.905593376032906239e-01 7.206524977816305966e-03 2.915595576787326504e+00
1.000000000000000000e+00 -2.773958228205533061e+01 -3.839337347908964375e+02 -7.524501255869696615e+05 -3.787558183843602344e+13 -6.084879638987912532e-07 -5.937980445797278917e-06 7.236560639053654810e-07 -1.258810239593337656e+03 -4.605200849783785522e+00 1.208987382196471949e-01 5.223869299278228323e-02 5.148981037434835706e+00
1.000000000000000000e+00 -7.884914579168994919e+01 -3.564119134397510607e+02 -7.583765931346134748e+05 -3.847456476353943750e+13 -1.743236334006267594e-06 -5.555739870707091261e-06 6.778878505923156083e-07 1.337504862365807696e+02 4.853193203337203832e-01 9.945340049747661837e-01 -5.504579873575767175e-03 2.850820306370251078e+00
1.000000000000000000e+00 -1.279421094618287782e+02 -3.198451938465848343e+02 -7.643029988850589143e+05 -3.907824058842774219e+13 -2.850712543913959086e-06 -5.024700300838441669e-06 6.569113076821204504e-07 1.283971184750142129e+03 4.621258994783108420e+00 -8.817800871053921297e-02 -5.241833656171554501e-02 5.211850967249850086e+00
1.000000000000000000e+00 -1.737564958960873867e+02 -2.752749798181901610e+02 -7.702293418438234366e+05 -3.968660906361882031e+13 -3.901534619671845513e-06 -4.358043581534989444e-06 6.630851667851114818e-07 -9.310545706905925556e+01 -3.324156341022777572e-01 -9.974087703698908403e-01 3.771132373614912402e-03 2.790133993217410069e+00
1.000000000000000000e+00 -2.152215879533775365e+02 -2.238828214467369833e+02 -7.761556230896200286e+05 -4.029967015176750781e+13 -4.869776121204140485e-06 -3.571694870682165885e-06 6.960967447569757034e-07 -1.307838303355123116e+03 -4.632224802563592370e+00 5.493311075032691893e-02 5.254516403275340947e-02 5.270399032077605739e+00
1.000000000000000000e+00 -2.513459998739603520e+02 -1.669287853880388752e+02 -7.820818441948406398e+05 -4.091742387060864844e+13 -5.730579450315737060e-06 -2.683417253633523276e-06 7.527415909329699453e-07 5.013517272639299449e+01 1.761712000151300084e-01 9.992997003059762573e-01 -1.997802809887388835e-03 2.733727123161634687e+00
1.000000000000000000e+00 -2.812404492525688511e+02 -1.059085390544706229e+02 -7.880080085134819383e+05 -4.153987043070014844e+13 -6.460747533344179329e-06 -1.715403844135095286e-06 8.274932754087650527e-07 1.330405972015893212e+03 4.638318009613198178e+00 -2.089283171063704980e-02 -5.261190907012856799e-02 5.324346482056490082e+00
1.000000000000000000e+00 -3.042677739235637659e+02 -4.234313418198586731e+01 -7.939341213582966011e+05 -4.216701026130339062e+13 -7.042304194043269059e-06 -6.909907576824786541e-07 9.134174040545780806e-07 -5.049552815783906468e+00 -1.746786724359762968e-02 -9.999719160851974209e-01 1.987085820376858114e-04 2.682531885189283205e+00
1.000000000000000000e+00 -3.199134864234803217e+02 2.227492904863065348e+01 -7.998601885015082080e+05 -4.279884385770090625e+13 -7.459693540789877480e-06 3.662142007635620693e-07 1.002450162769836467e-06 -1.351395520940776805e+03 -4.638807382604209550e+00 -1.349408849617400596e-02 5.261975725117006009e-02 5.372767345637517344e+00
1.000000000000000000e+00 -3.278030454175500950e+02 8.632756379426335513e+01 -8.057862170825053472e+05 -4.343537188087478906e+13 -7.700291655085865955e-06 1.429796040706172520e-06 1.086151309838387446e-06 -4.211717466085698902e+01 -1.434649661220476491e-01 9.995427149134502587e-01 1.627949809496451704e-03 2.636937134533986704e+00
1.000000000000000000e+00 -3.278343092022799397e+02 1.482823210047436078e+02 -8.117122149184243754e+05 -4.407659508805448438e+13 -7.757661756949533292e-06 2.473980243572923725e-06 1.157041433774387749e-06 1.370790889743876960e+03 4.633893747865788448e+00 4.839890091326620736e-02 -5.256180164433114227e-02 5.415259069950603354e+00
1.000000000000000000e+00 -3.200330464569630067e+02 2.067325892187548675e+02 -8.176381900537890615e+05 -4.472251428613630469e+13 -7.628345418313306146e-06 3.474360530193531683e-06 1.208540835516518526e-06 9.102990419544914857e+01 3.054022661189090826e-01 -9.978099733276093453e-01 -3.463572363308730587e-03 2.597774881672590741e+00
1.000000000000000000e+00 -3.045683951281820327e+02 2.602417014677565135e+02 -8.235641515009334544e+05 -4.537313041416971875e+13 -7.312344188676903047e-06 4.405336570422410544e-06 1.235514078513695307e-06 -1.388379296488443515e+03 -4.623110778882329797e+00 -8.328851197214331981e-02 5.244162786207710869e-02 5.451072850064761610e+00
1.000000000000000000e+00 -2.818701172705257818e+02 3.075512076380273356e+02 -8.294901088715340011e+05 -4.602844450630121875e+13 -6.816078822890237022e-06 5.243646654551899681e-06 1.235828322054753186e-06 -1.415104581031737609e+02 -4.677104037608548204e-01 9.949259305425846023e-01 5.305992167896415347e-03 2.565354359915462901e+00
1.000000000000000000e+00 -2.524726797326829342e+02 3.476049498604440942e+02 -8.354160710695164744e+05 -4.668845754805252344e+13 -6.148817051378901152e-06 5.968889626748384944e-06 1.209749042692368816e-06 1.404173600466698190e+03 4.606759875240430624e+00 1.182869394800785678e-01 -5.225410143963994669e-02 5.479924963238936186e+00
1.000000000000000000e+00 -2.170314476526718011e+02 3.793906196319404671e+02 -8.413420470236132387e+05 -4.735317055597575000e+13 -5.323161191190781103e-06 6.560908078705282004e-06 1.159449566806849370e-06 1.931714347729770225e+02 6.291113994779840013e-01 -9.907423451884265209e-01 -7.135365496959344619e-03 2.540172918568295302e+00
1.000000000000000000e+00 -1.764267469089932661e+02 4.021448258402568285e+02 -8.472680457932971185e+05 -4.802258458976036719e+13 -4.357722893402250593e-06 7.003386316827401751e-06 1.089799768369271355e-06 -1.418062918680765961e+03 -4.584724855960804923e+00 -1.528380471948020958e-01 5.200612650051761321e-02 5.501466780290618530e+00
1.000000000000000000e+00 -1.315989043194582280e+02 4.153594476433920022e+02 -8.531940754092201823e+05 -4.869670062038612500e+13 -3.273214456663488726e-06 7.284113340511147923e-06 1.007365813007123817e-06 -2.457642020712914643e+02 -7.888463813973934924e-01 9.854581213611777191e-01 8.948766598619099094e-03 2.522275940783014647e+00
1.000000000000000000e+00 -8.356523326322049172e+01 4.186202672949204953e+02 -8.591201438928121934e+05 -4.937551964324176562e+13 -2.092926071988384246e-06 7.392288762899171251e-06 9.195315088699239003e-07 1.430099551277952514e+03 4.557416256119843467e+00 1.870860527766603498e-01 -5.169447531465824058e-02 5.515665023049145077e+00
1.000000000000000000e+00 -3.351182912026770566e+01 4.118086056349976616e+02 -8.650462582774974871e+05 -5.005904256480729688e+13 -8.451072374625315105e-07 7.322165154362671957e-06 8.347313552740368133e-07 2.989432266392972224e+02 9.458929919527492292e-01 -9.789742173595058494e-01 -1.072857713375581501e-02 2.511737490794684113e+00
1.000000000000000000e+00 1.737933996096334965e+01 3.950869833578280463e+02 -8.709724238546942361e+05 -5.074727011087370312e+13 4.412777597594248210e-07 7.072971317274955270e-06 7.611530212562256235e-07 -1.440274874557507928e+03 -4.525030078386897969e+00 -2.205136903644599189e-01 5.132891523939517309e-02 5.522634601176323876e+00
1.000000000000000000e+00 6.791374109384378244e+01 3.687324138465963301e+02 -8.768986454013637267e+05 -5.144020296365714844e+13 1.736126675517772055e-06 6.646078798340963954e-06 7.055217266729211905e-07 -3.524803319509563835e+02 -1.099652312664167519e+00 9.715218023267648828e-01 1.247436575654256932e-02 2.508315735919937062e+00
1.000000000000000000e+00 1.168039467627588834e+02 3.333317513333942088e+02 -8.828249266907938290e+05 -5.213784170197557812e+13 3.006121023723161611e-06 6.048616385763383815e-06 6.730920368730133283e-07 1.448654139479425794e+03 4.487980381794294260e+00 2.533423613322553503e-01 -5.090693910426297847e-02 5.522549235324746064e+00
1.000000000000000000e+00 1.628491802915853839e+02 2.897419432269164759e+02 -8.887512697104997933e+05 -5.284018670427146094e+13 4.219297684264272644e-06 5.292932715091829334e-06 6.670109756127157133e-07 4.061665232235413896e+02 1.249617560487720658e+00 -9.630214494976302442e-01 -1.417368272337685489e-02 2.511753823584934153e+00
1.000000000000000000e+00 2.049181887239180639e+02 2.389137278590800690e+02 -8.946776750278227264e+05 -5.354723818529508594e+13 5.344677011944516681e-06 4.393518665278294155e-06 6.876299175892411040e-07 -1.455290857305775035e+03 -4.446622718009299646e+00 -2.851495385294637308e-01 5.043944677082896899e-02 5.515876654977841298e+00
1.000000000000000000e+00 2.418773395737593432e+02 1.820755777749073161e+02 -9.006041416993900202e+05 -5.425899617956472656e+13 6.350435058994980929e-06 3.370469543746692062e-06 7.326872956628290757e-07 -4.598712074848995144e+02 -1.395547542946482311e+00 9.537024910016358437e-01 1.583082806147165233e-02 2.521661647337805068e+00
1.000000000000000000e+00 2.727724752645997910e+02 1.206645586138600805e+02 -9.065306666440115077e+05 -5.497546045931742188e+13 7.208707453114569617e-06 2.248365948787600961e-06 7.977272170187707265e-07 1.460206045473678614e+03 4.401195568426333971e+00 3.162670549243069562e-01 -4.992260831035331275e-02 5.502808157238486153e+00
1.000000000000000000e+00 2.968054881493503672e+02 5.613759466228799511e+01 -9.124572463319692761e+05 -5.569663073226239844e+13 7.895121317242457409e-06 1.052861137023283309e-06 8.761399453019668434e-07 5.135947304000558233e+02 1.537606099857951492e+00 -9.434608261454110467e-01 -1.744029594418471107e-02 2.537679559769296045e+00
1.000000000000000000e+00 3.132636321868303071e+02 -9.859461543667501715e+00 -9.183838753515891731e+05 -5.642250646367234375e+13 8.387037508237710928e-06 -1.861153604822310289e-07 9.595062811096860049e-07 -1.463450369355237626e+03 -4.352012954720083648e+00 -3.463920374908297517e-01 4.936619607717717545e-02 5.483934422109670415e+00
1.000000000000000000e+00 3.216950326322136675e+02 -7.558862980626511785e+01 -9.243105463259953540e+05 -5.715308685862692188e+13 8.668353613451243314e-06 -1.436081712481703662e-06 1.039102437340325113e-06 -5.673427760956188877e+02 -1.675964196860984190e+00 9.324846845272005691e-01 1.901171070683181641e-02 2.559491458267898700e+00
1.000000000000000000e+00 3.218677731730664959e+02 -1.394165990382075222e+02 -9.302372510770810768e+05 -5.788837099908802344e+13 8.728619826677879920e-06 -2.665710492779508431e-06 1.106761827582659832e-06 1.464934952727993959e+03 4.298962948949063723e+00 3.759650704290815049e-01 -4.876304677366488649e-02 5.459226954262458520e+00
1.000000000000000000e+00 3.136902566378822144e+02 -1.996559932726073328e+02 -9.361639805998766096e+05 -5.862835783751213281e+13 8.561055511909715238e-06 -3.841838012321850958e-06 1.155133664806849173e-06 6.213234092158664907e+02 1.811373923317520118e+00 -9.206100635169426338e-01 -2.054560583237666910e-02 2.586881893048695868e+00
1.000000000000000000e+00 2.973699656826439082e+02 -2.546779950961860948e+02 -9.420907248240719782e+05 -5.937304616351281250e+13 8.167030678741006035e-06 -4.931612229103616408e-06 1.179167011479436477e-06 -1.464653698045647161e+03 -4.242179290781751710e+00 -4.047774327092840685e-01 4.812026275256654079e-02 5.429180927600778084e+00
1.000000000000000000e+00 2.733441285119226904e+02 -3.031027307228856671e+02 -9.480174737097825855e+05 -6.012243473862146094e+13 7.554408199400847151e-06 -5.906238249140537622e-06 1.176486552164631237e-06 -6.756438001163174931e+02 -1.944258188292380174e+00 9.079628902818076552e-01 2.205508026083328674e-02 2.619781936044550452e+00
1.000000000000000000e+00 2.421840913733832394e+02 -3.436361054654996678e+02 -9.539442167854311410e+05 -6.087652223742732812e+13 6.735082926793130531e-06 -6.737930675746809359e-06 1.146886845672165971e-06 1.462377282313275373e+03 4.181150645454272841e+00 4.333220916470707507e-01 -4.742675880751608813e-02 5.393405853549275264e+00
1.000000000000000000e+00 2.047322191189587102e+02 -3.751792536588175153e+02 -9.598709430942534236e+05 -6.163530723899575781e+13 5.728928407920046903e-06 -7.402125270956553682e-06 1.093406249143388166e-06 7.306272701192868908e+02 2.075632420867724370e+00 -8.943162714644937727e-01 -2.354305391510669657e-02 2.658236708753551447e+00
1.000000000000000000e+00 1.620023303354474251e+02 -3.969937291728962805e+02 -9.657976429930985905e+05 -6.239878845738071094e+13 4.561227763161962513e-06 -7.880877165417787432e-06 1.022031751133648881e-06 -1.458041086013949098e+03 -4.115856565800729783e+00 -4.614108904356822305e-01 4.668729536537176428e-02 5.352238443163495063e+00
1.000000000000000000e+00 1.150709546646882018e+02 -4.085164513486597002e+02 -9.717243077735698316e+05 -6.316696469757750000e+13 3.259741331765439536e-06 -8.159384289481759562e-06 9.400514997936203615e-07 -7.863572454899850754e+02 -2.205787956669641225e+00 8.797527529516416811e-01 2.502171884519746939e-02 2.702414608171681554e+00
1.000000000000000000e+00 6.519775750991502150e+01 -4.094510900605787356e+02 -9.776509290122981183e+05 -6.393983477424320312e+13 1.858193051889030053e-06 -8.227930591264586132e-06 8.559662096867529992e-07 1.451307561517295653e+03 4.045516777925710628e+00 4.895009019742652123e-01 -4.588831506755961659e-02 5.304982684099643464e+00
1.000000000000000000e+00 1.370635496733161851e+01 -3.998972107743289826e+02 -9.835774999386514537e+05 -6.471739769281204688e+13 3.930111905202160037e-07 -8.084659450369273268e-06 7.787502183698032608e-07 8.431321273339033269e+02 2.335597143405547360e+00 -8.640163833259972836e-01 -2.649180036517134393e-02 2.752532445414712203e+00
1.000000000000000000e+00 -3.812527582657961034e+01 -3.801352863013252090e+02 -9.895040151073680026e+05 -6.549965261270876562e+13 -1.099777705152389649e-06 -7.731442252465485005e-06 7.162371056112514203e-07 -1.442119405666340981e+03 -3.970161058100670548e+00 -5.173361633454702790e-01 4.503458306556071267e-02 5.251966938189506884e+00
1.000000000000000000e+00 -8.894821072913309479e+01 -3.506989545310353833e+02 -9.954304703098561149e+05 -6.628659884079045312e+13 -2.581205031154588268e-06 -7.175467011340311613e-06 6.747976151994418598e-07 -9.008681932310729508e+02 -2.464843884510659500e+00 8.471976666898505259e-01 2.796029306425788091e-02 2.808788153622321371e+00
1.000000000000000000e+00 -1.374654720441185134e+02 -3.124717063371134600e+02 -1.001356863602824043e+06 -6.707823597406007812e+13 -4.012886375404547556e-06 -6.431382631253815272e-06 6.589364334281671883e-07 1.430110472919513086e+03 3.888977762093039026e+00 5.452705934521138165e-01 -4.411273799867043710e-02 5.192414573286846746e+00
1.000000000000000000e+00 -1.825290876126779551e+02 -2.664477461299298398e+02 -1.007283194515074603e+06 -6.787456380174936719e+13 -5.359916541410760893e-06 -5.516560807655985158e-06 6.703994387590266945e-07 9.597294387334156909e+02 2.593992085164666062e+00 -8.290633049530797827e-01 -2.942274413742304237e-02 2.871336409173161908e+00
1.000000000000000000e+00 -2.230161979370772372e+02 -2.137960023859814669e+02 -1.013209463405627874e+06 -6.867558222414177344e+13 -6.587338808193884757e-06 -4.452496516409166678e-06 7.080626650625704641e-07 -1.415322498524942148e+03 -3.802290105184682467e+00 -5.729385399450193095e-01 4.313033548551296198e-02 5.126900043853614086e+00
1.000000000000000000e+00 -2.579446869873108881e+02 -1.559367778215799092e+02 -1.019135672713009990e+06 -6.948129142620860156e+13 -7.663602078699333173e-06 -3.266520062504872417e-06 7.683717969692443375e-07 -1.019400260549779773e+03 -2.722202603925508946e+00 8.097628025797068974e-01 3.087961142906055917e-02 2.940134419972178392e+00
1.000000000000000000e+00 -2.865506068236607575e+02 -9.429162052553024864e+01 -1.025061826539999223e+06 -7.029169182890253125e+13 -8.562996161048845801e-06 -1.986680050785674114e-06 8.456467870433699896e-07 1.397446935001702968e+03 3.709475965330435887e+00 6.005763426328206700e-01 -4.207668634605152280e-02 5.054826083787152591e+00
1.000000000000000000e+00 -3.081525718669183789e+02 -3.035207945596316037e+01 -1.030987929683493567e+06 -7.110678396193573438e+13 -9.261764495718952724e-06 -6.432011344600181143e-07 9.323852890708345698e-07 1.079895374878982011e+03 2.849547659798318922e+00 -7.891234536505632446e-01 -3.232148568209024936e-02 3.015058581144244521e+00
1.000000000000000000e+00 -3.222578753459608834e+02 3.425245395467690201e+01 -1.036913988625040743e+06 -7.192656860394960938e+13 -9.741383231663139841e-06 7.300274577652552709e-07 1.020424859709729620e-06 -1.376688064945373753e+03 -3.611287711925145416e+00 -6.277329358538102921e-01 4.096371045432826291e-02 4.977196845595207364e+00
1.000000000000000000e+00 -3.286199932953757639e+02 9.800403882657032284e+01 -1.042840010676630307e+06 -7.275104667000973438e+13 -9.990472393325148436e-06 2.100711580634799243e-06 1.101876399534886302e-06 -1.140697203844795695e+03 -2.974707896541925134e+00 7.673821800066222831e-01 3.374387047743331036e-02 3.095642262088853514e+00
1.000000000000000000e+00 -3.270923033197699965e+02 1.594147600700335943e+02 -1.048766002993828617e+06 -7.358021907642289062e+13 -1.000053610147234177e-05 3.436464810541191459e-06 1.168981660453624170e-06 1.352844797156978075e+03 3.507391618085466511e+00 6.545639500048308079e-01 -3.978447088518626690e-02 4.893739872197133245e+00
1.000000000000000000e+00 -3.177279604386120582e+02 2.169624818344563266e+02 -1.054691974703202024e+06 -7.441408704031864062e+13 -9.769119734998675560e-06 4.703433975803616411e-06 1.215237218343188886e-06 1.201741924846666734e+03 3.097594624505555228e+00 -7.444333781445875431e-01 -3.513506350654139326e-02 3.181417571800137178e+00
1.000000000000000000e+00 -3.008201679844117393e+02 2.693325564889311181e+02 -1.060617934857616667e+06 -7.525265179731246875e+13 -9.301227614679995927e-06 5.871547661843721488e-06 1.236683427251080548e-06 -1.326300614189191492e+03 -3.398967421703635861e+00 -6.805898739106750472e-01 3.855528169089182666e-02 4.805911730949433469e+00
1.000000000000000000e+00 -2.767478718432105325e+02 3.153213638843102444e+02 -1.066543892355506308e+06 -7.609591458969351562e+13 -8.604732606960509820e-06 6.912527943140201451e-06 1.231339434480606360e-06 -1.262405011948110314e+03 -3.216694440458217841e+00 7.205965896551039807e-01 3.648880521881246730e-02 3.271493976047353591e+00
1.000000000000000000e+00 -2.460733637283809685e+02 3.537749483349087996e+02 -1.072469856550900964e+06 -7.694387675334459375e+13 -7.693501745147791990e-06 7.798605311700566194e-06 1.199606826303460678e-06 1.296953925826377827e+03 3.285912166571590021e+00 7.059469520383891972e-01 -3.727224481964182268e-02 4.713721996559172567e+00
1.000000000000000000e+00 -2.095674827749748488e+02 3.838204176751277146e+02 -1.078395836521747522e+06 -7.779653961398025000e+13 -6.588346858994089330e-06 8.507678046399202464e-06 1.144800460415157114e-06 1.322636229685013632e+03 3.332009205026426280e+00 -6.958149734255338892e-01 -3.779401714725751787e-02 3.365152057282458475e+00
1.000000000000000000e+00 -1.680491583681169629e+02 4.047543914410626371e+02 -1.084321840606564423e+06 -7.865390441883250000e+13 -5.312132553772328200e-06 9.020997145190682177e-06 1.071849762013067749e-06 -1.265332253287525191e+03 -3.169703509792817453e+00 -7.301856627177291115e-01 3.595466940626193542e-02 4.618930614804126478e+00
1.000000000000000000e+00 -1.224826565251107411e+02 4.159845183928981101e+02 -1.090247877475010464e+06 -7.951597248988150000e+13 -3.892908564452523721e-06 9.321958994502625088e-06 9.872375298725338546e-07 -1.381815919684391702e+03 -3.442122232104845914e+00 6.704560571923721124e-01 3.904590104034287579e-02 3.461255495536762705e+00
1.000000000000000000e+00 -7.398822996480234337e+01 4.172490136989855500e+02 -1.096173954817420570e+06 -8.038274503297481250e+13 -2.364375622170907585e-06 9.401119393756759583e-06 8.991863544398296427e-07 1.231379786276686445e+03 3.050308351352601033e+00 7.534740274538975768e-01 -3.459979308046895463e-02 4.521646471748185014e+00
1.000000000000000000e+00 -2.367647503340158721e+01 4.084891105839545844e+02 -1.102100078668411355e+06 -8.125422303420907812e+13 -7.606982803009560835e-07 9.253505503050974185e-06 8.159935784218228301e-07 1.439995296284782171e+03 3.547332222525944712e+00 -6.444685031302987976e-01 -4.023642393815029389e-02 3.559064218527026924e+00
1.000000000000000000e+00 2.725498367556192036e+01 3.897910823600089429e+02 -1.108026255039700074e+06 -8.213040749542565625e+13 8.803803360602893705e-07 8.877419050895585069e-06 7.452825622483401505e-07 -1.195680744700817286e+03 -2.929263104711517851e+00 -7.754373693831446701e-01 3.322729220176947468e-02 4.423658721059124943e+00
1.000000000000000000e+00 7.752548924494691107e+01 3.615914245147319548e+02 -1.113952488392195897e+06 -8.301129920640206250e+13 2.517593101112574179e-06 8.279222623634182755e-06 6.938757560902799220e-07 -1.496639710782114889e+03 -3.646497393693490352e+00 6.182196379379896189e-01 4.136418228897380950e-02 3.657451345683514266e+00
1.000000000000000000e+00 1.259406209068562532e+02 3.245300494641722366e+02 -1.119878781780448277e+06 -8.389689876034732812e+13 4.111603267336459953e-06 7.470173739542136442e-06 6.666544309820368501e-07 1.158130108782889238e+03 2.806367158928548822e+00 7.963068838212831180e-01 -3.183275756231254000e-02 4.324921565084752118e+00
1.000000000000000000e+00 1.712962858426002128e+02 2.793875025594110753e+02 -1.125805137190536130e+06 -8.478720659922117188e+13 5.621931228234308482e-06 6.465095910853481338e-06 6.659537134754840360e-07 1.551962747862370179e+03 3.740328774569108727e+00 -5.916039555363721281e-01 -4.242559033372621941e-02 3.755940378906208466e+00
1.000000000000000000e+00 2.123955951234720771e+02 2.272720064369558202e+02 -1.131731554972191807e+06 -8.568222292351173438e+13 7.007502912373585374e-06 5.286815342068103037e-06 6.917238147308306885e-07 -1.119255987730186234e+03 -2.682946279846149640e+00 -8.157999188070668151e-01 3.043326965307925625e-02 4.226975161351074206e+00
1.000000000000000000e+00 2.482173043437538809e+02 1.694490551440504476e+02 -1.137658033276637318e+06 -8.658194760018084375e+13 8.232242381665699324e-06 3.962375775335687907e-06 7.414689920159047156e-07 -1.605555967773134626e+03 -3.828023936363258439e+00 5.649341791241491162e-01 4.342327695766150936e-02 3.853662050864658184e+00
1.000000000000000000e+00 2.778176976668519842e+02 1.072684462334767375e+02 -1.143584569605739554e+06 -8.748638039097429688e+13 9.261952532200410301e-06 2.521419151817373479e-06 8.100625561240119727e-07 1.078792290409620364e+03 2.558386304858967453e+00 8.342168748566174408e-01 -2.901988821047261566e-02 4.129402247208608046e+00
1.000000000000000000e+00 3.003540131475505177e+02 4.233072065898577563e+01 -1.149511159775075037e+06 -8.839552079036993750e+13 1.006516704945555465e-05 1.000169541158323499e-06 8.902875035379182868e-07 1.657799778134854023e+03 3.910675431367665489e+00 -5.379999156918080505e-01 -4.435784706264595673e-02 3.950596012062585594e+00
1.000000000000000000e+00 3.152433496399649471e+02 -2.370783489044963233e+01 -1.155437797439306509e+06 -8.930936794552004688e+13 1.061859018820277021e-05 -5.630451668396924442e-07 9.739354301783759176e-07 -1.037100080363895358e+03 -2.433570659086261134e+00 -8.513577718244185188e-01 2.760456173818151560e-02 4.033310788222840060e+00
1.000000000000000000e+00 3.220541406348806390e+02 -8.921764460481300318e+01 -1.161364475882040570e+06 -9.022792092579617188e+13 1.090364695047246602e-05 -2.129727611738656368e-06 1.052234283304729438e-06 -1.708401839630008453e+03 -3.987759726969775986e+00 5.110195498630984989e-01 4.523518539883791822e-02 4.046258307371958907e+00
1.000000000000000000e+00 3.205252906879184707e+02 -1.524461832811379622e+02 -1.167291186462295474e+06 -9.115117847869392188e+13 1.090726501478633805e-05 -3.657636415198431014e-06 1.116766053832495152e-06 9.936914885422467023e+02 2.307374680825812430e+00 8.675637887731144637e-01 -2.617262990673440218e-02 3.937882447920601603e+00
1.000000000000000000e+00 3.107047254011437190e+02 -2.117296904128605206e+02 -1.173217919502189616e+06 -9.207913916154126562e+13 1.062676073065947710e-05 -5.105816714143772574e-06 1.161053790392631185e-06 1.757849866386512304e+03 4.060577025275307506e+00 -4.836626265349425746e-01 -4.605820294245274726e-02 4.141075944192803782e+00
1.000000000000000000e+00 2.928198622414878969e+02 -2.655732476576793601e+02 -1.179144665623318870e+06 -9.301180154821581250e+13 1.006565356091190988e-05 -6.436595031127332556e-06 1.180508240319407438e-06 -9.487196442862066306e+02 -2.180193230084095379e+00 -8.826795896704540123e-01 2.473047087563303922e-02 3.843822137155828322e+00
1.000000000000000000e+00 2.672824000339679742e+02 -3.125050254417777182e+02 -1.185071421743601561e+06 -9.394916518115845312e+13 9.233986678828014704e-06 -7.612131836284377978e-06 1.172608506751391013e-06 -1.805874403954990612e+03 -4.128643064556028364e+00 4.560811574799578105e-01 4.683323792967406668e-02 4.234781842418736453e+00
1.000000000000000000e+00 2.348003721529433676e+02 -3.512873946532250216e+02 -1.190998162046198966e+06 -9.489122597031000000e+13 8.152376499643215280e-06 -8.599603502781081270e-06 1.138278393336599504e-06 9.015446679642227537e+02 2.050601259032361678e+00 8.970288063686286950e-01 -2.326000490111998151e-02 3.750158234784876310e+00
1.000000000000000000e+00 1.962222434379718550e+02 -3.809751091637226068e+02 -1.196924883948921692e+06 -9.583798346452943750e+13 6.846829118251966245e-06 -9.372776663139006592e-06 1.081312621171228628e-06 1.852996309444291228e+03 4.193281866219813914e+00 -4.278332476856300248e-01 -4.756350347353758418e-02 4.328117451661618986e+00
1.000000000000000000e+00 1.525264488091161468e+02 -4.007563066162763903e+02 -1.202851577684727497e+06 -9.678943604820371875e+13 5.348494546212442670e-06 -9.908255068933384278e-06 1.007476163397132374e-06 -8.521408486469736090e+02 -1.918614233171668237e+00 -9.104592541740081924e-01 2.176335826454547581e-02 3.657364995564156285e+00
1.000000000000000000e+00 1.049109586495548854e+02 -4.101461778049353484e+02 -1.208778234154975973e+06 -9.774558218283882812e+13 3.696935239941304065e-06 -1.019037275579400724e-05 9.247157561150210342e-07 -1.898880849271624356e+03 -4.253847364405624276e+00 3.990541230058691213e-01 4.825343118887301386e-02 4.420782585651581442e+00
1.000000000000000000e+00 5.461745910248859559e+01 -4.090069776638965777e+02 -1.214704846002451377e+06 -9.870642058409746875e+13 1.934089701509069399e-06 -1.021189290806380330e-05 8.418424591784030316e-07 7.998293965109019155e+02 1.782791216762060316e+00 9.232343864354417562e-01 -2.022218011790355083e-02 3.564609535532190066e+00
1.000000000000000000e+00 2.915764683508600630e+00 -3.973669326583799375e+02 -1.220631406347906217e+06 -9.967195002236548438e+13 1.037555573227235239e-07 -9.969675766820899435e-06 7.672063019525092232e-07 1.943902457070764285e+03 4.311292076954210906e+00 -3.693416611882519573e-01 -4.890213080375983151e-02 4.513247680239751425e+00
1.000000000000000000e+00 -4.881608608345060674e+01 -3.755898828539599776e+02 -1.226557909612501273e+06 -1.006421694596143438e+14 -1.745522172304711864e-06 -9.469056615538975070e-06 7.086155374520576841e-07 -7.447065130720050092e+02 -1.643458696212710901e+00 -9.351323950973103871e-01 1.864225525815489670e-02 3.472677992047624507e+00
1.000000000000000000e+00 -9.927377471880194548e+01 -3.443567018719870703e+02 -1.232484352664450882e+06 -1.016170782436362344e+14 -3.566894843580949119e-06 -8.723579523495273873e-06 6.723468046940485885e-07 -1.987613394171131176e+03 -4.364725398064713602e+00 3.388836853140744232e-01 4.951110931522904185e-02 4.604935496503564707e+00
1.000000000000000000e+00 -1.472323988013948792e+02 -3.044657496321449344e+02 -1.238410733603233006e+06 -1.025966759163011875e+14 -5.315479549759661929e-06 -7.750110996126212355e-06 6.621008042916827150e-07 6.862090852103390262e+02 1.499489552725518537e+00 9.463444113102363886e-01 -1.700862122304658969e-02 3.381114908694501597e+00
1.000000000000000000e+00 -1.914636297086312879e+02 -2.569856101789001741e+02 -1.244337051816329360e+06 -1.035809622278844219e+14 -6.945422619386637105e-06 -6.572818036831225386e-06 6.790098744390076570e-07 2.030237160085637470e+03 4.414751056256724482e+00 -3.073598007015128641e-01 -5.007571223856850662e-02 4.695920458277602627e+00
1.000000000000000000e+00 -2.309111480700474601e+02 -2.032100079148762575e+02 -1.250263308739330620e+06 -1.045699372693210781e+14 -8.416290996319871986e-06 -5.222174135498199832e-06 7.216743473238566108e-07 -6.246332723698856171e+02 -1.351659870434222865e+00 -9.565966651248698494e-01 1.533237604063392504e-02 3.291064422662748346e+00
1.000000000000000000e+00 -2.646763423916555098e+02 -1.444518257389175062e+02 -1.256189506767454091e+06 -1.055636012973848438e+14 -9.692697118823602633e-06 -3.729777864010075475e-06 7.860044167210753384e-07 -2.071209420103612501e+03 -4.460252752410591270e+00 2.750843228756167935e-01 5.059465153776160351e-02 4.785189354557617847e+00
1.000000000000000000e+00 -2.919277414559433055e+02 -8.219123087794687876e+01 -1.262115649763066787e+06 -1.065619548241938750e+14 -1.074110285568809594e-05 -2.132207205948161354e-06 8.656368763484616893e-07 5.596737661051746500e+02 1.199426803356948845e+00 9.660210729466813806e-01 -1.360492788031548300e-02 3.202548605602627330e+00
1.000000000000000000e+00 -3.120645011780685536e+02 -1.801833756867690894e+01 -1.268041743653957732e+06 -1.075649987245268750e+14 -1.153592105337431909e-05 -4.696269811780577714e-07 9.531525032518810317e-07 2.110649231023626271e+03 4.501614446273088710e+00 -2.418401164007875637e-01 -5.106105885886317447e-02 4.872449056790785882e+00
1.000000000000000000e+00 -3.246800640841523204e+02 4.656797995752268804e+01 -1.273967794741167221e+06 -1.085727339555834219e+14 -1.205836508407304516e-05 1.219412434449878601e-06 1.040572103135555512e-06 -4.918682453324798871e+02 -1.044057559925488654e+00 -9.743277765896714016e-01 1.184324696789415717e-02 3.116967282008707318e+00
1.000000000000000000e+00 -3.294653989186371632e+02 1.100072159461802670e+02 -1.279893809933066601e+06 -1.095851615985475000e+14 -1.229300634403829353e-05 2.894009036569991667e-06 1.119488067436193225e-06 -2.147963631962537420e+03 -4.537701249372919854e+00 2.080659799546116240e-01 5.147311162647313920e-02 4.956414730793682111e+00
1.000000000000000000e+00 -3.263611437312302428e+02 1.707380240333878874e+02 -1.285819797589345835e+06 -1.106022830061891094e+14 -1.223356153691858551e-05 4.512478334080241089e-06 1.182508495770280869e-06 4.211724553269473859e+02 8.855478911525215269e-01 9.816335994091536232e-01 -1.004450486438904222e-02 3.034637990648276329e+00
1.000000000000000000e+00 -3.155020284895519467e+02 2.273882774594906948e+02 -1.291745766245524399e+06 -1.116240995881787500e+14 -1.188101540097840543e-05 6.037399146918265953e-06 1.223947407502771191e-06 2.183249559805757599e+03 4.568864654857931917e+00 -1.736272788809251066e-01 -5.182394131482830762e-02 5.036629250612286057e+00
1.000000000000000000e+00 -2.971172757925256747e+02 2.786134014076215522e+02 -1.297671724883098155e+06 -1.126506128586870938e+14 -1.124002047890225772e-05 7.431416709861965352e-06 1.239701170219588817e-06 -3.482978381117624167e+02 -7.254677613775954992e-01 -9.876772218660341274e-01 8.229495869145304204e-03 2.956941663175273405e+00
1.000000000000000000e+00 -2.716742129067480391e+02 3.231582586665742269e+02 -1.303597683179930318e+06 -1.136818244818240781e+14 -1.032443640808945147e-05 8.658917657448607502e-06 1.228438516493462678e-06 -2.215988981744786543e+03 -4.594168060755131400e+00 1.390408297060328757e-01 5.211356338915087288e-02 5.111839614614685168e+00
1.000000000000000000e+00 -2.398070362212844202e+02 3.600336621151398617e+02 -1.309523649846227374e+06 -1.147177359828533594e+14 -9.154816085082663436e-06 9.690835567286043437e-06 1.191589199229883098e-06 2.733883304980381581e+02 5.641578306526431330e-01 9.925993267290724731e-01 -6.398872109213115875e-03 2.884223955364225489e+00
1.000000000000000000e+00 -2.022162025671323988e+02 3.883448072657119496e+02 -1.315449633618452819e+06 -1.157583489192836875e+14 -7.754691603156187564e-06 1.050017403161755160e-05 1.132229587221019277e-06 2.246328382511837845e+03 4.614074388965345719e+00 -1.042022359624271144e-01 -5.233682490074825083e-02 5.181684056136268701e+00
1.000000000000000000e+00 -1.598056356790727648e+02 4.073548373410727663e+02 -1.321375643626092002e+06 -1.168036649458135469e+14 -6.155916843472668113e-06 1.106379055755037766e-05 1.055699987623525903e-06 -1.972015554605084162e+02 -4.032010255543958532e-01 -9.961953006940993394e-01 4.574045452373232297e-03 2.817570946758085615e+00
1.000000000000000000e+00 -1.135979001204263454e+02 4.166462682351349827e+02 -1.327301688090154203e+06 -1.178536855847645938e+14 -4.395560948944392719e-06 1.136689670891498096e-05 9.693865077541096827e-07 -2.273891129023585563e+03 -4.627964945527866192e+00 6.964558665344439126e-02 5.249685900233510422e-02 5.245208531913532646e+00
1.000000000000000000e+00 -6.463236972920034873e+01 4.159383015212072792e+02 -1.333227773938575760e+06 -1.189084121538772969e+14 -2.512052942338928193e-06 1.139824629111383094e-05 8.811810938715759925e-07 1.199380365019504069e+02 2.429939723972968091e-01 9.986482954851954030e-01 -2.755797791561715848e-03 2.757124810263120729e+00
1.000000000000000000e+00 -1.409678129551302916e+01 4.051517759536977792e+02 -1.339153908006581478e+06 -1.199678459762534688e+14 -5.503320568028595162e-07 1.115200641241111515e-05 7.992678701730496109e-07 2.298898811094595203e+03 4.636450004578342110e+00 -3.523425975738248006e-02 -5.259070466759724338e-02 5.302325404737990411e+00
1.000000000000000000e+00 3.677048199331326117e+01 3.845524467718755091e+02 -1.345080095422566868e+06 -1.210319880895084531e+14 1.441855787269369327e-06 1.063184154836747079e-05 7.315545874593239700e-07 -4.226212631943567999e+01 -8.485025117998137856e-02 -9.998117437473814650e-01 9.630203329902921111e-04 2.703528563599729484e+00
1.000000000000000000e+00 8.678390418771232362e+01 3.545542501567656473e+02 -1.351006340212447103e+06 -1.221008393482442969e+14 3.417991098825577002e-06 9.845660435295197093e-06 6.842852234936331506e-07 -2.321126183635067719e+03 -4.639224877723471252e+00 1.453337474155547149e-03 5.262450957241862626e-02 5.352522080644993352e+00
1.000000000000000000e+00 1.346842772046475432e+02 3.157823161360347513e+02 -1.356932646110026632e+06 -1.231744005668005312e+14 5.327820043101471175e-06 8.807463812435705673e-06 6.617165781540292884e-07 -3.572030806554339222e+01 -7.107477560748914902e-02 9.999036292986693830e-01 8.068003226769635862e-04 2.656626630458640559e+00
1.000000000000000000e+00 1.792481120705785429e+02 2.691931807023518104e+02 -1.362859014057719149e+06 -1.242526720623747031e+14 7.121637722217185142e-06 7.540840509447123453e-06 6.660002940291065559e-07 2.340837960047804700e+03 4.636966351976468559e+00 3.192160498506241284e-02 -5.259663569567025326e-02 5.396006175838446772e+00
1.000000000000000000e+00 2.193904898668899648e+02 2.158601132269602090e+02 -1.368785443773317616e+06 -1.253356539308850938e+14 8.754423099576669800e-06 6.073129601229108485e-06 6.966402714795047163e-07 1.135849124493897477e+02 2.240031466471373855e-01 -9.988127004172624446e-01 -2.540271436235011851e-03 2.616628156395300664e+00
1.000000000000000000e+00 2.540405076710416097e+02 1.570287964871449446e+02 -1.374711933973432519e+06 -1.264233460832118281e+14 1.018096702885879977e-05 4.437064842458236768e-06 7.503510491854807726e-07 -2.357911839338017217e+03 -4.629567544163976756e+00 -6.450692322060397332e-02 5.251489000415671127e-02 5.432673490169622532e+00
1.000000000000000000e+00 2.822579922531895136e+02 9.421031971113652048e+01 -1.380638481390173547e+06 -1.275157480595892188e+14 1.136058193199720671e-05 2.673518674906618838e-06 8.216225764581741453e-07 -1.914305687894741368e+02 -3.742070621574602463e-01 9.967624797678753534e-01 4.245346870055489996e-03 2.583164666675827004e+00
1.000000000000000000e+00 3.033280307675402128e+02 2.894733588018022985e+01 -1.386565081362641184e+06 -1.286128591314668125e+14 1.226103580752942183e-05 8.249993943908427744e-07 9.032327031426833685e-07 2.372576940197247495e+03 4.617609343064706273e+00 9.665410607363866813e-02 -5.237714229429685231e-02 5.462895308266915606e+00
1.000000000000000000e+00 3.166311984070510448e+02 -3.714029565019538381e+01 -1.392491727996682283e+06 -1.297146783257497969e+14 1.285347877794741338e-05 -1.063023219824160599e-06 9.864617368336094911e-07 2.691684696314819121e+02 5.215855560585114237e-01 -9.936391453538003793e-01 -5.915713426670332273e-03 2.556177685152946744e+00
1.000000000000000000e+00 3.217586225435228471e+02 -1.022877073555425795e+02 -1.398418413512274157e+06 -1.308212042978052812e+14 1.311721642258623915e-05 -2.940121980619214253e-06 1.062485862914965153e-06 -2.384730626137250965e+03 -4.601012496043301425e+00 -1.280934295406461199e-01 5.219090993375887638e-02 5.486789299617843341e+00
1.000000000000000000e+00 3.185862187505163092e+02 -1.648315967380712266e+02 -1.404345128899541683e+06 -1.319324354472454688e+14 1.304293091008717302e-05 -4.757941394971334001e-06 1.123722837310241779e-06 -3.471329601990933043e+02 -6.668540675746050805e-01 9.896358934142033270e-01 7.564958381757763521e-03 2.535288463262377778e+00
1.000000000000000000e+00 3.071298142276053227e+02 -2.231682865817163304e+02 -1.410271865523664746e+06 -1.330483702158724062e+14 1.262697077268932541e-05 -6.469043798168040407e-06 1.163668660437281606e-06 2.394474800184075320e+03 4.580091789790530221e+00 1.592939047509296935e-01 -5.195165218543708330e-02 5.504653560821410885e+00
1.000000000000000000e+00 2.876482367512771248e+02 -2.756988518690545220e+02 -1.416198612957349978e+06 -1.341690066784664844e+14 1.187572786536356288e-05 -8.025348352577622377e-06 1.177843884747402945e-06 4.255360915354932558e+02 8.104706506447005854e-01 -9.846018568224040868e-01 -9.192499777401323680e-03 2.520421165086622395e+00
1.000000000000000000e+00 2.606874155585670678e+02 -3.210727977567236735e+02 -1.422125360557915177e+06 -1.352943428357525469e+14 1.080767568367435244e-05 -9.385256881782768056e-06 1.164957539119016272e-06 -2.401654942238559670e+03 -4.554665016579496850e+00 -1.900636903202190808e-01 5.166510703257322368e-02 5.516601697895287870e+00
1.000000000000000000e+00 2.269143292747562555e+02 -3.581333802540348756e+02 -1.428052098043714883e+06 -1.364243767236794219e+14 9.446704479353959353e-06 -1.051220021724936752e-05 1.126252855017101486e-06 -5.048315906889806683e+02 -9.533342300086385945e-01 9.786788417458264222e-01 1.081461948381185617e-02 2.511401391579084486e+00
1.000000000000000000e+00 1.872037823087611343e+02 -3.858569350709198602e+02 -1.433978814963553101e+06 -1.375591063130552031e+14 7.825853444403557837e-06 -1.137296797120321439e-05 1.065675805383166392e-06 2.406197156368546075e+03 4.524707755751290250e+00 2.209141946664269496e-01 -5.132350120847653518e-02 5.522641546669281531e+00
1.000000000000000000e+00 1.426528932922091712e+02 -4.035758314302212852e+02 -1.439905501748885727e+06 -1.386985297115811562e+14 5.988098447691235084e-06 -1.194438825424831904e-05 9.900203054953837401e-07 5.853625208124628898e+02 1.096106278114474142e+00 -9.716686297709852260e-01 -1.243242574435742855e-02 2.508323788474144500e+00
1.000000000000000000e+00 9.439797228667704587e+01 -4.108935729358129834e+02 -1.445832150131721515e+06 -1.398426452481913125e+14 3.978825562109346979e-06 -1.221102151345729283e-05 9.072531160989250326e-07 -2.407886636346639079e+03 -4.489933629700130879e+00 -2.516482189652129997e-01 5.093077155052832400e-02 5.522751118367454026e+00
1.000000000000000000e+00 4.369139501376751866e+01 -4.076047424098024976e+02 -1.451758752135407878e+06 -1.409914512821845312e+14 1.849118401719107414e-06 -1.216293684509645734e-05 8.258051135688445782e-07 -6.674688332924267797e+02 -1.239420428695225951e+00 9.636720456364668008e-01 1.405981335870489998e-02 2.511302250070000408e+00
1.000000000000000000e+00 -8.101422064044687232e+00 -3.938888534984877765e+02 -1.457685301127469167e+06 -1.421449464097127812e+14 -3.442701661497853541e-07 -1.180163655897966185e-05 7.543898080415071678e-07 2.406501965977927284e+03 4.450053507048522761e+00 2.827231636979762319e-01 -5.047676723198849663e-02 5.516595867052942914e+00
1.000000000000000000e+00 -5.968932792255260011e+01 -3.701887518210263579e+02 -1.463611792724113911e+06 -1.433031296462328750e+14 -2.546812338403836071e-06 -1.113663251568770575e-05 7.005514179537564134e-07 7.513947420001500177e+02 1.383713046787248269e+00 -9.544657483148180077e-01 -1.569470886852050023e-02 2.520611221242672340e+00
1.000000000000000000e+00 -1.097753433827743805e+02 -3.371117719540857820e+02 -1.469538223514935933e+06 -1.444660001846801250e+14 -4.702838308990160915e-06 -1.018262090966290161e-05 6.697918901838490748e-07 -2.401839720336434311e+03 -4.404820711460535776e+00 -3.138499977707797095e-01 4.996524377508088782e-02 5.504077093199413184e+00
1.000000000000000000e+00 -1.570619632592220114e+02 -2.955997947836795561e+02 -1.475464591739608673e+06 -1.456335575329119062e+14 -6.755759330729404883e-06 -8.964739834984510825e-06 6.654861699491690653e-07 -8.371711856586018712e+02 -1.529016637753881636e+00 9.441457547064537881e-01 1.734482350241271786e-02 2.536536180835273324e+00
1.000000000000000000e+00 -2.004295625630003315e+02 -2.467783316559915647e+02 -1.481390897787469672e+06 -1.468058016192674375e+14 -8.655771968886378636e-06 -7.514177784571331212e-06 6.883960982677610679e-07 2.393621755493827550e+03 4.353860639014487610e+00 3.453686125228198067e-01 -4.938571935137737318e-02 5.484661071662355170e+00
1.000000000000000000e+00 -2.388420573239829992e+02 -1.918508645940636654e+02 -1.487317142497853842e+06 -1.479827324628685000e+14 -1.035592134369936233e-05 -5.865055346693088503e-06 7.363103145152065009e-07 9.247941659595808233e+02 1.675299343290077347e+00 -9.325047782894351212e-01 -1.900213093543717466e-02 2.559359211435756176e+00
1.000000000000000000e+00 -2.713456257733223538e+02 -1.322571878450582687e+02 -1.493243328923863592e+06 -1.491643505277796562e+14 -1.181211766093940534e-05 -4.059332612324707082e-06 8.045372695806347023e-07 -2.381764090929373651e+03 -4.297161064811257702e+00 -3.768691062009513759e-01 4.874396429412303916e-02 5.458388263740746815e+00
1.000000000000000000e+00 -2.972317313060900119e+02 -6.950679779835527938e+01 -1.499169461879939772e+06 -1.503506566410365312e+14 -1.299033211122989413e-05 -2.141819056979238340e-06 8.867816874113957321e-07 -1.013926334006920683e+03 -1.821931308698113261e+00 9.196757588376446302e-01 2.066747608769826591e-02 2.589293964486441446e+00
1.000000000000000000e+00 -3.159243207862979830e+02 -5.079810454422701405e+00 -1.505095546671101591e+06 -1.515416517437336875e+14 -1.386185933282932792e-05 -1.571507104655583541e-07 9.753587040327153015e-07 2.366032129062014064e+03 4.234440524812055351e+00 4.085724376863107965e-01 -4.803120182452798315e-02 5.424763519623318153e+00
1.000000000000000000e+00 -3.269716312207502256e+02 5.941675930548746010e+01 -1.511021589678588323e+06 -1.527373370113645000e+14 -1.440307094159349200e-05 1.845374015473489107e-06 1.061804933356569682e-06 1.104340670030980618e+03 1.968499490154648424e+00 -9.055000383659659313e-01 -2.232785950213235504e-02 2.626405877203555228e+00
1.000000000000000000e+00 -3.301938858376283861e+02 1.224201235766810782e+02 -1.516947598828536924e+06 -1.539377139532092188e+14 -1.460205440673313192e-05 3.817052760152293139e-06 1.138248680686516122e-06 -2.346551191900281083e+03 -4.166065488908585301e+00 -4.399770797151540958e-01 4.725684886510921057e-02 5.384197209337498791e+00
1.000000000000000000e+00 -3.255530864771858433e+02 1.824961130769902979e+02 -1.522873581876641838e+06 -1.551427840689581875e+14 -1.445306733887517694e-05 5.712447770372205758e-06 1.197547808297495933e-06 -1.195398516534506371e+03 -2.113876019305078291e+00 8.901758249092398545e-01 2.397912458100290647e-02 2.670610639303325318e+00
1.000000000000000000e+00 -3.131419891478442992e+02 2.381811090445699506e+02 -1.528799547631707275e+06 -1.563525490983048125e+14 -1.395616861103406857e-05 7.484497181361761759e-06 1.233816986052863900e-06 2.323185024943537428e+03 4.091930061253009399e+00 4.712356510574847168e-01 -4.641476486631328918e-02 5.336411296905348323e+00
1.000000000000000000e+00 -2.933190863606720882e+02 2.881519821406338338e+02 -1.534725505646974314e+06 -1.575670109617384062e+14 -1.312337051404858494e-05 9.089857869477976828e-06 1.244006798999516201e-06 1.286783351049511793e+03 2.257533716042367633e+00 -8.736030971062689332e-01 -2.560633665840360285e-02 2.721626429682928450e+00
1.000000000000000000e+00 -2.665637248516630393e+02 3.312932305409465812e+02 -1.540651464697489748e+06 -1.587861714496377500e+14 -1.197236106140798361e-05 1.049111707390864423e-05 1.227430268824370574e-06 -2.296300607596805094e+03 -4.012811064209904188e+00 -5.018143513217159235e-01 4.551838656066802685e-02 5.282296264161971955e+00
1.000000000000000000e+00 -2.334659683264185333e+02 3.665367673416995444e+02 -1.546577433789445786e+06 -1.600100324280395625e+14 -1.052615131822792039e-05 1.165182584669664048e-05 1.185259576337585839e-06 -1.377710530334645682e+03 -2.398147016163694190e+00 8.560460030952588006e-01 2.720372432130845758e-02 2.778988632536642633e+00
1.000000000000000000e+00 -1.948507608321769453e+02 3.930288381542964089e+02 -1.552503422293797601e+06 -1.612385958673096875e+14 -8.818790555397523466e-06 1.254185438639929182e-05 1.121455002528331308e-06 2.265854531903368297e+03 3.928749549760523596e+00 5.318587225595086121e-01 -4.456385918245376471e-02 5.221821316095500265e+00
1.000000000000000000e+00 -1.516204819423520007e+02 4.101796506661947888e+02 -1.558429438470705645e+06 -1.624718635359245938e+14 -6.888416087227741322e-06 1.313911230495430953e-05 1.041991029398383420e-06 1.467928716660768487e+03 2.535352594549343141e+00 -8.374484744033534600e-01 -2.875760287592162359e-02 2.842101315449832910e+00
1.000000000000000000e+00 -1.047469310834943883e+02 4.175004430544378806e+02 -1.564355490400419338e+06 -1.637098371909022500e+14 -4.776954609521326068e-06 1.342447040927245883e-05 9.539282576716998764e-07 -2.232406665138615608e+03 -3.840823248310557769e+00 -5.608698530794861137e-01 4.356743582011020355e-02 5.156278553890697225e+00
1.000000000000000000e+00 -5.538490468675342981e+01 4.147663208709158198e+02 -1.570281585550769465e+06 -1.649525184862224688e+14 -2.535381439291918485e-06 1.338707796345927557e-05 8.655919176403658313e-07 -1.556668053978021135e+03 -2.667909639207460160e+00 8.181159203235882638e-01 3.026374594771622656e-02 2.910210991475524089e+00
1.000000000000000000e+00 -4.703518532115092299e+00 4.020472463952029898e+02 -1.576207729657045333e+06 -1.661999087341814375e+14 -2.161278178717224879e-07 1.302552735905120641e-05 7.853840389303290480e-07 2.195939036864853733e+03 3.749090318343432315e+00 5.890363374656732987e-01 -4.252602488452600360e-02 5.085757493173355570e+00
1.000000000000000000e+00 4.612025884771536965e+01 3.795391687909030907e+02 -1.582133927942273207e+06 -1.674520091568306562e+14 2.127204955823110637e-06 1.234254207716095156e-05 7.205477577030428981e-07 1.643888950579352922e+03 2.795857283284974404e+00 -7.979960429357046969e-01 -3.171248062889987090e-02 2.982606645349341168e+00
1.000000000000000000e+00 9.579886607772064622e+01 3.477202620749386028e+02 -1.588060184997413075e+06 -1.687088208584915000e+14 4.435082289835413903e-06 1.135015327176662811e-05 6.770716966477188671e-07 -2.157090077316460338e+03 -3.654719328196705863e+00 -6.159436576279251341e-01 4.145637338760724960e-02 5.011722173555557269e+00
1.000000000000000000e+00 1.431120526922790930e+02 3.073597830630907879e+02 -1.593986502921695588e+06 -1.699703444266500000e+14 6.650207660199270985e-06 1.007016186103527319e-05 6.590871348883641191e-07 -1.728963065560842551e+03 -2.918239763926468999e+00 7.773913967229226785e-01 3.310333250128463106e-02 3.058469669036700811e+00
1.000000000000000000e+00 1.869115392393893273e+02 2.593376860954726908e+02 -1.599912883094802964e+06 -1.712365803014269688e+14 8.717798078727300400e-06 8.528383821041336078e-06 6.680843125968345112e-07 2.115736801772793569e+03 3.557563272553718736e+00 6.418603626646759430e-01 -4.035356246715449124e-02 4.934137947514348532e+00
1.000000000000000000e+00 2.260272141721679304e+02 2.047902722607180692e+02 -1.605839325145540992e+06 -1.725075285511440000e+14 1.058125492471919300e-05 6.759525067448330110e-06 7.028866594125899272e-07 1.812147580085134905e+03 3.035613518918159226e+00 -7.562024067299658592e-01 -3.443201592418207446e-02 3.137246404705876568e+00
1.000000000000000000e+00 2.594494127078399970e+02 1.450924501582649384e+02 -1.611765826871514088e+06 -1.737831888480611562e+14 1.219070976207853739e-05 4.806749929771245765e-06 7.599937778995888080e-07 -2.072448739687654779e+03 -3.458635329897231880e+00 -6.664770212544505190e-01 3.923211578169545632e-02 4.854358937195332402e+00
1.000000000000000000e+00 2.863273963409857856e+02 8.166162772276791770e+01 -1.617692385019724257e+06 -1.750635606300659062e+14 1.350309121742861238e-05 2.715305778777482295e-06 8.335553216662424219e-07 -1.893031752652284013e+03 -3.147407894295715547e+00 7.346755396428754636e-01 3.570286537127127097e-02 3.218320678618074027e+00
1.000000000000000000e+00 3.058779318396269673e+02 1.609052415192325114e+01 -1.623618995001393370e+06 -1.763486430345593750e+14 1.447793507871435486e-05 5.369812055960534968e-07 9.156145595209120792e-07 2.026859266414893455e+03 3.357367876841660603e+00 6.901485887259332097e-01 -3.808276348836921871e-02 4.771993164280612376e+00
1.000000000000000000e+00 3.175630468554971912e+02 -4.989779941438924027e+01 -1.629545649788059061e+06 -1.776384346524842188e+14 1.508588690305839390e-05 -1.671293386233191485e-06 9.975952002205829880e-07 1.972169701855616040e+03 3.254661526498027868e+00 -7.126202560017438348e-01 -3.691666517299416195e-02 3.301519977339553602e+00
1.000000000000000000e+00 3.210726427252494091e+02 -1.146585621535646453e+02 -1.635472341719280928e+06 -1.789329339142050625e+14 1.530808492333774387e-05 -3.854379437418439091e-06 1.071170663452666476e-06 -1.979339792376539435e+03 -3.254423590762479002e+00 -7.126602033766146205e-01 3.691567421387888237e-02 4.688074421281045900e+00
1.000000000000000000e+00 3.162246985180476031e+02 -1.765006770166013439e+02 -1.641399062358583789e+06 -1.802321390553663125e+14 1.513158160669977169e-05 -5.954774597909191829e-06 1.128426431790784160e-06 -2.049328162577268813e+03 -3.357092676982518675e+00 6.901988445048011789e-01 3.808138598255025875e-02 3.386567109982767221e+00
1.000000000000000000e+00 3.031282601889685679e+02 -2.337506258661679226e+02 -1.647325801654430106e+06 -1.815360479288926250e+14 1.455728162031036915e-05 -7.914747303814943918e-06 1.163341812492486974e-06 1.929215197595399104e+03 3.148737652593858183e+00 7.344199935862818496e-01 -3.571627727694752508e-02 4.601779989622669653e+00
1.000000000000000000e+00 2.821393842647411816e+02 -2.849592507337053462e+02 -1.653252549817681313e+06 -1.828446584138680312e+14 1.359806997191062808e-05 -9.683374579421396894e-06 1.172424050631307830e-06 2.125259957160848899e+03 3.456031440489392370e+00 -6.671177860715566954e-01 -3.920079903473704108e-02 3.473719779331961632e+00
1.000000000000000000e+00 2.537440250750968289e+02 -3.287715455999651795e+02 -1.659179296409699367e+06 -1.841579682141470938e+14 1.227336078259770321e-05 -1.121223815011293034e-05 1.154336959949436721e-06 -1.876650424138772678e+03 -3.040637380172197091e+00 -7.552559944317733809e-01 3.449063759239901633e-02 4.513839757929382301e+00
1.000000000000000000e+00 2.187010453563308943e+02 -3.639922006278571303e+02 -1.665106030419314979e+06 -1.854759748729261250e+14 1.061615152896677591e-05 -1.245772506915777297e-05 1.110997964485332788e-06 -2.199753258676477344e+03 -3.551212043023943554e+00 6.434772594196163098e-01 4.028333659812073642e-02 3.562933030790448985e+00
1.000000000000000000e+00 1.779677100869550372e+02 -3.897701809550983398e+02 -1.671032741863955744e+06 -1.867986761284421875e+14 8.669629298903688597e-06 -1.338746476040337764e-05 1.047447568982035697e-06 1.820737340118801740e+03 2.928714541001715688e+00 7.755659450209220207e-01 -3.322055075471829627e-02 4.423167570050412500e+00
1.000000000000000000e+00 1.325659303309710708e+02 -4.054463427946068919e+02 -1.676959421752656344e+06 -1.881260699097524062e+14 6.480803207060314831e-06 -1.397528623729810117e-05 9.702676328656756710e-07 2.273563263168533467e+03 3.643926274599325499e+00 -6.189245972635710746e-01 -4.133209237338471287e-02 3.654682910634719839e+00
1.000000000000000000e+00 8.371041950511053642e+01 -4.106042276266045974e+02 -1.682886061279295245e+06 -1.894581541590157500e+14 4.106847608204233319e-06 -1.420309200823325618e-05 8.875285773513335767e-07 -1.761573872899123216e+03 -2.813207964554965468e+00 -7.951519091128722572e-01 3.191085335080905139e-02 4.330435238856505720e+00
1.000000000000000000e+00 3.271174839873640394e+01 -4.052189772967905697e+02 -1.688812653000972467e+06 -1.907949270984828750e+14 1.610495766579477655e-06 -1.406617514649311076e-05 8.081955543273848149e-07 -2.346314845821909785e+03 -3.733630307216101230e+00 5.935621791942695680e-01 4.235255086679149544e-02 3.748861501685296194e+00
1.000000000000000000e+00 -1.916233408885791789e+01 -3.894746831197801384e+02 -1.694739191031114431e+06 -1.921363872796866250e+14 -9.467289041215714651e-07 -1.356709530515895960e-05 7.405204758205053499e-07 1.698235731672882821e+03 2.692728794810480775e+00 8.143341523671696613e-01 -3.054374865805157060e-02 4.234649750687048630e+00
1.000000000000000000e+00 -7.056102081105190393e+01 -3.637957199031978348e+02 -1.700665670495664235e+06 -1.934825334658757188e+14 -3.498308912459017491e-06 -1.271690130850064755e-05 6.915666682013907401e-07 2.418579147973641739e+03 3.821290811542461086e+00 -5.670562128812719482e-01 -4.334394846317044664e-02 3.845813672473133771e+00
1.000000000000000000e+00 -1.201551661507628666e+02 -3.289619810464548664e+02 -1.706592088681781199e+06 -1.948333648983124688e+14 -5.977870912407029314e-06 -1.153931972944282257e-05 6.667309460901284671e-07 -1.630958407577846401e+03 -2.567753377112248714e+00 -8.328450370066375896e-01 2.912661665040383596e-02 4.136728741312569291e+00
1.000000000000000000e+00 -1.667659288176254790e+02 -2.859010418584223885e+02 -1.712518444681422785e+06 -1.961888812231776875e+14 -8.325626820487400386e-06 -1.006365560860694718e-05 6.688127812566526187e-07 -2.489710040443438174e+03 -3.905937452061951198e+00 5.395848000566586533e-01 4.430706356508248844e-02 3.945060324736698210e+00
1.000000000000000000e+00 -2.092299121081328792e+02 -2.357081402833926802e+02 -1.718444738056516973e+06 -1.975490821918274375e+14 -1.048174764157628339e-05 -8.325588131152193819e-06 6.977127415296354701e-07 1.559021638360673251e+03 2.437250465092977159e+00 8.509026733914928364e-01 -2.764582949648524204e-02 4.036076393934791007e+00
1.000000000000000000e+00 -2.465000235360700174e+02 -1.797407985091788589e+02 -1.724370970708589302e+06 -1.989139680939963438e+14 -1.239144701763652519e-05 -6.370626447721419178e-06 7.507840366330355586e-07 2.560042956830750427e+03 3.988156141324698201e+00 -5.108918747919571901e-01 -4.523672091496589581e-02 4.046579118343120562e+00
1.000000000000000000e+00 -2.777547291795754631e+02 -1.193980703890032942e+02 -1.730297146114735398e+06 -2.002835395901986875e+14 -1.401059276148915608e-05 -4.246418273861398009e-06 8.231780135009066796e-07 -1.482955713715144157e+03 -2.302158926612677181e+00 -8.681726480251900080e-01 2.611394133139665133e-02 3.934025255897898088e+00
1.000000000000000000e+00 -3.022499743623133668e+02 -5.614192211152982992e+01 -1.736223268755217083e+06 -2.016577975850082188e+14 -1.529840666402386130e-05 -2.003538167345703396e-06 9.079779138701288438e-07 -2.628697245833383022e+03 -4.066635132663269481e+00 4.812713862296519318e-01 4.612987761232164446e-02 4.149399634963626404e+00
1.000000000000000000e+00 -3.194123243488272692e+02 8.415539706195668046e+00 -1.742149344550942304e+06 -2.030367433330056562e+14 -1.622226184849919736e-05 3.013506452918461473e-07 9.972280770129960820e-07 1.402342892076819908e+03 2.161930036240187647e+00 8.847995106921113795e-01 -2.452282748773306972e-02 3.830443501507293291e+00
1.000000000000000000e+00 -3.289273350691036626e+02 7.273492664608087921e+01 -1.748075380375361536e+06 -2.044203783303319375e+14 -1.676233357424937204e-05 2.613412307319851610e-06 1.082933301841790270e-06 2.695851264279159295e+03 4.141725842011113379e+00 -4.505616883757121438e-01 -4.697869068987375885e-02 4.253118985649413375e+00
1.000000000000000000e+00 -3.305797306985404020e+02 1.353171159055374062e+02 -1.754001383309791097e+06 -2.058087041437081562e+14 -1.690365067984861178e-05 4.878512643420816324e-06 1.156925510078779876e-06 -1.318041822498800684e+03 -2.017984371953603695e+00 -9.004231116138692315e-01 2.289052104012827965e-02 3.727015948492629960e+00
1.000000000000000000e+00 -3.243407320439555974e+02 1.946167310951751119e+02 -1.759927361986324191e+06 -2.072017227274692188e+14 -1.664066172299544290e-05 7.040113932115882449e-06 1.212035720614424761e-06 -2.760535373281648845e+03 -4.212018390637875420e+00 4.191636830685811499e-01 4.777896618995804146e-02 4.356402088454165877e+00
1.000000000000000000e+00 -3.104384750455289463e+02 2.492612961812504864e+02 -1.765853325679873582e+06 -2.085994362151985625e+14 -1.598102111124709052e-05 9.047201168805729467e-06 1.243528694472247489e-06 1.229914908956073305e+03 1.870188803003545175e+00 9.151652854172819263e-01 -2.121355004383993978e-02 3.623931643094993049e+00
1.000000000000000000e+00 -2.891893927712182517e+02 2.980031385994890911e+02 -1.771779282925981563e+06 -2.100018465946249375e+14 -1.493710159291423098e-05 1.085263577430220488e-05 1.248528511179584295e-06 2.822910284500005218e+03 4.277854206551723770e+00 -3.869839578500056110e-01 -4.852283306391778905e-02 4.458653853851294535e+00
1.000000000000000000e+00 -2.610830505664899874e+02 3.396328716757361121e+02 -1.777705243177352706e+06 -2.114089560986891562e+14 -1.353046704988477048e-05 1.241007028103635473e-05 1.226383132430603631e-06 -1.139050356270585553e+03 -1.720265106203879846e+00 -9.286923166068357105e-01 1.951347329137110426e-02 3.522974457410488203e+00
1.000000000000000000e+00 -2.268379010800621529e+02 3.731926031239288477e+02 -1.783631215559051605e+06 -2.128207669121232188e+14 -1.179492111678417323e-05 1.368178816901839140e-05 1.179405369456311664e-06 -2.882069135627639298e+03 -4.337958596272026845e+00 3.544936393526173513e-01 4.920749758821439668e-02 4.558428208099399193e+00
1.000000000000000000e+00 -1.872254882820634805e+02 3.979106483079723944e+02 -1.789557208557087462e+06 -2.142372810955892812e+14 -9.767533615945543453e-06 1.463645555239292936e-05 1.111745915832484829e-06 1.045481697964090017e+03 1.568306556664342377e+00 9.411473588222538655e-01 -1.778922988058427232e-02 3.424406922566778810e+00
1.000000000000000000e+00 -1.431547552502275948e+02 4.131162405295586950e+02 -1.795483231214000843e+06 -2.156585008703541250e+14 -7.493099307319512279e-06 1.524608695172721359e-05 1.029317706774203253e-06 2.938277750735086101e+03 4.392844332938985907e+00 -3.216119502080771464e-01 -4.982721309916485208e-02 4.655217373666898695e+00
1.000000000000000000e+00 -9.571475675042265152e+01 4.184450616701975605e+02 -1.801409291412865510e+06 -2.170844282069125625e+14 -5.026499626331929538e-06 1.549371688116546548e-05 9.400423060816942559e-07 -9.503595586791119558e+02 -1.416068462799102035e+00 -9.522578480193395478e-01 1.606296305705990496e-02 3.329821024188934331e+00
1.000000000000000000e+00 -4.599183853932351695e+01 4.137554511451724011e+02 -1.807335395578837022e+06 -2.185150647482228125e+14 -2.423225783237567307e-06 1.537047373451971852e-05 8.522197048545090475e-07 -2.990798128986599295e+03 -4.441519764019420613e+00 2.888245750621093455e-01 5.038216955700949157e-02 4.747743370894827564e+00
1.000000000000000000e+00 4.846272442176837281e+00 3.990437017649381346e+02 -1.813261549911473878e+06 -2.199504121028909062e+14 2.561784737019703772e-07 1.487255842058766475e-05 7.737342630713113725e-07 8.537155057987835107e+02 1.263603115949088362e+00 9.622121140046318022e-01 -1.433289800052959216e-02 3.239304241232108694e+00
1.000000000000000000e+00 5.552055726326678098e+01 3.746384631208397309e+02 -1.819187759767178912e+06 -2.213904716939659688e+14 2.944460264929948786e-06 1.400859755625349752e-05 7.119547348760953222e-07 3.040047778106400074e+03 4.484724192603144921e+00 -2.560046810517100369e-01 -5.086946027819497923e-02 4.835800423673675574e+00
1.000000000000000000e+00 1.048300679062553940e+02 3.410957944712296239e+02 -1.825114028509192867e+06 -2.228352444747805938e+14 5.577636745615946649e-06 1.279590887331658541e-05 6.726140525835705160e-07 -7.565528865987355402e+02 -1.112390300852294178e+00 -9.708081765172300592e-01 1.261834360368683378e-02 3.154029734494884885e+00
