1.000000000000000000e+00 -1.365296987125711325e+02 2.266848882787535331e+02 -1.282344843322352273e+06 -5.539730367342457812e+13 -5.877873213291454090e-06 3.008896589133155185e-06 1.202264202556089269e-06 1.944768588276493553e-07 7.443774005454921507e+02 1.249491698171356219e-01 7.456193866311559454e+06 6.799205166667047884e+00 -3.332908105369279284e+00 -8.529954090415429180e-01
1.000000000000000000e+00 -1.241908754747066013e+02 2.741211573664786556e+02 -1.294112380410845624e+06 -5.641868397967646094e+13 -5.395726564182406930e-06 3.671930155307224103e-06 1.153315671537938581e-06 -4.035348793766132197e-07 -6.970706905018703310e+02 -3.990563718291572082e-01 -2.412961121731579304e+07 -6.283614468773278894e+00 -2.344613208895985679e+00 -2.517670859648546866e+00
1.000000000000000000e+00 -1.087888723185024560e+02 3.147924891024351837e+02 -1.305879960903850384e+06 -5.744939807205951562e+13 -4.769534395001446913e-06 4.255077574891571101e-06 1.086227936283584285e-06 2.126374442494134796e-06 5.912221460554154646e+02 6.408958065375957025e-01 3.926097749832260609e+07 5.260485146081211205e+00 -6.141167417522547245e-01 -3.385075824043467740e+00
1.000000000000000000e+00 -9.067513822424770353e+01 3.476826539573519312e+02 -1.317647600772025064e+06 -5.848944747166724219e+13 -4.011213279023634145e-06 4.742006693477204926e-06 1.007339104375628035e-06 -6.520172722744516337e-07 -4.340521410487664298e+02 -8.309403563188534347e-01 -5.156183991269442439e+07 -3.812695588400630609e+00 1.310503811338538105e+00 -3.180952297294376230e+00
1.000000000000000000e+00 -7.026975808962603764e+01 3.718491127592365046e+02 -1.329415316585207824e+06 -5.953883380391339844e+13 -3.136298490375359442e-06 5.116904254390980727e-06 9.239555236433999620e-07 1.009373955749386833e-05 2.372169100675544371e+02 9.538684221844763167e-01 5.994611309064681083e+07 2.057414853963908108e+00 2.820142352247507311e+00 -1.970450435922370680e+00
1.000000000000000000e+00 -4.809640633344217520e+01 3.866163200178222041e+02 -1.341183122902759584e+06 -6.059755856508810938e+13 -2.165653442880111025e-06 5.367204283263298091e-06 8.443032038453162051e-07 -7.213332796681105755e-07 -1.594228248142812809e+01 -9.998014697802714013e-01 -6.362550474183106422e+07 -1.365468902101001081e-01 3.437599300478108244e+00 -1.370726336331555828e-01
1.000000000000000000e+00 -2.469873746350779342e+01 3.915912993308821228e+02 -1.352951030469033169e+06 -6.166562294989244531e+13 -1.121876585513479510e-06 5.483968790344353623e-06 7.761403175146329712e-07 1.108280015536993554e-05 -2.121614474645449491e+02 9.650934310268006744e-01 6.218195435151851177e+07 -1.794817291938390236e+00 2.968354329907295863e+00 1.739180979608418331e+00
1.000000000000000000e+00 -6.562659228426386271e-01 3.865279938416238679e+02 -1.364719049368028063e+06 -6.274302812638586719e+13 -3.006847206309902447e-08 5.460143658869823437e-06 7.258558543036089655e-07 -6.615848583399982497e-07 4.285058633299573216e+02 -8.526117295371570259e-01 -5.561066991946863383e+07 3.580953885674011961e+00 1.561543994295386151e+00 3.065527411680402992e+00
1.000000000000000000e+00 2.338938483340928798e+01 3.715072702972462935e+02 -1.376487187275907258e+06 -6.382977507130220312e+13 1.080884341120743857e-06 5.293212792544174006e-06 6.984209984030270613e-07 2.388142546147200370e-06 -6.150444387137374633e+02 6.714909052380575449e-01 4.432968479263932258e+07 -5.078094411140494202e+00 -3.378402665794980053e-01 3.423702960587380328e+00
1.000000000000000000e+00 4.682488978374718158e+01 3.469215723263579889e+02 -1.388255446083410643e+06 -6.492586424457878906e+13 2.182400247100830594e-06 4.985176681545006138e-06 6.966445131826499851e-07 -4.305332548992760100e-07 7.557781781365690676e+02 -4.363774290586762694e-01 -2.915424991736399382e+07 6.166000257669113971e+00 -2.130079205775106566e+00 2.701599643795443484e+00
1.000000000000000000e+00 6.905068708172210279e+01 3.133216808675260268e+02 -1.400023826702805702e+06 -6.603129601985454688e+13 3.245575256222050877e-06 4.540521512218934388e-06 7.204850226585776552e-07 2.702198834780768761e-07 -8.381167425900686112e+02 1.662375027348432788e-01 1.123809142998772115e+07 -6.757557423382533734e+00 -3.250184642059555706e+00 1.127908640327650147e+00
1.000000000000000000e+00 8.945945373577555415e+01 2.715735216410273551e+02 -1.411792326251116581e+06 -6.714607041265457031e+13 4.240189940433613113e-06 3.968607090984084246e-06 7.672494569003544952e-07 1.809393079918373639e-07 8.539879104406198849e+02 1.171806868976830868e-01 8.014637000140488148e+06 6.805698232821403515e+00 -3.345850582499629855e+00 -8.007259444824816885e-01
1.000000000000000000e+00 1.075276926700060329e+02 2.228065277860079902e+02 -1.423560937726454344e+06 -6.827018703429879688e+13 5.139071283828784226e-06 3.283097921589946946e-06 8.320960457217364386e-07 -3.976043600606682587e-07 -8.005935923830427328e+02 -3.911004478024622255e-01 -2.705964327138375491e+07 -6.307062569887020409e+00 -2.387868048740226179e+00 -2.476684152362064406e+00
1.000000000000000000e+00 1.227959972599091572e+02 1.682404019854708395e+02 -1.435329652438194025e+06 -6.940364531058820312e+13 5.917307247638963332e-06 2.499549935298618012e-06 9.081614234625410559e-07 2.068613686749274621e-06 6.807474343671361794e+02 6.335424698880656180e-01 4.433619535256357491e+07 5.302151196687947987e+00 -6.785980132448887758e-01 -3.372741169338637324e+00
1.000000000000000000e+00 1.348461712606784317e+02 1.093198627272615511e+02 -1.447098458294794662e+06 -7.054644430817045312e+13 6.551261773215123916e-06 1.637483835459596806e-06 9.872972371129102223e-07 -6.493942027865995979e-07 -5.027588711718581749e+02 -8.250827898619444989e-01 -5.839469972785344720e+07 -3.871975713966808286e+00 1.243759590170088414e+00 -3.207637821040245196e+00
1.000000000000000000e+00 1.433866042659558104e+02 4.763518435661750061e+01 -1.458867339336761972e+06 -7.169858267514884375e+13 7.022837730989334678e-06 7.193222845243738366e-07 1.061624142607091850e-06 9.818710691780017856e-06 2.798648938126760299e+02 9.503988681311666964e-01 6.801747984138758481e+07 2.131486475245983225e+00 2.774682169257292941e+00 -2.033965884396799595e+00
1.000000000000000000e+00 1.482208230176404129e+02 -1.526070194264690905e+01 -1.470636279840743635e+06 -7.286005903240631250e+13 7.318174290454550273e-06 -2.323055837907519872e-07 1.123796504317052229e-06 -7.212130322862487737e-07 -2.925247894589740483e+01 -9.994829233080320119e-01 -7.232283403404220939e+07 -2.203491609662917017e-01 3.433217327700460952e+00 -2.211270906933373859e-01
1.000000000000000000e+00 1.492187943827260028e+02 -7.772572108163183202e+01 -1.482405262038571062e+06 -7.403087174672031250e+13 7.426406664020854998e-06 -1.192646040559472419e-06 1.167284866821239077e-06 1.141048048066166379e-05 -2.292629324443794303e+02 9.684334090640057680e-01 7.084400635052208602e+07 -1.708241531675837921e+00 3.012789284080195529e+00 1.661017516274194472e+00
1.000000000000000000e+00 1.463917565319254663e+02 -1.381176363680275756e+02 -1.494174266076200642e+06 -7.521101891852142188e+13 7.343551191676510772e-06 -2.136142658621309383e-06 1.187961035710563128e-06 -6.646934229324884375e-07 4.747980978726340595e+02 -8.597581425969963442e-01 -6.357581218295398355e+07 3.499791196822313211e+00 1.645744776415710486e+00 3.021159155144860886e+00
1.000000000000000000e+00 1.398469694330064215e+02 -1.949692593946533066e+02 -1.505943273281178903e+06 -7.640049870515732812e+13 7.070496714232792654e-06 -3.039167371004876754e-06 1.184160135683011949e-06 2.488610267274341118e-06 -6.870785825806923413e+02 6.821703818228108673e-01 5.098481014196158201e+07 -5.010802062138511204e+00 -2.383707085558955663e-01 3.432063222799782931e+00
1.000000000000000000e+00 1.297531658753772774e+02 -2.468529096646492178e+02 -1.517712264483811799e+06 -7.759930915390315625e+13 6.611433883349699365e-06 -3.877997790183121536e-06 1.156346047912585365e-06 -4.399890372506297023e-07 8.481043347506879400e+02 -4.498927941568365285e-01 -3.398133342804613709e+07 6.120215112443921690e+00 -2.047660853959417881e+00 2.764591043415185023e+00
1.000000000000000000e+00 1.164059015131974348e+02 -2.924630626819388226e+02 -1.529481220561593305e+06 -7.880744825609401562e+13 5.977332295003041142e-06 -4.630149731083187975e-06 1.107907398228826120e-06 2.999971680466253357e-07 -9.436640914987854103e+02 1.815245099131601036e-01 1.385486197566100396e+07 -6.739059365279298497e+00 -3.213605462687548542e+00 1.228258356589063460e+00
1.000000000000000000e+00 1.001714934191542596e+02 -3.307705963484635276e+02 -1.541250124906284269e+06 -8.002491420350429688e+13 5.183290214289180717e-06 -5.276912392381628461e-06 1.044277707995837391e-06 1.541532244111257143e-07 9.645748678896012507e+02 1.014377145355346427e-01 7.822670547360886820e+06 6.817562702430480570e+00 -3.369531859989442601e+00 -6.943585205344861011e-01
1.000000000000000000e+00 8.145003965325342676e+01 -3.608679696284392548e+02 -1.553018962206277996e+06 -8.125170527090668750e+13 4.246746240573311239e-06 -5.801027944915832946e-06 9.717193152877013302e-07 -3.864112905132017496e-07 -9.075415998338786494e+02 -3.763129959628947474e-01 -2.931888917563483864e+07 -6.349171085097307987e+00 -2.465950476039061812e+00 -2.398951231355447522e+00
1.000000000000000000e+00 6.073565312669009586e+01 -3.820403171376558475e+02 -1.564787717307617422e+06 -8.248781970113071875e+13 3.190710393665804436e-06 -6.187917122974596678e-06 8.976130292694568819e-07 1.974559493968872742e-06 7.755549211405032111e+02 6.210474594746150379e-01 4.887882714934758842e+07 5.371126171921131842e+00 -7.864600790475251291e-01 -3.349232651659130422e+00
1.000000000000000000e+00 3.855454219212026601e+01 -3.938948513102552624e+02 -1.576556379542728886e+06 -8.373325616549957812e+13 2.040672487239805235e-06 -6.427908312000135084e-06 8.296733657113706891e-07 -6.452841800179738150e-07 -5.777875552005610871e+02 -8.159759594111694048e-01 -6.486746452434840798e+07 -3.961570668038162157e+00 1.140929194020452675e+00 -3.245636984519760571e+00
1.000000000000000000e+00 1.542946740073505296e+01 -3.961861507816487347e+02 -1.588324939293057891e+06 -8.498801341376509375e+13 8.227701795597821735e-07 -6.513561352558964852e-06 7.746053354180132387e-07 9.444906632463079165e-06 3.289814733838393295e+02 9.454040142330233376e-01 7.590621340070430934e+07 2.233368259132171296e+00 2.709527463206133469e+00 -2.119985810650057978e+00
1.000000000000000000e+00 -8.061030801632366405e+00 -3.888793238962207397e+02 -1.600093389577696100e+06 -8.625209044953539062e+13 -4.330361611705182828e-07 -6.440803461438375104e-06 7.379008651793332046e-07 -7.209830170403952927e-07 -4.836628950946140293e+01 -9.988738611659965239e-01 -8.099131686066716909e+07 -3.251350149143311108e-01 3.424842792028516936e+00 -3.260840555606088209e-01
1.000000000000000000e+00 -3.134662213905511763e+01 -3.722572304862937926e+02 -1.611861726648559328e+06 -8.752548660537017188e+13 -1.696316101566277554e-06 -6.210846389480168931e-06 7.234028776619823870e-07 1.178155526732303002e-05 -2.418152626408026435e+02 9.720168976363594560e-01 7.958440591527183354e+07 -1.609823742222146636e+00 3.060634601591555093e+00 1.571112614396323881e+00
1.000000000000000000e+00 -5.389686317438065544e+01 -3.467306325000806169e+02 -1.623629948903925018e+06 -8.880820143674445312e+13 -2.937912085694276876e-06 -5.827189323277997274e-06 7.325412503050813640e-07 -6.677862456735206405e-07 5.180652360717419924e+02 -8.669205551623402339e-01 -7.166696992564840615e+07 3.415808316081291540e+00 1.730839242059663885e+00 2.973226291403801014e+00
1.000000000000000000e+00 -7.516083980748055637e+01 -3.128992783294380615e+02 -1.635398056661772076e+06 -9.010023470558300000e+13 -4.126704331661723693e-06 -5.296730810234411494e-06 7.643694366214544418e-07 2.585527417949071081e-06 -7.575317813542105796e+02 6.919762535656683866e-01 5.775326183160979301e+07 -4.947255211629972393e+00 -1.456558121546449869e-01 3.437246499206490835e+00
1.000000000000000000e+00 -9.463158266455805290e+01 -2.716409961548448564e+02 -1.647166053989744512e+06 -9.140158659096121875e+13 -5.233132601722967100e-06 -4.631402874655218396e-06 8.160885922342766327e-07 -4.477874581941496976e-07 9.398997788257194088e+02 -4.612198616283477715e-01 -3.885972075079645216e+07 6.080491091603136056e+00 -1.976650850849298147e+00 2.815800166192767406e+00
1.000000000000000000e+00 -1.118727579882941399e+02 -2.239119074577300808e+02 -1.658933947567277355e+06 -9.271225757678614062e+13 -6.230769591545104704e-06 -3.844909721738815413e-06 8.830747508262098642e-07 3.234440814484448885e-07 -1.049117868535245179e+03 1.932127157188993083e-01 1.643218168135929666e+07 -6.723780760457185757e+00 -3.183468195714347804e+00 1.304380871962643740e+00
1.000000000000000000e+00 -1.264566936463278068e+02 -1.708088549259174442e+02 -1.670701744874287164e+06 -9.403224825825831250e+13 -7.092984342465298761e-06 -2.953854984797689014e-06 9.588976001294285596e-07 1.359537747411817562e-07 1.074810947950119498e+03 9.044949041800535994e-02 7.764182146568874829e+06 6.824821136551241452e+00 -3.384039812865547336e+00 -6.198014257644237635e-01
1.000000000000000000e+00 -1.380289160368872103e+02 -1.136429216626893037e+02 -1.682469457289693179e+06 -9.536155969628985938e+13 -7.796604763077572594e-06 -1.979107764036264902e-06 1.036410715304518033e-06 -3.791494730493365965e-07 -1.013253083758591174e+03 -3.668754201529403347e-01 -3.178346136442315206e+07 -6.375058015603837447e+00 -2.514210792138556805e+00 -2.348323530798995140e+00
1.000000000000000000e+00 -1.463290767046742360e+02 -5.373315268185463367e+01 -1.694237097146979533e+06 -9.670019309684785938e+13 -8.323252533741608763e-06 -9.423155817716930137e-07 1.108374569659446300e-06 1.921752626630803498e-06 8.678116565412832415e+02 6.137321297903080008e-01 5.365596609782145172e+07 5.410471374206497153e+00 -8.486118823978713310e-01 -3.334027179828417342e+00
1.000000000000000000e+00 -1.511273182449163528e+02 7.529462946069181761e+00 -1.706004678158313734e+06 -9.804814986348814062e+13 -8.655884366250103244e-06 1.329609413256626148e-07 1.167511879535711537e-06 -6.430476231169375415e-07 -6.488111975708258115e+02 -8.110564499633838853e-01 -7.155023823743511736e+07 -4.008732879872523469e+00 1.085855012120890084e+00 -3.264475196046742855e+00
1.000000000000000000e+00 -1.522887077938172808e+02 6.862285022872578111e+01 -1.717772217235535849e+06 -9.940543181357706250e+13 -8.782568148095135842e-06 1.220152712386930336e-06 1.208014150813625963e-06 9.265074350790991498e-06 3.728189095854738753e+02 9.428776183673961420e-01 8.392687957533119619e+07 2.282974001678208520e+00 2.676703002661279918e+00 -2.161282142309831400e+00
1.000000000000000000e+00 -1.497871352229713295e+02 1.281044809662982402e+02 -1.729539730948411394e+06 -1.007720407782540156e+14 -8.697477426014946119e-06 2.293373169170177293e-06 1.226207407260586388e-06 -7.208495345536373076e-07 -6.139379937140616050e+01 -9.985205723789573051e-01 -8.967142001263821125e+07 -3.726286677932220681e-01 3.419987483746320223e+00 -3.735841596113259055e-01
1.000000000000000000e+00 -1.436393238284468055e+02 1.845464957313787124e+02 -1.741307236341616372e+06 -1.021479786969263438e+14 -8.397248574914860868e-06 3.326297357715269635e-06 1.219822903879304819e-06 1.193882985464959214e-05 -2.606008270641993931e+02 9.734760505589070689e-01 8.819413943220171332e+07 -1.567870243162056143e+00 3.080167303450246141e+00 1.532464990210443245e+00
1.000000000000000000e+00 -1.339679998075964420e+02 2.364891686030463518e+02 -1.753074752368570073e+06 -1.035332477885106875e+14 -7.884783279154300071e-06 4.291326441565862465e-06 1.188949570947898680e-06 -6.690103243548871550e-07 5.669892830483294119e+02 -8.697698029988606416e-01 -7.948825203206557035e+07 3.381621626483661824e+00 1.764886598730952993e+00 2.953143224981689574e+00
1.000000000000000000e+00 -1.210067674728342837e+02 2.826530370727608101e+02 -1.764842297102170298e+06 -1.049278502273310156e+14 -7.169746749292862708e-06 5.163443426390644990e-06 1.136476186610184593e-06 2.624585920010327444e-06 -8.324235857777508727e+02 6.957982273777787441e-01 6.414066022875722498e+07 -4.922016353502033148e+00 -1.091605212350704596e-01 3.438599081662456314e+00
1.000000000000000000e+00 -1.050301955335344104e+02 3.218710251206159683e+02 -1.776609887825870654e+06 -1.063317881505302656e+14 -6.264616663536494689e-06 5.919074702252178364e-06 1.067000907734259742e-06 -4.508022211163931233e-07 1.034488230688105659e+03 -4.656433424464889725e-01 -4.329351810695906729e+07 6.064637635005586169e+00 -1.948440444150865591e+00 2.835394073065402143e+00
1.000000000000000000e+00 -8.641364686920532279e+01 3.530492890662226841e+02 -1.788377542007199023e+06 -1.077450637722452031e+14 -5.188356312173015031e-06 6.535433678018659837e-06 9.870175409742997832e-07 3.330713473798679327e-07 -1.155595463168319611e+03 1.979258772656605214e-01 1.855922636494928598e+07 -6.717339851907321524e+00 -3.170783772558241509e+00 1.334919485148770457e+00
1.000000000000000000e+00 -6.562721593387055918e+01 3.753743772853630389e+02 -1.800145275127796689e+06 -1.091676791211473438e+14 -3.966247288377863772e-06 6.994425402372317496e-06 9.045336000456976359e-07 1.282290320796985608e-07 1.184511331640300796e+03 8.571186198134188305e-02 8.105037012270676903e+06 6.827692137146096130e+00 -3.389782403629682861e+00 -5.875840964174735559e-01
1.000000000000000000e+00 -4.316036043707558889e+01 3.882342251007016785e+02 -1.811913100171485217e+06 -1.105996359700738281e+14 -2.625491885088069187e-06 7.281335565554499329e-06 8.274138608643480958e-07 -3.756459409838180165e-07 -1.117376222026897722e+03 -3.623652835569535768e-01 -3.455309333995863050e+07 -6.387160929085191619e+00 -2.536841179695720871e+00 -2.323858148315474104e+00
1.000000000000000000e+00 -1.957666395812104554e+01 3.911763400273233060e+02 -1.823681029712848831e+06 -1.120409360827572188e+14 -1.198604265831855770e-06 7.384163809821699748e-06 7.629873710246398417e-07 1.893481731995870894e-06 9.581316622040591255e+02 6.097225430061988805e-01 5.862311388453792036e+07 5.431719626664839318e+00 -8.823653213420705743e-01 -3.325253577452038645e+00
1.000000000000000000e+00 4.503177564872556715e+00 3.840995805649983481e+02 -1.835449072512691375e+06 -1.134915807911768281e+14 2.774914863970165937e-07 7.297364418067163886e-06 7.177561173781994559e-07 -6.415926906827737575e-07 -7.183087593831276081e+02 -8.078697566452618384e-01 -7.831496544572237134e+07 -4.038838945433559147e+00 1.050357551585756166e+00 -3.276069135208293126e+00
1.000000000000000000e+00 2.848149185593054256e+01 3.671511957877054897e+02 -1.847217234023742378e+06 -1.149515710433795781e+14 1.766318257695556967e-06 7.020091645854670646e-06 6.962524686593080628e-07 9.127830868837567184e-06 4.161893991916497839e+02 9.408920816092638528e-01 9.195619325559212267e+07 2.321125520925261032e+00 2.650967363533315524e+00 -2.192772686005625360e+00
1.000000000000000000e+00 5.173288248619687124e+01 3.406707371265559914e+02 -1.858985517428261228e+06 -1.164209075203279531e+14 3.228724106227209906e-06 6.555271741635853688e-06 7.004720745538406761e-07 -7.207077822558591137e-07 -7.540507983135158554e+01 -9.981455262290154229e-01 -9.834317965930077434e+07 -4.171564914353035336e-01 3.414835034666213520e+00 -4.180690746770039379e-01
1.000000000000000000e+00 7.362847588136270360e+01 3.053565428656848439e+02 -1.870753922366838902e+06 -1.178995904666705938e+14 4.624350327491024207e-06 5.912943885562932608e-06 7.299492316362680266e-07 1.211826332068766414e-05 -2.769203765242112354e+02 9.750996658537700590e-01 9.684573671048058569e+07 -1.519750158057860290e+00 3.101935985037733712e+00 1.487909022785859126e+00
1.000000000000000000e+00 9.361628690658145047e+01 2.621290086117668920e+02 -1.882522444744449342e+06 -1.193876196521014531e+14 5.916703783236070934e-06 5.107814431768038630e-06 7.816941837678031136e-07 -6.706861969099932213e-07 6.123341303303335508e+02 -8.736841121279929068e-01 -8.746602882352177799e+07 3.333897776961136650e+00 1.811843156073970951e+00 2.924569120968506741e+00
1.000000000000000000e+00 1.111694705517051887e+02 2.120553555244481458e+02 -1.894291078283251962e+06 -1.208849945547346406e+14 7.070017741654958856e-06 4.157917060135521123e-06 8.500995767544478713e-07 2.690810696209127752e-06 -9.033490791208207611e+02 7.021161807376984365e-01 7.084679540571311116e+07 -4.879700425263184371e+00 -4.839079851103825908e-02 3.439991067768858990e+00
1.000000000000000000e+00 1.258109638651047248e+02 1.564894711291875353e+02 -1.906059812519297702e+06 -1.223917140951793438e+14 8.050878394140843417e-06 3.087461214460303747e-06 9.278975611686675374e-07 -4.566027647123049653e-07 1.125689906826338074e+03 -4.742253688987886351e-01 -4.822758109741687775e+07 6.033326920659008330e+00 -1.892941213537632450e+00 2.872743258277121292e+00
1.000000000000000000e+00 1.371871557141512312e+02 9.690418480776412480e+01 -1.917828634160248563e+06 -1.239077767953827188e+14 8.833066561323151019e-06 1.923677184128837662e-06 1.007359619238400847e-06 3.546920891375838421e-07 -1.260302077719399676e+03 2.083334878241922539e-01 2.135221194049207494e+07 -6.702543614769679969e+00 -3.141691101735609948e+00 1.402019021745976035e+00
1.000000000000000000e+00 1.450084340219424917e+02 3.480523389341361451e+01 -1.929597528802260524e+06 -1.254331809906269531e+14 9.393950107679370119e-06 6.951702112244391356e-07 1.080385121517062565e-06 1.097848089324481782e-07 1.294964374010636220e+03 7.421746124736602890e-02 7.665438356033345684e+06 6.834011462607448628e+00 -3.402431148308284747e+00 -5.092569560255564287e-01
1.000000000000000000e+00 1.490682342915396532e+02 -2.814476586132490610e+01 -1.941366479429354658e+06 -1.269679246288352656e+14 9.715851904466447103e-06 -5.655682613890864831e-07 1.139432426178764760e-06 -3.665424974862803483e-07 -1.225371688346054725e+03 -3.507752227397901712e-01 -3.650743671373584867e+07 -6.417475116027897108e+00 -2.593712269625632061e+00 -2.260207308812430593e+00
1.000000000000000000e+00 1.493050227023613843e+02 -9.030883279135007058e+01 -1.953135467376476154e+06 -1.285120053869491875e+14 9.790278290354205369e-06 -1.825754832171636832e-06 1.178913144871563745e-06 1.821355833253892220e-06 1.055592734418587497e+03 5.991850787148511603e-01 6.283617669066958129e+07 5.486513008205796460e+00 -9.700168741687443807e-01 -3.300749570994528703e+00
1.000000000000000000e+00 1.457312629747045492e+02 -1.501548441353953933e+02 -1.964904474080103217e+06 -1.300654208961502344e+14 9.613519747059765059e-06 -3.053941066863932728e-06 1.194945324289393116e-06 -6.377729991993756201e-07 -7.978618313629719978e+02 -7.995540438655606152e-01 -8.448275955531874299e+07 -4.115818412887525035e+00 9.583846175293647685e-01 -3.304145796064820839e+00
1.000000000000000000e+00 1.384456547241358919e+02 -2.061312045446925367e+02 -1.976673479894282529e+06 -1.316281685845801250e+14 9.187609275146395885e-06 -4.217533488307641725e-06 1.185928717421368647e-06 8.793606287222514295e-06 4.717099423901300383e+02 9.358355735163738087e-01 9.962466213261151314e+07 2.415218917900694873e+00 2.585672077000698899e+00 -2.269400907104271781e+00
1.000000000000000000e+00 1.276834330976108589e+02 -2.568451855369621626e+02 -1.988442465083960211e+06 -1.332002458061299688e+14 8.523850678363362578e-06 -5.286452347505880425e-06 1.153537942266978476e-06 -7.203148947591650722e-07 -1.024970997456058370e+02 -9.971067316598889452e-01 -1.069379617525467426e+08 -5.209188897662188067e-01 3.400573858642522929e+00 -5.215151474702174328e-01
1.000000000000000000e+00 1.137349239794754823e+02 -3.011200860434296374e+02 -2.000211412816092605e+06 -1.347816502431912500e+14 7.637619090366692365e-06 -6.234411865516126108e-06 1.101482242013391929e-06 1.250291976064609881e-05 -2.805432988241749399e+02 9.784401700159195414e-01 1.057118610518555492e+08 -1.415334974134925261e+00 3.146837942380290354e+00 1.390428578423349215e+00
1.000000000000000000e+00 9.695439191898705644e+01 -3.378593750061432956e+02 -2.011980305252444698e+06 -1.363723793885005312e+14 6.549067468662051803e-06 -7.036222471706073490e-06 1.034940747356033079e-06 -6.739287162630854700e-07 6.466100808921009957e+02 -8.813020251378363978e-01 -9.591576466072894633e+07 3.238366730958751383e+00 1.903833064032839140e+00 2.865536665578109599e+00
1.000000000000000000e+00 7.780241995779482522e+01 -3.662104514175370014e+02 -2.023749126645105192e+06 -1.379724309632382031e+14 5.286132347606496565e-06 -7.671270060453031292e-06 9.609173929640647040e-07 2.814982971869976002e-06 -9.657966978761855898e+02 7.134412396741318663e-01 7.821249545117472112e+07 -4.801938199905589677e+00 6.191497475625069163e-02 3.439774309973605337e+00
1.000000000000000000e+00 5.675839991448670929e+01 -3.855943721857761375e+02 -2.035517864677458769e+06 -1.395818031092261250e+14 3.878763627847412749e-06 -8.124290947507167501e-06 8.869546697135888694e-07 -4.659672196397736265e-07 1.211525234724263100e+03 -4.882810138595398142e-01 -5.391600868037914485e+07 5.980442937549434568e+00 -1.799855190067344735e+00 2.931962160843319509e+00
1.000000000000000000e+00 3.433063300177161636e+01 -3.955563998202923131e+02 -2.047286507384608034e+06 -1.412004939777378125e+14 2.359655964563982877e-06 -8.382371465346747050e-06 8.202736370809129120e-07 3.878913100786753866e-07 -1.362756686132056757e+03 2.238536848005635016e-01 2.489543314918531850e+07 -6.679003416303205043e+00 -3.095538233013219287e+00 1.501174179087256588e+00
1.000000000000000000e+00 1.109487996137467825e+01 -3.959153425928963088e+02 -2.059055045515416190e+06 -1.428285020585848438e+14 7.669707777071896120e-07 -8.438206551369752429e-06 7.676805733999672802e-07 8.542990118528074413e-08 1.405786626344667411e+03 5.863304797452702916e-02 6.567246952124536037e+06 6.841121666882586716e+00 -3.416676933373199443e+00 -4.027401781986593710e-01
1.000000000000000000e+00 -1.239487684664065092e+01 -3.867687179376738413e+02 -2.070823474037198350e+06 -1.444658264008186562e+14 -8.617346336241190737e-07 -8.290377055466014396e-06 7.345080196393328366e-07 -3.551181917752876902e-07 -1.335481045691098871e+03 -3.364882905859685747e-01 -3.795547888999435306e+07 -6.453302041732929872e+00 -2.661272784263274627e+00 -2.180254144840500174e+00
1.000000000000000000e+00 -3.559203407362279137e+01 -3.683331377758052554e+02 -2.082591788334121928e+06 -1.461124660960228125e+14 -2.488543362198486436e-06 -7.940078705424417452e-06 7.238436338764941811e-07 1.743966822973435546e-06 1.155836869127082309e+03 5.873595957347308438e-01 6.671918624813874811e+07 5.546239946187982106e+00 -1.066562671723413569e+00 -3.270829418636030272e+00
1.000000000000000000e+00 -5.792035659545332749e+01 -3.410847125427122251e+02 -2.094359987353825243e+06 -1.477684207239880938e+14 -4.072591135003337636e-06 -7.394238419349004678e-06 7.366739084618453298e-07 -6.338222587463897950e-07 -8.798086335974436452e+02 -7.910290767614083229e-01 -9.048156048863053322e+07 -4.192464254074353747e+00 8.650851276687083757e-01 -3.329791103145772091e+00
1.000000000000000000e+00 -7.886222693464816302e+01 -3.057448494257348557e+02 -2.106128073226225562e+06 -1.494336903127472500e+14 -5.576247815667563172e-06 -6.665362743869068312e-06 7.719711624783291170e-07 8.495938868066389818e-06 5.284021280132867560e+02 9.310478176309073817e-01 1.072357726310423613e+08 2.500608151608179952e+00 2.524171518751672227e+00 -2.337614010652389496e+00
1.000000000000000000e+00 -9.793894044505813667e+01 -2.631144822597982511e+02 -2.117896049671301153e+06 -1.511082751239874375e+14 -6.963832139251511126e-06 -5.768053186976663823e-06 8.264490551518833889e-07 -7.199235048177040169e-07 -1.290911720471925435e+02 -9.960729204188571995e-01 -1.155149745695743859e+08 -6.067337782628392517e-01 3.386395839442883027e+00 -6.067984736731644180e-01
1.000000000000000000e+00 -1.146746223099247430e+02 -2.142106958693380534e+02 -2.129663922995318193e+06 -1.527921758023011562e+14 -8.199108712685074566e-06 -4.722066391931185480e-06 8.948645046910071362e-07 1.278745191924326674e-05 -2.863213100864267062e+02 9.807955241135272173e-01 1.145209010486410707e+08 -1.336583744024954390e+00 3.178590169298717516e+00 1.316224051921988769e+00
1.000000000000000000e+00 -1.286822381844967254e+02 -1.602365851140380641e+02 -2.141431702901028562e+06 -1.544853935023365625e+14 -9.251477275742841228e-06 -3.551777664446826716e-06 9.709548207359449040e-07 -6.760783610870562860e-07 6.842343327547520175e+02 -8.863849113850877925e-01 -1.041999988260764629e+08 3.172548615442112752e+00 1.965655533731485605e+00 2.823487133334065202e+00
1.000000000000000000e+00 -1.396385051974514795e+02 -1.024117308461912188e+02 -2.153199399875322357e+06 -1.561879295232751250e+14 -1.009433453891311570e-05 -2.282515940690851900e-06 1.047501573576488948e-06 2.895080128209088331e-06 -1.031974960888827582e+03 7.204079054099257196e-01 8.525956856840372086e+07 -4.752840965008307883e+00 1.306469366668774335e-01 3.437850010908456433e+00
1.000000000000000000e+00 -1.472486198067859391e+02 -4.210747093230536819e+01 -2.164967026596146170e+06 -1.578997855171635625e+14 -1.070263640090411930e-05 -9.436051592432689534e-07 1.116746484205254819e-06 -4.711888785133795016e-07 1.300488809564903931e+03 -4.962282660099864851e-01 -5.912156902011937648e+07 5.949643591763678963e+00 -1.746019936173923481e+00 2.964337320923196017e+00
1.000000000000000000e+00 -1.513293205460944364e+02 1.919815300071634567e+01 -2.176734598599793389e+06 -1.596209635954651875e+14 -1.105902436568366877e-05 4.325584414812077416e-07 1.172098069287540002e-06 4.056471059019892552e-07 -1.466777880080141813e+03 2.319338001024863483e-01 2.781691995737748221e+07 -6.666043419920474555e+00 -3.070198092680068047e+00 1.552341808884091234e+00
1.000000000000000000e+00 -1.517780000595423076e+02 8.009221425183466181e+01 -2.188502131306835450e+06 -1.613514659018527500e+14 -1.115177638288985108e-05 1.814333574611878988e-06 1.208333711414351295e-06 7.395832908983507881e-08 1.515879016111474812e+03 5.112677474901203972e-02 6.172412600152326748e+06 6.843949120342625925e+00 -3.422345903485651153e+00 -3.513260408390286305e-01
1.000000000000000000e+00 -1.485374710891645975e+02 1.390925585419819583e+02 -2.200269641786920372e+06 -1.630912948733745000e+14 -1.097236344742836006e-05 3.167813939072931056e-06 1.221445516856695061e-06 -3.499136751770734864e-07 -1.442205794036087354e+03 -3.300727429183180628e-01 -4.011058841214942187e+07 -6.468843561396012021e+00 -2.690696998486961089e+00 -2.143835623964812420e+00
1.000000000000000000e+00 -1.416751061388452513e+02 1.947072396937510064e+02 -2.212037148459022865e+06 -1.648404532023170000e+14 -1.052141655796219935e-05 4.458146944331208272e-06 1.209954422485708708e-06 1.712248908581296324e-06 1.250138037689702287e+03 5.823489416581268951e-01 7.122902362457878888e+07 5.570998636934481496e+00 -1.106890297074429652e+00 -3.257403174410637092e+00
1.000000000000000000e+00 -1.313447001367856330e+02 2.456058378143620757e+02 -2.223804668770089280e+06 -1.665989434937397500e+14 -9.806125418555948061e-06 5.653471224865648157e-06 1.174745429152454386e-06 -6.322042510555412457e-07 -9.537944122414537560e+02 -7.875597977718111764e-01 -9.695346256485582888e+07 -4.223026162978051445e+00 8.274027469324518602e-01 -3.339354176327719248e+00
1.000000000000000000e+00 -1.177494245952204608e+02 2.904848354919474787e+02 -2.235572220785450190e+06 -1.683667685011780938e+14 -8.837628681375515175e-06 6.721899775528549085e-06 1.118498545240303333e-06 8.381153915711556080e-06 5.759994163168634032e+02 9.291246228327738610e-01 1.151176279283644706e+08 2.533978724051746401e+00 2.499556184008074222e+00 -2.363916359295863856e+00
1.000000000000000000e+00 -1.012155199380036521e+02 3.281381774337610864e+02 -2.247339823651808780e+06 -1.701439311991999375e+14 -7.636671521721693679e-06 7.633177690103253523e-06 1.046540304448386569e-06 -7.197530077226126733e-07 -1.465201735114193866e+02 -9.956228912065485659e-01 -1.241460884459911436e+08 -6.404836392515854682e-01 3.380228633374840364e+00 -6.402625297825595974e-01
1.000000000000000000e+00 -8.214478794139618856e+01 3.576213983965398597e+02 -2.259107492380746175e+06 -1.719304339936853125e+14 -6.230245514728675141e-06 8.362579432717461597e-06 9.660299652468780301e-07 1.290204273091224780e-05 -3.002976479361927886e+02 9.817178407049933497e-01 1.231906115656264126e+08 -1.304396984817773886e+00 3.191044647393145084e+00 1.285735520799527132e+00
1.000000000000000000e+00 -6.097357347074588318e+01 3.781114776368524986e+02 -2.270875242670463398e+06 -1.737262794431792500e+14 -4.648610688972868659e-06 8.887773928427059749e-06 8.844823116948494577e-07 -6.770033464660337177e-07 7.282857121908976978e+02 -8.885801084572820807e-01 -1.122077763062586337e+08 3.143577737488344237e+00 1.992465382335167012e+00 2.804632510948584567e+00
1.000000000000000000e+00 -3.823969341478660056e+01 3.889798672680368554e+02 -2.282643088244254701e+06 -1.755314698522803125e+14 -2.930492843273307166e-06 9.190623974923334180e-06 8.097919342398159136e-07 2.934961217610981473e-06 -1.102395660670588768e+03 7.237830977070768279e-01 9.197147403575690091e+07 -4.728697889244331876e+00 1.641861986939400775e-01 3.436411611493062068e+00
1.000000000000000000e+00 -1.452442466140836785e+01 3.899382728541052074e+02 -2.294411039745298680e+06 -1.773460070929586250e+14 -1.118815345154348101e-06 9.260766847509521697e-06 7.494795018786466006e-07 -4.740889031242215340e-07 1.391576371015577024e+03 -5.006765568478243056e-01 -6.401819480486551672e+07 5.932116376321404871e+00 -1.715507519967710781e+00 2.982099238884031056e+00
1.000000000000000000e+00 9.592828823459232268e+00 3.808828512641893553e+02 -2.306179105525065679e+06 -1.791698927148504062e+14 7.427248938669328059e-07 9.092102342824912655e-06 7.094343720488993158e-07 4.176113858044080657e-07 -1.571347638393161560e+03 2.372945458342840541e-01 3.052943067221003771e+07 -6.657177110443307733e+00 -3.052890448397955314e+00 1.586109038456081421e+00
1.000000000000000000e+00 3.347368797740877255e+01 3.619570950903302560e+02 -2.317947291753176600e+06 -1.810031279533304688e+14 2.604925890690323316e-06 8.684413890828961933e-06 6.936332172937703170e-07 6.488360316441236709e-08 1.625860432049070823e+03 4.511150953352747323e-02 5.839647380542185158e+06 6.845935160552406806e+00 -3.426329191055876855e+00 -3.100811127487412278e-01
1.000000000000000000e+00 5.648713957460530821e+01 3.336677622182237428e+02 -2.329715599593410268e+06 -1.828457132775857188e+14 4.418152919357014541e-06 8.046314794708672263e-06 7.038304283037868717e-07 -3.447764248603760381e-07 -1.549269731659262789e+03 -3.237961898849036069e-01 -4.217188811039666086e+07 -6.483723828186944260e+00 -2.718935599752710264e+00 -2.107906847215165413e+00
1.000000000000000000e+00 7.805558032432590210e+01 2.967033277061119065e+02 -2.341484028220614418e+06 -1.846976488467209062e+14 6.135972564847017908e-06 7.191069397365008004e-06 7.389947954172356234e-07 1.675090270279298659e-06 1.346303094817375722e+03 5.763519521079794039e-01 7.552227395408220589e+07 5.600210325505182496e+00 -1.154702106494360558e+00 -3.240763053290274698e+00
1.000000000000000000e+00 9.759597292936797430e+01 2.519775463118592143e+02 -2.353252588518024422e+06 -1.865589366736396875e+14 7.710609258105943325e-06 6.137764919609658985e-06 7.952614235540574484e-07 -6.298345944158582480e-07 -1.031992557689644627e+03 -7.825018080330365944e-01 -1.031555843786558509e+08 -4.266953938642313204e+00 7.727609722244176416e-01 -3.352420416996615415e+00
1.000000000000000000e+00 1.145883630500240287e+02 2.007124224769810041e+02 -2.365021243072795682e+06 -1.884295711099298438e+14 9.098374602616711118e-06 4.913479649538683970e-06 8.667905714304426634e-07 8.186032736149168656e-06 6.304979398494463112e+02 9.257509511774802968e-01 1.227738779822718352e+08 2.591317621366912238e+00 2.456498831770080660e+00 -2.408629426079651026e+00
1.000000000000000000e+00 1.286157161766073216e+02 1.442294264873586656e+02 -2.376789995823026635e+06 -1.903095530104572188e+14 1.026297104550096211e-05 3.548334471824907364e-06 9.464119431530460120e-07 -7.193831545992398442e-07 -1.733187714411246532e+02 -9.946473242391631331e-01 -1.326996675064435452e+08 -7.080984915696647564e-01 3.366868927939206113e+00 -7.071604449614330434e-01
1.000000000000000000e+00 1.393008341903924361e+02 8.397726776221412592e+01 -2.388558833701769356e+06 -1.921988805059085938e+14 1.117063631701253753e-05 2.076239966059844622e-06 1.025836833296326938e-06 1.315727179443957979e-05 -3.032240128985333172e+02 9.837203368778760781e-01 1.320218919143383801e+08 -1.231510366971288128e+00 3.218125516034378908e+00 1.216367742940170471e+00
1.000000000000000000e+00 1.463702917544157742e+02 2.159141881480919167e+01 -2.400327740834292490e+06 -1.940975512314355312e+14 1.179537453081799360e-05 5.364528896111649372e-07 1.097066414779030156e-06 -6.792347356374229964e-07 7.608578543999406065e+02 -8.938957493536237031e-01 -1.206756410270183533e+08 3.071988384647561077e+00 2.057659725744661383e+00 2.757157744170970926e+00
1.000000000000000000e+00 1.496814228269259104e+02 -4.132943196316957568e+01 -2.412096700263981707e+06 -1.960055625960130000e+14 1.212134660305638874e-05 -1.031891449703213978e-06 1.153295255493872807e-06 3.040259725092245537e-06 -1.162418500252376589e+03 7.324104933257942207e-01 9.945594951355358958e+07 -4.665896345007949364e+00 2.506290661809978393e-01 3.431190390309996285e+00
1.000000000000000000e+00 1.491510535894392717e+02 -1.031962281798441978e+02 -2.423865694068753161e+06 -1.979229117971611562e+14 1.213732915921461383e-05 -2.589120355453563859e-06 1.188698310848926232e-06 -4.815444059541068063e-07 1.474852310035663777e+03 -5.122272568760243283e-01 -6.996286097294417024e+07 5.885622998767958691e+00 -1.635005530448631728e+00 3.026985198006397759e+00
1.000000000000000000e+00 1.448113933928700021e+02 -1.623753337117896081e+02 -2.435634702156893443e+06 -1.998495956195081250e+14 1.184140235143095468e-05 -4.093662859619642220e-06 1.199803920107622275e-06 4.488768118672085897e-07 -1.671919846042519339e+03 2.509946752693943961e-01 3.448128287122973800e+07 -6.633539648632566177e+00 -3.006861457411567073e+00 1.671725665190705312e+00
1.000000000000000000e+00 1.368228862467754823e+02 -2.174094446042200843e+02 -2.447403705154641997e+06 -2.017856109023438750e+14 1.124223380750639446e-05 -5.507618914977763382e-06 1.186257356864436166e-06 4.306259719329652552e-08 1.736379252319663465e+03 3.036000437710641153e-02 4.194887299241632223e+06 6.849752879818073126e+00 -3.433989640414587097e+00 -2.088006787030975697e-01
1.000000000000000000e+00 1.253950475471065147e+02 -2.669731368236621165e+02 -2.459172684983178042e+06 -2.037309546380674375e+14 1.035279616273635333e-05 -6.795735288042908258e-06 1.149710695283860986e-06 -3.327348049425832384e-07 -1.661478225316836870e+03 -3.092982633863571862e-01 -4.298146371060019732e+07 -6.516879906158503211e+00 -2.782090224447467008e+00 -2.023822276562935674e+00
1.000000000000000000e+00 1.108361979925075076e+02 -3.098104743281817832e+02 -2.470941622753258795e+06 -2.056856236268135000e+14 9.194589770584867753e-06 -7.923890123233052983e-06 1.094049805495712017e-06 1.598086445379097702e-06 1.451622251424281558e+03 5.634683105050634078e-01 7.874886768703809381e+07 5.661448727885859178e+00 -1.255744923465378804e+00 -3.202965401225284836e+00
1.000000000000000000e+00 9.355568058077527382e+01 -3.449406992365309179e+02 -2.482710502377462108e+06 -2.076496150774827188e+14 7.798022721939329330e-06 -8.864421201507393413e-06 1.025376630472308422e-06 -6.251042436078292465e-07 -1.122157955407739337e+03 -7.724857285480534186e-01 -1.085731393248559833e+08 -4.351819214700350713e+00 6.655954896208947646e-01 -3.375331890144756208e+00
1.000000000000000000e+00 7.398049745231807606e+01 -3.715870361065186103e+02 -2.494479308815434109e+06 -2.096229263239309062e+14 6.195629024203498671e-06 -9.594455278533391024e-06 9.505323686690052988e-07 7.847539194951494470e-06 6.982746640858013052e+02 9.195647016825091447e-01 1.299743018488266319e+08 2.692773760749957113e+00 2.377952102846784932e+00 -2.486207266334532484e+00
1.000000000000000000e+00 5.260327459328620847e+01 -3.891031117076074679e+02 -2.506248028455963824e+06 -2.116055548936385938e+14 4.426139330291623291e-06 -1.009412353021723607e-05 8.768957740661735425e-07 -7.187063555976701212e-07 -2.130997796542267224e+02 -9.928644750536127495e-01 -1.411220111628185511e+08 -8.171974424425039185e-01 3.342487830598249055e+00 -8.146520282221916265e-01
1.000000000000000000e+00 2.997875994397240618e+01 -3.971604225641223138e+02 -2.518016650773433968e+06 -2.135974987944041562e+14 2.534314536255657655e-06 -1.035152713065720171e-05 8.121212674969058293e-07 1.351947058520171182e-05 -2.948690266096620007e+02 9.864453821082307394e-01 1.409918071733890176e+08 -1.124493906550405153e+00 3.255066433754674637e+00 1.113743860500690630e+00
1.000000000000000000e+00 6.640238098151324486e+00 -3.956509011073005695e+02 -2.529785168126467150e+06 -2.155987564922569062e+14 5.639694078189549762e-07 -1.036037950787303626e-05 7.626394181923188951e-07 -6.820977575391711096e-07 7.848040292793276649e+02 -9.007579067132303052e-01 -1.294587996933119893e+08 2.976367230880572201e+00 2.142396493259168366e+00 2.691843270104180341e+00
1.000000000000000000e+00 -1.685055792873013658e+01 -3.846065429560934490e+02 -2.541553573964848649e+06 -2.176093266158444062e+14 -1.437811014689102762e-06 -1.011802620674769285e-05 7.331026494908061415e-07 3.171505715547509096e-06 -1.216823104249086782e+03 7.426208070752189361e-01 1.073198419812208563e+08 -4.589478285256388901e+00 3.542555292367034481e-01 3.422044125272799775e+00
1.000000000000000000e+00 -3.990928566421384716e+01 -3.643717735503272479e+02 -2.553321865393145010e+06 -2.196292084017884375e+14 -3.421115772671576624e-06 -9.630085740840277722e-06 7.264254596118423568e-07 -4.894690955330339700e-07 1.555231486854793957e+03 -5.246894128736386831e-01 -7.624151773729094863e+07 5.833841043714915742e+00 -1.546092137904583552e+00 3.073350309774744549e+00
1.000000000000000000e+00 -6.201025015017183506e+01 -3.354850136678933836e+02 -2.565090041914521251e+06 -2.216584014920728438e+14 -5.340160996571192957e-06 -8.907495310989195552e-06 7.433220988502691974e-07 4.805908796993665732e-07 -1.771477400606432639e+03 2.644523083040366540e-01 3.863669417387440056e+07 -6.608939884070358595e+00 -2.959132453048128220e+00 1.754827114269034150e+00
1.000000000000000000e+00 -8.263281887017809879e+01 -2.985968411930755906e+02 -2.576858105324612930e+06 -2.236969059251265625e+14 -7.148770014254557885e-06 -7.964446088646663738e-06 7.820651471600929188e-07 2.404969208934527156e-08 1.846568966912515407e+03 1.716530239381601486e-02 2.521474664578751195e+06 6.851902363030450971e+00 -3.438304462600489497e+00 -1.180912710196238419e-01
1.000000000000000000e+00 -1.012684597748259137e+02 -2.546314107879342998e+02 -2.588626060745737050e+06 -2.257447223252921562e+14 -8.800995040288314664e-06 -6.822776710770848828e-06 8.389847073488847588e-07 -3.227336294149411261e-07 -1.772748293560722914e+03 -2.974800590923501464e-01 -4.393381190671990812e+07 -6.542667231697549823e+00 -2.831431736209508276e+00 -1.954194846781578176e+00
1.000000000000000000e+00 -1.174984332117687842e+02 -2.046521378943137108e+02 -2.600393915398427751e+06 -2.278018517007796875e+14 -1.025792381280987706e-05 -5.508524559171318882e-06 9.089410771876887641e-07 1.543146629557792740e-06 1.554273907643075745e+03 5.538793405921519364e-01 8.223970298917749524e+07 5.705713661784646895e+00 -1.329465849229047869e+00 -3.173074815050523689e+00
1.000000000000000000e+00 -1.309360832786020978e+02 -1.497810429360861804e+02 -2.612161677659595851e+06 -2.298682952862218438e+14 -1.148279606606646616e-05 -4.049829756094648847e-06 9.851584205135953053e-07 -6.218470493553921701e-07 -1.207229546253212220e+03 -7.656507622873774954e-01 -1.142904711325564682e+08 -4.408180160450405616e+00 5.932583236589438203e-01 -3.388794451977779509e+00
1.000000000000000000e+00 -1.412351577082711742e+02 -9.135173949852321584e+01 -2.623929359334723093e+06 -2.319440549489621875e+14 -1.244179984981282194e-05 -2.481126020762642841e-06 1.060027198996036416e-06 7.645870723319762272e-06 7.583649650214580333e+02 9.156616666923469428e-01 1.374089450806231499e+08 2.754527245414937209e+00 2.328666289266414502e+00 -2.532428999942863523e+00
1.000000000000000000e+00 -1.481630476621359662e+02 -3.076218973158342962e+01 -2.635696974324585870e+06 -2.340291329658779375e+14 -1.311063217453128990e-05 -8.392523914601744106e-07 1.126499838048949799e-06 -7.182849307806769555e-07 -2.430441498621196104e+02 -9.917558768329376440e-01 -1.496143626450615227e+08 -8.781434193207896532e-01 3.327349439657262042e+00 -8.744307194404089545e-01
1.000000000000000000e+00 -1.515386173550445505e+02 3.060467350558253585e+01 -2.647464537098117638e+06 -2.361235317592789062e+14 -1.346919760060538579e-05 8.386828554900652814e-07 1.178048009344497162e-06 1.369904060243692177e-05 -2.975435963162640860e+02 9.877482814647189358e-01 1.497929288634892404e+08 -1.069434921446817954e+00 3.272764785438165624e+00 1.060610242292315153e+00
1.000000000000000000e+00 -1.512417143932560464e+02 9.123531355699793721e+01 -2.659232064039487857e+06 -2.382272541405157500e+14 -1.350255897466843579e-05 2.511302741022363878e-06 1.209299711148696759e-06 -6.834164122315968293e-07 8.196830223992861875e+02 -9.039344269411024868e-01 -1.377991708711777925e+08 2.930792327378320739e+00 2.181840923276724187e+00 2.659972492817402223e+00
1.000000000000000000e+00 -1.472806081497415676e+02 1.496441464012984568e+02 -2.670999572781289462e+06 -2.403403031975703750e+14 -1.320710527977554286e-05 4.137265720721631758e-06 1.217291678613484433e-06 3.231141264206700649e-06 -1.280683214420592094e+03 7.470734900057449668e-01 1.144790190281858891e+08 -4.555414786472506528e+00 3.998959186799074805e-01 3.417011381518079371e+00
1.000000000000000000e+00 -1.397243184858564007e+02 2.044513990109509223e+02 -2.682767080120683648e+06 -2.424626819233359688e+14 -1.258471025519330436e-05 5.677444771244385884e-06 1.200835214855230798e-06 -4.927103515772776487e-07 1.642386344879949093e+03 -5.298423267469490883e-01 -8.161133689711177349e+07 5.811928541330151354e+00 -1.508703257658951191e+00 3.091876138803249852e+00
1.000000000000000000e+00 -1.287121216046334666e+02 2.542430865982113062e+02 -2.694534605455813464e+06 -2.445943938361810938e+14 -1.164371232444545995e-05 7.091086464241660818e-06 1.160717151626813720e-06 4.935014429438634856e-07 -1.874335955566940356e+03 2.698089488776553302e-01 4.177245103691879660e+07 -6.598764223565850351e+00 -2.939441125080159978e+00 1.787615590592637860e+00
1.000000000000000000e+00 -1.145131817174020057e+02 2.977380609224971408e+02 -2.706302167086647358e+06 -2.467354423157515625e+14 -1.040447136695419084e-05 8.340469603286009120e-06 1.100762486370781456e-06 1.672838889620995359e-08 1.956352545893121487e+03 1.199692918821655165e-02 1.866904432518296642e+06 6.852419019314483606e+00 -3.439341605332850271e+00 -8.254089616518078820e-02
1.000000000000000000e+00 -9.745168377783710412e+01 3.338603943592764836e+02 -2.718069781413838733e+06 -2.488858304519005625e+14 -8.892793384312486910e-06 9.393022600428586316e-06 1.026702921927477529e-06 -3.187213798124684550e-07 -1.880282295160283411e+03 -2.927945060055892057e-01 -4.579541863277968019e+07 -6.552586006760806825e+00 -2.850462086388326099e+00 -1.926330610759003026e+00
1.000000000000000000e+00 -7.791415356968691697e+01 3.615997206541077844e+02 -2.729837465343195479e+06 -2.510455614794072188e+14 -7.140710059298298161e-06 1.021750218357818637e-05 9.453474716253151011e-07 1.520914853621529596e-06 1.650774228964450458e+03 5.499003875888746062e-01 8.644484648808364570e+07 5.723759561651087679e+00 -1.359684982940309483e+00 -3.160243744590357728e+00
1.000000000000000000e+00 -5.639944374121501625e+01 3.801801224057652462e+02 -2.741605234052864369e+06 -2.532146383675343438e+14 -5.191202778976059010e-06 1.078882601941224203e-05 8.647076968810183695e-07 -6.203708836853974245e-07 -1.285013605391855208e+03 -7.625695766338812520e-01 -1.204812586003143489e+08 -4.433191463396703114e+00 5.608591450823502411e-01 -3.394307123347144461e+00
1.000000000000000000e+00 -3.343553767934112386e+01 3.891171281974710041e+02 -2.753373099808024243e+06 -2.553930635932899688e+14 -3.090733995619200224e-06 1.108983989199259733e-05 7.927290900187079003e-07 7.546434759830568171e-06 8.114224622411910559e+02 9.136732462847467762e-01 1.450791321776038408e+08 2.785362783572864931e+00 2.303638018991526426e+00 -2.555217359806535082e+00
1.000000000000000000e+00 -9.583129402938386221e+00 3.880686011128370296e+02 -2.765141073471802752e+06 -2.575808394113733125e+14 -8.896371257392373284e-07 1.110722735014227490e-05 7.363020822905657364e-07 -7.180264141631551089e-07 -2.674345434353381847e+02 -9.910764060841679157e-01 -1.581555325929147601e+08 -9.134589477655143952e-01 3.318079360205926420e+00 -9.089737553681009885e-01
1.000000000000000000e+00 1.452384183828594111e+01 3.769947181373698299e+02 -2.776909163622665685e+06 -2.597779676834812500e+14 1.354039821855266749e-06 1.083619476445616765e-05 7.011606699756195414e-07 1.381987519942109984e-05 -3.034825913903305832e+02 9.886078389228832863e-01 1.585454606382275820e+08 -1.031460983472784365e+00 3.284453676099178043e+00 1.023839845046247587e+00
1.000000000000000000e+00 3.826822567864907398e+01 3.561862726914163204e+02 -2.788677373529592529e+06 -2.619844493009129062e+14 3.582818861709927054e-06 1.028147239573770606e-05 6.910658978655268521e-07 -6.844959355436573433e-07 8.553198386147145129e+02 -9.065424316279407924e-01 -1.461032293272057474e+08 2.892715015497919318e+00 2.214329626115647542e+00 2.632988480002512954e+00
1.000000000000000000e+00 6.104825217711925944e+01 3.260954246908210621e+02 -2.800445705755232368e+06 -2.642002850320648750e+14 5.739692739287385041e-06 9.452609686713465715e-06 7.069807843276830933e-07 3.292808496607678754e-06 -1.343233562938340810e+03 7.515616417007169314e-01 1.217216166222089976e+08 -4.520611785253982440e+00 4.461759741899697929e-01 3.411277045205979963e+00
1.000000000000000000e+00 8.224254247239740323e+01 2.874770578434212212e+02 -2.812214158545710146e+06 -2.664254748355805312e+14 7.764851790799612448e-06 8.368188315834766905e-06 7.471500169464461026e-07 -4.966800672539022050e-07 1.727191132749706867e+03 -5.361981305961550648e-01 -8.726687805679453909e+07 5.784489526775318247e+00 -1.462083051139783318e+00 3.114192877912044910e+00
1.000000000000000000e+00 1.013017914042268188e+02 2.413801955619761657e+02 -2.823982726407400332e+06 -2.686600179529803438e+14 9.604337519560704405e-06 7.055755674878714728e-06 8.075452784538053380e-07 5.131062667935654493e-07 -1.975239842217680916e+03 2.778125031235458287e-01 4.543459720550478250e+07 -6.583149620619316522e+00 -2.909283807649114983e+00 1.836287533583505827e+00
1.000000000000000000e+00 1.177438619646404305e+02 1.889554325813388402e+02 -2.835751401358226314e+06 -2.709039131329116250e+14 1.120971792223381838e-05 5.546351646954138668e-06 8.819715814325166421e-07 3.886604677098438556e-09 2.066141846315525981e+03 2.810919281360237457e-03 4.619381492002833402e+05 6.852885280618537855e+00 -3.440277628133980414e+00 -1.934091466366496398e-02
1.000000000000000000e+00 1.311176857901127164e+02 1.315772767487245005e+02 -2.847520172556557227e+06 -2.731571585500844062e+14 1.253476906943893688e-05 3.878176460587913855e-06 9.626266311896450051e-07 -3.103656243984536692e-07 -1.991163500716668295e+03 -2.831369348911432215e-01 -4.675439574841343611e+07 -6.572487727882251107e+00 -2.888733086167225128e+00 -1.868450009146095159e+00
1.000000000000000000e+00 1.410897436184277183e+02 7.080408636321884330e+01 -2.859289025365890469e+06 -2.754197516137445312e+14 1.354383811332479003e-05 2.095541391351782947e-06 1.041559159742780857e-06 1.470652042947567340e-06 1.754869030853619279e+03 5.406859547478005679e-01 8.971219391100664437e+07 5.764837951593755783e+00 -1.428829733550671888e+00 -3.129589417558348963e+00
1.000000000000000000e+00 1.474287565288230439e+02 8.172023333966611958e+00 -2.871057944586182479e+06 -2.776916895777033125e+14 1.421059992040865663e-05 2.428574433225465805e-07 1.111060878355460347e-06 -6.166396231911676107e-07 -1.374855679208359106e+03 -7.548266173902450360e-01 -1.258415779503293335e+08 -4.494992239323156724e+00 4.800172945757723020e-01 -3.406679875928548373e+00
1.000000000000000000e+00 1.499630638866523213e+02 -5.468982148500143836e+01 -2.882826912634920795e+06 -2.799729691848028438e+14 1.451413389246880838e-05 -1.631942814995609810e-06 1.163882945376321551e-06 7.293835049810510505e-06 8.804428791026109593e+02 9.084200904593509041e-01 1.521683820629999042e+08 2.864918528113254759e+00 2.237778143864500802e+00 -2.613088863618620916e+00
1.000000000000000000e+00 1.486577630737719744e+02 -1.161135594169902561e+02 -2.894595910466251429e+06 -2.822635868367246250e+14 1.444653819482086804e-05 -3.478970495489613286e-06 1.194943830788207940e-06 -7.173044305848238136e-07 -3.104154634395771950e+02 -9.891811238167181886e-01 -1.664809438206665814e+08 -1.005317915247344374e+00 3.292255294019042378e+00 -9.984686071709685251e-01
1.000000000000000000e+00 1.435854842458500684e+02 -1.745941224899821975e+02 -2.906364919214895461e+06 -2.845635389101011250e+14 1.401034831285649796e-05 -5.252422165405252468e-06 1.201687100946547114e-06 1.411515605385559784e-05 -2.900043069979231518e+02 9.906523919675648271e-01 1.675141041920602620e+08 -9.348095586597169326e-01 3.312297753411959533e+00 9.298215546122374775e-01
1.000000000000000000e+00 1.348766673231983759e+02 -2.286649573096975416e+02 -2.918133919541076757e+06 -2.868728216284344375e+14 1.321387814712411939e-05 -6.906924301040327082e-06 1.183592928471866338e-06 -6.870405195993980673e-07 8.727279497502912591e+02 -9.127168397583340642e-01 -1.550593559806042314e+08 2.800049801272712191e+00 2.291619140119052656e+00 2.566002006526201917e+00
1.000000000000000000e+00 1.227882060461336806e+02 -2.769484888275290473e+02 -2.929902892025141511e+06 -2.891914311381164375e+14 1.207808643421966037e-05 -8.399087181409798519e-06 1.143029163258827348e-06 3.436809772189275595e-06 -1.390632158146657503e+03 7.616065787788369734e-01 1.299915010437443405e+08 -4.440959163593530157e+00 5.507598741701887901e-01 3.395960569859057365e+00
1.000000000000000000e+00 1.076619975950264774e+02 -3.183389150588571965e+02 -2.941671819795070216e+06 -2.915193640288838125e+14 1.063273294614250540e-05 -9.693125036062289290e-06 1.084678668471928941e-06 -5.048338229071632823e-07 1.801348030187277573e+03 -5.494099269686160136e-01 -9.420929459986698627e+07 5.725971242294449759e+00 -1.363394871609809433e+00 3.158645137599067176e+00
1.000000000000000000e+00 8.987184990165800968e+01 -3.518580436976299666e+02 -2.953440686188906431e+06 -2.938566168787601875e+14 8.911281995509891531e-06 -1.075661439133148112e-05 1.014276163566619730e-06 5.516673207091390361e-07 -2.070717300169652844e+03 2.931112607940789538e-01 5.049326263940341771e+07 -6.551921194213081279e+00 -2.849185235384743997e+00 1.928218925810090134e+00
1.000000000000000000e+00 6.988757090564601526e+01 -3.766941775949155158e+02 -2.965209476010177750e+06 -2.962031865057042500e+14 6.957345609757035729e-06 -1.156176532112354895e-05 9.389744063089599707e-07 -1.804346801997708855e-08 2.175623417796470221e+03 -1.324109791264094921e-02 -2.291497525931885932e+06 6.852311738290959298e+00 -3.439125710355702026e+00 9.109956055425780241e-02
1.000000000000000000e+00 4.822589392609453540e+01 -3.923616135800901361e+02 -2.976978177284314297e+06 -2.985590703257208125e+14 4.819968390225641441e-06 -1.209043776728136803e-05 8.666697124816053894e-07 -2.968155188041613020e-07 -2.105972243748810342e+03 -2.677579081733292843e-01 -4.655035906179156899e+07 -6.602686810958653396e+00 -2.947027698853768474e+00 -1.775081004891672309e+00
1.000000000000000000e+00 2.539867831492859196e+01 -3.985349489816442201e+02 -2.988746779780338053e+06 -3.009242660679459375e+14 2.548522611942837246e-06 -1.232921416189928436e-05 8.044646980402148352e-07 1.400657577058626904e-06 1.865651876253276441e+03 5.273245405858100199e-01 9.209477554068019986e+07 5.822672744064114170e+00 -1.527017743005495642e+00 -3.082872312383424962e+00
1.000000000000000000e+00 1.976095977083201172e+00 -3.950785467118060978e+02 -3.000515274942086544e+06 -3.032987717676558125e+14 1.990637258767836527e-07 -1.227041220939548053e-05 7.584166540148048355e-07 -6.116568923263090811e-07 -1.472376207865103879e+03 -7.445866601631647708e-01 -1.306289914166660011e+08 -4.574495997978566209e+00 3.743720843504207973e-01 -3.419902114761172118e+00
1.000000000000000000e+00 -2.146579919249342794e+01 -3.821857849664206128e+02 -3.012283658203007653e+06 -3.056825862427120625e+14 -2.170856821222643676e-06 -1.191654229037674506e-05 7.331581214828581677e-07 7.005306616642741246e-06 9.564150311375233287e+02 9.020385589123722792e-01 1.589673177492323220e+08 2.958097145136257211e+00 2.158282449106656120e+00 -2.679123336493005603e+00
1.000000000000000000e+00 -4.439254044762385831e+01 -3.601953846805768080e+02 -3.024051927113856189e+06 -3.080757087278973750e+14 -4.506999354377131458e-06 -1.127475857267400624e-05 7.310458628882383433e-07 -7.164556863930337886e-07 -3.582893125747026488e+02 -9.869574771164711935e-01 -1.747152429523787796e+08 -1.103189913088747476e+00 3.262020121571953979e+00 -1.093210756851973553e+00
1.000000000000000000e+00 -6.624723503969605076e+01 -3.296176353936575651e+02 -3.035820080456960015e+06 -3.104781387021388125e+14 -6.751993858591817114e-06 -1.035777164010858009e-05 7.521055443399429738e-07 1.438268452563833508e-05 -2.743949711683995929e+02 9.924391968386619967e-01 1.764725423439857364e+08 -8.411078716031079594e-01 3.336678760544018463e+00 8.381288275349133565e-01
1.000000000000000000e+00 -8.650390615700945318e+01 -2.912581605537075689e+02 -3.047588122271460015e+06 -3.128898767199174375e+14 -8.850753461123940066e-06 -9.187857221330560838e-06 7.944596665009689423e-07 -6.891928316930474844e-07 8.907199448366537808e+02 -9.179691923077142324e-01 -1.639583598940023482e+08 2.718219359935644786e+00 2.357779590711793549e+00 2.505346390103872611e+00
1.000000000000000000e+00 -1.047094897905171536e+02 -2.460204124864720256e+02 -3.059356057018571068e+06 -3.153109234355287500e+14 -1.075484907772018042e-05 -7.790781597334527260e-06 8.542604962345837369e-07 3.555872084066322335e-06 -1.440562092707808688e+03 7.694808202660019525e-01 1.380469791908795834e+08 -4.376749164016289662e+00 6.337142206910018061e-01 3.381462918538377771e+00
1.000000000000000000e+00 -1.204186900900225510e+02 -1.949334594589388985e+02 -3.071123891951700673e+06 -3.177412800951853125e+14 -1.241593664279270482e-05 -6.196744498312459183e-06 9.256208216598874892e-07 -5.106051644181117925e-07 1.878673776799547795e+03 -5.588913733083261670e-01 -1.007097840219569355e+08 5.682715294469978140e+00 -1.291090823715270508e+00 3.188882205106735146e+00
1.000000000000000000e+00 -1.332473155373421605e+02 -1.392631204138866110e+02 -3.082891637554064393e+06 -3.201809486389846875e+14 -1.379129284723312590e-05 -4.444001989841201600e-06 1.001632637424709083e-06 5.777852768281516867e-07 -2.168422278066328090e+03 3.031527238199610563e-01 5.486715738478580862e+07 -6.530428189708453957e+00 -2.807988268686691491e+00 1.987734178963020071e+00
1.000000000000000000e+00 -1.429085028217053264e+02 -8.030331002444948751e+01 -3.094659305222954601e+06 -3.226299312308651875e+14 -1.484769937931294027e-05 -2.572326867186325725e-06 1.075104611996230372e-06 -3.092027088400733331e-08 2.284872636972073906e+03 -2.288785680229683123e-02 -4.160585903639492113e+06 6.851117475623617281e+00 -3.436727691081549185e+00 1.574424047851448738e-01
1.000000000000000000e+00 -1.491462223759805852e+02 -1.940715552949810174e+01 -3.106426908252751920e+06 -3.250882304679740625e+14 -1.555470037378137423e-05 -6.240262929528980426e-07 1.138621022470961769e-06 -2.892084866595387045e-07 -2.216944754960762566e+03 -2.592734233058876514e-01 -4.733664513430009782e+07 -6.618570221694451305e+00 -2.977795272919211644e+00 -1.722968570874797489e+00
1.000000000000000000e+00 -1.517882249320612686e+02 4.191392324126366731e+01 -3.118194462621058803e+06 -3.275558495533488750e+14 -1.589020611780794659e-05 1.352824228518158639e-06 1.185868424080329181e-06 1.366290766547875429e-06 1.968462483446562828e+03 5.205263647891340550e-01 9.544740254031009972e+07 5.851329337937952069e+00 -1.576032016688377002e+00 -3.058105380163737230e+00
1.000000000000000000e+00 -1.507758306432297388e+02 1.022080978199846157e+02 -3.129961984657578170e+06 -3.300327918149526250e+14 -1.584378881608940339e-05 3.311343478942036924e-06 1.212444727953411991e-06 -6.092811353712149435e-07 -1.557989789821281420e+03 -7.397440368933592136e-01 -1.362312182551729083e+08 -4.611245275123634357e+00 3.249135035839126329e-01 -3.424954992284249489e+00
1.000000000000000000e+00 -1.460949786256429661e+02 1.600485159987924249e+02 -3.141729491286229342e+06 -3.325190607583199375e+14 -1.540963423767051152e-05 5.204755147692348371e-06 1.215220923893837247e-06 6.882708975114156564e-06 1.017453874624761170e+03 8.991942174986422565e-01 1.663084841715064943e+08 2.998490060594365847e+00 2.123030647304001928e+00 -2.707143587762313786e+00
1.000000000000000000e+00 -1.378279585454450569e+02 2.139458640204258586e+02 -3.153497001269940753e+06 -3.350146603333964375e+14 -1.459210675995600381e-05 6.983548932462849480e-06 1.193251558868842465e-06 -7.160825173458470617e-07 -3.896605988371251215e+02 -9.859813016561346233e-01 -1.831417377844579518e+08 -1.143448542333832307e+00 3.248768489253594627e+00 -1.131984490864727633e+00
1.000000000000000000e+00 -1.261751732139522630e+02 2.625720759620370472e+02 -3.165264532499786001e+06 -3.375195943636967500e+14 -1.340825230343494581e-05 8.602771986740363392e-06 1.148544718142205928e-06 1.448333466663704084e-05 -2.751127253407626085e+02 9.930959596406885304e-01 1.852506366570214927e+08 -8.038795269981422464e-01 3.345651401080040444e+00 8.015624348404267741e-01
1.000000000000000000e+00 -1.113816087740184173e+02 3.047203997610511124e+02 -3.177032102855178062e+06 -3.400338667269796875e+14 -1.188018879108499201e-05 1.002081387419582129e-05 1.085000326542471987e-06 -6.900148630757155152e-07 9.231624076989454579e+02 -9.199824734097558077e-01 -1.723415722235208154e+08 2.686064256001908124e+00 2.383240260093229423e+00 2.481139163234876488e+00
1.000000000000000000e+00 -9.378582033441978183e+01 3.392260977903385992e+02 -3.188799729947789107e+06 -3.425574813001833750e+14 -1.004043845843832600e-05 1.119686299394795291e-05 1.008418660652903461e-06 3.604320034820825313e-06 -1.501717883907798750e+03 7.725800572483784157e-01 1.453410261791614592e+08 -4.351033302798984259e+00 6.665983901494114683e-01 3.375134415262379228e+00
1.000000000000000000e+00 -7.383158201095032780e+01 3.651886962483958996e+02 -3.200567430009182077e+06 -3.450904417184900625e+14 -7.933364493834652696e-06 1.209829502002883470e-05 9.263980248150454520e-07 -5.129856327843948346e-07 1.963257608864442773e+03 -5.628340149852182339e-01 -1.063289668152922541e+08 5.664411749783436534e+00 -1.260660693778219210e+00 3.201034270383938729e+00
1.000000000000000000e+00 -5.198781892154735118e+01 3.819201289256511131e+02 -3.212335216572051402e+06 -3.476327510844275625e+14 -5.606743766973731057e-06 1.269910956318772554e-05 8.467473053214976547e-07 5.898783987991298965e-07 -2.269421685659224295e+03 3.077176195817934445e-01 5.837709968598560244e+07 -6.520393918024137037e+00 -2.788801192321594957e+00 2.014565398513373129e+00
1.000000000000000000e+00 -2.879355308348288744e+01 3.888647085144212951e+02 -3.224103103331339546e+06 -3.501844125786895000e+14 -3.116681575264140795e-06 1.297738876659975497e-05 7.770077300483971516e-07 -3.745839710012433799e-08 2.394194351653379726e+03 -2.785040892547627558e-02 -5.305582210235932842e+06 6.850254603050070834e+00 -3.434995279834063275e+00 1.915549865487847225e-01
1.000000000000000000e+00 -4.858581801116116594e+00 3.858085452240620725e+02 -3.235871099933465011e+06 -3.527454285427376875e+14 -5.278238192350136924e-07 1.292239222694378751e-05 7.242838435081006960e-07 -2.845961220091690873e-07 -2.326101358560594690e+03 -2.541802209026060022e-01 -4.862359219965926558e+07 -6.627841754906125260e+00 -2.995789128593814965e+00 -1.691488525685553190e+00
1.000000000000000000e+00 1.922268317102945545e+01 3.728044723193499408e+02 -3.247639213244329207e+06 -3.553158007402121875e+14 2.095897487383185434e-06 1.253224144300004123e-05 6.939730614568159322e-07 1.342122847123865024e-06 2.069225981698185933e+03 5.156476303863145594e-01 9.905004704160189629e+07 5.871580864496708685e+00 -1.610815310514355891e+00 -3.039927634190094707e+00
1.000000000000000000e+00 4.282944548492942971e+01 3.500790349531666834e+02 -3.259407447946843691e+06 -3.578955304771299375e+14 4.686723772204122870e-06 1.181094425448890200e-05 6.890215399363003559e-07 -6.071981087573187148e-07 -1.642967593129697207e+03 -7.355190087368755902e-01 -1.418680344812163413e+08 -4.642876481389167864e+00 2.820261372362493635e-01 -3.428753023154254009e+00
1.000000000000000000e+00 6.532237209937650846e+01 3.182184053448416989e+02 -3.271175804347672965e+06 -3.604846181098355625e+14 7.173879622000199925e-06 1.077479567597771513e-05 7.099637296633910296e-07 6.755181665390439851e-06 1.080553461771748971e+03 8.961459955276207534e-01 1.735605786113225520e+08 3.041044123890033202e+00 2.085375603187654470e+00 -2.736255594727559526e+00
1.000000000000000000e+00 8.613117796727391351e+01 2.780603298528209280e+02 -3.282944280279238243e+06 -3.630830634483624375e+14 9.493189518673099284e-06 9.448925141912266240e-06 7.547706801055341707e-07 -7.155818089459573428e-07 -4.264294459534897896e+02 -9.846729311383362049e-01 -1.914867502887463570e+08 -1.195223820385918900e+00 3.231027831792284921e+00 -1.181670549013814187e+00
1.000000000000000000e+00 1.047116454492326341e+02 2.305806890287909994e+02 -3.294712870596967172e+06 -3.656908656350201250e+14 1.158246000184890036e-05 7.863581061815449834e-06 8.186771636231810403e-07 1.463279361285827055e-05 -2.672666157094257073e+02 9.940561023088002601e-01 1.940996851504617333e+08 -7.460699750745768410e-01 3.358779439465299888e+00 7.446387469259396763e-01
1.000000000000000000e+00 1.205558774572651117e+02 1.770539780901326594e+02 -3.306481565912373364e+06 -3.683080228503466875e+14 1.338266931313126021e-05 6.059707449830562392e-06 8.950137821223693939e-07 -6.914928338745637545e-07 9.448669772261941944e+02 -9.236123894864817219e-01 -1.810771892656474113e+08 2.626911607541172256e+00 2.429286374100947388e+00 2.436073469577938688e+00
1.000000000000000000e+00 1.332737900896810572e+02 1.189129415892113855e+02 -3.318250354050405324e+06 -3.709345326221060625e+14 1.484711766577610975e-05 4.084304707436790578e-06 9.763178311438328287e-07 3.708622490151246208e-06 -1.551630602418815670e+03 7.790571321040027364e-01 1.533544107108252048e+08 -4.296453899114252906e+00 7.357495679712232617e-01 3.360737844578230327e+00
1.000000000000000000e+00 1.425427706808991957e+02 5.762005925435961018e+01 -3.330019221555729862e+06 -3.735703921521965625e+14 1.593603184675607525e-05 1.986096307183571707e-06 1.054414971638820400e-06 -5.184963241959387288e-07 2.038145139046504710e+03 -5.720335225567505510e-01 -1.130561983102077693e+08 5.620966455504527559e+00 -1.188825053761946471e+00 3.228402287273778537e+00
1.000000000000000000e+00 1.481138368133124175e+02 -5.186527586057017913e+00 -3.341788151957399677e+06 -3.762155979208505000e+14 1.661738950450443900e-05 -1.794053831342028650e-07 1.121264832947223261e-06 6.208440930708116537e-07 -2.364329033471144157e+03 3.191706015876603075e-01 6.333368118258833140e+07 -6.494486963009593161e+00 -2.739399877704167263e+00 2.081243545848925791e+00
1.000000000000000000e+00 1.498812645179295373e+02 -6.785205801597894038e+01 -3.353557127294359729e+06 -3.788701460193666875e+14 1.687490396088369419e-05 -2.355312823639514701e-06 1.170486941061198357e-06 -5.418544887744239192e-08 2.502703712041909512e+03 -4.074905867164303752e-02 -8.118231911723420955e+06 6.847221047001774252e+00 -3.428907069155756826e+00 2.801477259840659539e-01
1.000000000000000000e+00 1.478209649156810030e+02 -1.288318329170930951e+02 -3.365326129078522325e+06 -3.815340323625738750e+14 1.670134482487688540e-05 -4.487766022195709748e-06 1.197364668659154808e-06 -2.724223830949760198e-07 -2.440681998770084647e+03 -2.409193163519939840e-01 -4.818819312470123172e+07 -6.651061464664435263e+00 -3.040963979966778030e+00 -1.608858154096264537e+00
1.000000000000000000e+00 1.419899563509337383e+02 -1.865427169805807637e+02 -3.377095137647232041e+06 -3.842072525394023750e+14 1.609863944116308237e-05 -6.520808653309168131e-06 1.199314199089255087e-06 1.282599068580065756e-06 2.181684323067887362e+03 5.032719075531374431e-01 1.010624986741948128e+08 5.921794764274191714e+00 -1.697579605975026107e+00 -2.992341895407707675e+00
1.000000000000000000e+00 1.325837540193947461e+02 -2.395229610891897210e+02 -3.388864133534985129e+06 -3.868898021214318750e+14 1.508456259500565512e-05 -8.401970887891990216e-06 1.176942146344364532e-06 -6.021161345732685101e-07 -1.744986589086662661e+03 -7.252922903225778040e-01 -1.462217416472312510e+08 -4.717826717591098173e+00 1.792337900631843228e-01 -3.435660320274857682e+00
1.000000000000000000e+00 1.198641558137628067e+02 -2.865396655923078129e+02 -3.400633098806739319e+06 -3.895816769691646875e+14 1.368476553999989642e-05 -1.008612602364926255e-05 1.133066636314906197e-06 6.477990572366480409e-06 1.164305475269202589e+03 8.891848564743155547e-01 1.799682007613672316e+08 3.135537549774489285e+00 1.999863189247451434e+00 -2.799363117261044476e+00
1.000000000000000000e+00 1.041543191566849913e+02 -3.264256994118910029e+02 -3.412402015649351291e+06 -3.922828729142435625e+14 1.193234293905962699e-05 -1.152986961539419974e-05 1.072077624977088092e-06 -7.144788149809080019e-07 -4.852154558270773350e+02 -9.817965558529234693e-01 -1.994910305667638183e+08 -1.301611988346405235e+00 3.192108774251594117e+00 -1.283093239601527991e+00
1.000000000000000000e+00 8.588801882929243448e+01 -3.582291653839521359e+02 -3.424170867535131983e+06 -3.949933860283776875e+14 9.873616742968737778e-06 -1.269685711487931719e-05 1.000462292749912152e-06 1.489040455213431674e-05 -2.384022260283825574e+02 9.956699569372328140e-01 2.030994754485659301e+08 -6.370385158193118125e-01 3.380874217110408697e+00 6.368486997864257759e-01
1.000000000000000000e+00 6.553066013432550108e+01 -3.812932354993704394e+02 -3.435939640710805543e+06 -3.977132129731362500e+14 7.559243259623299241e-06 -1.356077435315889096e-05 9.257151283846891342e-07 -6.939379911713685264e-07 9.486074095726420410e+02 -9.296465047454003372e-01 -1.903689850725808442e+08 2.524974184574985347e+00 2.506231375367808489e+00 2.356839214210347588e+00
1.000000000000000000e+00 4.357442957983229803e+01 -3.950765817588163600e+02 -3.447708323199342005e+06 -4.004423507790805625e+14 5.043714326533377673e-06 -1.409910899324013315e-05 8.552049621000613603e-07 3.876752995552273682e-06 -1.588022950066279918e+03 7.889700877287613157e-01 1.621874785206762254e+08 -4.210646419915133443e+00 8.427011534341710686e-01 3.335527185422730856e+00
1.000000000000000000e+00 2.058418294244034286e+01 -3.992911614802775944e+02 -3.459476904214761686e+06 -4.031807967164045000e+14 2.390739852296447527e-06 -1.429815482796857232e-05 7.960948149279501333e-07 -5.260901621946430096e-07 2.104459561730847327e+03 -5.848790084608752604e-01 -1.206965267346688360e+08 5.558538657185665421e+00 -1.086570809563352835e+00 3.264238159919321092e+00
1.000000000000000000e+00 -2.884370665872471484e+00 -3.939554485763003981e+02 -3.471245377902652603e+06 -4.059285491744921250e+14 -3.361434375728686761e-07 -1.415507871642427254e-05 7.543752048818224722e-07 6.615230336752496373e-07 -2.455168895324938148e+03 3.337203414342866381e-01 6.913165343970535696e+07 -6.460050185011186663e+00 -2.674037800230739226e+00 2.164580509470737102e+00
1.000000000000000000e+00 -2.628576628529268433e+01 -3.792028716103550892e+02 -3.483013738504952751e+06 -4.086856065467724375e+14 -3.073718436771437654e-06 -1.367120098283714896e-05 7.339113381267695135e-07 -7.303968101700605762e-08 2.610395966101505110e+03 -5.564737196885838344e-02 -1.157172413972657174e+07 6.842294457745180303e+00 -3.419025522106303505e+00 3.822976175749628336e-01
1.000000000000000000e+00 -4.903960569321611018e+01 -3.554121050743036676e+02 -3.494781983695616014e+06 -4.114519680165389375e+14 -5.753807264049538680e-06 -1.285677864255771668e-05 7.365926938994399692e-07 -2.593713794794406050e-07 -2.555911748060102582e+03 -2.269889370971894804e-01 -4.738173087601994723e+07 -6.674033882419982078e+00 -3.085813183419170436e+00 -1.521066742923548931e+00
1.000000000000000000e+00 -7.061269971046907301e+01 -3.232389028525076924e+02 -3.506550114886855707e+06 -4.142276336429087500e+14 -8.312872483594899070e-06 -1.173231020017206123e-05 7.623693858369676639e-07 1.227934359202899696e-06 2.294326405984576013e+03 4.914328960776459532e-01 1.029714883353373557e+08 5.968307918911713195e+00 -1.778608567188127099e+00 -2.944900448960874328e+00
1.000000000000000000e+00 -9.051453827554688303e+01 -2.834175026577904077e+02 -3.518318134837103542e+06 -4.170126038086055000e+14 -1.069157531703173619e-05 -1.032147195295060908e-05 8.088286483090211670e-07 -5.976300763659216707e-07 -1.845049324452834753e+03 -7.163591608125072785e-01 -1.506689929238440990e+08 -4.781494909759667067e+00 9.062143344860440486e-02 -3.439138685127070882e+00
1.000000000000000000e+00 -1.082523982512479819e+02 -2.368878327239551709e+02 -3.530086048754655290e+06 -4.198068794877914375e+14 -1.282953957881710298e-05 -8.655813877869811818e-06 8.714141061623324459e-07 6.268564271702326784e-06 1.242883475335073626e+03 8.835965981199473962e-01 1.865439702393795550e+08 3.208869215104247274e+00 1.931698135252967186e+00 -2.846827972352820257e+00
1.000000000000000000e+00 -1.234125975046949577e+02 -1.848106173029068771e+02 -3.541853865414778702e+06 -4.226104625223648125e+14 -1.467500926573102600e-05 -6.775438680867012850e-06 9.442987313836198001e-07 -7.136360638232857322e-07 -5.353542556723738244e+02 -9.796041906131528476e-01 -2.075896945535283387e+08 -1.377003002263152753e+00 3.162521254787387548e+00 -1.354380505286560954e+00
1.000000000000000000e+00 -1.356496170802264203e+02 -1.283641985948517004e+02 -3.553621594163991045e+06 -4.254233549188315000e+14 -1.618370691790457205e-05 -4.721662675513450473e-06 1.020494954855222405e-06 1.503905539616996067e-05 -2.210366740893773283e+02 9.965783519305084770e-01 2.119768761559607685e+08 -5.664167421964625415e-01 3.393326568115042630e+00 5.667645828547274167e-01
1.000000000000000000e+00 -1.446419728046421653e+02 -6.887086145930612702e+01 -3.565389247413684614e+06 -4.282455594495966250e+14 -1.731368610217821628e-05 -2.541688527912155958e-06 1.092260954886414190e-06 -6.953292770290954141e-07 9.653216514631193377e+02 -9.330960108689899668e-01 -1.992137037759416103e+08 2.464495068135572620e+00 2.550443433088815048e+00 2.308923046582401550e+00
1.000000000000000000e+00 -1.501716972388433646e+02 -7.797680103454244893e+00 -3.577156839728552848e+06 -4.310770794454106875e+14 -1.803492430124653049e-05 -2.887242484780082850e-07 1.152723353102929645e-06 3.970664328730381407e-06 -1.636995905709627550e+03 7.942424823450393578e-01 1.701985400807957351e+08 -4.163836414061802493e+00 9.001362947184763375e-01 3.320488223368179170e+00
1.000000000000000000e+00 -1.521065487949580302e+02 5.345073941662509753e+01 -3.588924386429355014e+06 -4.339179184660394375e+14 -1.832738375107339804e-05 1.985628002641351991e-06 1.196149653863703918e-06 -5.297894316126139141e-07 2.180959219863203089e+03 -5.912084694730258549e-01 -1.271590438382928967e+08 5.527003274264694177e+00 -1.035351166331591966e+00 3.280843702943336826e+00
1.000000000000000000e+00 -1.503565025998044575e+02 1.134061857301097973e+02 -3.600691903651791159e+06 -4.367680803175447500e+14 -1.817592114180978578e-05 4.226711144361888363e-06 1.217765770437907921e-06 6.806892615630240791e-07 -2.552057732078079880e+03 3.403885309144097371e-01 7.348175302476082742e+07 -6.443690730754512153e+00 -2.643108684074981785e+00 2.202240671476504374e+00
1.000000000000000000e+00 -1.449501335797508830e+02 1.705490421858712580e+02 -3.612459409760633018e+06 -4.396275693997069375e+14 -1.757963478331742461e-05 6.377230635153513675e-06 1.215099261475548636e-06 -8.099989914258453838e-08 2.718850656120492204e+03 -6.205521924466653877e-02 -1.344544028157934919e+07 6.839705813973464110e+00 -3.413836065127350050e+00 4.261582588010761063e-01
1.000000000000000000e+00 -1.360087972821405629e+02 2.235183297678800329e+02 -3.624226922423499171e+06 -4.424963900003123125e+14 -1.654895727925346360e-05 8.385102749064582135e-06 1.188125541503081359e-06 -2.539505267840690408e-07 -2.666287541983504525e+03 -2.212877402311554664e-01 -4.812163523381549120e+07 -6.683019739481018462e+00 -3.103398264308013577e+00 -1.484859186714106549e+00
