1.000000000000000000e+00 -3.775370137770863721e+02 1.275581603887354447e+02 -3.108605731903449050e+05 -1.342915711546530859e+13 -5.839961351346054544e-06 1.693137599487881083e-06 1.019452219735092821e-06 -2.373668899177315947e-06 1.550493639574686142e+02 3.095014002755223537e+00 -5.961073177201272610e-01 -1.233131616478297665e-01 -3.743617608817586095e+00 -3.702122601189387590e+07
1.000000000000000000e+00 -3.425854284386281847e+02 1.313685752561822540e+02 -3.137131457939186948e+05 -1.367674984108171289e+13 -5.347938416727209642e-06 1.759715951860343236e-06 8.582009347642812116e-07 3.130472480250356900e-05 -1.088332828385691009e+01 -2.145088467101519403e-01 9.984555801119615603e-01 8.576444865763652517e-03 -2.058174497721616258e-01 6.280066505631464720e+07
1.000000000000000000e+00 -2.991840076500299688e+02 1.319424478490388140e+02 -3.165657427372600068e+05 -1.392660633471047852e+13 -4.712887623067892137e-06 1.783474138511298254e-06 6.750918762853283103e-07 -2.591323422158671418e-06 -1.449450312983716458e+02 -2.821282823227589720e+00 -6.812080089327803289e-01 1.124879213156397550e-01 4.823378167054690913e+00 -4.338658081945636868e+07
1.000000000000000000e+00 -2.483241497716029471e+02 1.292401117023846098e+02 -3.194183693220222485e+05 -1.417872712491688086e+13 -3.946968301734325648e-06 1.762688521080019889e-06 4.879036499206522037e-07 -6.802009960645604039e-07 1.988914131869581183e+02 3.823722693441850229e+00 -1.269344349191447452e-01 -1.523484319524017749e-01 -5.448948258439865189e-01 -8.185176938702710904e+06
1.000000000000000000e+00 -1.911875891494025836e+02 1.232870156408783799e+02 -3.222710307211656473e+05 -1.443311274555335742e+13 -3.065954871600906603e-06 1.696512138672414738e-06 3.149597803068758069e-07 1.585760950459201777e-05 -1.089596348363254918e+02 -2.069324753499199865e+00 8.436208311877093635e-01 8.251147234558614540e-02 -3.620302894009448824e+00 5.506850092341675609e+07
1.000000000000000000e+00 -1.292413473904529724e+02 1.142265269994179988e+02 -3.251237309774212772e+05 -1.468976364474685742e+13 -2.090908077185877714e-06 1.585747392553975096e-06 1.735942948443142034e-07 -3.172619756202473066e-06 -6.273843945621237594e+01 -1.177208502470904472e+00 -9.522036004124817543e-01 4.694870727333637361e-02 2.870105442622207015e+00 -6.291136583514735103e+07
1.000000000000000000e+00 -6.400459032178835628e+01 1.022673370281566605e+02 -3.279764730483745225e+05 -1.494868018452831641e+13 -1.044572544284573695e-06 1.432181310621230684e-06 7.784489781232604041e-08 3.180561343053095567e-06 1.927926930239825651e+02 3.574615931002778968e+00 3.743178728426183044e-01 -1.424235414122679844e-01 3.580977312907055676e+00 2.502768731430359185e+07
1.000000000000000000e+00 2.905373242659420985e+00 8.768155092799419492e+01 -3.308292593359863968e+05 -1.520986268522057227e+13 4.782892704104920605e-08 1.238598355686030568e-06 3.740628179714793889e-08 4.549945963263073421e-06 -1.852254505291825524e+02 -3.394060759855554998e+00 4.736033846284567472e-01 1.353242143029730893e-01 -3.165839493611913635e+00 3.204164596507900208e+07
1.000000000000000000e+00 6.970223238730029891e+01 7.084873109916418343e+01 -3.336820909333211603e+05 -1.547331135337523828e+13 1.157349102250815716e-06 1.009446573248132253e-06 5.644794142674937472e-08 -3.224412752557829306e-06 4.229634776313634603e+01 7.660577886327812891e-01 -9.800447767825632983e-01 -3.050474075547092434e-02 -1.417236532917770298e+00 -6.708203472714134306e+07
1.000000000000000000e+00 1.346823667083187104e+02 5.219407670621720285e+01 -3.365349671883765259e+05 -1.573902623578631836e+13 2.255411176774897426e-06 7.500147052841147540e-07 1.329040953017187315e-07 1.258071392739584381e-05 1.348327198405985712e+02 2.414081209877227074e+00 7.796047631292807312e-01 -9.618090570066827050e-02 4.689315289307408818e+00 5.398049668932608515e+07
1.000000000000000000e+00 1.961823803110112294e+02 3.218117711619448329e+01 -3.393878868137791287e+05 -1.600700731724782031e+13 3.313150243134592608e-06 4.663549885439110688e-07 2.589057366673797714e-07 -9.708409210486367203e-08 -2.176666344846559582e+02 -3.853037551102919345e+00 -1.665058370908668872e-02 1.536231739911187999e-01 7.137692133782875814e-01 -1.166103386570618255e+06
1.000000000000000000e+00 2.525211284283602424e+02 1.134709080744532272e+01 -3.422408472101352527e+05 -1.627725445367061914e+13 4.300454497948084142e-06 1.658191696760788170e-07 4.212806025497064208e-07 -2.773228131698616319e-06 1.435597656794872421e+02 2.512780341116987781e+00 -7.583203641739378886e-01 -1.001130222257854835e-01 -3.943852427935127469e+00 -5.370935128933160007e+07
1.000000000000000000e+00 3.022542338994709326e+02 -9.766673967438691761e+00 -3.450938443818886299e+05 -1.654976735880997266e+13 5.190323161453005651e-06 -1.439137421929952043e-07 6.032179401319334973e-07 2.935904555415566042e-05 3.700790972827700642e+01 6.405914277940920609e-01 9.860975757989084434e-01 -2.550467460008769630e-02 1.731770266058074714e+00 7.062399771436899900e+07
1.000000000000000000e+00 3.441169045901089021e+02 -3.062340872673987491e+01 -3.479468738730410114e+05 -1.682454568922094336e+13 5.958044461425677032e-06 -4.549721709521467587e-07 7.858763301323695129e-07 -2.107784689651310110e-06 -1.946487361227729878e+02 -3.332392309011355191e+00 -5.022288955126378296e-01 1.328648280743881249e-01 4.316558913142753973e+00 -3.636772493861361593e+07
1.000000000000000000e+00 3.769619108506298062e+02 -5.066160480086070805e+01 -3.507999298866495956e+05 -1.710158895658295898e+13 6.580240416188935973e-06 -7.588515124624369241e-07 9.499791706002676268e-07 -1.589240083021509547e-06 2.137391618978548138e+02 3.619583872705340433e+00 -3.440144326957662035e-01 -1.442146639937749997e-01 -2.307827325983428324e+00 -2.518379026545187458e+07
1.000000000000000000e+00 3.999964575730147658e+02 -6.936534429632214938e+01 -3.536530057056080550e+05 -1.738089656374276562e+13 7.039118750720211484e-06 -1.047461967790332270e-06 1.078862568766484890e-06 2.374455022626418039e-05 -7.723270561021163871e+01 -1.293888125637587150e+00 9.419651303086793437e-01 5.160022713206738332e-02 -2.467597541464489286e+00 6.970409956526719034e+07
1.000000000000000000e+00 4.126922491941494968e+02 -8.626925977500246745e+01 -3.565060947784663877e+05 -1.766246790865580078e+13 7.321129087851597014e-06 -1.313231809879200570e-06 1.159725572829516624e-06 -2.991854327727157158e-06 -1.186211565136084687e+02 -1.966203302374418538e+00 -8.600602799986200031e-01 7.839986384731634228e-02 4.218595486356545798e+00 -6.432526690491528809e+07
1.000000000000000000e+00 4.147071737432953569e+02 -1.009287390321394042e+02 -3.593591900052168057e+05 -1.794630231370732031e+13 7.415750280516819123e-06 -1.548680986488843623e-06 1.184165892573653668e-06 1.067497014658063620e-06 2.321001984961241078e+02 3.806811583223245865e+00 1.574628502047557554e-01 -1.516748823504104615e-01 1.928186044037995650e+00 1.190176061876549013e+07
1.000000000000000000e+00 4.060926773672443915e+02 -1.129854758514742628e+02 -3.622122839545140741e+05 -1.823239904540538672e+13 7.319360303911591533e-06 -1.747447582248898313e-06 1.150098541836882220e-06 8.380736657928273954e-06 -1.786113745623152340e+02 -2.899094636887600718e+00 6.588444581839754122e-01 1.155909081579600400e-01 -3.916327485271140940e+00 5.032092207237147540e+07
1.000000000000000000e+00 3.871654833520130978e+02 -1.221629713441503782e+02 -3.650653696240630816e+05 -1.852075739022009766e+13 7.033185347387389835e-06 -1.904270274808911468e-06 1.061452058084590924e-06 -3.259931575029069950e-06 -6.289328249316462838e+00 -1.010349849389362425e-01 -9.996507415208685243e-01 4.053601716049203864e-03 5.159215112661154068e-01 -7.714357234264883399e+07
1.000000000000000000e+00 3.584130884501298056e+02 -1.282323359530760456e+02 -3.679184401330695837e+05 -1.881137662483538281e+13 6.561757997091180981e-06 -2.014500930771250741e-06 9.273160219169308342e-07 7.364275933181376642e-06 1.904003414548430442e+02 3.027578166047094843e+00 6.189760187238930733e-01 -1.206269538278979675e-01 4.734953346812201147e+00 4.825753724798332900e+07
1.000000000000000000e+00 3.206748016693279055e+02 -1.310701535953087102e+02 -3.707714889214872965e+05 -1.910425603716359375e+13 5.916378619616384456e-06 -2.075049698442357562e-06 7.618327752544397450e-07 1.483646150613144689e-06 -2.394305301958692667e+02 -3.768879527488282477e+00 2.085174976878698128e-01 1.502679398461355953e-01 -1.238978555314342200e+00 1.642210215374986641e+07
1.000000000000000000e+00 2.749836002337572154e+02 -1.306434918161192513e+02 -3.736245107560670003e+05 -1.939939503209012500e+13 5.112424956684927637e-06 -2.084210129998256378e-06 5.818138973989778180e-07 -3.043634084782940018e-06 1.149170021520669707e+02 1.790878709318462159e+00 -8.855089101277083818e-01 -7.134596151559451094e-02 -3.273367575983000322e+00 -7.044173156378240883e+07
1.000000000000000000e+00 2.224650985636239113e+02 -1.269706046842112528e+02 -3.764775006387814647e+05 -1.969679302251479688e+13 4.167596898844547852e-06 -2.041082588293271792e-06 4.048848907778175046e-07 2.188584759638810713e-05 9.585051393435726652e+01 1.479001764318354839e+00 9.234592153119798308e-01 -5.891802480600975139e-02 3.441345239796838484e+00 7.419291699128253758e+07
1.000000000000000000e+00 1.645044635125330785e+02 -1.201721668085262849e+02 -3.793304541560096550e+05 -1.999644946709947656e+13 3.105132882851179793e-06 -1.946435273575633489e-06 2.487083300384142001e-07 -1.406365038024829301e-06 -2.409807382496088621e+02 -3.682063708689540693e+00 -2.950347510204190948e-01 1.468061570216147582e-01 3.022651694606244277e+00 -2.393774177566084638e+07
1.000000000000000000e+00 1.025722704769495977e+02 -1.104481877193371275e+02 -3.821833683910700493e+05 -2.029836396951771094e+13 1.950682311460487887e-06 -1.802389884577477878e-06 1.286577841823946985e-07 -2.235867435918047960e-06 2.134044424713272861e+02 3.229153475230650994e+00 -5.461344487941275361e-01 -1.286580309262771171e-01 -3.541691223733216987e+00 -4.474384623884493858e+07
1.000000000000000000e+00 3.812770895136274873e+01 -9.803549267668275036e+01 -3.850362411661854712e+05 -2.060253620326798047e+13 7.305115922134544725e-07 -1.611770891266585557e-06 5.627134172562465198e-08 3.045906007858298537e-05 -2.980444138630674189e+01 -4.466663368194529471e-01 9.932673398282487742e-01 1.782983291349828081e-02 -7.266505740152346959e-01 8.216424934799936414e+07
1.000000000000000000e+00 -2.721720222796601618e+01 -8.325507430265408004e+01 -3.878890712388459942e+05 -2.090896593577317188e+13 -5.253343717591309717e-07 -1.378912217862628729e-06 3.855281766496924283e-08 -2.693758143729011442e-06 -1.790879261959820496e+02 -2.658431760038534097e+00 -7.239735775555958819e-01 1.059955912923807031e-01 4.812681165742080047e+00 -6.046199596062747389e+07
1.000000000000000000e+00 -9.187726087274779729e+01 -6.648399648297218789e+01 -3.907418586859795032e+05 -2.121765307381030469e+13 -1.786416701397962206e-06 -1.109239737230226464e-06 7.715045558551289668e-08 -3.772238220928806894e-07 2.615609382135903047e+02 3.846168260371577663e+00 -6.730164151037526521e-02 -1.532427825689272050e-01 -2.470703492872401708e-02 -5.673998763172153383e+06
1.000000000000000000e+00 -1.543799069869021707e+02 -4.811214239332250742e+01 -3.935946041498123086e+05 -2.152859758624260547e+13 -3.023602558094723176e-06 -8.085785114995852767e-07 1.684924284410392974e-07 1.400937571350967535e-05 -1.551299312148142064e+02 -2.259881423526859390e+00 8.100281645598832458e-01 9.010795717278077821e-02 -3.798138328133040975e+00 6.893329531496174634e+07
1.000000000000000000e+00 -2.131978517121976040e+02 -2.858793344733545894e+01 -3.964473091142120538e+05 -2.184179953671012109e+13 -4.205843338426410691e-06 -4.839345176897986383e-07 3.038939452408906847e-07 -3.203489098483647724e-06 -6.622469971023303970e+01 -9.558339856547310998e-01 -9.687532074644272795e-01 3.812461678210273680e-02 2.416088483061368475e+00 -8.320887606623853743e+07
1.000000000000000000e+00 -2.669296773509165632e+02 -8.387107184067112087e+00 -3.992999765784006449e+05 -2.215725916173517188e+13 -5.303724288624957583e-06 -1.429979598034429952e-07 4.704457099575545797e-07 3.896222541449989208e-06 2.434625999794353959e+02 3.481803077821130632e+00 4.291626844274728514e-01 -1.387255259224813297e-01 3.924949542235335986e+00 3.720223029716122150e+07
1.000000000000000000e+00 -3.143716481492669459e+02 1.202932569132550533e+01 -4.021526101053887396e+05 -2.247497677036978516e+13 -6.290990898825477873e-06 2.065620517076795567e-07 6.526717553403005099e-07 3.766033398076684697e-06 -2.467998309369450567e+02 -3.497539806330423939e+00 4.198470499532762079e-01 1.394498105788388731e-01 -2.834858572984601199e+00 3.672757639882466197e+07
1.000000000000000000e+00 -3.543458644060270899e+02 3.216994551805110802e+01 -4.050052137040719390e+05 -2.279495273315840625e+13 -7.141225969055217222e-06 5.563259302487853414e-07 8.333281085269399680e-07 -3.199012966140146699e-06 7.069214346204901744e+01 9.928200404304692306e-01 -9.662517141477094951e-01 -3.954200229078749795e-02 -1.885635128201889055e+00 -8.529230780177420378e+07
1.000000000000000000e+00 -3.858810009010380782e+02 5.154670864861545709e+01 -4.078577925058420515e+05 -2.311718756060515625e+13 -7.831536093744862837e-06 8.976934734860904358e-07 9.952945313883271109e-07 1.433766900135981669e-05 1.599818091923068266e+02 2.226827813164508285e+00 8.162511393975576679e-01 -8.871912490952629793e-02 4.525731813930920389e+00 7.269871597010162473e+07
1.000000000000000000e+00 -4.082679849214188721e+02 6.971455812775012362e+01 -4.107103518757172860e+05 -2.344168180615711719e+13 -8.343836161347758528e-06 1.222580576444338666e-06 1.123370510416130006e-06 -4.330502720910757459e-07 -2.784672576475228993e+02 -3.841857586914824818e+00 -7.791944536275341449e-02 1.531773690727180059e-01 1.249049691408451901e+00 -7.001606535527728498e+06
1.000000000000000000e+00 -4.208835468846234562e+02 8.622650657187077172e+01 -4.135628977595773176e+05 -2.376843610704296484e+13 -8.661404306999155768e-06 1.522652234987308165e-06 1.204845219118851124e-06 -2.676610718908021061e-06 1.966213406268217909e+02 2.688949817374366447e+00 -7.165083578143633947e-01 -1.071329290210976254e-01 -3.974727001529928305e+00 -6.495135105893193930e+07
1.000000000000000000e+00 -4.233704920648831376e+02 1.006697902972414909e+02 -4.164154368489668122e+05 -2.409745120564933984e+13 -8.772678211127827157e-06 1.789964212853176690e-06 1.231696034748204965e-06 3.067232060678045681e-05 2.962320627814772322e+01 4.016079103026155006e-01 9.945621921835718915e-01 -1.597994491666338349e-02 1.196883849274160694e+00 9.094539699817118049e+07
1.000000000000000000e+00 -4.156737452993880879e+02 1.127020646211218207e+02 -4.192679756179311080e+05 -2.442872784023863281e+13 -8.672195889973837560e-06 2.017631859476956645e-06 1.201538865406250035e-06 -2.262947891396261650e-06 -2.383342093483312851e+02 -3.203372028092596580e+00 -5.558983200489270304e-01 1.277209506124671046e-01 4.545039098690768498e+00 -5.127354426608498394e+07
1.000000000000000000e+00 -3.978573566093171507e+02 1.220060666729211647e+02 -4.221205204682250042e+05 -2.476226676112312891e+13 -8.356966301884514404e-06 2.199055825595484909e-06 1.116619243122442486e-06 -1.361064069160374442e-06 2.774258096363746517e+02 3.697010971162527415e+00 -2.832489404176884440e-01 -1.472996898500313900e-01 -1.845150007232902123e+00 -2.635016807251941785e+07
1.000000000000000000e+00 -3.702810959886219280e+02 1.283271751136955459e+02 -4.249730782169758459e+05 -2.509806878797927734e+13 -7.830288297808280789e-06 2.328618890179313222e-06 9.846316051630388557e-07 2.139031707613243328e-05 -1.154852621145041383e+02 -1.525965980155957080e+00 9.182785435584717160e-01 6.085133017609264949e-02 -2.871521575780972224e+00 8.615393585335022211e+07
1.000000000000000000e+00 -3.336113414119971026e+02 1.315047990414144010e+02 -4.278256553224177333e+05 -2.543613471942745703e+13 -7.102192246469400658e-06 2.402297501484457952e-06 8.183090010940487176e-07 -3.055458558120626414e-06 -1.331964003470308455e+02 -1.745244085463208972e+00 -8.915837911761129719e-01 6.959168778726504412e-02 3.894796145832899903e+00 -8.435628602602906525e+07
1.000000000000000000e+00 -2.886271976829747814e+02 1.314250155097662400e+02 -4.306782576648153481e+05 -2.577646530538567969e+13 -6.185502594045412182e-06 2.416848056056369760e-06 6.334566267033257070e-07 1.604879664584441941e-06 2.892395039021818661e+02 3.758349461283169823e+00 2.224003602901845345e-01 -1.497440467087704785e-01 2.460719562336228794e+00 2.121851118176673353e+07
1.000000000000000000e+00 -2.363876885196762316e+02 1.280569778796141804e+02 -4.335308910245057195e+05 -2.611906130238027344e+13 -5.099524651232535746e-06 2.370509281475003055e-06 4.482594543547862051e-07 7.083168795068227439e-06 -2.376108836698969640e+02 -3.062045922531277498e+00 6.071731839870595504e-01 1.220873626509162979e-01 -3.781605876164066959e+00 5.840986268961765617e+07
1.000000000000000000e+00 -1.782122464996246265e+02 1.214772423266870760e+02 -4.363835599092575721e+05 -2.646392333092355859e+13 -3.869819590582570528e-06 2.263506096786453677e-06 2.812100318356380990e-07 -3.259046603494201601e-06 1.240933607938947780e+01 1.586094986907303495e-01 -9.991473077959138749e-01 -6.294919157746419608e-03 -7.603460157981016543e-02 -9.690983399604089558e+07
1.000000000000000000e+00 -1.154717668459932014e+02 1.118177868929276570e+02 -4.392362681584357051e+05 -2.681105194422606641e+13 -2.523822438823236992e-06 2.097140120555554149e-06 1.487264773274904008e-07 8.721102988938684943e-06 2.254880764611749271e+02 2.858699305950734626e+00 6.708373310493410679e-01 -1.138977723049847818e-01 4.815697027428173627e+00 6.559810611327140033e+07
1.000000000000000000e+00 -4.974172252418220808e+01 9.929768385087288607e+01 -4.420890190891483217e+05 -2.716044764350475781e+13 -1.094246941618041999e-06 1.874421295562410036e-06 6.422905306105257905e-08 9.432388701543157427e-07 -3.033528202524377662e+02 -3.814922160881367041e+00 1.412868126902256383e-01 1.521036251719375954e-01 -6.687180105561000287e-01 1.392781394807562791e+07
1.000000000000000000e+00 1.724767046285674965e+01 8.423808903663353931e+01 -4.449418145078399102e+05 -2.751211075368049219e+13 3.818725670137450802e-07 1.600405706183926544e-06 3.643722070843849279e-08 -2.974695688904024821e-06 1.619787306161975096e+02 2.020767870128996613e+00 -8.515606262530925896e-01 -8.050701113074691662e-02 -3.564749715169607924e+00 -8.462060164476257563e+07
1.000000000000000000e+00 8.383337259160697386e+01 6.700347290048651416e+01 -4.477946549936087104e+05 -2.786604145265072656e+13 1.868016193084928316e-06 1.281134074379412361e-06 6.818273435794862964e-08 2.438193944814274138e-05 9.943133068099234606e+01 1.230637310643714510e+00 9.476665692939660879e-01 -4.902016907915671129e-02 2.972971559716684808e+00 9.492218069981691241e+07
1.000000000000000000e+00 1.482774286991207759e+02 4.802624630868382383e+01 -4.506475401807197486e+05 -2.822223980180913281e+13 3.325039770960490033e-06 9.241320069505682476e-07 1.562367975394107007e-07 -1.646443697612682683e-06 -2.927660268562725605e+02 -3.595034457344389978e+00 -3.601378321557126005e-01 1.433362631878831450e-01 3.486247154037056539e+00 -3.635844833331696689e+07
1.000000000000000000e+00 2.088366368073337753e+02 2.781210125179694614e+01 -4.535004682615817874e+05 -2.858070567965243359e+13 4.712693805171053302e-06 5.385548049902973184e-07 2.914394437629615512e-07 -2.062877257444047873e-06 2.763081959741750779e+02 3.366498597042914653e+00 -4.871444782081341685e-01 -1.341305733173059345e-01 -3.242424306282799762e+00 -4.956693748724249005e+07
1.000000000000000000e+00 2.639846859041616653e+02 6.875064715678831817e+00 -4.563534362408937886e+05 -2.894143880829919141e+13 5.994664080501600738e-06 1.339665826176082404e-07 4.599757514013532335e-07 2.888489324029374280e-05 -5.861989425370460083e+01 -7.086932919914025186e-01 9.829541858567378831e-01 2.827399631021476623e-02 -1.298199542677232809e+00 1.007949927686488628e+08
1.000000000000000000e+00 3.122670549604609391e+02 -1.424320326547649174e+01 -4.592064405137062422e+05 -2.930443882255899219e+13 7.135409973940132855e-06 -2.792762511531330776e-07 6.443648914971964169e-07 -2.798016478160358576e-06 -2.051506635263669978e+02 -2.461165201813245496e+00 -7.695097089103150045e-01 9.813136519618576026e-02 4.723286062307561650e+00 -7.951796123351103067e+07
1.000000000000000000e+00 3.523714520955213061e+02 -3.497441195916642442e+01 -4.620594758738901000e+05 -2.966970514017882031e+13 8.101834930279821944e-06 -6.900279235033329459e-07 8.251763589680641666e-07 5.005339374381303863e-09 3.237920502669223310e+02 3.854908802681825009e+00 8.461133307206339382e-04 -1.535910905091815992e-01 5.747362920442827816e-01 8.810480291763968125e+04
1.000000000000000000e+00 3.833309146208876541e+02 -5.479027830929388898e+01 -4.649125362225556164e+05 -3.003723704703382422e+13 8.868085987355990950e-06 -1.087659924085550409e-06 9.839926080925937205e-07 1.209538267670805231e-05 -2.087054402867757119e+02 -2.465965181690152441e+00 7.684808394512490093e-01 9.832356545938072956e-02 -3.926639247986287273e+00 8.063040594124253094e+07
1.000000000000000000e+00 4.043571196182814447e+02 -7.318270352550511859e+01 -4.677656154197697178e+05 -3.040703380431871875e+13 9.411919020753099118e-06 -1.461689432177710595e-06 1.104634735435671909e-06 -3.230105141308419638e-06 -5.994054008293754521e+01 -7.029166846305440197e-01 -9.832225725323803234e-01 2.804343444603996788e-02 1.872075491930768276e+00 -1.039411728864598125e+08
1.000000000000000000e+00 4.148950495357630643e+02 -8.966531506236452742e+01 -4.706187063852202264e+05 -3.077909453074913672e+13 9.716105723647784260e-06 -1.801822591933302564e-06 1.174700816863530978e-06 4.787210306166648222e-06 2.890061096243788938e+02 3.363912398759307365e+00 4.883477649424260436e-01 -1.340282591808109602e-01 4.248395219791484934e+00 5.201283472186326236e+07
1.000000000000000000e+00 4.147933531308011084e+02 -1.038357104837347720e+02 -4.734718019050647272e+05 -3.115341830501065625e+13 9.772612999926166654e-06 -2.099226120012428983e-06 1.187569111145494787e-06 2.996750603232537974e-06 -3.112939930409382328e+02 -3.596556746732905818e+00 3.591141737193487282e-01 1.433975338015464895e-01 -2.417680152781091163e+00 3.853322360831226408e+07
1.000000000000000000e+00 4.041054828736028526e+02 -1.153487863711094548e+02 -4.763248949280076777e+05 -3.153000420442648828e+13 9.578176076742467659e-06 -2.346036006158302014e-06 1.142076962201559230e-06 -3.163752187581386881e-06 1.075685857281616222e+02 1.233683855558067366e+00 -9.473898722339801903e-01 -4.914106047535465871e-02 -2.353522994459063433e+00 -1.024069161187013686e+08
1.000000000000000000e+00 3.831253976765069069e+02 -1.239141128735968778e+02 -4.791779781469571753e+05 -3.190885124988621875e+13 9.135295215718278563e-06 -2.535338702937927305e-06 1.042964777049821241e-06 1.636876977129730562e-05 1.773461285620687704e+02 2.019136898334691566e+00 8.518290711597171772e-01 -8.044278507371867282e-02 4.285871011863362945e+00 9.275287447485005856e+07
1.000000000000000000e+00 3.525254229367023981e+02 -1.293499865379166351e+02 -4.820310447025396279e+05 -3.228995849908492188e+13 8.455713213696109212e-06 -2.662316971510678867e-06 9.010904034574281360e-07 -7.493359616550535367e-07 -3.375110044709005592e+02 -3.814878169421008991e+00 -1.413666318745693817e-01 1.521016305057275586e-01 1.792851590058651468e+00 -1.550504918582226522e+07
1.000000000000000000e+00 3.131286649487599334e+02 -1.315471495042630465e+02 -4.848840887707097572e+05 -3.267332512748926172e+13 7.555192820853910746e-06 -2.723564961620602314e-06 7.309233223925065609e-07 -2.566742583632289680e-06 2.546766066518810305e+02 2.857940607709391401e+00 -6.710497935946956316e-01 -1.138666852003461238e-01 -3.936739880939159164e+00 -7.413265861228227615e+07
1.000000000000000000e+00 2.659354026552156256e+02 -1.304609191602161786e+02 -4.877371046661760774e+05 -3.305895031090268750e+13 6.454264300455087794e-06 -2.716968437133052522e-06 5.493180490337498308e-07 3.141965914453852330e-05 1.449202652811969472e+01 1.614682288074114069e-01 9.991276622042799538e-01 -6.408928494428947804e-03 6.508592131339562270e-01 1.111685638274366856e+08
1.000000000000000000e+00 2.122390673397367777e+02 -1.261570626357316485e+02 -4.905900874875489972e+05 -3.344683331398411328e+13 5.181182507570212216e-06 -2.642705088323497924e-06 3.745451917857611790e-07 -2.400178591691019074e-06 -2.770362247464613006e+02 -3.064858523716749605e+00 -6.062126478948414166e-01 1.221986651891556058e-01 4.704749461297524249e+00 -6.793132639696587622e+07
1.000000000000000000e+00 1.533821029757340000e+02 -1.187673480172534823e+02 -4.934430335596395889e+05 -3.383697355401606641e+13 3.766140372448510033e-06 -2.502375299142512273e-06 2.237306738346101355e-07 -1.120066073132378484e-06 3.419999419967427912e+02 3.756968907190144424e+00 -2.239637799728999568e-01 -1.496886666719411119e-01 -1.367098574933066857e+00 -2.527465250361111388e+07
1.000000000000000000e+00 9.078601010681958883e+01 -1.084782886666769599e+02 -4.962959396992240800e+05 -3.422937050448665625e+13 2.242045620965377197e-06 -2.298803823405654999e-06 1.115238521008360223e-07 1.920545750058384092e-05 -1.593368683265519508e+02 -1.738149095018860946e+00 8.925254384478407133e-01 6.930955331808975883e-02 -3.200799653504934117e+00 1.014305607651148289e+08
1.000000000000000000e+00 2.605682879152265485e+01 -9.557106265982905313e+01 -4.991488039672500454e+05 -3.462402380139565234e+13 6.471968389339833042e-07 -2.036923943380089585e-06 4.884532118161832769e-08 -3.105945200061034912e-06 -1.416674756731705145e+02 -1.534692155643426315e+00 -9.172894432240252804e-01 6.119854866765861434e-02 3.543213403463301603e+00 -1.049721882248239964e+08
1.000000000000000000e+00 -3.926350249673382109e+01 -8.037221943251776679e+01 -5.020016257440478657e+05 -3.502093325868134375e+13 -9.807966074990276294e-07 -1.722778520263558169e-06 4.154408477808234606e-08 2.148501251375506051e-06 3.439195892026241381e+02 3.700064497926907947e+00 2.805543906615407534e-01 -1.474218183548072214e-01 2.913868170926116719e+00 3.232835909946192056e+07
1.000000000000000000e+00 -1.036550108235577312e+02 -6.324154771336885972e+01 -5.048544047460402944e+05 -3.542009873547797656e+13 -2.604001584969441701e-06 -1.363286088547173620e-06 9.030879325950275277e-08 6.044236821343445741e-06 -2.991623768079809338e+02 -3.196547982750404415e+00 5.585410082338441162e-01 1.274496834400736245e-01 -3.597030859400639269e+00 6.480369728887379169e+07
1.000000000000000000e+00 -1.655183847305292772e+02 -4.460830037260840442e+01 -5.077071418689483544e+05 -3.582152025643382812e+13 -4.181617506350820392e-06 -9.670463998570455987e-07 1.904404727273508396e-07 -3.251411344107740024e-06 3.660114935649929890e+01 3.884285776772000154e-01 -9.949034049187026607e-01 -1.545450214602955494e-02 -5.939851686663091268e-01 -1.162206871897870451e+08
1.000000000000000000e+00 -2.234206246188732052e+02 -2.491980528612091561e+01 -5.105598393107888405e+05 -3.622519803384023438e+13 -5.676160994596901291e-06 -5.432624128187911450e-07 3.323861046074763888e-07 1.005697372786949425e-05 2.560503522474888882e+02 2.699007403787938131e+00 7.139649106821753799e-01 -1.075345548558568204e-01 4.819858685910875629e+00 8.396864454497484863e+07
1.000000000000000000e+00 -2.760380473345070982e+02 -4.630168552754871492e+00 -5.134124997796048992e+05 -3.663113235973993750e+13 -7.052127860101711344e-06 -1.015036366645001364e-07 5.028024988204651613e-07 5.175044080662408590e-07 -3.668147606143377857e+02 -3.840674705510709330e+00 8.175302959847147166e-02 1.531303437649084720e-01 -1.512853784399750823e-01 9.679704664155513048e+06
1.000000000000000000e+00 -3.220575305453143642e+02 1.576584395516527159e+01 -5.162651269060524064e+05 -3.703932366715058594e+13 -8.273533727988012810e-06 3.475428651418564894e-07 6.854250252417330086e-07 -2.905349223418614581e-06 2.129201268756432910e+02 2.214516753743192901e+00 -8.184945449383570493e-01 -8.822773353144595931e-02 -3.758582723965552930e+00 -9.756016099216482043e+07
1.000000000000000000e+00 -3.604157205283565304e+02 3.578500419777090258e+01 -5.191177253459187341e+05 -3.744977254851354688e+13 -9.310100670051168535e-06 7.932047277506031996e-07 8.631726302723002119e-07 2.647909982454420478e-05 9.751220420310590953e+01 1.007492923878694713e+00 9.652393746565355315e-01 -4.012719496008421843e-02 2.521163698585931812e+00 1.158166427306457162e+08
1.000000000000000000e+00 -3.902269970237786083e+02 5.496526239520773771e+01 -5.219702998339766054e+05 -3.786247962249504688e+13 -1.013556346367957635e-05 1.225046182420673773e-06 1.019362236420504162e-06 -1.838233072940452783e-06 -3.413692758632359983e+02 -3.503863875625054636e+00 -4.162786831366750984e-01 1.397012940539814618e-01 3.848005806581441313e+00 -5.027827283383096009e+07
1.000000000000000000e+00 -4.106869650937216534e+02 7.283350911801625216e+01 -5.248228559617062565e+05 -3.827744564774370312e+13 -1.072527539098618386e-05 1.632158527495107727e-06 1.138596675516763261e-06 -1.891901109144860785e-06 3.408313145291213573e+02 3.475527908718083037e+00 -4.325695576464012038e-01 -1.384748272622264020e-01 -2.916570077734863986e+00 -5.258884525661040097e+07
1.000000000000000000e+00 -4.213032607432330110e+02 8.895821721183604325e+01 -5.276754001701127272e+05 -3.869467152523305469e+13 -1.106232623079866188e-05 2.004339486198198829e-06 1.209449483592370425e-06 2.703990469613670367e-05 -9.300820856699297678e+01 -9.422790786308596900e-01 9.696573436563674653e-01 3.758472580534921031e-02 -1.786269191567272596e+00 1.186530741685291827e+08
1.000000000000000000e+00 -4.218073383247752304e+02 1.029568691631999400e+02 -5.305279386699533788e+05 -3.911415814241233594e+13 -1.113543491504423106e-05 2.332286780074825198e-06 1.225213647035714077e-06 -2.882558928962677324e-06 -2.255617980332027912e+02 -2.270487069072113506e+00 -8.080212907450433635e-01 9.052993264646644334e-02 4.570785828168729914e+00 -9.951494154474088550e+07
1.000000000000000000e+00 -4.120580581576221562e+02 1.144645258230425213e+02 -5.333804780557352351e+05 -3.953590646331671875e+13 -1.093654945158491960e-05 2.606912132168785231e-06 1.183773627805643469e-06 4.006290992215819351e-07 3.846357851611011256e+02 3.846948610937682034e+00 6.423137481197199739e-02 -1.532739869538435884e-01 1.130004212043255629e+00 7.961584207893504761e+06
1.000000000000000000e+00 -3.922613832125934437e+02 1.231863802863528861e+02 -5.362330251413687365e+05 -3.995991750559435156e+13 -1.046679952692779719e-05 2.820555274183914472e-06 1.088901483690029087e-06 1.046060351781131633e-05 -2.667224200145860777e+02 -2.650679348665522905e+00 7.258911384773656383e-01 1.056873900108190323e-01 -3.974840966601254078e+00 9.055090517939980328e+07
1.000000000000000000e+00 -3.628619833095970080e+02 1.289018545456244169e+02 -5.390855862544712145e+05 -4.038619223564010938e+13 -9.733835068894187726e-06 2.967120944429368723e-06 9.494599623377651883e-07 -3.247859437368173448e-06 -4.615507794145992193e+01 -4.557909144129106416e-01 -9.929771991311221457e-01 1.819332412539987481e-02 1.322176922608166105e+00 -1.246556805639033765e+08
1.000000000000000000e+00 -3.244417799547971981e+02 1.314322775446533456e+02 -5.419381678339071805e+05 -4.081473165667269531e+13 -8.749259692378990629e-06 3.041376149336573194e-06 7.783656374355564149e-07 5.774720780759468746e-06 3.294795695604274783e+02 3.233258825207287135e+00 5.445010178640409260e-01 -1.288223956432341111e-01 4.500622752247612546e+00 6.878689200747911632e+07
1.000000000000000000e+00 -2.779243287806625631e+02 1.306916781917709045e+02 -5.447907761722559808e+05 -4.124553677018075781e+13 -7.534268698103081973e-06 3.040157224024762130e-06 5.924997922094037283e-07 2.308659262766623525e-06 -3.773866393772293577e+02 -3.680284475528098564e+00 2.965272257500985442e-01 1.467357050118561768e-01 -1.948840561812609229e+00 3.769542797826576233e+07
1.000000000000000000e+00 -2.244404110394561656e+02 1.266853261090644480e+02 -5.476434162419816712e+05 -4.167860839667405469e+13 -6.116228745202434491e-06 2.962392149008537675e-06 4.102593576829897365e-07 -3.118908214608663741e-06 1.522063650296534547e+02 1.475120281491599794e+00 -9.238674199200718196e-01 -5.876273322640393482e-02 -2.783953384136942599e+00 -1.181772841440370083e+08
1.000000000000000000e+00 -1.652155894025958389e+02 1.194738737552728196e+02 -5.504960926375014242e+05 -4.211394731459026562e+13 -4.525744767490170350e-06 2.808313252355347761e-06 2.494389483884688817e-07 1.865557505324697425e-05 1.861615986662083913e+02 1.793086008625778494e+00 8.852170270793099371e-01 -7.143463101509550661e-02 3.966516472799434645e+00 1.139351451517938375e+08
1.000000000000000000e+00 -1.017557022354858276e+02 1.092194672142632186e+02 -5.533488093606998445e+05 -4.255155422580970312e+13 -2.801834823649914631e-06 2.580580414721621894e-06 1.262787167387132796e-07 -1.052652837255636039e-06 -3.937236090422779853e+02 -3.769079731241972375e+00 -2.082733398786720813e-01 1.502755713827976791e-01 2.347119493638385013e+00 -2.697172898472156748e+07
1.000000000000000000e+00 -3.568343893458624905e+01 9.617589730549499905e+01 -5.562015690053021535e+05 -4.299142962721953906e+13 -9.876059664487465330e-07 2.284108973168258982e-06 5.333607724783831659e-08 -2.433827696176102792e-06 3.182512168016206147e+02 3.028049884806114367e+00 -6.188164848505124382e-01 -1.206449138952296884e-01 -3.817250231799772742e+00 -8.062837271461012959e+07
1.000000000000000000e+00 3.138594564475484106e+01 8.064673873457006437e+01 -5.590543733585150912e+05 -4.343357389861578125e+13 8.731202497706808969e-07 1.925126278557369946e-06 3.809653193831302234e-08 3.150478464226452106e-05 -1.090935118022972183e+01 -1.031708484956697924e-01 9.996472455701078674e-01 4.138777098493647867e-03 4.695187833261624255e-02 1.310411412120467722e+08
1.000000000000000000e+00 9.767594479479875247e+01 6.302412556971335533e+01 -5.619072230190053815e+05 -4.387798723984397656e+13 2.731096393029354703e-06 1.512132357953707696e-06 8.223616617709554688e-08 -2.537539660078570069e-06 -3.081711863638467435e+02 -2.896883869858648985e+00 -6.594941710150417080e-01 1.155019181320729310e-01 4.805578243076149114e+00 -8.697428737279921770e+07
1.000000000000000000e+00 1.614350641587617190e+02 4.376910575977065321e+01 -5.647601168954820605e+05 -4.432466958738061719e+13 4.536769172716548263e-06 1.055480117018712096e-06 1.812081059345739620e-07 -8.197553659650587808e-07 4.074815279014903240e+02 3.807532471297991883e+00 -1.562857600915633915e-01 -1.517033383526495416e-01 -7.975945325782107798e-01 -2.073493567514621839e+07
1.000000000000000000e+00 2.210627627837868943e+02 2.336368717556731767e+01 -5.676130531235040398e+05 -4.477362075226958594e+13 6.243854306990893552e-06 5.662550918135287937e-07 3.250181849374819426e-07 1.683890703561717451e-05 -2.121731958479565208e+02 -1.970780774109776479e+00 8.593628315438739396e-01 7.858309532210749904e-02 -3.508995678593734180e+00 1.146958594586586505e+08
1.000000000000000000e+00 2.749461304166638342e+02 2.342560699610908959e+00 -5.704660324802914402e+05 -4.522484095848878125e+13 7.804807484791690195e-06 5.706095113408357994e-08 4.987811292551374835e-07 -3.154248321806941676e-06 -1.395212393582456230e+02 -1.288295601858408856e+00 -9.424711501517375467e-01 5.137675771403384106e-02 3.088137086649313634e+00 -1.265353408249989599e+08
1.000000000000000000e+00 3.216517916742945999e+02 -1.873392578773056272e+01 -5.733190433548836736e+05 -4.567832845846364844e+13 9.176290113540951399e-06 -4.586100064699300381e-07 6.843460082943991998e-07 2.840929569665882445e-06 3.940723870465793084e+02 3.617376595867109579e+00 3.455744886202422039e-01 -1.441272742334598622e-01 3.386105878963334703e+00 4.667055088330515474e+07
1.000000000000000000e+00 3.600342332254351732e+02 -3.933021256773486130e+01 -5.761720841418819036e+05 -4.613408307008268750e+13 1.032240281461116041e-05 -9.676022502660456022e-07 8.627272521677071048e-07 4.990747694359915236e-06 -3.655056170847165049e+02 -3.335563726216333347e+00 5.008119311936846119e-01 1.329920151786702365e-01 -3.317312800740400025e+00 6.803281686514343321e+07
1.000000000000000000e+00 3.890604758779956001e+02 -5.890617582872121005e+01 -5.790251489756018855e+05 -4.659210392052293750e+13 1.120983793360217444e-05 -1.456386416788464433e-06 1.015423114131298831e-06 -3.234946414174527917e-06 7.128106452309408780e+01 6.467279160384776793e-01 -9.858170407604353036e-01 -2.574895844789889740e-02 -1.162035934392274594e+00 -1.347000829766702056e+08
1.000000000000000000e+00 4.079889324199736507e+02 -7.694598271247484433e+01 -5.818782309994040988e+05 -4.705238995809347656e+13 1.181313820981501048e-05 -1.911773440523462825e-06 1.126860770016854216e-06 1.172522060985020561e-05 2.780725321685338258e+02 2.508374509690947107e+00 7.593077796475992125e-01 -9.993830937107464618e-02 4.749786897962905208e+00 1.043524224749945998e+08
1.000000000000000000e+00 4.164417552280275459e+02 -9.300463608216183786e+01 -5.847313234419609653e+05 -4.751494012321985156e+13 1.211700872532298254e-05 -2.322091454916649622e-06 1.186200645933673279e-06 9.196653620424683125e-08 -4.296121853882438586e+02 -3.853116894700729045e+00 1.536797948081181781e-02 1.536263650127457636e-01 4.321473306870399766e-01 2.124223217517130543e+06
1.000000000000000000e+00 4.142067093314054773e+02 -1.066749609218110351e+02 -5.875844192608799785e+05 -4.797975329058146875e+13 1.211078219738513810e-05 -2.676400652561008708e-06 1.187278861504849344e-06 -2.819363782789520439e-06 2.710686700328662937e+02 2.417299799924797377e+00 -7.789265609222654207e-01 -9.630832076165725397e-02 -3.901237569864477006e+00 -1.082840012272952944e+08
1.000000000000000000e+00 4.013935522953292434e+02 -1.176123216054074589e+02 -5.904375108675679658e+05 -4.844682822288559375e+13 1.179313108411828508e-05 -2.965139476778450217e-06 1.130183748361020811e-06 2.849707167400869969e-05 8.607033316864475125e+01 7.631930515069867971e-01 9.802059642149835161e-01 -3.039090344685115019e-02 2.000740386689492389e+00 1.370425370569225550e+08
1.000000000000000000e+00 3.784670375384762906e+02 -1.255729217259467134e+02 -5.932905912413877668e+05 -4.891616375242376562e+13 1.117327055256595283e-05 -3.181132976237409889e-06 1.021531017329295969e-06 -2.022063378227707881e-06 -3.848623162622369023e+02 -3.393360705354661278e+00 -4.739386932052235268e-01 1.352955859920393356e-01 4.175126212290455108e+00 -6.663716351046834886e+07
1.000000000000000000e+00 3.460270098409560546e+02 -1.303731356929359038e+02 -5.961436539706925396e+05 -4.938775879012284375e+13 1.026468717041975226e-05 -3.318619033949934943e-06 8.724488859951310323e-07 -1.696453545409920664e-06 4.077118416702063541e+02 3.574666294424764246e+00 -3.742840847316227793e-01 -1.424249511584199934e-01 -2.525649385107947342e+00 -5.292223214124138653e+07
1.000000000000000000e+00 3.049477264028130321e+02 -1.319077446886686289e+02 -5.989966928116456838e+05 -4.986161225451046094e+13 9.089387474078358006e-06 -3.373751440189682679e-06 6.980653641929987545e-07 2.490206239033322883e-05 -1.348476419694312938e+02 -1.175700652178726990e+00 9.523391799469914654e-01 4.688910307312752629e-02 -2.246928127938420783e+00 1.354120217394746244e+08
1.000000000000000000e+00 2.563814300335456551e+02 -1.301794096439549548e+02 -6.018497024924665457e+05 -5.033772320691239062e+13 7.678199798891754521e-06 -3.345405074201814244e-06 5.160477535964084121e-07 -2.956949935610595976e-06 -2.389853126050307708e+02 -2.072093595396132581e+00 -8.431551329654721760e-01 8.262107045213079592e-02 4.354653992495135739e+00 -1.205558540512796044e+08
1.000000000000000000e+00 2.015270712162831046e+02 -1.252504987268833361e+02 -6.047026784811846446e+05 -5.081609081627350000e+13 6.064012373811135453e-06 -3.233997795411182849e-06 3.441738408754185009e-07 8.275391035875190848e-07 4.435268015473528749e+02 3.824337097516880224e+00 1.256836062546125565e-01 -1.523731272060687703e-01 1.659690456693225125e+00 1.807013132174456492e+07
1.000000000000000000e+00 1.417648380843911013e+02 -1.172561964039113747e+02 -6.075556167219745694e+05 -5.129671431756806250e+13 4.285873609618289369e-06 -3.041866891134567607e-06 1.993613750840936606e-07 9.055989092567146175e-06 -3.284697454324657997e+02 -2.816715956903681040e+00 6.824847623295723364e-01 1.123067124208635692e-01 -3.953463257193284619e+00 9.866525717283691466e+07
1.000000000000000000e+00 7.864401850847970366e+01 -1.064273425981510570e+02 -6.104085145901216893e+05 -5.177959317570328906e+13 2.388752050562166685e-06 -2.773908712839147998e-06 9.581345272857146963e-08 -3.257530645019699271e-06 -2.612085845097476877e+01 -2.227714889059825842e-01 -9.983226085316414533e-01 8.905676346332337331e-03 7.937594764019066940e-01 -1.451168082208381891e+08
1.000000000000000000e+00 1.365143342647689906e+01 -9.303735116329127663e+01 -6.132613706621958409e+05 -5.226472705201992969e+13 4.165898247303374268e-07 -2.436246958715027042e-06 4.327727612467467989e-08 6.791501706537343462e-06 3.655662033479483171e+02 3.100813450229915169e+00 5.940798860121607738e-01 -1.235450672037862740e-01 4.670822769435297950e+00 8.682688502096840739e+07
1.000000000000000000e+00 -5.164853512162919458e+01 -7.741302468125005021e+01 -6.161141838343727868e+05 -5.275211565807523438e+13 -1.583448739122845651e-06 -2.036543106112836847e-06 4.670566015034869782e-08 1.750149393331785883e-06 -4.435739375502396911e+02 -3.742190388892350228e+00 2.387071727441851254e-01 1.492038593887327902e-01 -1.488012180912922311e+00 3.507717294011836499e+07
1.000000000000000000e+00 -1.156324051376588358e+02 -5.995325175186958688e+01 -6.189669543840434635e+05 -5.324175893954342969e+13 -3.561490707662362375e-06 -1.584523082594102887e-06 1.056820225512628130e-07 -3.071053999782202119e-06 2.008659209265968570e+02 1.685501157630910463e+00 -8.993220486714850193e-01 -6.714661981331146445e-02 -3.120497334567370107e+00 -1.328652531176520735e+08
1.000000000000000000e+00 -1.768424109050498032e+02 -4.107375299540912295e+01 -6.218196835448266938e+05 -5.373365700824209375e+13 -5.471868925336613335e-06 -1.090554102587450316e-06 2.145593160214998574e-07 2.078599600144610506e-05 1.900259507767209186e+02 1.586029236215240390e+00 9.114266085066284884e-01 -6.318322924636833593e-02 3.629652517435920878e+00 1.353762257269145250e+08
1.000000000000000000e+00 -2.338362351600722775e+02 -2.121789275839089584e+01 -6.246723732751756907e+05 -5.422781010574854688e+13 -7.268568750097003584e-06 -5.659432868173918293e-07 3.629604422210243315e-07 -1.293976995364518619e-06 -4.474049096775726753e+02 -3.714384917221274840e+00 -2.663546205945782619e-01 1.480948288699051041e-01 2.805793728687254074e+00 -3.977343009618534148e+07
1.000000000000000000e+00 -2.852086723208829540e+02 -8.726972937843259226e-01 -6.275250267957014730e+05 -5.472421869998911719e+13 -8.905915517389733412e-06 -2.338368992751957923e-08 5.366244116765289308e-07 -2.304358523807783040e-06 3.833259176781357382e+02 3.165588838004430805e+00 -5.706256740919990467e-01 -1.261252662051144113e-01 -3.647133727155712268e+00 -8.566116154303926229e+07
1.000000000000000000e+00 -3.298063154288084888e+02 1.948691958403070856e+01 -6.303776480502004270e+05 -5.522288339581150000e+13 -1.034533518851212208e-05 5.245203736341790907e-07 7.193856945991126857e-07 3.093631559569077198e-05 -4.076079422775148942e+01 -3.348430279402470067e-01 9.962245151161148726e-01 1.337272901108054954e-02 -4.770750297405880191e-01 1.503410485083190799e+08
1.000000000000000000e+00 -3.665658231250413337e+02 3.938618586354243689e+01 -6.332302411912246607e+05 -5.572380484731244531e+13 -1.155043688688551594e-05 1.064937049903512252e-06 8.940284175717955144e-07 -2.645973802146482275e-06 -3.350190151067719739e+02 -2.737741198104213236e+00 -7.037885438443667319e-01 1.091573820156525737e-01 4.825748393931391433e+00 -1.067672931638056189e+08
1.000000000000000000e+00 -3.945390466907392124e+02 5.833656116953793003e+01 -6.360828114727634238e+05 -5.622698391648330469e+13 -1.248787215803638294e-05 1.584429238508219129e-06 1.043572788662132877e-06 -5.250962791461100189e-07 4.720145017985117875e+02 3.837200276059820947e+00 -9.573722608708631898e-02 -1.528854466358506303e-01 -2.736454047324188288e-01 -1.459959094118722714e+07
1.000000000000000000e+00 -4.130951540710414633e+02 7.589131641208614099e+01 -6.389353648876373190e+05 -5.673242161318295312e+13 -1.313384299852420482e-05 2.070462535425762868e-06 1.153862901545600893e-06 1.486462609567826953e-05 -2.684189864977463458e+02 -2.170802441859560616e+00 8.262702725561779094e-01 8.655683451455800648e-02 -3.721485589064986943e+00 1.266584099921449125e+08
1.000000000000000000e+00 -4.217464906260436237e+02 9.163189247852604069e+01 -6.417879073813130381e+05 -5.724011895782894531e+13 -1.346876577482265137e-05 2.511056874271314000e-06 1.214208765426198483e-06 -3.189873468668784653e-06 -1.317565603652012385e+02 -1.060080603631193608e+00 -9.614230833233752271e-01 4.227991288740883674e-02 2.632859543672145364e+00 -1.481381369465731978e+08
1.000000000000000000e+00 -4.201769291871604537e+02 1.051555727022100371e+02 -6.446404455650731688e+05 -5.775007710898809375e+13 -1.347828223201774037e-05 2.894464361473655937e-06 1.218380279299883745e-06 3.554054423933936769e-06 4.405644905029523670e+02 3.526526909372959206e+00 4.038451038398367943e-01 -1.405074977267743719e-01 3.770996198150211587e+00 6.254550204384143651e+07
1.000000000000000000e+00 -4.084276913766497046e+02 1.161301958015677798e+02 -6.474929861087142490e+05 -5.826229725672398438e+13 -1.315936827235551821e-05 3.210691586709793488e-06 1.166038464982932307e-06 4.117036985807074532e-06 -4.333834833934064932e+02 -3.451377945863033148e+00 4.448319039056729540e-01 1.376093840761893894e-01 -2.993608871054006748e+00 6.924600729055590928e+07
1.000000000000000000e+00 -3.867079114702477227e+02 1.242781211351836816e+02 -6.503455353045250522e+05 -5.877678054401566406e+13 -1.251445708869907702e-05 3.451097311513285415e-06 1.061701918673123220e-06 -3.211481965162246821e-06 1.122634242029668883e+02 8.895127119029179186e-01 -9.730009291976007280e-01 -3.542486988636384115e-02 -1.675202571549984754e+00 -1.522363468411307335e+08
1.000000000000000000e+00 -3.554228997924010969e+02 1.293641161873502767e+02 -6.531981000189031474e+05 -5.929352823802555469e+13 -1.155247698095728346e-05 3.608087839648790240e-06 9.147588859194436221e-07 1.352091258068816928e-05 2.933824564095896790e+02 2.312878744553068078e+00 7.999854414438852812e-01 -9.214814810314683746e-02 4.607663058239970688e+00 1.258004898061068356e+08
1.000000000000000000e+00 -3.153381126871209972e+02 1.312476387746985438e+02 -6.560506867071762681e+05 -5.981254155273705469e+13 -1.029434340500897819e-05 3.676607398003909510e-06 7.396656731448862354e-07 -2.857197729404617007e-07 -4.906573455183998362e+02 -3.848689744333910312e+00 -5.032593401061713489e-02 1.534497951496960333e-01 1.008833733517897180e+00 -7.953828438343735412e+06
1.000000000000000000e+00 -2.673697452728528106e+02 1.298627493629817877e+02 -6.589033008745365078e+05 -6.033382154860377344e+13 -8.766348640458034418e-06 3.653630632800462861e-06 5.534818035900777001e-07 -2.721217459238699607e-06 3.345707011146492960e+02 2.611255006644405352e+00 -7.355915246724109569e-01 -1.040370008289853154e-01 -3.969233230961621395e+00 -1.168407431236932427e+08
1.000000000000000000e+00 -2.126068959328990502e+02 1.252036005808597139e+02 -6.617559478310489794e+05 -6.085736926765000781e+13 -7.000998641860469448e-06 3.537798025576456918e-06 3.743533553251889793e-07 3.015025767777472818e-05 6.546555156684591736e+01 5.084073120266859869e-01 9.912677795814885950e-01 -2.023647917081604006e-02 1.437357022963313025e+00 1.582380805420172513e+08
1.000000000000000000e+00 -1.524486437354990187e+02 1.173716187688478527e+02 -6.646086321387557546e+05 -6.138318563056667969e+13 -5.041669073235656728e-06 3.330791406244568376e-06 2.202757124007306992e-07 -2.195942530192969273e-06 -4.221595473183364220e+02 -3.262299543735020180e+00 -5.323194682460875571e-01 1.300703085821509897e-01 4.451481022464589543e+00 -8.539729270890066028e+07
1.000000000000000000e+00 -8.837163838571295571e+01 1.065487830140158678e+02 -6.674613571470389143e+05 -6.191127134755036719e+13 -2.935106249407336637e-06 3.036637732750340263e-06 1.066839530633922427e-07 -1.465005466542287306e-06 4.765564361161649458e+02 3.664547877985755431e+00 -3.103373024707796191e-01 -1.460062227982317218e-01 -2.055253053189977752e+00 -5.003188813379283994e+07
1.000000000000000000e+00 -2.194195093571730126e+01 9.297764223250536020e+01 -6.703141256825467572e+05 -6.244162704203337500e+13 -7.318775140559378388e-07 2.661186207103721382e-06 4.516862201534217306e-08 2.243440491144626652e-05 -1.860871138751527383e+02 -1.423939948687867441e+00 9.292469789451144324e-01 5.678433830055686776e-02 -2.699098681885362616e+00 1.505479190017747581e+08
1.000000000000000000e+00 4.507406067572510722e+01 7.700077974758723087e+01 -6.731669392460417002e+05 -6.297425309834324219e+13 1.509851576555374129e-06 2.213279518510451782e-06 4.220681666374280249e-08 -3.028449986101676080e-06 -2.421757618751711334e+02 -1.844105363247811491e+00 -8.780826251717505082e-01 7.353260784923071336e-02 4.045909210821927893e+00 -1.429549837526211739e+08
1.000000000000000000e+00 1.109608616722542109e+02 5.902541084319124565e+01 -6.760197976651099743e+05 -6.350914959119355469e+13 3.732622146544707967e-06 1.703792871084189752e-06 9.813875002638390757e-08 1.358946404954854320e-06 4.990741707120633350e+02 3.781900517672153850e+00 1.936851422764503672e-01 -1.506823753039527036e-01 2.228239025369639137e+00 3.168620831908960268e+07
1.000000000000000000e+00 1.740476843788894712e+02 3.949661722437934230e+01 -6.788727001844150946e+05 -6.404631648476440625e+13 5.879513437861459326e-06 1.144897505281355113e-06 2.073883947024162895e-07 7.641849226391091092e-06 -3.966371082687278431e+02 -2.991151914000411249e+00 6.305231255148265879e-01 1.192609876479737985e-01 -3.851005222783935977e+00 1.036513267240581810e+08
1.000000000000000000e+00 2.326128971856696523e+02 1.892889690110787981e+01 -6.817256447219008114e+05 -6.458575348945857812e+13 7.890930438796534325e-06 5.510021589413829847e-07 3.586999387789235997e-07 -3.260451771594610798e-06 5.670299147334170620e+00 4.255604828557409125e-02 -9.999334294633605014e-01 -1.669464488488878531e-03 1.881067903177197076e-01 -1.651713579500375688e+08
1.000000000000000000e+00 2.851392339929865329e+02 -2.137014702854069803e+00 -6.845786277545426274e+05 -6.512746003490323438e+13 9.713262111118198491e-06 -6.246679299096806417e-08 5.364715408522873707e-07 8.091215940737514489e-06 3.931155014376860777e+02 2.936267816158245392e+00 6.479004658533406014e-01 -1.169885967676606159e-01 4.789361242962476339e+00 1.075354779338402003e+08
1.000000000000000000e+00 3.302977283974206557e+02 -2.316505954389745270e+01 -6.874316450531490846e+05 -6.567143540463004688e+13 1.129847686061991782e-05 -6.799567739580144356e-07 7.224253966298545128e-07 1.179866227591872863e-06 -5.106868927783408481e+02 -3.796297763474965947e+00 1.717831024161466380e-01 1.513610864363575947e-01 -9.297117692588556803e-01 2.864797026443171129e+07
1.000000000000000000e+00 3.668487484667597300e+02 -4.359640843092997642e+01 -6.902846912363545271e+05 -6.621767864770566406e+13 1.260085682229955087e-05 -1.284982810177708027e-06 8.970790816878594537e-07 -3.007382152506171906e-06 2.591389172763434772e+02 1.917246959658499561e+00 -8.675197893053502307e-01 -7.638174067026905212e-02 -3.441136580078608453e+00 -1.453626881108126938e+08
1.000000000000000000e+00 3.938823521994344787e+02 -6.289568998134670608e+01 -6.931377598959259922e+05 -6.676618859830342188e+13 1.358535133778223107e-05 -1.861481856754407273e-06 1.042673064651866077e-06 2.324383509451242248e-05 1.826927356838994285e+02 1.345291095211924137e+00 9.371199509337612144e-01 -5.358939613946320929e-02 3.194235548494925858e+00 1.577680902361661196e+08
1.000000000000000000e+00 4.107730767240558407e+02 -8.058006697236504579e+01 -6.959908446305535035e+05 -6.731696407161015625e+13 1.422624523369157987e-05 -2.394691177376993817e-06 1.144722129822171832e-06 -1.538759037743487137e-06 -4.962887489284619278e+02 -3.637379479871608368e+00 -3.302623705895919026e-01 1.450245723450630242e-01 3.278830349898402829e+00 -5.586295231800686568e+07
1.000000000000000000e+00 4.170627194053699895e+02 -9.618968760365238779e+01 -6.988439384868793422e+05 -6.787000375528142188e+13 1.450328450573626447e-05 -2.870298607388820306e-06 1.192586955625678707e-06 -2.145737691270577989e-06 4.529881266338352930e+02 3.304530270670200665e+00 -5.149031322904807917e-01 -1.316614407086829364e-01 -3.390738142652933274e+00 -8.750272762308467925e+07
1.000000000000000000e+00 4.126744943524435598e+02 -1.093309876359452062e+02 -7.016970338873770088e+05 -6.842530619318697656e+13 1.440927273810542960e-05 -3.275753965602755234e-06 1.181692160015520386e-06 2.969505616616742634e-05 -8.072760240286362432e+01 -5.861694204150877940e-01 9.883723674678047688e-01 2.339027236013297914e-02 -1.033602961122602748e+00 1.687479338521742821e+08
1.000000000000000000e+00 3.978291190915237507e+02 -1.196982747242597895e+02 -7.045501238350634230e+05 -6.898287001884376562e+13 1.394740001876223344e-05 -3.600958777125321684e-06 1.113742658388868776e-06 -2.750367578094894669e-06 -3.536269979817616900e+02 -2.555842449957654861e+00 -7.484381406204202447e-01 1.019057487726025141e-01 4.775693395369145833e+00 -1.283767034333235919e+08
1.000000000000000000e+00 3.729079232637658947e+02 -1.270375408710680034e+02 -7.074032013204790419e+05 -6.954269384112185156e+13 1.312663547351733475e-05 -3.837226743112591432e-06 9.957557967213307308e-07 -1.820533926737496881e-07 5.355647381082361562e+02 3.852986539034447322e+00 -3.158660883195113511e-02 -1.535144738968600708e-01 2.892788519862528607e-01 -5.442976489951640368e+06
1.000000000000000000e+00 3.386433818645309088e+02 -1.311833556714157112e+02 -7.102562596515913028e+05 -7.010477630932025000e+13 1.196857527820252257e-05 -3.978434105911364509e-06 8.401618812838103744e-07 1.298744136693035714e-05 -3.307593486569672336e+02 -2.368665348977892826e+00 7.888218630139471887e-01 9.444465205330991597e-02 -3.874962470048498364e+00 1.365545996091961265e+08
1.000000000000000000e+00 2.960013864440243765e+02 -1.320709837267267801e+02 -7.131092931782418163e+05 -7.066911625801132812e+13 1.050351438623548256e-05 -4.021442582121320356e-06 6.628365910478860482e-07 -3.218344461437124893e-06 -1.157537362341986125e+02 -8.251668810148974353e-01 -9.768061326386268117e-01 3.291624932508923490e-02 2.137899118555467215e+00 -1.698715226434085369e+08
1.000000000000000000e+00 2.460352052307528936e+02 -1.296930801932345503e+02 -7.159622965946176555e+05 -7.123571257236864062e+13 8.765409304700580786e-06 -3.964836845760373287e-06 4.811296087611006889e-07 4.342747890775660067e-06 4.823462597223086732e+02 3.422866246386675471e+00 4.599586207598038712e-01 -1.363772390969005266e-01 4.099997133850545872e+00 8.035385600537572801e+07
1.000000000000000000e+00 1.900634683060622763e+02 -1.241304170759020025e+02 -7.188152651777082356e+05 -7.180456423717293750e+13 6.798306405499001543e-06 -3.809902568263871238e-06 3.131752371329379925e-07 3.359455785708774086e-06 -5.025833957521512616e+02 -3.550359773320259205e+00 3.888439473783017464e-01 1.415556958746119198e-01 -2.627082233575598114e+00 6.823859689033786952e+07
1.000000000000000000e+00 1.295314922312721819e+02 -1.155562062986051757e+02 -7.216681956047340063e+05 -7.237567050308218750e+13 4.651550368226775307e-06 -3.560813313247264774e-06 1.755366636022769411e-07 -3.181976688547635512e-06 1.588092450830172595e+02 1.116817257984781042e+00 -9.570976372918053032e-01 -4.448364400889173037e-02 -2.130788107750733129e+00 -1.687208994582642317e+08
1.000000000000000000e+00 6.586910412341147492e+01 -1.041880825972500872e+02 -7.245210854150737869e+05 -7.294903078383078125e+13 2.374748264463891631e-06 -3.223201363746326955e-06 8.134984589163873864e-08 1.535521356147607098e-05 3.030676585719302807e+02 2.121762897537768033e+00 8.348732019581042163e-01 -8.453238048251693337e-02 4.411424949123015971e+00 1.478366922937976122e+08
1.000000000000000000e+00 6.662229647507024177e-01 -9.031504588776313369e+01 -7.273739328147362685e+05 -7.352464462011910938e+13 2.411360402399319710e-08 -2.805021557757866203e-06 3.962835356518151570e-08 -5.985512885602040695e-07 -5.495227022240579799e+02 -3.830033344718162702e+00 -1.103690260152337677e-01 1.527059018265899681e-01 1.528931939234677850e+00 -1.963130936061944067e+07
1.000000000000000000e+00 -6.447491136401535528e+01 -7.429688330614141023e+01 -7.302267375272490317e+05 -7.410251185495095312e+13 -2.342789547395475158e-06 -2.316576732457544182e-06 5.424036159589232440e-08 -2.622012737385723968e-06 4.001542870118737483e+02 2.776596093941667398e+00 -6.936494741100365236e-01 -1.106253718345191067e-01 -3.964087707599983634e+00 -1.239292438826049864e+08
1.000000000000000000e+00 -1.280696246867733521e+02 -5.651420137547042799e+01 -7.330794997903037583e+05 -7.468263243521589062e+13 -4.671775930747099611e-06 -1.768996741906292492e-06 1.237473774853829865e-07 3.113051469248142629e-05 4.039466296784529931e+01 2.790526325682001207e-01 9.973811918810303601e-01 -1.109540299572511247e-02 9.188810780680665147e-01 1.789855671446653903e+08
1.000000000000000000e+00 -1.885729038407596931e+02 -3.739402310059708157e+01 -7.359322207545310957e+05 -7.526500649529450000e+13 -6.905607649399185144e-06 -1.175055482434978799e-06 2.414379496895528412e-07 -2.334909590060652783e-06 -4.556653370462838666e+02 -3.133960613508615101e+00 -5.819337521566962934e-01 1.249536322090029627e-01 4.634839387892460749e+00 -1.048926309017831534e+08
1.000000000000000000e+00 -2.445294952472515604e+02 -1.740642148116352672e+01 -7.387849030807079980e+05 -7.584963448330562500e+13 -8.989469364611079542e-06 -5.490929540829350314e-07 3.959647768705554431e-07 -1.240203819784371975e-06 5.446468856050219074e+02 3.729549725008486583e+00 -2.529252924515953960e-01 -1.485961707800272924e-01 -1.603490593245769702e+00 -4.578991702533333004e+07
1.000000000000000000e+00 -2.946883980903583620e+02 2.985730465805836342e+00 -7.416375499228244880e+05 -7.643651695747357812e+13 -1.087525732095930299e-05 9.454981284094340495e-08 5.729072735110241560e-07 2.025600777456568010e-05 -2.399776873708914309e+02 -1.636117274833389867e+00 9.054188262711523327e-01 6.524225474192842100e-02 -3.047692564891930189e+00 1.646360459452561140e+08
1.000000000000000000e+00 -3.378218108798432695e+02 2.330096704026320964e+01 -7.444901650469526649e+05 -7.702565461267965625e+13 -1.251501699624725554e-05 7.407152292350315615e-07 7.555053753687337954e-07 -3.082577733239293102e-06 -2.411386946165682730e+02 -1.636895440879982511e+00 -9.053149405904232783e-01 6.527261297613219659e-02 3.718628947735990398e+00 -1.653349342947072983e+08
1.000000000000000000e+00 -3.728750700227535617e+02 4.304446178752154140e+01 -7.473427532541378168e+05 -7.761704837072889062e+13 -1.386653552965188477e-05 1.373584789510802004e-06 9.263179939099462908e-07 1.881175138933918099e-06 5.518183106665547939e+02 3.729656292657901329e+00 2.528202636599881092e-01 -1.486008375647273339e-01 2.700963199353998423e+00 4.637224791958203167e+07
1.000000000000000000e+00 -3.990649179337731312e+02 6.175795428111011631e+01 -7.501953198025458260e+05 -7.821069926396601562e+13 -1.489713295946240617e-05 1.978270229590168170e-06 1.069268592181508010e-06 6.524367068555629183e-06 -4.656915544020250195e+02 -3.133991864467265742e+00 5.819262135746556819e-01 1.249556923496470962e-01 -3.692161083766949403e+00 1.071981748130554557e+08
1.000000000000000000e+00 -4.156947379344468914e+02 7.899294491529846596e+01 -7.530478703847718425e+05 -7.880660843233784375e+13 -1.557693131356870160e-05 2.539973894507471193e-06 1.170361276754380859e-06 -3.255818912745797069e-06 4.180100247062312491e+01 2.801051245940308076e-01 -9.973501935363706661e-01 -1.113722678594495849e-02 -3.509438988755387845e-01 -1.845152610438958406e+08
1.000000000000000000e+00 -4.223032539987660243e+02 9.431737721086929582e+01 -7.559004115715355147e+05 -7.940477721833262500e+13 -1.588450928373288766e-05 3.044210366599254341e-06 1.219700470448259743e-06 9.414559051964393004e-06 4.158957600518717754e+02 2.774991687451215050e+00 6.940867704336873834e-01 -1.105623005381698581e-01 4.825747735276845418e+00 1.289601548612602055e+08
1.000000000000000000e+00 -4.187447613036542293e+02 1.073648317886955397e+02 -7.587529497790466994e+05 -8.000520695269250000e+13 -1.581009838442820110e-05 3.478410263888983609e-06 1.212763764047873995e-06 7.098612117793523452e-07 -5.765269140306653526e+02 -3.830429965078514076e+00 1.094382581975830993e-01 1.527219032495258921e-01 -3.929619132253998059e-01 2.042021006231688336e+07
1.000000000000000000e+00 -4.049975693601470539e+02 1.178058800772959529e+02 -7.616054913275624858e+05 -8.060789896619634375e+13 -1.534854729123809864e-05 3.831028635568805539e-06 1.149585332647444159e-06 -2.938338907906472311e-06 3.213902617410292351e+02 2.126274046429903919e+00 -8.340926815196463284e-01 -8.471135545000876843e-02 -3.676717273996906066e+00 -1.562956024257138073e+08
1.000000000000000000e+00 -3.813091653227623397e+02 1.253553510314593495e+02 -7.644580431862088153e+05 -8.121285474753281250e+13 -1.450493182463562968e-05 4.091804684333508202e-06 1.035654922448038554e-06 2.554012035451852942e-05 1.684743616422549053e+02 1.109907273229455926e+00 9.576487667815514193e-01 -4.420873695558314581e-02 2.731713420534354064e+00 1.802072871636922657e+08
1.000000000000000000e+00 -3.482540204501916037e+02 1.298195226259713877e+02 -7.673106118543891935e+05 -8.182007570731678125e+13 -1.329695308814981556e-05 4.253334861601973334e-06 8.820083550412868307e-07 -1.753554195189251936e-06 -5.406454051414796140e+02 -3.546822426416002649e+00 -3.910103759590805583e-01 1.414140456080853758e-01 3.690012424022896198e+00 -7.388909130524374545e+07
1.000000000000000000e+00 -3.065293455007121111e+02 1.310640626994530464e+02 -7.701632034204930533e+05 -8.242956318879468750e+13 -1.174734210176588751e-05 4.310074277547438457e-06 7.032674814918312604e-07 -1.970922758122116973e-06 5.247319774173970472e+02 3.428042065858696308e+00 -4.573553460092441014e-01 -1.365827662599984893e-01 -3.069837696660326021e+00 -8.678888750491257012e+07
1.000000000000000000e+00 -2.570924942860530678e+02 1.290199013265137467e+02 -7.730158238156216685e+05 -8.304131852072843750e+13 -9.889232217932111889e-06 4.258566691581094840e-06 5.168810925644896469e-07 2.790611976506599483e-05 -1.288269085185251299e+02 -8.381165979858623549e-01 9.760742658294979668e-01 3.343278536560830710e-02 -1.571567477839175719e+00 1.859961605572467446e+08
1.000000000000000000e+00 -2.011906304661542890e+02 1.237257493603176215e+02 -7.758684779458738631e+05 -8.365534282965571875e+13 -7.767489098849844048e-06 4.098892835264308371e-06 3.414260292063406692e-07 -2.846129763579945906e-06 -3.637386686051508491e+02 -2.356590221829809817e+00 -7.912465366417053003e-01 9.396243996135507370e-02 4.646940477771050126e+00 -1.514035981912937760e+08
1.000000000000000000e+00 -1.401384105654568373e+02 1.152901966818721746e+02 -7.787211699308479438e+05 -8.427163708744751562e+13 -5.430301737013682304e-06 3.833475790030230891e-06 1.941616314828796925e-07 2.198852705732316514e-07 5.970796092903216277e+02 3.852396798607104600e+00 3.610383775576624099e-02 -1.534910350451572092e-01 8.843247221034891137e-01 6.937029933933000080e+06
1.000000000000000000e+00 -7.544414551613586184e+01 1.038933470708287956e+02 -7.815739035027403152e+05 -8.489020219488626562e+13 -2.934136995213386280e-06 3.467178103916138874e-06 8.998777589239319205e-08 1.116399233222155491e-05 -3.999862738589046103e+02 -2.570131861061845768e+00 7.451419563625203413e-01 1.024762654488561436e-01 -3.962381350007156744e+00 1.437631808780022264e+08
1.000000000000000000e+00 -8.809053676236525021e+00 8.982149995763836614e+01 -7.844266810222775675e+05 -8.551103876558229688e+13 -3.438479239456781742e-07 3.008506981805179241e-06 3.969872741913613471e-08 -3.240949064290104827e-06 -8.837341488023949410e+01 -5.655236945490921263e-01 -9.891708833708194870e-01 2.256710210226388000e-02 1.568100744527670898e+00 -1.916289537399109900e+08
1.000000000000000000e+00 5.811172268954210551e+01 7.342121685983578061e+01 -7.872795033741955413e+05 -8.613414709766631250e+13 2.276551545755005603e-06 2.468134861547833240e-06 4.846130041494990266e-08 5.322724029224772590e-06 5.166833506751690948e+02 3.292909043410144232e+00 5.198915799882060096e-01 -1.311991545195820008e-01 4.397262319715874668e+00 1.011291808018929213e+08
1.000000000000000000e+00 1.235916695059525523e+02 5.509465321758484890e+01 -7.901323707912286045e+05 -8.675952734889221875e+13 4.859301506580463592e-06 1.858778634637928776e-06 1.154928012242751537e-07 2.604416733144806243e-06 -5.742727380915619051e+02 -3.645077398565509608e+00 3.244972231357877157e-01 1.453320198423557752e-01 -2.162683229979966981e+00 6.337841926545636356e+07
1.000000000000000000e+00 1.858570906975375010e+02 3.532511932805743271e+01 -7.929852818886421155e+05 -8.738717932126287500e+13 7.333799871978090167e-06 1.196099001099480154e-06 2.339177120766137113e-07 -3.139996488040477982e-06 2.164476766620679768e+02 1.368301808643517026e+00 -9.348651510714937052e-01 -5.450585163700645552e-02 -2.598834608445230732e+00 -1.833322934222416580e+08
1.000000000000000000e+00 2.433296627931871399e+02 1.462329062097756704e+01 -7.958382342552146874e+05 -8.801710258533850000e+13 9.636174311291906025e-06 4.969220573269439471e-07 3.916787971967915892e-07 1.761362705733892034e-05 3.010272113316773925e+02 1.895318584018234276e+00 8.707650350121723948e-01 -7.550863436155126618e-02 4.117773416083178262e+00 1.714523686242509186e+08
1.000000000000000000e+00 2.945053642725084160e+02 -6.482541669265001083e+00 -7.986912246219135122e+05 -8.864929651361056250e+13 1.170460914090518032e-05 -2.210765065487483589e-07 5.724867830466881815e-07 -9.201961569796884977e-07 -6.046731790470689702e+02 -3.791854674477435072e+00 -1.782697301889872576e-01 1.511836419821549760e-01 2.101518129327113904e+00 -3.524241015365691483e+07
1.000000000000000000e+00 3.379850525926383966e+02 -2.742712742629019829e+01 -8.015442481765005505e+05 -8.928376012440868750e+13 1.348061759350123844e-05 -9.386986421629520448e-07 7.573347766730492893e-07 -2.495875367503562154e-06 4.727515663519582745e+02 2.952741553026830612e+00 -6.428382149528283351e-01 -1.176441657385708939e-01 -3.881337739402239695e+00 -1.275933970059623420e+08
1.000000000000000000e+00 3.726996535814016624e+02 -4.766595850891306441e+01 -8.043972991681137355e+05 -8.992049221094954688e+13 1.491812995310982891e-05 -1.637183268976226908e-06 9.273895534765107867e-07 3.156427939931040776e-05 2.809076744965973482e+00 1.747529272596905214e-02 9.999953047556323638e-01 -6.698409184660090825e-04 3.220353790413245654e-01 1.992764964058682024e+08
1.000000000000000000e+00 3.977684014039742806e+02 -6.668508799823196398e+01 -8.072503716280853841e+05 -9.055949149934134375e+13 1.597803347664181639e-05 -2.298557358333060139e-06 1.065365245540053834e-06 -2.476402922394884991e-06 -4.802446074612381608e+02 -2.975764861078051826e+00 -6.354028787123663369e-01 1.186467005506383759e-01 4.769499023498244838e+00 -1.271253134854235798e+08
1.000000000000000000e+00 4.125178307068441086e+02 -8.398175766500786210e+01 -8.101034587907732930e+05 -9.120075651731529688e+13 1.662907166181629853e-05 -2.904984434063802122e-06 1.156970880691599151e-06 -9.627453559357780714e-07 6.134876338359024430e+02 3.786378279727219631e+00 -1.877064619874687090e-01 -1.508604619247876921e-01 -1.064610488651859921e+00 -3.770335608437763155e+07
1.000000000000000000e+00 4.166736895187453342e+02 -9.912005920564982375e+01 -8.129565533889094368e+05 -9.184428565779984375e+13 1.685575490575085642e-05 -3.440703525958066176e-06 1.193248588826977041e-06 1.792374901009646999e-05 -3.031158031471488812e+02 -1.863440815241266924e+00 8.753383702747089545e-01 7.430411201728989723e-02 -3.374288617548667712e+00 1.765175595999230444e+08
1.000000000000000000e+00 4.101877802041014434e+02 -1.117348418270844945e+02 -8.158096483912882395e+05 -9.249007734419803125e+13 1.665161452848679674e-05 -3.892206013032722027e-06 1.170733983503186273e-06 -3.132753551520274802e-06 -2.294155325554216915e+02 -1.404835249071233916e+00 -9.311931114376197360e-01 5.602220102622753467e-02 3.308646755640644255e+00 -1.885194440354411900e+08
1.000000000000000000e+00 3.932383484696110258e+02 -1.215066527670313974e+02 -8.186627363882665522e+05 -9.313812989150173438e+13 1.601937911114415699e-05 -4.247402744867435414e-06 1.091859196786697394e-06 2.503097389353087767e-06 5.998098342456777345e+02 3.658629058332405037e+00 3.150021506456360809e-01 -1.457709059940388852e-01 3.169122174598156594e+00 6.402177259963363409e+07
1.000000000000000000e+00 3.663879005580982380e+02 -1.282111988871031372e+02 -8.215158103514474351e+05 -9.378844167825012500e+13 1.497758670684805471e-05 -4.497386900959982929e-06 9.654217733115251633e-07 5.476441828643631004e-06 -5.383930904802716668e+02 -3.271245323477575351e+00 5.286125011139082286e-01 1.304277376158497759e-01 -3.459523480326478939e+00 1.078556164520968348e+08
1.000000000000000000e+00 3.303807788903400819e+02 -1.317141216909481045e+02 -8.243688643112676218e+05 -9.444101130329239062e+13 1.355255399968856002e-05 -4.636308050558009380e-06 8.044132305176407917e-07 -3.243880979950406660e-06 8.644853653040020447e+01 5.232228403624944457e-01 -9.907377105539016959e-01 -2.082672386503174600e-02 -8.927656977279982975e-01 -2.029311041552127898e+08
1.000000000000000000e+00 2.861314833527515589e+02 -1.319385762237363053e+02 -8.272218922585191904e+05 -9.509583733742829688e+13 1.177802465010760282e-05 -4.660281772427529326e-06 6.247745085016679650e-07 1.089805098838507683e-05 4.315298934685712311e+02 2.601727877008348511e+00 7.378658198932582790e-01 -1.036582255043143747e-01 4.793385110197444732e+00 1.517208900292940438e+08
1.000000000000000000e+00 2.348599620191818929e+02 -1.289080988972305590e+02 -8.300748888973349240e+05 -9.575291849697193750e+13 9.700878281196048357e-06 -4.568944082639140595e-06 4.446640225271862564e-07 2.923068362192364910e-07 -6.409034526471330082e+02 -3.849213572706283060e+00 4.755202900645220249e-02 1.534707646243164136e-01 1.489044152872131821e-01 9.815414138185482472e+06
1.000000000000000000e+00 1.778706684278633361e+02 -1.227327710117691737e+02 -8.329278501672329148e+05 -9.641225376743484375e+13 7.372189903961088282e-06 -4.365020489768311214e-06 2.818817159588105989e-07 -2.862545551074748409e-06 3.877567497777895937e+02 2.319923192182204108e+00 -7.986044546820484369e-01 -9.242803286834384846e-02 -3.841087133441583923e+00 -1.654765513278360069e+08
1.000000000000000000e+00 1.165412817249765567e+02 -1.135715410789526914e+02 -8.357807726538077695e+05 -9.707384227153090625e+13 4.846820757909472543e-06 -4.053034104356079980e-06 1.522421669197412108e-07 2.755296409078444934e-05 1.481275870132397188e+02 8.828591325550629865e-01 9.734193338826960806e-01 -3.516008508755923828e-02 2.258557869869784795e+00 2.024713018406118155e+08
1.000000000000000000e+00 5.244874942317213851e+01 -1.016706230077012236e+02 -8.386336539456318133e+05 -9.773768335492753125e+13 2.188730133014171964e-06 -3.640710402023450501e-06 6.836455159877871057e-08 -1.934492408374694613e-06 -5.809154446468637616e+02 -3.449180717134490148e+00 -4.459760672956158412e-01 1.375210961845155788e-01 4.022625601032035370e+00 -9.311668363264849782e+07
1.000000000000000000e+00 -1.285919183262365628e+01 -8.734350458878931533e+01 -8.414864929881751304e+05 -9.840377667299751562e+13 -5.384502930619335782e-07 -3.138312064808086179e-06 3.815361938251637953e-08 -1.794553624511227638e-06 5.964346454542937863e+02 3.527928198627440004e+00 -4.030190367266525131e-01 -1.405626960698048988e-01 -2.723396557017184527e+00 -8.446711453829286993e+07
1.000000000000000000e+00 -7.786471960196020348e+01 -7.093129212149611362e+01 -8.443392891377314227e+05 -9.907212197418015625e+13 -3.271466788008464559e-06 -2.557250270195474325e-06 6.444817255381748191e-08 2.597293968467347201e-05 -1.802172076570539900e+02 -1.061972377447175653e+00 9.612928651632980381e-01 4.235577574453684019e-02 -2.026301010624393495e+00 2.022356557627161443e+08
1.000000000000000000e+00 -1.409557535869930973e+02 -5.283904281769427769e+01 -8.471920428057592362e+05 -9.974271925333068750e+13 -5.942230155812193482e-06 -1.911415806879030866e-06 1.446775141221424463e-07 -2.921745533455417656e-06 -3.696624983634580417e+02 -2.170144444174695320e+00 -8.263790251583703617e-01 8.652980291995607254e-02 4.468173289231195611e+00 -1.745078675538205504e+08
1.000000000000000000e+00 -2.006550949287881735e+02 -3.351191633919933821e+01 -8.500447559415552532e+05 -1.004155688699396719e+14 -8.487441174261340060e-06 -1.216352407422861670e-06 2.711149093847901440e-07 6.138391011956434523e-07 6.560819948172783143e+02 3.837194335517928767e+00 9.575386092072479816e-02 -1.528853738566130493e-01 1.403174791414848466e+00 2.029642704135544598e+07
1.000000000000000000e+00 -2.556053572910154514e+02 -1.339587030867186535e+01 -8.528974309139520628e+05 -1.010906712891332656e+14 -1.084804683343839810e-05 -4.878497692748221956e-07 4.318789632601953100e-07 9.720489795981600094e-06 -4.697702125707510277e+02 -2.737282856542485820e+00 7.039141735870282357e-01 1.091399697106939515e-01 -3.972072950832823413e+00 1.497629826656839848e+08
1.000000000000000000e+00 -3.044455621931955989e+02 7.026554967646800876e+00 -8.557500709783881903e+05 -1.017680271944265625e+14 -1.296407052288145775e-05 2.567484055638929185e-07 6.116651754070516266e-07 -3.253683659185662833e-06 -5.782593666204784455e+01 -3.356923591572418819e-01 -9.961941603059877304e-01 1.340643232204179365e-02 1.050635534063310006e+00 -2.127375652692101300e+08
1.000000000000000000e+00 -3.460375866599015922e+02 2.726261446630145358e+01 -8.586026804347340949e+05 -1.024476375289013281e+14 -1.478428437610483740e-05 9.994891992943822952e-07 7.935843067605253060e-07 6.288410763358180569e-06 5.473949341492112808e+02 3.165994350877572749e+00 5.704779817526866026e-01 -1.261422298902191708e-01 4.596485877643331719e+00 1.222780483048802465e+08
1.000000000000000000e+00 -3.794333678125919391e+02 4.684739028217109791e+01 -8.614552638018872822e+05 -1.031295033017185625e+14 -1.626496161954710189e-05 1.723203210891502252e-06 9.605626589550396274e-07 2.010022191048815305e-06 -6.445639057256479418e+02 -3.714256417866242721e+00 2.664762664349972776e-01 1.480901473665328372e-01 -1.712228830232806143e+00 5.732863583820693195e+07
1.000000000000000000e+00 -4.037536073303671174e+02 6.530785669176869135e+01 -8.643078265260154149e+05 -1.038136257591232656e+14 -1.736479475132172119e-05 2.410195327365574667e-06 1.096269139476832919e-06 -3.094705017878581621e-06 2.763019625100616850e+02 1.586325546531065944e+00 -9.113826107158901069e-01 -6.319439267646341507e-02 -2.966766746824390566e+00 -1.967937775413082540e+08
1.000000000000000000e+00 -4.184091096155539162e+02 8.219105270319562351e+01 -8.671603748738927534e+05 -1.045000063624123125e+14 -1.805449515468220001e-05 3.043282935282630096e-06 1.187749671550527955e-06 1.977305595853520810e-05 2.944482152525068841e+02 1.684323803885869220e+00 8.994795599858727009e-01 -6.710037735212188992e-02 3.794357258775495012e+00 1.949367008070650697e+08
1.000000000000000000e+00 -4.230486824597144278e+02 9.710060167862251035e+01 -8.700129149382159812e+05 -1.051886465506631562e+14 -1.831474345226601899e-05 3.607164797075783666e-06 1.226439111831641214e-06 -1.184025490820516521e-06 -6.564890699092181876e+02 -3.741608024051954917e+00 -2.393208184182448461e-01 1.491802410546583246e-01 2.595311373437934499e+00 -5.205574470595242083e+07
1.000000000000000000e+00 -4.174395619258520469e+02 1.096600382494441135e+02 -8.728654530872893520e+05 -1.058795478491382500e+14 -1.813116475056311637e-05 4.087088684484204097e-06 1.208031945695228615e-06 -2.365920470224117728e-06 5.464678929911073055e+02 3.103239813141721370e+00 -5.932228857807970712e-01 -1.236409257379263438e-01 -3.733410351624804502e+00 -1.295048944876465946e+08
1.000000000000000000e+00 -4.016799534004287011e+02 1.195418033424168698e+02 -8.757179962605200708e+05 -1.065727119422995469e+14 -1.750367439086446009e-05 4.469947693787148852e-06 1.133965250905175205e-06 3.126996996627589317e-05 -4.037893032502394419e+01 -2.284710209080675347e-01 9.982470516724729626e-01 9.132947054896188924e-03 -2.374085182628925816e-01 2.187160715444470644e+08
1.000000000000000000e+00 -3.761245452809055223e+02 1.265015761042037497e+02 -8.785705508994092233e+05 -1.072681404150333906e+14 -1.644345638779217027e-05 4.745597950691640848e-06 1.011124543935205616e-06 -2.597914092428065062e-06 -4.987046599933080984e+02 -2.811583874569725250e+00 -6.839031726332159833e-01 1.121012536582104840e-01 4.824554112699746433e+00 -1.503855034178112149e+08
