5.400000011628543871e+04 1.804650779418474957e-07 9.999999999999999547e-08
5.400917669504907099e+04 3.571555321328592537e-09 9.999999999999999547e-08
5.401835330766047991e+04 1.661334784235522968e-07 9.999999999999999547e-08
5.402752996657392214e+04 9.550829161770382666e-08 9.999999999999999547e-08
5.403670668471091631e+04 9.819873995659154791e-08 9.999999999999999547e-08
5.404588347342515772e+04 7.309393017159078313e-09 9.999999999999999547e-08
5.405506034109534812e+04 3.996231506508349233e-08 9.999999999999999547e-08
5.406423729558518244e+04 1.144733150353219157e-08 9.999999999999999547e-08
5.407341434288070741e+04 -2.824002117757622239e-08 9.999999999999999547e-08
5.408259148445635947e+04 8.964041666328816879e-08 9.999999999999999547e-08
5.409176872102355264e+04 1.764480876026829381e-07 9.999999999999999547e-08
5.410094605033407424e+04 1.775575708744872532e-07 9.999999999999999547e-08
5.411012346692769643e+04 7.300340507295539313e-08 9.999999999999999547e-08
5.411930096402728668e+04 3.278148074930666241e-09 9.999999999999999547e-08
5.412847853220361139e+04 1.430082466719827872e-07 9.999999999999999547e-08
5.413765615901109413e+04 8.442148008359318147e-09 9.999999999999999547e-08
5.414683383218833478e+04 7.764587011625567981e-08 9.999999999999999547e-08
5.415601153787934163e+04 -1.501275143312273272e-07 9.999999999999999547e-08
5.416518926060148806e+04 -6.824167705730118611e-08 9.999999999999999547e-08
5.417436698579361109e+04 5.135384870674755798e-08 9.999999999999999547e-08
5.418354469850675378e+04 -1.476503990859204216e-07 9.999999999999999547e-08
5.419272238382878277e+04 4.655555493449909824e-08 9.999999999999999547e-08
5.420190002880823886e+04 -3.897114553865636398e-08 9.999999999999999547e-08
5.421107762150479539e+04 1.020665429159626650e-07 9.999999999999999547e-08
5.422025515010106756e+04 1.251744963607881044e-07 9.999999999999999547e-08
5.422943260627824930e+04 -1.727076155050210743e-07 9.999999999999999547e-08
5.423860998253559956e+04 3.471451534394604412e-08 9.999999999999999547e-08
5.424778727342924685e+04 6.325663421626537957e-09 9.999999999999999547e-08
5.425696447603635897e+04 1.136947113376667600e-08 9.999999999999999547e-08
5.426614158910787228e+04 -4.862167379701996816e-08 9.999999999999999547e-08
5.427531861289175140e+04 -3.192262228653422531e-08 9.999999999999999547e-08
5.428449555056003737e+04 6.071469535360491867e-08 9.999999999999999547e-08
5.429367240732150094e+04 -7.238371914152601818e-08 9.999999999999999547e-08
5.430284918900913181e+04 -9.042043556225508516e-08 9.999999999999999547e-08
5.431202590449646959e+04 -1.780229626065861543e-07 9.999999999999999547e-08
5.432120256340141350e+04 -5.313687331220837414e-08 9.999999999999999547e-08
5.433037917641702370e+04 -9.211100988774626379e-08 9.999999999999999547e-08
5.433955575673151179e+04 -1.470092602468534669e-09 9.999999999999999547e-08
5.434873231726633821e+04 -7.095858280339077845e-08 9.999999999999999547e-08
5.435790887131330237e+04 -1.446695672043149897e-07 9.999999999999999547e-08
5.436708543365269725e+04 -4.129410589098091698e-08 9.999999999999999547e-08
5.437626201837814006e+04 -2.281246526935637008e-07 9.999999999999999547e-08
5.438543863896766561e+04 -1.128611464261528579e-08 9.999999999999999547e-08
5.439461530904281244e+04 -2.466044197257980550e-08 9.999999999999999547e-08
5.440379204067650426e+04 -1.798741171953801541e-07 9.999999999999999547e-08
5.441296884399379633e+04 -1.951458185846790708e-07 9.999999999999999547e-08
5.442214572880062769e+04 -2.251976535364077951e-07 9.999999999999999547e-08
5.443132270192886062e+04 -4.803469732009838862e-08 9.999999999999999547e-08
5.444049976763064478e+04 -1.794970961730444504e-08 9.999999999999999547e-08
5.444967692838757648e+04 -2.369155851914092815e-07 9.999999999999999547e-08
5.445885418391939311e+04 -1.801251925902550829e-07 9.999999999999999547e-08
5.446803153103269142e+04 -9.514626843559555043e-08 9.999999999999999547e-08
5.447720896483188699e+04 -9.953009882482037180e-08 9.999999999999999547e-08
5.448638647715695697e+04 6.776305662160133618e-08 9.999999999999999547e-08
5.449556405764224473e+04 -9.626649665440633509e-08 9.999999999999999547e-08
5.450474169505533791e+04 -1.729191667732189044e-07 9.999999999999999547e-08
5.451391937612680340e+04 -1.642557157823195345e-07 9.999999999999999547e-08
5.452309708630123350e+04 -7.185473298161426460e-08 9.999999999999999547e-08
5.453227481110238296e+04 -2.194420875758286794e-07 9.999999999999999547e-08
5.454145253520992992e+04 -2.697554312509768161e-09 9.999999999999999547e-08
5.455063024323404534e+04 1.135547270859764406e-07 9.999999999999999547e-08
5.455980792204795580e+04 -7.440166338510895765e-08 9.999999999999999547e-08
5.456898555774102715e+04 -1.557645619064837690e-07 9.999999999999999547e-08
5.457816313803270168e+04 -5.392902968171591097e-08 9.999999999999999547e-08
5.458734065331821330e+04 -1.608062878526347728e-08 9.999999999999999547e-08
5.459651809426707769e+04 -2.731865547044810144e-08 9.999999999999999547e-08
5.460569545366505918e+04 1.838643688149111511e-07 9.999999999999999547e-08
5.461487272758755716e+04 -1.016829218504242978e-07 9.999999999999999547e-08
5.462404991243506083e+04 3.295380189201560922e-08 9.999999999999999547e-08
5.463322700738690037e+04 4.518052568592169243e-08 9.999999999999999547e-08
5.464240401410403865e+04 -1.833566379420035705e-08 9.999999999999999547e-08
5.465158093548739998e+04 2.337114498233110567e-08 9.999999999999999547e-08
5.466075777645473136e+04 2.291974921864198638e-08 9.999999999999999547e-08
5.466993454457245389e+04 -8.859060888334832989e-08 9.999999999999999547e-08
5.467911124801848200e+04 9.411026062327336908e-08 9.999999999999999547e-08
5.468828789667933597e+04 5.741135307767949941e-08 9.999999999999999547e-08
5.469746450267055479e+04 -3.962572339071416452e-08 9.999999999999999547e-08
5.470664107801744103e+04 7.961543510095518841e-08 9.999999999999999547e-08
5.471581763603126456e+04 -7.223075213213232931e-08 9.999999999999999547e-08
5.472499419107553695e+04 -7.893735092249270685e-09 9.999999999999999547e-08
5.473417075675577507e+04 9.961404925776608888e-08 9.999999999999999547e-08
5.474334734715970262e+04 1.127582511397828763e-07 9.999999999999999547e-08
5.475252397721833404e+04 1.210497865780159250e-07 9.999999999999999547e-08
5.476170065863801574e+04 1.005746691180284190e-07 9.999999999999999547e-08
5.477087740366055368e+04 1.711995859503340161e-07 9.999999999999999547e-08
5.478005422298766644e+04 2.553355987094252734e-07 9.999999999999999547e-08
5.478923112491912616e+04 1.356645343480797404e-07 9.999999999999999547e-08
5.479840811596759886e+04 1.066627344940139619e-07 9.999999999999999547e-08
5.480758520094428241e+04 -1.182303802468760401e-08 9.999999999999999547e-08
5.481676238075671426e+04 -1.164009614979925622e-07 9.999999999999999547e-08
5.482593965476143057e+04 1.488770935311527984e-07 9.999999999999999547e-08
5.483511703144540661e+04 2.420631593945422388e-07 9.999999999999999547e-08
5.484429448163329653e+04 1.019885745567799992e-07 9.999999999999999547e-08
5.485347200839612196e+04 1.080039090603146681e-07 9.999999999999999547e-08
5.486264960154399887e+04 2.486724356924047083e-07 9.999999999999999547e-08
5.487182724869746016e+04 1.697011787926621696e-07 9.999999999999999547e-08
5.488100493663338420e+04 3.306778472181797183e-08 9.999999999999999547e-08
5.489018265137573326e+04 2.087305519550725330e-07 9.999999999999999547e-08
5.489936037725655478e+04 6.956777576102061180e-08 9.999999999999999547e-08
5.490853809916778846e+04 8.339306689700564011e-08 9.999999999999999547e-08
5.491771580301116774e+04 2.562282392315913312e-07 9.999999999999999547e-08
5.492689347405645822e+04 2.122625618218141512e-07 9.999999999999999547e-08
5.493607109975833737e+04 1.706923056632695186e-07 9.999999999999999547e-08
5.494524866838801972e+04 8.285036608111577429e-08 9.999999999999999547e-08
5.495442616933119280e+04 -9.458339762634385789e-09 9.999999999999999547e-08
5.496360359437975421e+04 2.558516261392789777e-07 9.999999999999999547e-08
5.497278093757477473e+04 1.875405445535486953e-07 9.999999999999999547e-08
5.498195819380827015e+04 7.860409018169538566e-09 9.999999999999999547e-08
5.499113536082232167e+04 3.659520503833069623e-08 9.999999999999999547e-08
5.500031243822948454e+04 8.011521012352773195e-08 9.999999999999999547e-08
5.500948942743003136e+04 2.440892328114747265e-08 9.999999999999999547e-08
5.501866633241845557e+04 -1.584687788960581850e-07 9.999999999999999547e-08
5.502784315882548981e+04 -6.512251073232594842e-08 9.999999999999999547e-08
5.503701991318361979e+04 3.386145294316562125e-08 9.999999999999999547e-08
5.504619660469902738e+04 2.018459026434763004e-07 9.999999999999999547e-08
5.505537324421182711e+04 2.626743975148479841e-07 9.999999999999999547e-08
5.506454984300520300e+04 -4.514530250775616860e-09 9.999999999999999547e-08
5.507372641385588940e+04 -1.695901470436570003e-08 9.999999999999999547e-08
5.508290297051416564e+04 1.413631898858205619e-07 9.999999999999999547e-08
5.509207952607880725e+04 7.713111453176247097e-09 9.999999999999999547e-08
5.510125609567691572e+04 7.323439443624033030e-08 9.999999999999999547e-08
5.511043269357919780e+04 9.628970304020488728e-08 9.999999999999999547e-08
5.511960933257522265e+04 -5.048087359739166124e-08 9.999999999999999547e-08
5.512878602584853070e+04 6.578766020837569414e-08 9.999999999999999547e-08
5.513796278523533692e+04 1.117371572059162675e-07 9.999999999999999547e-08
5.514713962030031689e+04 1.637139755322951923e-07 9.999999999999999547e-08
5.515631653951475164e+04 -4.103568721573974874e-08 9.999999999999999547e-08
5.516549354956833122e+04 -6.763369663874383086e-08 9.999999999999999547e-08
5.517467065301026742e+04 2.041789060115958492e-07 9.999999999999999547e-08
5.518384785183896020e+04 -5.713129386318846087e-08 9.999999999999999547e-08
5.519302514468671870e+04 2.073345727595679340e-07 9.999999999999999547e-08
5.520220252726948092e+04 1.514424901249802320e-07 9.999999999999999547e-08
5.521137999336265784e+04 8.919137263913105345e-09 9.999999999999999547e-08
5.522055753451171040e+04 -8.625471382861103112e-09 9.999999999999999547e-08
5.522973513930277841e+04 1.162226056366797042e-07 9.999999999999999547e-08
5.523891279588254838e+04 7.621663018026872292e-08 9.999999999999999547e-08
5.524809049053978379e+04 3.132416356486057496e-09 9.999999999999999547e-08
5.525726820842213056e+04 -1.001389431587149286e-07 9.999999999999999547e-08
5.526644593481803167e+04 -1.480860283947055635e-07 9.999999999999999547e-08
5.527562365464591130e+04 -1.382704383122274160e-07 9.999999999999999547e-08
5.528480135276191140e+04 -1.203616893508217101e-07 9.999999999999999547e-08
5.529397901600887417e+04 1.134760327679369710e-08 9.999999999999999547e-08
5.530315663139343087e+04 9.665560115257406677e-09 9.999999999999999547e-08
5.531233418706505472e+04 -2.291028151646686154e-09 9.999999999999999547e-08
5.532151167368571623e+04 -8.841280430801002113e-08 9.999999999999999547e-08
5.533068908327708050e+04 -4.469674443597622664e-08 9.999999999999999547e-08
5.533986640916686156e+04 -1.871218269274363888e-07 9.999999999999999547e-08
5.534904364779398020e+04 1.064301252894717603e-07 9.999999999999999547e-08
5.535822079724843206e+04 4.129263669496058367e-08 9.999999999999999547e-08
5.536739785658068286e+04 2.429899005448825789e-08 9.999999999999999547e-08
5.537657482894051645e+04 -1.232285923973333619e-07 9.999999999999999547e-08
5.538575171780690289e+04 -1.204586638474228491e-07 9.999999999999999547e-08
5.539492852883619344e+04 6.727877808038989045e-08 9.999999999999999547e-08
5.540410527020342852e+04 -1.555683991302298584e-07 9.999999999999999547e-08
5.541328195079647412e+04 -2.942358518954577321e-08 9.999999999999999547e-08
5.542245858098255849e+04 -4.833746967872515171e-09 9.999999999999999547e-08
5.543163517322135885e+04 -5.945328231075865389e-08 9.999999999999999547e-08
5.544081174024713982e+04 -9.588437610181926394e-08 9.999999999999999547e-08
5.544998829525752808e+04 -1.935076431541511787e-08 9.999999999999999547e-08
5.545916485288427066e+04 -1.443908465186495328e-07 9.999999999999999547e-08
5.546834142707920546e+04 -6.299144757427784787e-08 9.999999999999999547e-08
5.547751803178508271e+04 -1.889267320786267024e-08 9.999999999999999547e-08
5.548669468073586904e+04 7.728661929245920834e-09 9.999999999999999547e-08
5.549587138658927142e+04 -6.198649805827523472e-08 9.999999999999999547e-08
5.550504815989839699e+04 -8.554978888051578280e-08 9.999999999999999547e-08
5.551422501134283812e+04 -3.359342674645147060e-07 9.999999999999999547e-08
5.552340194844509824e+04 -3.523168800156861955e-08 9.999999999999999547e-08
5.553257897655934357e+04 -8.868234589321767718e-08 9.999999999999999547e-08
5.554175609933740634e+04 -2.482408133309429086e-07 9.999999999999999547e-08
5.555093331701843999e+04 -2.627482976427130395e-08 9.999999999999999547e-08
5.556011062791211589e+04 1.274174665220673790e-08 9.999999999999999547e-08
5.556928802800658013e+04 2.144159007668585262e-08 9.999999999999999547e-08
5.557846550998049497e+04 -5.862305967170556163e-08 9.999999999999999547e-08
5.558764306433949241e+04 -1.373538241394539134e-07 9.999999999999999547e-08
5.559682068059081212e+04 7.689785739071738146e-09 9.999999999999999547e-08
5.560599834589006059e+04 -1.239955332379362341e-07 9.999999999999999547e-08
5.561517604623080842e+04 -1.108210403244087448e-07 9.999999999999999547e-08
5.562435376719566557e+04 -1.273075686619422843e-07 9.999999999999999547e-08
5.563353149345124984e+04 -9.423818542677693764e-08 9.999999999999999547e-08
5.564270920981794916e+04 1.518770395395938818e-07 9.999999999999999547e-08
5.565188690230963402e+04 -1.471387452274613075e-07 9.999999999999999547e-08
5.566106455703523534e+04 -1.268306574287423815e-08 9.999999999999999547e-08
5.567024216110609996e+04 3.606486901070455782e-08 9.999999999999999547e-08
5.567941970379712438e+04 -5.707470740860159567e-08 9.999999999999999547e-08
5.568859717576837284e+04 -1.572286284295017525e-07 9.999999999999999547e-08
5.569777456860870006e+04 1.684815222877190457e-08 9.999999999999999547e-08
5.570695187775270460e+04 -5.554471334641321833e-08 9.999999999999999547e-08
5.571612909871013835e+04 -1.320079160328352450e-07 9.999999999999999547e-08
5.572530622966708324e+04 5.243541671421845868e-08 9.999999999999999547e-08
5.573448327172482823e+04 -9.035229424003311816e-08 9.999999999999999547e-08
5.574366022703445196e+04 -2.554380920051899068e-07 9.999999999999999547e-08
5.575283709965750313e+04 5.517470623672146574e-09 9.999999999999999547e-08
5.576201389643711445e+04 1.170720503919855932e-07 9.999999999999999547e-08
5.577119062466189644e+04 -1.632531420334942222e-07 9.999999999999999547e-08
5.578036729401053162e+04 -4.079811049800863507e-08 9.999999999999999547e-08
5.578954391584088444e+04 -5.098453623898162487e-08 9.999999999999999547e-08
5.579872050210040470e+04 3.887842528514385344e-08 9.999999999999999547e-08
5.580789706537206075e+04 -1.377760627605123853e-07 9.999999999999999547e-08
5.581707361997709813e+04 1.395198105350613891e-07 9.999999999999999547e-08
5.582625017969310284e+04 3.264937672836200492e-07 9.999999999999999547e-08
