1.000000000000000000e+00 -4.661415721502040697e+02 3.718188658089979270e+01 -3.993094988227390568e+05 -1.725015590144962305e+13 -6.335493692320530966e-06 4.935324354869888261e-07 1.113482943670858853e-06 -3.175898599917364606e+01 -1.055877747327952143e+00 -1.725861743467763110e-01 4.308348674661949818e-01 2.715611177020289091e+01 -6.593886587210850418e+07
1.000000000000000000e+00 -4.378313939221985152e+02 2.094846440177076730e+01 -4.029736904244861798e+05 -1.756819433734594727e+13 -6.005325835034966084e-06 2.806102449197950439e-07 9.785716288964154279e-07 -3.153892938653295275e+01 -1.046390215617695851e+00 2.171315202708905545e-01 4.270155552380359154e-01 3.441982512233551006e+01 8.313016267159748077e+07
1.000000000000000000e+00 -3.987209481962960922e+02 4.204976661760899681e+00 -4.066379075513078715e+05 -1.788914011239852344e+13 -5.518612499843806289e-06 5.683895553506264529e-08 8.097940238936056600e-07 -2.651566770156705388e+01 -8.779117489019232501e-01 5.738557675291486859e-01 3.582964232266961924e-01 3.513836591671940113e+01 2.201592504568676054e+08
1.000000000000000000e+00 -3.496852643052642975e+02 -1.265854857685288870e+01 -4.103021576816344750e+05 -1.821299395124259766e+13 -4.883532893839506756e-06 -1.726483175290931321e-07 6.235138384304590223e-07 -1.743898513936273176e+01 -5.761995539861392013e-01 8.434138559550891090e-01 2.351468985378010190e-01 2.889565086813454897e+01 3.242436666017991304e+08
1.000000000000000000e+00 -2.918247170037340652e+02 -2.921252253678456867e+01 -4.139664480826018262e+05 -1.853975658330504688e+13 -4.111877814521772040e-06 -4.019840677706562376e-07 4.378744947153302685e-07 -5.677365733391471103e+00 -1.871991344969113347e-01 9.849266485581652519e-01 7.629279623517878917e-02 1.934369286574530378e+01 3.794280241528782248e+08
1.000000000000000000e+00 -2.266127097825036003e+02 -4.501756705546507220e+01 -4.176307848382798838e+05 -1.886942865415408984e+13 -3.221289472559796351e-06 -6.249555965885595909e-07 2.714386353349069531e-07 6.990073857537836943e+00 2.300095197853568862e-01 9.769844750568430491e-01 -9.414246468589210215e-02 1.206218553301051877e+01 3.771430390656006336e+08
1.000000000000000000e+00 -1.556423605133415151e+02 -5.968881331033976068e+01 -4.212951726230166969e+05 -1.920201070014850391e+13 -2.231861684786902604e-06 -8.358994983326798062e-07 1.407190041110190655e-07 1.864286905384357240e+01 6.121892483028109622e-01 8.208510959148216379e-01 -2.503019012921601227e-01 1.130005572195923413e+01 3.175220677122157216e+08
1.000000000000000000e+00 -8.064618831151865663e+01 -7.283482603467813021e+01 -4.249596155510997050e+05 -1.953750322097584766e+13 -1.166499322660646999e-06 -1.028872086348095784e-06 5.889393965900772814e-08 2.750884462383789142e+01 9.014798266699201035e-01 5.402370014082610306e-01 -3.685072808220283824e-01 1.750061186706988536e+01 2.094031182285721302e+08
1.000000000000000000e+00 -3.614383584066167110e+00 -8.409112905149024186e+01 -4.286241161827848991e+05 -1.987590658524894922e+13 -5.273073545338491574e-08 -1.198123049783024024e-06 3.442194480364067770e-08 3.223129374360249244e+01 1.054080834562488800e+00 1.776974534749471424e-01 -4.308337196596233598e-01 2.704645451624842778e+01 6.901881615536762774e+07
1.000000000000000000e+00 7.348583769356169171e+01 -9.318058592443810539e+01 -4.322886747793533723e+05 -2.021722095466652344e+13 1.081260883887083639e-06 -1.338979512549530855e-06 6.969802043493217446e-08 3.207479004112977350e+01 1.046825549029701596e+00 -2.117962558629247760e-01 -4.278162520760974141e-01 3.436802014553997964e+01 -8.243094287938708067e+07
1.000000000000000000e+00 1.486982099110521460e+02 -9.985058481264069030e+01 -4.359532907336200587e+05 -2.056144640983690625e+13 2.206473345560215887e-06 -1.446988935134203334e-06 1.610368161760061231e-07 2.703946083617809037e+01 8.806931536483788570e-01 -5.691555023513543698e-01 -3.598865680724379068e-01 3.518981444596272468e+01 -2.219661895376361012e+08
1.000000000000000000e+00 2.199783205413674807e+02 -1.039063617480774013e+02 -4.396179617478087894e+05 -2.090858286863302344e+13 3.291609410819948648e-06 -1.518421008296065667e-06 2.988806389513430150e-07 1.786610263833057033e+01 5.807300518057355587e-01 -8.401108807204347162e-01 -2.373223655995697623e-01 2.902743671174333784e+01 -3.283028206462079883e+08
1.000000000000000000e+00 2.854853897234583542e+02 -1.052630239976250550e+02 -4.432826837117110263e+05 -2.125863006780322656e+13 4.307424150167838076e-06 -1.551069456494854876e-06 4.689562421603426603e-07 5.929716374406611479e+00 1.923525978975681727e-01 -9.834514342695868105e-01 -7.870873784014005559e-02 1.947782221192949947e+01 -3.850980001982479095e+08
1.000000000000000000e+00 3.435582972981022181e+02 -1.038764085542214559e+02 -4.469474518104454037e+05 -2.161158766291376172e+13 5.226487212668454310e-06 -1.543291728421233686e-06 6.536634034744489892e-07 -6.964679630312498482e+00 -2.254689323072138762e-01 -9.773172968761736357e-01 9.186755455606178400e-02 1.212407640924993935e+01 -3.834709782658388019e+08
1.000000000000000000e+00 3.926166924178242539e+02 -9.977307932406148439e+01 -4.506122593650069903e+05 -2.196745511250742969e+13 6.021778100465268696e-06 -1.494483127424911894e-06 8.335090454543027667e-07 -1.885474011766749314e+01 -6.091570970053939993e-01 -8.225709023420465504e-01 2.484744105421940741e-01 1.127060407173694401e+01 -3.234052498864420056e+08
1.000000000000000000e+00 4.314394453156594977e+02 -9.309154126671057838e+01 -4.542770983556657447e+05 -2.232623172215873438e+13 6.671042031354187523e-06 -1.405742260003747835e-06 9.900964282588526513e-07 -2.792096648264245218e+01 -9.002521296084281532e-01 -5.427056710352473612e-01 3.672872880483871727e-01 1.741883630977524788e+01 -2.138026728301709592e+08
1.000000000000000000e+00 4.591065884355429034e+02 -8.400450175639011263e+01 -4.579419607320639188e+05 -2.268791676897044922e+13 7.156109039313701453e-06 -1.278755859359654859e-06 1.107764761281997359e-06 -3.276756285998836660e+01 -1.054397962046894621e+00 -1.802830204393288671e-01 4.302300213027608899e-01 2.696942786550960847e+01 -7.116671006498503685e+07
1.000000000000000000e+00 4.748841254047729308e+02 -7.274545102286893439e+01 -4.616068377135026385e+05 -2.305250943156469922e+13 7.461271963735022239e-06 -1.116227483213642738e-06 1.174351490852611436e-06 -3.263920490999015556e+01 -1.048162077716631391e+00 2.095637176315102157e-01 4.277376266843812003e-01 3.433098661038403776e+01 8.289144347443857789e+07
1.000000000000000000e+00 4.784720604250312590e+02 -5.964044912780947527e+01 -4.652717198464946123e+05 -2.342000879298086719e+13 7.577330389358147849e-06 -9.224061681642732341e-07 1.183409821695001670e-06 -2.753896188547544810e+01 -8.826055153039340517e-01 5.675533330196124160e-01 3.602116535198174874e-01 3.519698045805902353e+01 2.249417590258812904e+08
1.000000000000000000e+00 4.699023229445712104e+02 -4.502374005164708848e+01 -4.689365980311414460e+05 -2.379041394214962109e+13 7.500232137626417072e-06 -7.018274233051082037e-07 1.134510420225624379e-06 -1.822880753468090731e+01 -5.830546601696126041e-01 8.393002305793628715e-01 2.379456254611281019e-01 2.906503852151997691e+01 3.333103591796924472e+08
1.000000000000000000e+00 4.494036559105261404e+02 -2.926381270702912829e+01 -4.726014631759562180e+05 -2.416372393999757031e+13 7.229106916571377141e-06 -4.597276316873044343e-07 1.032740675818501630e-06 -6.113388479715268886e+00 -1.951491569997690079e-01 9.835808566841777179e-01 7.953994424972811450e-02 1.952386748393034210e+01 3.913883214476187229e+08
1.000000000000000000e+00 4.176192649653131070e+02 -1.278957443951928497e+01 -4.762663064286221634e+05 -2.453993784326075000e+13 6.769917369437507744e-06 -2.024792807490085566e-07 8.890291318170025438e-07 6.973801356101498428e+00 2.221721725373732026e-01 9.785646288792917424e-01 -9.094036642822217464e-02 1.214868986069985368e+01 3.901682314164100885e+08
1.000000000000000000e+00 3.754671924210826432e+02 3.996030983390379987e+00 -4.799311204090667306e+05 -2.491905483348096875e+13 6.133436765537814114e-06 6.375032395243478128e-08 7.181363191145686027e-07 1.904818454502069258e+01 6.056347802827575233e-01 8.250808735871651978e-01 -2.476236068641590737e-01 1.124407999458784602e+01 3.296262444867202640e+08
1.000000000000000000e+00 3.239937558389066226e+02 2.068692415609514512e+01 -4.835958981653023511e+05 -2.530107411358551953e+13 5.333007983537533319e-06 3.325471022757226901e-07 5.367926832663810848e-07 2.827355088898608315e+01 8.971734664699131390e-01 5.464540530663513085e-01 -3.667478828934049306e-01 1.733615838988436408e+01 2.187459727529507279e+08
1.000000000000000000e+00 2.645731961958048259e+02 3.685005492565120022e+01 -4.872606331681305892e+05 -2.568599490902657031e+13 4.387934680976115230e-06 5.968622363850676071e-07 3.631252576757446708e-07 3.323890220743344770e+01 1.052648315624848729e+00 1.849547112427797901e-01 -4.302491904907994047e-01 2.686979748913712029e+01 7.418417148846325278e+07
1.000000000000000000e+00 1.987449190992861645e+02 5.210947355439689943e+01 -4.909253207278456539e+05 -2.607381661994474609e+13 3.320966175030362174e-06 8.503676990424279614e-07 2.143328139026437316e-07 3.317234705931329586e+01 1.048467805196120484e+00 -2.045918872030749180e-01 -4.284883613935721591e-01 3.428186769679068391e+01 -8.222274849410164356e+07
1.000000000000000000e+00 1.280672626867223300e+02 6.611200910601661462e+01 -4.945899571414539241e+05 -2.646453873720147656e+13 2.155938685851876297e-06 1.086926772146225252e-06 1.047483834161971352e-07 2.806072043184575548e+01 8.851598146328047978e-01 -5.630856719486209139e-01 -3.617122281227059255e-01 3.524418225495538337e+01 -2.267431025638896525e+08
1.000000000000000000e+00 5.431256848695564798e+01 7.850452662161760031e+01 -4.982545398314524209e+05 -2.685816086125295703e+13 9.210953520370978560e-07 1.300231252954976846e-06 4.496610408604192492e-08 1.865658466973605201e+01 5.873550208212459101e-01 -8.360906269939760715e-01 -2.400286458468603723e-01 2.919084013026542124e+01 -3.373395748159024715e+08
1.000000000000000000e+00 -2.070656247893294832e+01 8.901349277767793922e+01 -5.019190679262262420e+05 -2.725468276964491016e+13 -3.537485650991739365e-07 1.485128986004168553e-06 4.066368052581030334e-08 6.369923051598900265e+00 2.001474623327560154e-01 -9.820967479081275098e-01 -8.189153758379863479e-02 1.965522784173993998e+01 -3.970277398802213669e+08
1.000000000000000000e+00 -9.527471522450237273e+01 9.740482862217054105e+01 -5.055835412912164466e+05 -2.765410431779061328e+13 -1.639545870958324700e-06 1.636997632113199647e-06 9.231036574316420658e-08 -6.941330913528478419e+00 -2.176745694800487352e-01 -9.788532983408395616e-01 8.868593263082752420e-02 1.221161991424019888e+01 -3.964926526466122866e+08
1.000000000000000000e+00 -1.675754042343928063e+02 1.034624664691273210e+02 -5.092479608156289905e+05 -2.805642547348480078e+13 -2.904641641830735046e-06 1.751405717740932712e-06 1.950499914823574801e-07 -1.925196008433629302e+01 -6.025465686244252383e-01 -8.267943296939938014e-01 2.457763750164757843e-01 1.121595285334347736e+01 -3.355554562538251877e+08
1.000000000000000000e+00 -2.358699054162881339e+02 1.070631455180847666e+02 -5.129123293773218174e+05 -2.846164642804596094e+13 -4.117832306705098887e-06 1.825398858805531946e-06 3.390719699845437968e-07 -2.867911268502290412e+01 -8.958468367849102831e-01 -5.490082226795963694e-01 3.654890311579551132e-01 1.725235761004382695e+01 -2.232509293376809657e+08
1.000000000000000000e+00 -2.986214372670266926e+02 1.081305845938622667e+02 -5.165766507964369957e+05 -2.886976748724370312e+13 -5.250597634188393534e-06 1.856769357482957507e-06 5.109541729664786209e-07 -3.377269622959456541e+01 -1.052901729311316092e+00 -1.877345143990453158e-01 4.296184991188319313e-01 2.678756511201916268e+01 -7.648997146480812132e+07
1.000000000000000000e+00 -3.542915177309981232e+02 1.066156935661949916e+02 -5.202409294716595905e+05 -2.928078903408899219e+13 -6.273620681433920063e-06 1.843742601048015839e-06 6.944618776678048707e-07 -3.374031155080579225e+01 -1.049849145791839522e+00 2.020823780602899467e-01 4.284251018014109680e-01 3.424069435244784643e+01 8.249604223471808434e+07
1.000000000000000000e+00 -4.015224134381429621e+02 1.025671491210199093e+02 -5.239051712457637768e+05 -2.969471162924471875e+13 -7.160040242458416058e-06 1.786222710012659490e-06 8.722300710932962474e-07 -2.857070310472320074e+01 -8.872705996809452378e-01 5.611854947114529590e-01 3.621151546430745327e-01 3.525305009159274761e+01 2.295375567653839886e+08
1.000000000000000000e+00 -4.392449708167370659e+02 9.608006565963523826e+01 -5.275693824873067206e+05 -3.011153591192355859e+13 -7.887499885067952987e-06 1.684951915285628108e-06 1.027596856516550278e-06 -1.903633767124249943e+01 -5.900347005518115084e-01 8.350404977843157717e-01 2.407953317627237189e-01 2.923697694882458364e+01 3.422124968908040524e+08
1.000000000000000000e+00 -4.664694233888563986e+02 8.727749508923409394e+01 -5.312335703242486343e+05 -3.053126262882523828e+13 -8.434545357526779515e-06 1.541212142823316405e-06 1.145319907241936507e-06 -6.575506839974296192e+00 -2.034154845446488891e-01 9.821201032217604654e-01 8.291626071229755979e-02 1.971237203694728990e+01 4.032666482704089284e+08
1.000000000000000000e+00 -4.824705154969307159e+02 7.637714204426433184e+01 -5.348977430931945564e+05 -3.095389268914068750e+13 -8.784044525141787105e-06 1.358028255420437576e-06 1.213877764333226947e-06 6.926598368697097108e+00 2.138636754607225743e-01 9.801773165728930870e-01 -8.754578607515593747e-02 1.224294889718967205e+01 4.032460372575643659e+08
1.000000000000000000e+00 -4.868746324236948908e+02 6.363446793174376381e+01 -5.385619090164200170e+05 -3.137942701517621094e+13 -8.924949466280562258e-06 1.139207113166051179e-06 1.226918354667822946e-06 1.942336375196589060e+01 5.985567357996171012e-01 8.295735751138761938e-01 -2.447313689683390525e-01 1.118690712267255272e+01 3.419451996540299058e+08
1.000000000000000000e+00 -4.794430923705893974e+02 4.932442431333067390e+01 -5.422260762553286040e+05 -3.180786654817185156e+13 -8.848516197966614790e-06 8.890313210727715534e-07 1.182586332098435484e-06 2.901539713262489428e+01 8.924314429876567534e-01 5.531854314291828612e-01 -3.648104767823295846e-01 1.715866935515803959e+01 2.284582629481217563e+08
1.000000000000000000e+00 -4.602560067226453384e+02 3.380407010845363658e+01 -5.458902536609008675e+05 -3.223921233670021484e+13 -8.551805021031316835e-06 6.134073441027078125e-07 1.084574449613984242e-06 3.423670475795162105e+01 1.051006411730769585e+00 1.929259311463473181e-01 -4.295791742360229870e-01 2.667456560098603546e+01 7.982881411970548332e+07
1.000000000000000000e+00 -4.297719597199053396e+02 1.744996887853447021e+01 -5.495544498690208420e+05 -3.267346543182630078e+13 -8.038995590644973149e-06 3.187718938741244751e-07 9.422714587980229604e-07 3.427673046190619033e+01 1.050222820427379355e+00 -1.965879771717574664e-01 -4.292066635877525016e-01 3.418350675353890722e+01 -8.149995575103360415e+07
1.000000000000000000e+00 -3.885985534400620054e+02 6.392991252664650403e-01 -5.532186729004980298e+05 -3.311062683837712891e+13 -7.317302259760751688e-06 1.175643312656657986e-08 7.690796413614316287e-07 2.910580010503495174e+01 8.900857329697007270e-01 -5.562786545885058942e-01 -3.637256285073166562e-01 3.530175556492523725e+01 -2.310588346238697767e+08
1.000000000000000000e+00 -3.376675671285403837e+02 -1.619213648552283757e+01 -5.568829307493029628e+05 -3.355069758338300391e+13 -6.400387082863022491e-06 -2.997386171569366980e-07 5.819446832641340714e-07 1.948475945180192070e+01 5.947290556568247677e-01 -8.315388559073794150e-01 -2.430409467624679576e-01 2.937211712559565058e+01 -3.460516466516355276e+08
1.000000000000000000e+00 -2.782599676263225206e+02 -3.261775603144504743e+01 -5.605472300165210618e+05 -3.399367855028739844e+13 -5.309039126414980246e-06 -6.077723354063303293e-07 3.995433112390066874e-07 6.855682873088880136e+00 2.088566008029742460e-01 -9.805171494495362738e-01 -8.544768052106405110e-02 1.985466662078715672e+01 -4.088275826961963773e+08
1.000000000000000000e+00 -2.117573260194411660e+02 -4.823894345176395859e+01 -5.642115764092380414e+05 -3.443957053432986719e+13 -4.066618404878061043e-06 -9.047204705916084962e-07 2.397376158536834054e-07 -6.872171225227249991e+00 -2.089615564523077951e-01 -9.805036982087973474e-01 8.512930565018797524e-02 1.231219774694095115e+01 -4.095993830635592341e+08
1.000000000000000000e+00 -1.398009589021180545e+02 -6.263121421554476598e+01 -5.678759751469456824e+05 -3.488837428893889062e+13 -2.702194656096624258e-06 -1.182276246277668951e-06 1.186146632988956284e-07 -1.961060794126837337e+01 -5.951685443727146030e-01 -8.314288162582461617e-01 2.427650908404743735e-01 1.115842887069661948e+01 -3.479834907284166813e+08
1.000000000000000000e+00 -6.428009243530694050e+01 -7.541523179168079594e+01 -5.715404296528270934e+05 -3.534009036195582031e+13 -1.250479091333755118e-06 -1.432783806038375448e-06 4.866696474006299937e-08 -2.941165314085171190e+01 -8.909357467042240408e-01 -5.559144011101987415e-01 3.634843209988031232e-01 1.707055271377312522e+01 -2.331113698515808880e+08
1.000000000000000000e+00 1.293635892764087991e+01 -8.627211858474677797e+01 -5.752049417373810429e+05 -3.579471911136764844e+13 2.532722743567516238e-07 -1.649558449831858558e-06 3.701788171166620267e-08 -3.476797126266271931e+01 -1.051201264612416697e+00 -1.958471472429961224e-01 4.289235560478812381e-01 2.658833438145321892e+01 -8.227979590061208606e+07
1.000000000000000000e+00 8.985578634894325489e+01 -9.489134507110776440e+01 -5.788695120183834806e+05 -3.625226075151486719e+13 1.770433875371361458e-06 -1.825920718507627419e-06 8.487138624667899984e-08 -3.484672841899451612e+01 -1.051597742679528880e+00 1.940105904996549668e-01 4.291376028358278583e-01 3.414055515316183431e+01 8.166205102775812149e+07
1.000000000000000000e+00 1.644011255886512970e+02 -1.010410547157727166e+02 -5.825341392879771302e+05 -3.671271526858783594e+13 3.259711418334537376e-06 -1.956563242328646136e-06 1.872283402082829962e-07 -2.961941601716174333e+01 -8.921682515336192276e-01 5.543848186522919441e-01 3.641135222400302962e-01 3.530947576355760731e+01 2.337887110867663324e+08
1.000000000000000000e+00 2.346867783690502733e+02 -1.045750399240380233e+02 -5.861988207057076506e+05 -3.717608243787307031e+13 4.682594477706701656e-06 -2.037734585415775842e-06 3.336350153553417936e-07 -1.986719255428104347e+01 -5.972978281349403673e-01 8.305306197770756516e-01 2.437605830456226474e-01 2.941527154142237777e+01 3.509002636041094065e+08
1.000000000000000000e+00 2.988753044978618618e+02 -1.053784674574443159e+02 -5.898635526345248800e+05 -3.764236192397974219e+13 6.000598632375171114e-06 -2.066227215129816219e-06 5.089572588066955232e-07 -7.061672126501236768e+00 -2.119081520285751585e-01 9.805538536528541904e-01 8.638499738981710030e-02 1.990724033337417964e+01 4.150628048549375534e+08
1.000000000000000000e+00 3.552232827214784834e+02 -1.034335254788335590e+02 -5.935283293243121589e+05 -3.811155310861489062e+13 7.176221930276014725e-06 -2.040691791498386328e-06 6.947278113235936660e-07 6.859153003890327227e+00 2.054460518599302010e-01 9.817459515433917261e-01 -8.410663634379143827e-02 1.234109607227747141e+01 4.163458982556116581e+08
1.000000000000000000e+00 4.023430630038659501e+02 -9.881454431043496811e+01 -5.971931436053968500e+05 -3.858365517181825000e+13 8.178324070220052781e-06 -1.961599410171531550e-06 8.719211169833847245e-07 1.978455521874889911e+01 5.914830514156541597e-01 8.339869721561680160e-01 -2.418409139965630172e-01 1.113312334556300520e+01 3.543445304783720374e+08
1.000000000000000000e+00 4.390378458391890035e+02 -9.162891632721849078e+01 -6.008579881254495122e+05 -3.905866724714214844e+13 8.978975427102927882e-06 -1.830117722656032921e-06 1.022452883049389462e-06 2.974958211927911123e+01 8.877426670870727232e-01 5.597271940732432283e-01 -3.628948113289728328e-01 1.698678815451952318e+01 2.382608375000661016e+08
1.000000000000000000e+00 4.643335573452886251e+02 -8.207656471244283125e+01 -6.045228542917579180e+05 -3.953658828257347656e+13 9.554231946668345830e-06 -1.649326102467365524e-06 1.130833924395532267e-06 3.523125777322282204e+01 1.049363815581339399e+00 2.005720977239161540e-01 -4.289088289576128421e-01 2.648614826874561246e+01 8.553720604180091619e+07
1.000000000000000000e+00 4.777077544024216991e+02 -7.043382665373658824e+01 -6.081877329948388506e+05 -4.001741713083933594e+13 9.889012645394669622e-06 -1.423946188811810437e-06 1.186487472122153659e-06 3.537931351172387195e+01 1.051817882061499176e+00 -1.890073779961049527e-01 -4.298595441479847734e-01 3.408780789522072041e+01 -8.075512424319872260e+07
1.000000000000000000e+00 4.788875938456866379e+02 -5.699040206688009391e+01 -6.118526152783945436e+05 -4.050115263605239062e+13 9.973173902337523208e-06 -1.159106066268519428e-06 1.183917373557059717e-06 3.014767415252056537e+01 8.946221932122442322e-01 -5.499012145786345007e-01 -3.655798698234011268e-01 3.535247712741323056e+01 -2.353863661321929097e+08
1.000000000000000000e+00 4.678607102117080103e+02 -4.210452633476904083e+01 -6.155174916661864845e+05 -4.098779354467006250e+13 9.801893056032055459e-06 -8.614772683290737275e-07 1.123470430206035271e-06 2.030659379717340585e+01 6.014771525922559814e-01 -8.273013084435368869e-01 -2.457975788960249097e-01 2.953741150854152764e+01 -3.547840917069466710e+08
1.000000000000000000e+00 4.450673815168596548e+02 -2.617985218546628090e+01 -6.191823529493075330e+05 -4.147733860890746094e+13 9.379880848725949329e-06 -5.388407072159545406e-07 1.012142279657336284e-06 7.331925018524227511e+00 2.167692900812081824e-01 -9.790213209090862234e-01 -8.867863946905100991e-02 2.003695930280119342e+01 -4.206248144579046369e+08
1.000000000000000000e+00 4.111618857007019301e+02 -9.602039306358118864e+00 -6.228471912130131386e+05 -4.196978672618101562e+13 8.716604566088386564e-06 -1.988014862353556985e-07 8.614646329094814639e-07 -6.814109472452786420e+00 -2.010888628157206370e-01 -9.819347149921431317e-01 8.191567955476192209e-02 1.240551322115950406e+01 -4.226551674064580202e+08
1.000000000000000000e+00 3.670106600891935500e+02 7.206860168896692898e+00 -6.265119986552834744e+05 -4.246513678408372656e+13 7.826382268237149520e-06 1.500894360104108371e-07 6.863617090667672846e-07 -1.997930847966812706e+01 -5.885183599854592051e-01 -8.355355519176907997e-01 2.400508675782901946e-01 1.110967900085759474e+01 -3.603029771445447803e+08
1.000000000000000000e+00 3.138571770183461354e+02 2.381400111408466458e+01 -6.301767681718050735e+05 -4.296338774059687500e+13 6.732051624961772191e-06 4.988493323889348802e-07 5.045203755958792124e-07 -3.015052643246335151e+01 -8.864956151380621874e-01 -5.620531370001278226e-01 3.616718694550069557e-01 1.690953144446494250e+01 -2.428164828742519915e+08
1.000000000000000000e+00 2.530589443470950357e+02 3.983565657995418974e+01 -6.338414942594283493e+05 -4.346453875076267188e+13 5.459531092725955214e-06 8.393194426431710312e-07 3.338519249747177969e-07 -3.576412760647109224e+01 -1.049622011164412783e+00 -2.030803325570226248e-01 4.282781920568485279e-01 2.640964538059808930e+01 -8.789517854480019212e+07
1.000000000000000000e+00 1.860868366501298397e+02 5.488085126552137893e+01 -6.375061719363000011e+05 -4.396858902407690625e+13 4.037876500992506415e-06 1.163000415713145038e-06 1.909622352036168126e-07 -3.594844988668619834e+01 -1.053102227738692998e+00 1.867753463566372840e-01 4.297505929872705299e-01 3.404842124457306340e+01 8.098632045652022958e+07
1.000000000000000000e+00 1.146752951385552279e+02 6.857720937859835431e+01 -6.411707977299703052e+05 -4.447553796363848438e+13 2.502629649883104965e-06 1.461598805917108319e-06 8.981812244424461045e-08 -3.065944958309703594e+01 -8.965226173927901554e-01 5.482357747220909516e-01 3.658901902353819402e-01 3.535746090804713049e+01 2.381512995361894369e+08
1.000000000000000000e+00 4.054888905029386592e+01 8.062503140900544452e+01 -6.448353698706481373e+05 -4.498538519909814844e+13 8.899811245499986959e-07 1.728197549070566454e-06 3.995576849007167328e-08 -2.068819380122786811e+01 -6.038477664103992781e-01 8.263948451297123965e-01 2.464346408278287881e-01 2.957548144885369723e+01 3.596376835519120097e+08
1.000000000000000000e+00 -3.456712322332248277e+01 9.073777311470014695e+01 -6.484998870579909999e+05 -4.549813042036747656e+13 -7.630027926377212656e-07 1.956017151007119791e-06 4.606847982888517684e-08 -7.539890541342170849e+00 -2.196743625450992554e-01 9.790632037478367300e-01 8.955699695919437653e-02 2.008647901792916457e+01 4.268535282750477195e+08
1.000000000000000000e+00 -1.088030771625919328e+02 9.866817479401079538e+01 -6.521643494135509245e+05 -4.601377351388065625e+13 -2.415189531243790914e-06 2.138990156695687272e-06 1.075874819939783342e-07 6.795500851582053414e+00 1.976271913442103068e-01 9.831444605326269404e-01 -8.091213524547087588e-02 1.243462376613989129e+01 4.294124083971394300e+08
1.000000000000000000e+00 -1.804193856113056995e+02 1.042558226898494951e+02 -6.558287587746668141e+05 -4.653231460993610938e+13 -4.027417394942286849e-06 2.272821943879579500e-06 2.186226384543372981e-07 2.014486040071340156e+01 5.847925424814018891e-01 8.380919828687782847e-01 -2.391070339659531196e-01 1.108529954561612918e+01 3.667216949715144634e+08
1.000000000000000000e+00 -2.477808378472321351e+02 1.073643222703655908e+02 -6.594931177382895257e+05 -4.705375395305545312e+13 -5.561999811469707421e-06 2.353666314811847200e-06 3.687035958382067355e-07 3.047975112913764661e+01 8.832075096835561023e-01 5.659504674785258427e-01 -3.610418960258117704e-01 1.682386993119689578e+01 2.480901758953987658e+08
1.000000000000000000e+00 -3.092164361059859630e+02 1.079085297838111188e+02 -6.631574301265517715e+05 -4.757809197179900000e+13 -6.979626697679382913e-06 2.378740421253991481e-06 5.434961977249929018e-07 3.622198765860781577e+01 1.047704522208221967e+00 2.079993771114069800e-01 -4.282316274160081204e-01 2.630207775585857632e+01 9.134356863029989600e+07
1.000000000000000000e+00 -3.632903526624514257e+02 1.058957590534079714e+02 -6.668217012034651125e+05 -4.810532931488797656e+13 -8.245492010770893689e-06 2.347269361178539814e-06 7.266259076763978601e-07 3.648242746202321030e+01 1.053335923864053614e+00 -1.814875786087850051e-01 -4.304809440788462949e-01 3.399046368870787660e+01 -7.984472299261629581e+07
1.000000000000000000e+00 -4.087603887323401182e+02 1.013597494386995237e+02 -6.704859364049845608e+05 -4.863546667268392969e+13 -9.328492383485380084e-06 2.259070780277629014e-06 9.009502561617754642e-07 3.119812214198697120e+01 8.991448655945034618e-01 -5.434357481380174271e-01 -3.674285013660495425e-01 3.540076073238919463e+01 -2.395132090296285748e+08
1.000000000000000000e+00 -4.444405116261646640e+02 9.438927681350816101e+01 -6.741501422690682812e+05 -4.916850491353580469e+13 -1.019819364816572779e-05 2.115212119913468822e-06 1.049422121571381481e-06 2.114694818716386138e+01 6.083708178553924872e-01 -8.229000093064204879e-01 -2.486137038567887148e-01 2.970564406705958760e+01 -3.633363718634023070e+08
1.000000000000000000e+00 -4.694658768300969882e+02 8.516313151102441736e+01 -6.778143267299971776e+05 -4.970444513131339844e+13 -1.083098015427024834e-05 1.918832225906712409e-06 1.157783959016107069e-06 7.835831211428130771e+00 2.250228432276504542e-01 -9.773991943002366956e-01 -9.204880731439545050e-02 2.022818385227322224e+01 -4.323275600336334705e+08
1.000000000000000000e+00 -4.832338736643063726e+02 7.388091936136311233e+01 -6.814784975133694243e+05 -5.024328841427800000e+13 -1.120888754213433717e-05 1.673628587201183237e-06 1.215776446726667630e-06 -6.722946309151688560e+00 -1.927185144337312805e-01 -9.833937837953199423e-01 7.849889534800441604e-02 1.250723603007387119e+01 -4.357587764909689426e+08
1.000000000000000000e+00 -4.852669214501987653e+02 6.079227550876085218e+01 -6.851426629127227934e+05 -5.078503595938650000e+13 -1.131656662337309424e-05 1.384535348339443949e-06 1.217271666754380780e-06 -2.031546994958917196e+01 -5.813187378021551499e-01 -8.399073463977657639e-01 2.371123936222280792e-01 1.106017219802680351e+01 -3.728433587453081608e+08
1.000000000000000000e+00 -4.754684381315034898e+02 4.622531507704995590e+01 -6.888068317253210116e+05 -5.132968906497228906e+13 -1.114736250477768607e-05 1.058405195479211854e-06 1.161867926104048000e-06 -3.086438934789625677e+01 -8.815971441866601310e-01 -5.687137144827545399e-01 3.596723385313649324e-01 1.673548275476377611e+01 -2.529086573898066580e+08
1.000000000000000000e+00 -4.540414174838766712e+02 3.051437243634627450e+01 -6.924710122247444233e+05 -5.187724897880296094e+13 -1.070163301118211860e-05 7.023938133728968776e-07 1.054604858312642482e-06 -3.674902726880900872e+01 -1.047815331604670108e+00 -2.110387338859027184e-01 4.275399350040687274e-01 2.621192153646088485e+01 -9.401686216961660981e+07
1.000000000000000000e+00 -4.213455772140997624e+02 1.402844901881128870e+01 -6.961352130176422652e+05 -5.242771702505292188e+13 -9.983550681849528876e-06 3.246219616535874279e-07 9.051736336411712194e-07 -3.705653489562824632e+01 -1.054706186833136217e+00 1.787273926785333256e-01 4.304040642540024608e-01 3.394333415062806125e+01 7.976399789810489118e+07
1.000000000000000000e+00 -3.781389326702760059e+02 -2.807249892173537820e+00 -6.997994426817448111e+05 -5.298109455081253906e+13 -9.006954549556173367e-06 -6.530242412026257250e-08 7.282476193679244489e-07 -3.172387783741691791e+01 -9.013264305011238209e-01 5.413357281819902722e-01 3.678502137089512125e-01 3.540791980353601076e+01 2.420211578545556962e+08
1.000000000000000000e+00 -3.254659733562162387e+02 -1.958599819571973200e+01 -7.034637083134993445e+05 -5.353738270490852344e+13 -7.792920986914554245e-06 -4.579963789634096512e-07 5.413499873250148726e-07 -2.154832606331260436e+01 -6.111388395691469411e-01 8.217131941702990883e-01 2.494112425847794801e-01 2.975313166352095706e+01 3.680242143874725699e+08
1.000000000000000000e+00 -2.645014831222885618e+02 -3.589247038738321294e+01 -7.071280164550552145e+05 -5.409658257386436719e+13 -6.366183327118928831e-06 -8.436766552158940711e-07 3.626258803780780220e-07 -8.065635244915794644e+00 -2.283477757166883504e-01 9.773321836296118281e-01 9.309950367294222984e-02 2.028779737192672883e+01 4.384968451824373007e+08
1.000000000000000000e+00 -1.967719107504763656e+02 -5.128755930084155068e+01 -7.107923731557617430e+05 -5.465869518916169531e+13 -4.760568810335397879e-06 -1.211795759430870367e-06 2.100244271703428146e-07 6.683902695748430212e+00 1.888954659424748606e-01 9.846399051611171016e-01 -7.734468788209514223e-02 1.254172808379148130e+01 4.425562703059020042e+08
1.000000000000000000e+00 -1.240073835947338239e+02 -6.538360487195835447e+01 -7.144567827366330894e+05 -5.522372133428662500e+13 -3.015619153352648507e-06 -1.552814086265220672e-06 9.908989666313288540e-08 2.046460874608678893e+01 5.773370229061296488e-01 8.425882146084273661e-01 -2.360605567779703040e-01 1.103545253517764735e+01 3.793777865772915483e+08
1.000000000000000000e+00 -4.796905502816181155e+01 -7.781695611070909990e+01 -7.181212485522753559e+05 -5.579166165626849219e+13 -1.172497499866322353e-06 -1.857576265263964681e-06 4.113092365667335486e-08 3.118268890911335944e+01 8.781635504455284069e-01 5.727557405836170012e-01 -3.589810869606552823e-01 1.664642384357292570e+01 2.583390666493981481e+08
1.000000000000000000e+00 2.935014679351930766e+01 -8.823658986035709972e+01 -7.217857725039130310e+05 -5.636251658579580469e+13 7.210602915403390686e-07 -2.117052702469781177e-06 4.222062362376411530e-08 3.720166932306732832e+01 1.045830939479583721e+00 2.160658879387383768e-01 -4.274669232075007375e-01 2.610102808595797796e+01 9.762692933556444943e+07
1.000000000000000000e+00 1.059053435973517310e+02 -9.637646793488549690e+01 -7.254503542801056756e+05 -5.693628621227135156e+13 2.615041320795476083e-06 -2.324092130820842634e-06 1.022416014448161413e-07 3.759004910434686053e+01 1.054898047742664380e+00 -1.733971470562146733e-01 -4.311204399293536160e-01 3.388308057234650050e+01 -7.848503072054088116e+07
1.000000000000000000e+00 1.797797816775810702e+02 -1.020234814714665674e+02 -7.291149924824201735e+05 -5.751297045262722656e+13 4.461592096525463563e-06 -2.472696448460907776e-06 2.151544525280150017e-07 3.226498990410686218e+01 9.038762770449202399e-01 -5.365528718555102605e-01 -3.693624828749864086e-01 3.544873292257642561e+01 -2.432862418196853995e+08
1.000000000000000000e+00 2.489940688265415929e+02 -1.050056411823860998e+02 -7.327796892076421063e+05 -5.809256977354305469e+13 6.210340471558474680e-06 -2.557765302048211439e-06 3.693460681160035304e-07 2.201013198397649617e+01 6.155187350702920890e-01 -8.182579206958729978e-01 -2.515337226210357935e-01 2.987936792630534910e+01 -3.716670570335738659e+08
1.000000000000000000e+00 3.116994844986642761e+02 -1.052577883373108847e+02 -7.364444305380051956e+05 -5.867508209648128125e+13 7.813201972849682423e-06 -2.576729678559154522e-06 5.487334590883097145e-07 8.363214199061106413e+00 2.334717502949503753e-01 -9.756729222176397931e-01 -9.549877078798145458e-02 2.042504470416441009e+01 -4.439413656402657628e+08
1.000000000000000000e+00 3.663445285190696836e+02 -1.027804840601280745e+02 -7.401092152382966597e+05 -5.926050732974432031e+13 9.228657027659140197e-06 -2.528605670729244385e-06 7.349183572250499190e-07 -6.612239627857734448e+00 -1.842695191349168204e-01 -9.848016179019678518e-01 7.504999054810142234e-02 1.261250602663563747e+01 -4.488759274303145409e+08
1.000000000000000000e+00 4.114742208697484784e+02 -9.762426534122079147e+01 -7.437740364286538679e+05 -5.984884446930819531e+13 1.041685527694906244e-05 -2.413645197533967887e-06 9.085923978998688755e-07 -2.063838819349836839e+01 -5.741505719572771449e-01 -8.441845182264484659e-01 2.341867562500018207e-01 1.101421806962457950e+01 -3.854515877053416371e+08
1.000000000000000000e+00 4.459141703597489936e+02 -8.994703748129441578e+01 -7.474388858901700005e+05 -6.044009227276984375e+13 1.134435862101202692e-05 -2.234792419194002205e-06 1.051971637113098776e-06 -3.157116142651255331e+01 -8.767726501749470991e-01 -5.751628555589247682e-01 3.577030180394705772e-01 1.656765644877608423e+01 -2.630733629045205712e+08
1.000000000000000000e+00 4.689005903454304303e+02 -7.996256044248866601e+01 -7.511037552512383554e+05 -6.103424944684054688e+13 1.198764015296454286e-05 -1.996462983883966488e-06 1.150930266388473194e-06 -3.773079614238901769e+01 -1.046020307736675869e+00 -2.186462222376148179e-01 4.268064833779592337e-01 2.602184956074424349e+01 -1.001798348883255869e+08
1.000000000000000000e+00 4.798544898616092382e+02 -6.792080314597433244e+01 -7.547686357070050435e+05 -6.163131460092358594e+13 1.232753920779539163e-05 -1.704085160818320728e-06 1.195288935390785009e-06 -3.816224257636239514e+01 -1.056153505962208028e+00 1.711297018733028974e-01 4.309936699139834682e-01 3.384163872459068756e+01 7.854430786055023968e+07
1.000000000000000000e+00 4.785421396460824326e+02 -5.415850423221150578e+01 -7.584335175484379288e+05 -6.223128616811399219e+13 1.235351905840176961e-05 -1.365396596781037670e-06 1.180661442248818974e-06 -3.278372163787334870e+01 -9.057361821734231100e-01 5.348903628930845588e-01 3.696494281097074674e-01 3.545185780101512307e+01 2.459256285965835154e+08
1.000000000000000000e+00 4.651610411143101373e+02 -3.904020074589762856e+01 -7.620983915519857546e+05 -6.283416263076511719e+13 1.206611232293779167e-05 -9.890032626236586621e-07 1.109389858039016850e-06 -2.240002227751108776e+01 -6.177937549086307545e-01 8.173672211914712049e-01 2.521281036711888746e-01 2.991460896703548400e+01 3.764476879707282782e+08
1.000000000000000000e+00 4.400862561488424944e+02 -2.293810256623605071e+01 -7.657632491202764213e+05 -6.343994254572606250e+13 1.147057820880838671e-05 -5.838840974825604374e-07 9.889279078320589728e-07 -8.579319659128032072e+00 -2.362113729645228255e-01 9.757020731412578973e-01 9.631123012460794663e-02 2.047133226614138479e+01 4.501442987019003630e+08
1.000000000000000000e+00 4.040103590274553085e+02 -6.279025910854737269e+00 -7.694280818157352041e+05 -6.404862446917966406e+13 1.058067850268465369e-05 -1.605960817291563684e-07 8.315617191317753028e-07 6.585994890177103933e+00 1.810187337230979299e-01 9.859291185425995696e-01 -7.412657346481910103e-02 1.264072233299809511e+01 4.556444038218472600e+08
1.000000000000000000e+00 3.579935518785050022e+02 1.051719947490125762e+01 -7.730928822254528059e+05 -6.466020710194861719e+13 9.420194373483941954e-06 2.702753403806750219e-07 6.533591738957582923e-07 2.079664047400265403e+01 5.706249818385401573e-01 8.465666488821286251e-01 -2.333178821023683958e-01 1.099364453781144846e+01 3.919097233262920380e+08
1.000000000000000000e+00 3.031915573489430358e+02 2.705409503612072797e+01 -7.767576438117973739e+05 -6.527468926845109375e+13 8.015961532585964475e-06 6.985430628737235876e-07 4.717703676454009394e-07 3.189349071322759244e+01 8.736075891919125036e-01 5.788008897139592657e-01 -3.571196468557683024e-01 1.648945707110321024e+01 2.684091565536999702e+08
1.000000000000000000e+00 2.409879870700312949e+02 4.291262865651034986e+01 -7.804223605171275558e+05 -6.589206985342231250e+13 6.401445955091716908e-06 1.113241684590678004e-06 3.046947390897446719e-07 3.818287672755889872e+01 1.044097398250504183e+00 2.232578577023039412e-01 -4.267593383417159214e-01 2.592080445456003801e+01 1.037091000008942485e+08
1.000000000000000000e+00 1.730230956448296524e+02 5.771182179563800219e+01 -7.840870279955165461e+05 -6.651234801278701562e+13 4.617653400096740696e-06 1.504193438763751029e-06 1.686275426456962324e-07 3.869274517775741629e+01 1.056236598762577250e+00 -1.661412369733900607e-01 -4.316684572170653711e-01 3.378446270616380787e+01 -7.730867884397412837e+07
1.000000000000000000e+00 1.009155637198349638e+02 7.111877188405432548e+01 -7.877516435233935481e+05 -6.713552316521527344e+13 2.705829662526665838e-06 1.862293825930152595e-06 7.644548165501399776e-08 3.332227403976180113e+01 9.080857743311012698e-01 -5.303231575958831101e-01 -3.710831550864905903e-01 3.548914155214982458e+01 -2.471899625745338500e+08
1.000000000000000000e+00 2.639962363040572058e+01 8.280274697890959601e+01 -7.914162047293774085e+05 -6.776159478104995312e+13 7.111409027807522918e-07 2.178333248624553260e-06 3.685605965006096580e-08 2.286226106468789965e+01 6.219754743762769822e-01 -8.139949111670340409e-01 -2.541714122109651197e-01 3.003563010285932933e+01 -3.800581849838216305e+08
1.000000000000000000e+00 -4.865649645652077737e+01 9.249354642903780643e+01 -7.950807109289455693e+05 -6.839056261331207812e+13 -1.316755182569057790e-06 2.444540777609593158e-06 5.360502621335090783e-08 8.881516020924046018e+00 2.412149867806164805e-01 -9.740321127770970033e-01 -9.866061010237722750e-02 2.060642206828926604e+01 -4.555526446183281541e+08
1.000000000000000000e+00 -1.225259969461343559e+02 9.998451218145964958e+01 -7.987451627256106585e+05 -6.902242663546100000e+13 -3.331113809336503083e-06 2.654700980386388826e-06 1.250392061209171743e-07 -6.506077242652626325e+00 -1.764008856217622601e-01 -9.860543131503223258e-01 7.183797572933302289e-02 1.271285897279751254e+01 -4.619572331557494402e+08
1.000000000000000000e+00 -1.934752439365828991e+02 1.050864572246824622e+02 -8.024095616835067049e+05 -6.965718698965523438e+13 -5.284142038654411059e-06 2.802963763254489824e-06 2.443253693099054276e-07 -2.096063629781435012e+01 -5.673507396460282237e-01 -8.481732985670502600e-01 2.314114494708676695e-01 1.097366418309833058e+01 -3.980337641603062153e+08
1.000000000000000000e+00 -2.597512757084770101e+02 1.076840461441677519e+02 -8.060739110375449527e+05 -7.029484411442090625e+13 -7.126651785941174522e-06 2.885365720125744682e-06 3.999521527884330928e-07 -3.227367583565700215e+01 -8.720923206300307262e-01 -5.813176443562572127e-01 3.557925564963752008e-01 1.640816962690207603e+01 -2.732637071781176925e+08
1.000000000000000000e+00 -3.198495759862392447e+02 1.077322960416399695e+02 -8.097382150571508100e+05 -7.093539863979803125e+13 -8.815427950539251112e-06 2.899780926588525070e-06 5.773706376303607240e-07 -3.870830838807799523e+01 -1.044206358214772701e+00 -2.260613830806638136e-01 4.260653375068849669e-01 2.583560809345674514e+01 -1.064453562874730527e+08
1.000000000000000000e+00 -3.723527739748956833e+02 1.052101662211719599e+02 -8.134024783965451643e+05 -7.157885127709181250e+13 -1.030891763806451714e-05 2.844708924172525604e-06 7.599139012730584837e-07 -3.926822075201943107e+01 -1.057530046379364652e+00 1.635661828603668377e-01 4.315543932208120714e-01 3.373802926172393057e+01 7.714797083679641783e+07
1.000000000000000000e+00 -4.159238458196051624e+02 1.001754200620708133e+02 -8.170667070722966455e+05 -7.222520299322028125e+13 -1.156709546141587297e-05 2.720779358051473493e-06 9.299140376032773790e-07 -3.385238939899928567e+01 -9.101467111866081705e-01 5.283332466353715118e-01 3.714489336943358477e-01 3.549342919400487517e+01 2.496136580400035977e+08
1.000000000000000000e+00 -4.495628740140093669e+02 9.275524242564188171e+01 -8.207309082710588118e+05 -7.287445498197184375e+13 -1.255868631303662013e-05 2.530543987946795387e-06 1.071238207282714832e-06 -2.327119487096216588e+01 -6.246152342047915917e-01 8.128391610024273684e-01 2.549129368669574847e-01 3.007942024161542349e+01 3.846743334980211258e+08
1.000000000000000000e+00 -4.724316711129119994e+02 8.309891531644709062e+01 -8.243950892959083430e+05 -7.352660848069410938e+13 -1.325645449689383167e-05 2.277222091371465631e-06 1.170272403511758240e-06 -9.122336127316756915e+00 -2.444404057922931750e-01 9.739340585535647410e-01 9.967218579866266026e-02 2.066439851119981697e+01 4.616843023128908873e+08
1.000000000000000000e+00 -4.838522029138541711e+02 7.143100501521902856e+01 -8.280592583648915170e+05 -7.418166491383035938e+13 -1.363726013527482046e-05 1.966177921236517192e-06 1.217087160101850599e-06 6.452799857505254089e+00 1.726193090437225519e-01 9.872416504373719981e-01 -7.069492453952899713e-02 1.274874062879570680e+01 4.687753546797286868e+08
1.000000000000000000e+00 -4.835478090368772541e+02 5.803620250665740343e+01 -8.317234239663637709e+05 -7.483962578053170312e+13 -1.368898783421196518e-05 1.604547422793561157e-06 1.207248647080056501e-06 2.109375922837983808e+01 5.633400501154278706e-01 8.508113246814985597e-01 -2.303411152883663993e-01 1.095151718576035904e+01 4.046682198039569855e+08
1.000000000000000000e+00 -4.714505167763236955e+02 4.321040232199526798e+01 -8.353875942266420461e+05 -7.550049254142806250e+13 -1.340531805761975619e-05 1.199916343295100174e-06 1.141213638465779925e-06 3.257711101296788314e+01 8.685721138804350927e-01 5.853736945304324202e-01 -3.550622776357246768e-01 1.631953659554901748e+01 2.788832100168619156e+08
1.000000000000000000e+00 -4.477006734588542258e+02 2.731145002849386216e+01 -8.390517781249881955e+05 -7.616426683777117188e+13 -1.278584674935445249e-05 7.617424486827062029e-07 1.024554263575026003e-06 3.915124259796245809e+01 1.042117610855918475e+00 2.311841342941045041e-01 -4.259512014088983056e-01 2.572115061196727837e+01 1.103238278173099458e+08
1.000000000000000000e+00 -4.128658769320870761e+02 1.073781075001697083e+01 -8.427159843400975224e+05 -7.683095028448343750e+13 -1.184249490898757717e-05 3.007956934381525548e-07 8.687042045252590471e-07 3.980109416362267183e+01 1.057658005618529407e+00 -1.580610988809774131e-01 -4.322504505514999651e-01 3.367210140543456731e+01 -7.555395928490769863e+07
1.000000000000000000e+00 -3.677249403627931770e+02 -6.121950414896512704e+00 -8.463802205245177029e+05 -7.750054433608796875e+13 -1.059355136503739922e-05 -1.722383872630105174e-07 6.888321343152904056e-07 3.440425221595714333e+01 9.127306325254581632e-01 -5.233287839423461651e-01 -3.729818132658117569e-01 3.553114323984331691e+01 -2.505685727923842669e+08
1.000000000000000000e+00 -3.132609764240052073e+02 -2.284142412996448002e+01 -8.500444940647984622e+05 -7.817305042245331250e+13 -9.063604385511021808e-06 -6.454156231075443019e-07 5.023510802173421380e-07 2.375475148933658787e+01 6.291619246234244622e-01 -8.091708931423547968e-01 -2.571072308294310993e-01 3.020876704320066963e+01 -3.880706445152183771e+08
1.000000000000000000e+00 -2.508510326106105310e+02 -3.898385694705842752e+01 -8.537088116835965775e+05 -7.884846987424031250e+13 -7.289179449937782270e-06 -1.106290558324513093e-06 3.279339619955345197e-07 9.449261666413798721e+00 2.498575240749018045e-01 -9.721340564861244982e-01 -1.021896934008625774e-01 2.080991566451436725e+01 -4.669969905337666273e+08
1.000000000000000000e+00 -1.820211909706966651e+02 -5.415267394839086990e+01 -8.573731785009972518e+05 -7.952680374613409375e+13 -5.311838101366172923e-06 -1.543350035900179428e-06 1.830170900529371364e-07 -6.349745404369947721e+00 -1.676234048884098771e-01 -9.873854697638377864e-01 6.825494725744875313e-02 1.282740468061061812e+01 -4.751063847245955467e+08
1.000000000000000000e+00 -1.084263108974095644e+02 -6.794577612342416728e+01 -8.610375991725386120e+05 -8.020805302251190625e+13 -3.177677235985908855e-06 -1.944729567632647203e-06 8.229329117620870529e-08 -2.124021009339024602e+01 -5.597861017150613794e-01 -8.525333837530335579e-01 2.283239895049080370e-01 1.093198266202851521e+01 -4.108947300584148169e+08
1.000000000000000000e+00 -3.200882303334322643e+01 -7.998744762833733546e+01 -8.647020767529818695e+05 -8.089221840301493750e+13 -9.420830550447406975e-07 -2.299127086344466633e-06 3.629879951842943873e-08 -3.294725199544690497e+01 -8.668992419069438959e-01 -5.880334209405335688e-01 3.536728094600239403e-01 1.623494902990897515e+01 -2.838801753968850374e+08
1.000000000000000000e+00 4.527319110331644225e+01 -8.997532458037497349e+01 -8.683666120937854284e+05 -8.157930018299329688e+13 1.338126615129852303e-06 -2.597174774157368202e-06 4.977511309293087678e-08 -3.967359179149218562e+01 -1.042169186632153632e+00 -2.340946116210658179e-01 4.252330292958331759e-01 2.563278924546036919e+01 -1.131975923656923622e+08
1.000000000000000000e+00 1.214769343845894269e+02 -9.763348948730008203e+01 -8.720312052584759658e+05 -8.226929851182937500e+13 3.605610706173607368e-06 -2.830124069501712626e-06 1.214491186599355675e-07 -4.037797035623233199e+01 -1.058935801706916813e+00 1.554519597143030896e-01 4.321269609909051401e-01 3.362427656168329548e+01 7.529281508587428927e+07
1.000000000000000000e+00 1.945369175307156695e+02 -1.027449010960900750e+02 -8.756958547024131985e+05 -8.296221323439818750e+13 5.798401832803069518e-06 -2.990805767132615372e-06 2.440168859820725648e-07 -3.493696223833219250e+01 -9.147446522279631953e-01 5.213752262826106820e-01 3.733248754147366344e-01 3.553413410284558438e+01 2.529403604604166746e+08
1.000000000000000000e+00 2.625495545855631008e+02 -1.051904049909909133e+02 -8.793605569313594606e+05 -8.365804381972746875e+13 7.858347914626012998e-06 -3.074806185481997396e-06 4.048808537726014428e-07 -2.416467694800042310e+01 -6.316645061224520630e-01 8.080806016635204703e-01 2.577907357294501045e-01 3.024893777555999463e+01 3.926735795205538869e+08
1.000000000000000000e+00 3.237980322285043826e+02 -1.048964551952535658e+02 -8.830253074169370811e+05 -8.435678952817776562e+13 9.731960569793774652e-06 -3.078992279142883155e-06 5.875243767229546921e-07 -9.688129604127787786e+00 -2.528350677228324850e-01 9.720646120566265314e-01 1.031007616995496673e-01 2.086237555451964809e+01 4.731297357487584352e+08
1.000000000000000000e+00 3.766147394812519451e+02 -1.018638534439081411e+02 -8.866901001418710221e+05 -8.505844932009421875e+13 1.136637963818821683e-05 -3.002386495277804438e-06 7.728298064505563628e-07 6.300950003397988830e+00 1.641709973984923632e-01 9.884972826754974129e-01 -6.724331986491115243e-02 1.285991321841583179e+01 4.819117963783134222e+08
1.000000000000000000e+00 4.196563620779868415e+02 -9.619622960141332157e+01 -8.903549274551266572e+05 -8.576302182199487500e+13 1.271774061164743244e-05 -2.847054979610952665e-06 9.418599689340334823e-07 2.137856315216804148e+01 5.561130569188637018e-01 8.549479099740502352e-01 -2.273880261314869256e-01 1.091302605359567934e+01 4.174818089057511687e+08
1.000000000000000000e+00 4.518994089988498217e+02 -8.804033402649291418e+01 -8.940197816482605413e+05 -8.647050562502531250e+13 1.375124078491711505e-05 -2.616395822828960164e-06 1.077726824659478223e-06 3.325436078097995818e+01 8.636315490697598074e-01 5.917153388409226444e-01 -3.530436739066695750e-01 1.615637294971915239e+01 2.894112527637937665e+08
1.000000000000000000e+00 4.724840535232264074e+02 -7.760947054276402923e+01 -8.976846541700649541e+05 -8.718089913218682812e+13 1.443656735640965112e-05 -2.315864571117719419e-06 1.166358216875476747e-06 4.011670447639777848e+01 1.040163471234439641e+00 2.387358090304994018e-01 -4.251534948571789596e-01 2.552995835325036822e+01 1.169563206609622091e+08
1.000000000000000000e+00 4.809634208422370989e+02 -6.520267818800455473e+01 -9.013495354821110377e+05 -8.789420052682157812e+13 1.475564750866778615e-05 -1.953589493847752633e-06 1.198948051067721763e-06 4.090657115613420558e+01 1.058929426055117196e+00 -1.504563699086646222e-01 -4.327710861369198914e-01 3.356393384467934027e+01 -7.382766294673907757e+07
1.000000000000000000e+00 4.772552993893497728e+02 -5.113938424506534375e+01 -9.050144165140547557e+05 -8.861040805367731250e+13 1.470141853734684832e-05 -1.538457945208821981e-06 1.172798723673771663e-06 3.548032848825867802e+01 9.169809120259739821e-01 -5.168137029706604268e-01 -3.747192077106047403e-01 3.556710142596197244e+01 -2.540059191867433488e+08
1.000000000000000000e+00 4.614623137566725859e+02 -3.577963422373679236e+01 -9.086792880986622768e+05 -8.932951990968146875e+13 1.427249348116657634e-05 -1.080739843075300264e-06 1.090728344708650953e-06 2.463673791406349523e+01 6.357051411641465588e-01 -8.047048407728158992e-01 -2.597803020368681381e-01 3.036564625338809975e+01 -3.961380634353567958e+08
1.000000000000000000e+00 4.340943979129286845e+02 -1.953788954834077529e+01 -9.123441412324085832e+05 -9.005153429500103125e+13 1.348018503726603352e-05 -5.925308609239628837e-07 9.615863018485177947e-07 1.000238793989613306e+01 2.576779175246601272e-01 -9.703556002521283030e-01 -1.053830886006250495e-01 2.099497828769437291e+01 -4.784536694616668820e+08
1.000000000000000000e+00 3.959789355733609568e+02 -2.816206206802172485e+00 -9.160089681815025397e+05 -9.077644963290592188e+13 1.234595797896317288e-05 -8.575092511469317512e-08 7.987208830538964102e-07 -6.209763070088422765e+00 -1.597168194423632392e-01 -9.885249811544274401e-01 6.502740805504468591e-02 1.293290644577379211e+01 -4.881963256939906478e+08
1.000000000000000000e+00 3.480665879201393977e+02 1.397473555357866637e+01 -9.196737615196366096e+05 -9.150426438332287500e+13 1.089554897009716536e-05 4.272204485559632773e-07 6.180581062966989410e-07 -2.153437979970502170e+01 -5.529823029996825401e-01 -8.563863563308702354e-01 2.255470585524110838e-01 1.089754531580891239e+01 -4.236169759943468571e+08
1.000000000000000000e+00 2.916374792260032791e+02 3.040363018413921381e+01 -9.233385143942011055e+05 -9.223497709724075000e+13 9.165523430020880454e-06 9.331705614200299348e-07 4.376668520009397731e-07 -3.363028352698822232e+01 -8.622113955548550424e-01 -5.939967120342298790e-01 3.517593032108046192e-01 1.608187964285133020e+01 -2.942952766061019301e+08
1.000000000000000000e+00 2.281830037296286093e+02 4.608315690393921216e+01 -9.270032216474055313e+05 -9.296858664385881250e+13 7.199751734725328411e-06 1.420031908285584653e-06 2.754613507240424198e-07 -4.064108064846531931e+01 -1.040288897355485576e+00 -2.412586346922815372e-01 4.244648528474128102e-01 2.545101886277180370e+01 -1.197227351903731823e+08
1.000000000000000000e+00 1.592112981465752455e+02 6.064486288109510781e+01 -9.306678792189420201e+05 -9.370509209702035938e+13 5.043378856714613984e-06 1.876131955163592029e-06 1.469596670533323146e-07 -4.148259704373308665e+01 -1.060135209274131185e+00 1.481687979570504576e-01 4.326154313550150676e-01 3.351990994329192830e+01 7.364511037499944866e+07
1.000000000000000000e+00 8.644882578999276745e+01 7.372741954244870044e+01 -9.343324838784649037e+05 -9.444449268548073438e+13 2.749245557009107571e-06 2.289839903115141094e-06 6.448098034689595149e-08 -3.601112475983423877e+01 -9.188396481571883267e-01 5.150691698355269743e-01 3.749955924778237693e-01 3.556802990871108960e+01 2.564159257115020156e+08
1.000000000000000000e+00 1.170761558726018770e+01 8.503733059854518217e+01 -9.379970342296847375e+05 -9.518678799998712500e+13 3.737858909613097959e-07 2.651463916060491193e-06 3.582097355665052645e-08 -2.504598338097076393e+01 -6.380430180315090904e-01 8.037041973519499782e-01 2.603946770402714161e-01 3.040158695676994682e+01 4.007438298751694560e+08
1.000000000000000000e+00 -6.329957024493157292e+01 9.431827812938149691e+01 -9.416615296417293139e+05 -9.593197778281406250e+13 -2.028843624997645799e-06 2.952332919306813725e-06 6.361717116849872042e-08 -1.024382605666811052e+01 -2.605457590414378966e-01 9.702885606781451733e-01 1.062499637277822678e-01 2.104510621355368727e+01 4.845756407615944743e+08
1.000000000000000000e+00 -1.367556939514079772e+02 1.013396901147023073e+02 -9.453259705465188017e+05 -9.668006199162423438e+13 -4.400276750501739730e-06 3.184460001543216866e-06 1.451646142746524375e-07 6.154274170310898739e+00 1.562822655887303458e-01 9.896115278662898085e-01 -6.402035057889042535e-02 1.296598177257682671e+01 4.950104505005342960e+08
1.000000000000000000e+00 -2.068782396269027686e+02 1.059534534018853549e+02 -9.489903594320676057e+05 -9.743104100764284375e+13 -6.682355826580379587e-06 3.342347139477263850e-06 2.725276936169488499e-07 2.166283491213344092e+01 5.492376432640082573e-01 8.588155177225473835e-01 -2.245786020477888167e-01 1.087942243240563123e+01 4.302663264482187629e+08
1.000000000000000000e+00 -2.720900241653631610e+02 1.080577086983891348e+02 -9.526546995208985172e+05 -9.818491537139101562e+13 -8.822692001429795878e-06 3.421888905168306819e-06 4.337414158757374802e-07 3.392706998017259679e+01 8.588248510903971900e-01 5.977864162591481900e-01 -3.510797537591816564e-01 1.600092991498374317e+01 2.999647861867911816e+08
1.000000000000000000e+00 -3.308117737492347601e+02 1.075860922513417108e+02 -9.563189948459920706e+05 -9.894168580131321875e+13 -1.076804160396679187e-05 3.420058639740710063e-06 6.135572983600335134e-07 4.107744055897780555e+01 1.038187892932227019e+00 2.461212075372470331e-01 -4.243470010626536615e-01 2.534208502597044443e+01 1.236969335597805828e+08
1.000000000000000000e+00 -3.816035667558519435e+02 1.045607568028446224e+02 -9.599832508171394002e+05 -9.970135331462939062e+13 -1.246892653155442791e-05 3.336622014648910647e-06 7.948189024935540879e-07 4.201199852107766475e+01 1.060135431663997041e+00 -1.428601161918917062e-01 -4.332649894761145815e-01 3.345357499411944957e+01 -7.191267955102184415e+07
1.000000000000000000e+00 -4.233201130774156695e+02 9.905117525466529571e+01 -9.636474735871495213e+05 -1.004639191006420781e+14 -1.388481429362435190e-05 3.172871305745887609e-06 9.604533102088128822e-07 3.656540079596978643e+01 9.212443851596114897e-01 -5.101637486393887366e-01 -3.764620214392931929e-01 3.560069398435113186e+01 -2.572098285197260678e+08
1.000000000000000000e+00 -4.548984654392942275e+02 9.116387006104028501e+01 -9.673116699797005858e+05 -1.012293845085806406e+14 -1.497731224452740813e-05 2.931323959898543967e-06 1.094351864523382652e-06 2.553911815280430986e+01 6.424332341971366045e-01 -8.000379544070903570e-01 -2.625289274628092029e-01 3.052615909570166863e+01 -4.039903290961508751e+08
1.000000000000000000e+00 -4.755007995048922567e+02 8.109153594270787835e+01 -9.709758480262033409e+05 -1.019977511630516250e+14 -1.571493770751730565e-05 2.617330649937348706e-06 1.183450231561814260e-06 1.058656884335280246e+01 2.658863173924619350e-01 -9.684262498989129053e-01 -1.087349490138756203e-01 2.119013998099728369e+01 -4.897881464472069144e+08
1.000000000000000000e+00 -4.846517080573564158e+02 6.906734683686808296e+01 -9.746400158674088307e+05 -1.027690207371904375e+14 -1.607781291674197660e-05 2.237647377093100982e-06 1.219442391528014145e-06 -6.032135054062170099e+00 -1.512625958178086538e-01 -9.896811864202457176e-01 6.157630081264982291e-02 1.304812008336297247e+01 -5.013226219693063498e+08
1.000000000000000000e+00 -4.820176237618908885e+02 5.535432855732484114e+01 -9.783041815104760462e+05 -1.035431949016708281e+14 -1.605054605650866202e-05 1.800114516278546640e-06 1.198299945788737323e-06 -2.179102521417646798e+01 -5.455806386342569869e-01 -8.605051945471939856e-01 2.225261089310827112e-01 1.086332420745982574e+01 -4.365708056640811563e+08
1.000000000000000000e+00 -4.675483371470790530e+02 4.028976950837136428e+01 -9.819683538770595333e+05 -1.043202755468642500e+14 -1.562704970722812169e-05 1.315124631373421890e-06 1.121372342294691458e-06 -3.428377024168619158e+01 -8.570214975213186204e-01 -6.004924697486616614e-01 3.496408793985287256e-01 1.591598210473297392e+01 -3.051314032030430436e+08
1.000000000000000000e+00 -4.415906874904517281e+02 2.423525035347681822e+01 -9.856325416516923578e+05 -1.051002645408659531e+14 -1.481453160490750694e-05 7.940304936722633806e-07 9.960631519279344757e-07 -4.159407057259517870e+01 -1.038143698283856109e+00 -2.491654751870385764e-01 4.235884878802166353e-01 2.524945125653556843e+01 -1.268073124829626828e+08
1.000000000000000000e+00 -4.046527909020475704e+02 7.564795643532957747e+00 -9.892967530402159318e+05 -1.058831636768453281e+14 -1.362580309453258769e-05 2.487702377520086450e-07 8.341954724330045971e-07 -4.259221630042512885e+01 -1.061402837758598894e+00 1.400506992816255569e-01 4.331316255279181182e-01 3.340108498417235694e+01 7.138677409742230177e+07
1.000000000000000000e+00 -3.575388961459550501e+02 -9.296096510987624129e+00 -9.929609962237478467e+05 -1.066689747686837344e+14 -1.208393747677125699e-05 -3.068368040693065786e-07 6.514670351347130604e-07 -3.711036438932812587e+01 -9.233582334804590896e-01 5.079867136645053183e-01 3.768391015980319669e-01 3.560274529071618588e+01 2.593342197194569707e+08
1.000000000000000000e+00 -3.014315706542312796e+02 -2.592435847141752703e+01 -9.966252781615023268e+05 -1.074576993927134531e+14 -1.022524257760974061e-05 -8.588445290678968880e-07 4.660788994416997084e-07 -2.596891208518663063e+01 -6.451412422053829365e-01 7.987537061396927651e-01 2.632924016920258348e-01 3.057058939353443350e+01 4.084080716773115396e+08
1.000000000000000000e+00 -2.376333384067571615e+02 -4.191211868564840159e+01 -1.000289604934491566e+06 -1.082493389572635625e+14 -8.090700219915055987e-06 -1.393606001680569952e-06 2.961968499908443419e-07 -1.085076865509514654e+01 -2.691464356656745882e-01 9.682405609477335862e-01 1.097626260411771748e-01 2.124989475687895535e+01 4.958355072397279143e+08
1.000000000000000000e+00 -1.676891156513686951e+02 -5.683228126370389788e+01 -1.003953982262434904e+06 -1.090438948114668125e+14 -5.730224880546050208e-06 -1.896634005516927459e-06 1.589140401562229209e-07 5.955452077245522169e+00 1.474928519617828004e-01 9.907870073576658942e-01 -6.042942289518524884e-02 1.308669941708951256e+01 5.081670999774378538e+08
1.000000000000000000e+00 -9.343192227407951123e+01 -7.029486941106473807e+01 -1.007618414241319173e+06 -1.098413679685884688e+14 -3.204382599094212784e-06 -2.354476505967994200e-06 6.845184151264517343e-08 2.190257565277128649e+01 5.416023828862237544e-01 8.630342531972579057e-01 -2.214586937946899647e-01 1.084550832670389653e+01 4.433279738858219385e+08
1.000000000000000000e+00 -1.670102284553941274e+01 -8.195815212856990684e+01 -1.011282903056407347e+06 -1.106417590367919062e+14 -5.748687753178805747e-07 -2.755113280187933733e-06 3.405711718087731417e-08 3.456928510432813084e+01 8.535047419989320039e-01 6.043959935670110140e-01 -3.489060516576782400e-01 1.583259038211595460e+01 3.109485366693102121e+08
1.000000000000000000e+00 6.054794275304457329e+01 -9.149572230752102087e+01 -1.014947450070824940e+06 -1.114450684506256562e+14 2.091683320929987833e-06 -3.086874576420450356e-06 5.934096935744807099e-08 4.202474830608186807e+01 1.035981129008362034e+00 2.541014097321815379e-01 -4.234460913059677201e-01 2.513812287954095837e+01 1.309311045001515150e+08
1.000000000000000000e+00 1.362283206195073433e+02 -9.865213543263656959e+01 -1.018612054668534780e+06 -1.122512962127553906e+14 4.723122386164784579e-06 -3.340334345933033459e-06 1.417779987991286350e-07 4.312029252079139496e+01 1.061354885468389631e+00 -1.347347866780417291e-01 -4.337644633959549800e-01 3.333300323788385100e+01 -6.953177155656850338e+07
1.000000000000000000e+00 2.084154292104838078e+02 -1.032481134290203499e+02 -1.022276714756207541e+06 -1.130604419971276875e+14 7.251891882539299908e-06 -3.508530292939313096e-06 2.730245758999273670e-07 3.766563312370152516e+01 9.256726101059477019e-01 -5.031303755118409216e-01 -3.782722105245329147e-01 3.563284585175126296e+01 -2.600464184408427775e+08
1.000000000000000000e+00 2.752367665456544614e+02 -1.051445429351615957e+02 -1.025941427182308049e+06 -1.138725052361445156e+14 9.611297028082276979e-06 -3.585782483901352878e-06 4.396057312551844277e-07 2.646305785972716862e+01 6.493612922796175857e-01 -7.951518736875806681e-01 -2.653592739393658140e-01 3.069054992681923721e+01 -4.116102643705551624e+08
1.000000000000000000e+00 3.348700148035902089e+02 -1.042935618083710239e+02 -1.029606186711073155e+06 -1.146874848878907188e+14 1.173546735704076492e-05 -3.569466252184503955e-06 6.240349730649378839e-07 1.119265125286047358e+01 2.742297594288065077e-01 -9.663990012667750262e-01 -1.121419806389623436e-01 2.138944371351916374e+01 -5.010226298867004514e+08
1.000000000000000000e+00 3.858238600199983921e+02 -1.007340919146561902e+02 -1.033270986690353020e+06 -1.155053795771810000e+14 1.356926429652958100e-05 -3.459914348833038335e-06 8.074385783717061807e-07 -5.836872373878245313e+00 -1.427900864446738360e-01 -9.907755877829609314e-01 5.811771106767464612e-02 1.316604583949201057e+01 -5.144461466589176059e+08
1.000000000000000000e+00 4.268085493655282789e+02 -9.454968796475984050e+01 -1.036935820081848186e+06 -1.163261878210929531e+14 1.506391901319245873e-05 -3.259016911617048772e-06 9.711708534992295237e-07 -2.203640810954727769e+01 -5.382647273590188686e-01 -8.645028910047092285e-01 2.195401553460755162e-01 1.083278015891227497e+01 -4.495663697617344260e+08
1.000000000000000000e+00 4.567243480876327340e+02 -8.591311425792684986e+01 -1.040600678727563238e+06 -1.171499078622715781e+14 1.617674927305647419e-05 -2.971790595244548098e-06 1.098308096147598530e-06 -3.493172220380824911e+01 -8.519485592996226542e-01 -6.067373262102307985e-01 3.475702082732513576e-01 1.575736204172885557e+01 -3.160019908962953091e+08
1.000000000000000000e+00 4.749096254927052883e+02 -7.507187288935334379e+01 -1.044265553557470907e+06 -1.179765377114112812e+14 1.688009589010432956e-05 -2.605930568544253223e-06 1.176207285638304673e-06 -4.254447526039096061e+01 -1.036038300970185233e+00 -2.566737044330262285e-01 4.227284190046722290e-01 2.505715271884438877e+01 -1.338847831698943526e+08
1.000000000000000000e+00 4.809762704209493904e+02 -6.230084075096266361e+01 -1.047930435709524667e+06 -1.188060753975955938e+14 1.715572552709211386e-05 -2.170206193916343016e-06 1.197176288410876319e-06 -4.369851514731156072e+01 -1.062526050033599789e+00 1.324335440342994663e-01 4.335889515886655055e-01 3.328723017729665656e+01 6.918430387027065456e+07
1.000000000000000000e+00 4.747771578767784604e+02 -4.794162000725167161e+01 -1.051595315592839383e+06 -1.196385187559606094e+14 1.699383683533114471e-05 -1.675853247311324883e-06 1.159194990865326836e-06 -3.820238525055397361e+01 -9.274802153461524368e-01 5.014078099537948585e-01 3.785207765001282199e-01 3.563185126363033817e+01 2.623369110262793005e+08
1.000000000000000000e+00 4.566167100038871922e+02 -3.238134642411286990e+01 -1.055260183912749868e+06 -1.204738656588565469e+14 1.640077375065104352e-05 -1.135871210138906377e-06 1.066954215779489427e-06 -2.687925389928414788e+01 -6.515888612566302918e-01 7.941823850134539509e-01 2.659245010972663970e-01 3.072326418264022152e+01 4.161465406332782507e+08
1.000000000000000000e+00 4.270497236575691318e+02 -1.600423950576161047e+01 -1.058925032594935037e+06 -1.213121142287611094e+14 1.539205636571792436e-05 -5.633455838063977495e-07 9.301261631504788268e-07 -1.144052552676277124e+01 -2.769144904242480387e-01 9.663297830905872576e-01 1.129352061624572523e-01 2.143570532241160720e+01 5.071169629829434752e+08
1.000000000000000000e+00 3.868324822409874173e+02 7.709774158515589892e-01 -1.062589853471242590e+06 -1.221532625409676719e+14 1.399076893531094878e-05 2.723215173041538710e-08 7.622338491702771834e-07 5.775622095476807161e+00 1.395862818827246221e-01 9.917851961897546920e-01 -5.719919893188974563e-02 1.319755054694308960e+01 5.212620791949133873e+08
1.000000000000000000e+00 3.371061659856915753e+02 1.751469468214850167e+01 -1.066254639053420862e+06 -1.229973088017210469e+14 1.223434195017564566e-05 6.207806079151597103e-07 5.803192224346798728e-07 2.215921488421697561e+01 5.347411384132849665e-01 8.667577466622642390e-01 -2.186550661800820416e-01 1.081805133098750460e+01 4.562375065564285517e+08
1.000000000000000000e+00 2.791691136231337396e+02 3.383174469742388624e+01 -1.069919383257148555e+06 -1.238442515185278594e+14 1.016649866817628685e-05 1.203233978179801787e-06 4.024615800548192636e-07 3.522259154709782791e+01 8.487050456544448229e-01 6.102628922795838573e-01 -3.469449702112495371e-01 1.568398532889272268e+01 3.217095594593541622e+08
1.000000000000000000e+00 2.144249304827719129e+02 4.932288394837174650e+01 -1.073584080894995481e+06 -1.246940893879406094e+14 7.835456899456998223e-06 1.760188432018766509e-06 2.459574296552888329e-07 4.297505181689040654e+01 1.033949024223531188e+00 2.612201360163696195e-01 -4.226164529953091997e-01 2.495536694680004075e+01 1.379133834080463946e+08
1.000000000000000000e+00 1.445531472736426508e+02 6.360810328000745528e+01 -1.077248727933925344e+06 -1.255468213591351719e+14 5.300252097915677424e-06 2.277734356845926643e-06 1.260870638424508163e-07 4.422342410847180361e+01 1.062388385957034220e+00 -1.274354923920069105e-01 -4.341878313886627372e-01 3.322248896036274601e+01 -6.738169528494748473e+07
1.000000000000000000e+00 7.126726467742079763e+01 7.636669110823100937e+01 -1.080913322021297645e+06 -1.264024467615095312e+14 2.622007591453343635e-06 2.743907583908162235e-06 5.420860467725180915e-08 3.875478351438376734e+01 9.296200448220249823e-01 -4.967476291142183253e-01 -3.798858852218766069e-01 3.565905373896371344e+01 -2.630498867541491687e+08
1.000000000000000000e+00 -3.727944191286612252e+00 8.729603609239164541e+01 -1.084577861430580262e+06 -1.272609650639329062e+14 -1.376204971562748396e-07 3.147240246255704638e-06 3.708093828184787698e-08 2.737385372312024145e+01 6.556413046319095050e-01 -7.906510088178930751e-01 -2.679248978377771206e-01 3.083874012134085518e+01 -4.193116668568931818e+08
1.000000000000000000e+00 -7.856946628645387420e+01 9.613390296022673454e+01 -1.088242345571214100e+06 -1.281223759972840625e+14 -2.910264147255296548e-06 3.477577625038634870e-06 7.633999848847091728e-08 1.178774850001185293e+01 2.819112483780090161e-01 -9.644732599950919250e-01 -1.152787293605996438e-01 2.157373698827885988e+01 -5.122608058844704032e+08
1.000000000000000000e+00 -1.514834791922676231e+02 1.026931122360817028e+02 -1.091906776015347801e+06 -1.289866798015311250e+14 -5.629940657956625962e-06 3.727361491435655569e-06 1.681273937464440295e-07 -5.647295267833892574e+00 -1.348572179154488015e-01 -9.917421170377719308e-01 5.487939323611490394e-02 1.327866838188713139e+01 -5.275304548930639029e+08
1.000000000000000000e+00 -2.208120449157751466e+02 1.068172924770061485e+02 -1.095571154894864187e+06 -1.298538768543165625e+14 -8.234103732694295178e-06 3.890064407692382928e-06 3.037489247988325552e-07 -2.228125921555839284e+01 -5.312837872148067353e-01 -8.682504177018655067e-01 2.166909149843221083e-01 1.080663925042188467e+01 -4.625307911907965541e+08
1.000000000000000000e+00 -2.848476934336084696e+02 1.084023339880247505e+02 -1.099235485549116274e+06 -1.307239678272368594e+14 -1.065752676170662116e-05 3.960992407721723685e-06 4.702792281881937854e-07 -3.557471687751945666e+01 -8.469980025621700603e-01 -6.127349624512782311e-01 3.455495015065141451e-01 1.560586612994069355e+01 -3.268994640184730887e+08
1.000000000000000000e+00 -3.420815658105699981e+02 1.074263914803815823e+02 -1.102899772704051808e+06 -1.315969537333751094e+14 -1.284158715289958116e-05 3.938416770586857368e-06 6.520438800554549296e-07 -4.348960917608619070e+01 -1.033907075038302148e+00 -2.640417963625597553e-01 4.218578323180625644e-01 2.486762705612838431e+01 -1.410779553788806498e+08
1.000000000000000000e+00 -3.912114249862511883e+02 1.039026722464919033e+02 -1.106564021449972177e+06 -1.324728356880411562e+14 -1.473469192455460378e-05 3.821887506585207425e-06 8.320068138284663856e-07 -4.480446796493249906e+01 -1.063587828439739758e+00 1.247982602667312979e-01 4.340212029839909946e-01 3.317083742418003567e+01 6.677885643128932267e+07
1.000000000000000000e+00 -4.309788221372222665e+02 9.790015325721286388e+01 -1.110228238158683991e+06 -1.333516151305371875e+14 -1.628625326068906860e-05 3.613019271013723726e-06 9.926615470756167451e-07 -3.930369337183341116e+01 -9.316276891095663926e-01 4.946698216610346255e-01 3.802128252800547337e-01 3.565856268737350376e+01 2.650872695463053584e+08
1.000000000000000000e+00 -4.604147298289614696e+02 8.956926875832331802e+01 -1.113892430438951822e+06 -1.342332938185009531e+14 -1.745602868654957902e-05 3.316476455165758591e-06 1.118616738988302498e-06 -2.781105015658896207e+01 -6.582401345754854693e-01 7.893909316384075670e-01 2.686397104671749414e-01 3.087988215548545412e+01 4.236504216793146133e+08
1.000000000000000000e+00 -4.788269942739078715e+02 7.909175253169873088e+01 -1.117556605840684148e+06 -1.351178735194685938e+14 -1.821382422587750083e-05 2.938159485644560287e-06 1.198048244438193960e-06 -1.206315243843952345e+01 -2.850930845394272772e-01 9.642550194193082458e-01 1.162754300378406186e-01 2.163217478288423123e+01 5.182609918444918990e+08
1.000000000000000000e+00 -4.856395541501689195e+02 6.670016865930584515e+01 -1.121220772296766518e+06 -1.360053561178306875e+14 -1.853353112717614519e-05 2.485951802528662347e-06 1.222810249768300155e-06 5.555787846475557679e+00 1.311086553506828900e-01 9.927933680807576877e-01 -5.373568801840550302e-02 1.331875543381465832e+01 5.343866966412351131e+08
1.000000000000000000e+00 -4.806312214048392093e+02 5.269879763992514654e+01 -1.124884938690089388e+06 -1.368957437543622500e+14 -1.840234064624180952e-05 1.970531790285861270e-06 1.190148542940921419e-06 2.237577686277137801e+01 5.272597478104814606e-01 8.707458865682593530e-01 -2.155980397336350329e-01 1.079133057820685515e+01 4.693830654411172867e+08
1.000000000000000000e+00 -4.638988711810205245e+02 3.741043411074616643e+01 -1.128549113407217665e+06 -1.377890384768120000e+14 -1.781955131501456911e-05 1.403420605856466857e-06 1.102948822626293330e-06 3.584399905218032245e+01 8.433826751813752187e-01 6.166653273765373422e-01 -3.447703208637183381e-01 1.552274073524594478e+01 3.329076634977114201e+08
