5.399999915733367379e+04 2.655947407288331789e-07 9.999999999999999547e-08
5.400917572865393595e+04 4.025195504353206612e-07 9.999999999999999547e-08
5.401835235763257515e+04 1.084553912065571530e-07 9.999999999999999547e-08
5.402752905679563264e+04 2.408318237240431962e-07 9.999999999999999547e-08
5.403670583814703423e+04 2.193799758459540242e-07 9.999999999999999547e-08
5.404588271100060956e+04 2.826901028325858986e-07 9.999999999999999547e-08
5.405505968215581379e+04 3.750466742729897905e-07 9.999999999999999547e-08
5.406423675724808709e+04 3.004371903011357041e-07 9.999999999999999547e-08
5.407341393885689467e+04 1.465704786854775410e-07 9.999999999999999547e-08
5.408259122533274058e+04 3.434844895847299591e-07 9.999999999999999547e-08
5.409176861333718261e+04 1.932866964756470746e-07 9.999999999999999547e-08
5.410094609663375013e+04 3.694582345687509402e-07 9.999999999999999547e-08
5.411012366594206833e+04 1.563695105294961368e-07 9.999999999999999547e-08
5.411930131074800011e+04 4.069184952563695433e-07 9.999999999999999547e-08
5.412847901731097954e+04 1.840833773131050266e-07 9.999999999999999547e-08
5.413765676975968381e+04 2.609485506471545577e-07 9.999999999999999547e-08
5.414683455257159221e+04 2.397453232447872154e-07 9.999999999999999547e-08
5.415601234917339752e+04 1.726881091447785400e-07 9.999999999999999547e-08
5.416519014227831940e+04 4.082760569597113452e-07 9.999999999999999547e-08
5.417436791533211363e+04 1.913631675904871962e-07 9.999999999999999547e-08
5.418354565205072868e+04 2.118320186256211550e-07 9.999999999999999547e-08
5.419272333715142304e+04 1.082384352021808709e-07 9.999999999999999547e-08
5.420190095847301563e+04 1.462402256720528944e-07 9.999999999999999547e-08
5.421107850442786003e+04 2.896909747469357632e-07 9.999999999999999547e-08
5.422025596471242170e+04 -2.734628781449855832e-08 9.999999999999999547e-08
5.422943333238564082e+04 5.358788229119146320e-08 9.999999999999999547e-08
5.423861060241940868e+04 9.813809603310826057e-08 9.999999999999999547e-08
5.424778777223240468e+04 4.255583202023265258e-08 9.999999999999999547e-08
5.425696484205755405e+04 -5.371759079492228919e-08 9.999999999999999547e-08
5.426614181341424410e+04 1.151892095843174503e-07 9.999999999999999547e-08
5.427531868986293557e+04 1.160540760262689129e-07 9.999999999999999547e-08
5.428449547840400191e+04 1.012493734509123633e-07 9.999999999999999547e-08
5.429367218768171733e+04 -2.411716346837489267e-09 9.999999999999999547e-08
5.430284882732947881e+04 -1.047396933488862882e-07 9.999999999999999547e-08
5.431202540922292246e+04 -1.286908249126629336e-07 9.999999999999999547e-08
5.432120194592540793e+04 -1.175379628589728142e-07 9.999999999999999547e-08
5.433037845152703085e+04 -1.372793423725238638e-07 9.999999999999999547e-08
5.433955494184890267e+04 -9.962128662720907181e-08 9.999999999999999547e-08
5.434873143213849107e+04 -3.183352359359056593e-07 9.999999999999999547e-08
5.435790793736858177e+04 -3.432460677674252506e-08 9.999999999999999547e-08
5.436708447337675170e+04 -1.459903402861483113e-07 9.999999999999999547e-08
5.437626105527654727e+04 -1.688243426261710650e-07 9.999999999999999547e-08
5.438543769715972303e+04 -6.925360283523580800e-08 9.999999999999999547e-08
5.439461441234860831e+04 -3.157646482108008141e-07 9.999999999999999547e-08
5.440379121129270061e+04 -1.492818514375442013e-07 9.999999999999999547e-08
5.441296810295019532e+04 -6.065525747839902256e-08 9.999999999999999547e-08
5.442214509488512704e+04 -1.570744530933117928e-07 9.999999999999999547e-08
5.443132219154580525e+04 -1.965455371772265364e-07 9.999999999999999547e-08
5.444049939404912584e+04 -1.741719787153682988e-07 9.999999999999999547e-08
5.444967670139812253e+04 -1.640632271426781812e-07 9.999999999999999547e-08
5.445885410910796054e+04 -3.276785623520874076e-07 9.999999999999999547e-08
5.446803161021498090e+04 -1.122641251846841608e-07 9.999999999999999547e-08
5.447720919614731974e+04 -2.051189100089607248e-07 9.999999999999999547e-08
5.448638685466094466e+04 -2.542162005272814928e-07 9.999999999999999547e-08
5.449556457131955540e+04 -1.739283124664007336e-07 9.999999999999999547e-08
5.450474233147463383e+04 -4.644682154590046786e-07 9.999999999999999547e-08
5.451392011857868783e+04 -1.498515817602417688e-07 9.999999999999999547e-08
5.452309791585368657e+04 -1.622704472639482943e-07 9.999999999999999547e-08
5.453227570661787468e+04 -4.313467771737533933e-08 9.999999999999999547e-08
5.454145347374620906e+04 -4.174475745321813346e-07 9.999999999999999547e-08
5.455063120107325085e+04 -1.500127178415719278e-07 9.999999999999999547e-08
5.455980887494475610e+04 -4.131356480284427258e-07 9.999999999999999547e-08
5.456898648233069252e+04 -3.099467806247294798e-07 9.999999999999999547e-08
5.457816401164553099e+04 -2.139966787319786062e-08 9.999999999999999547e-08
5.458734145432692458e+04 -3.176664498483138676e-07 9.999999999999999547e-08
5.459651880292200076e+04 -3.076738723036931464e-07 9.999999999999999547e-08
5.460569605302306445e+04 -1.112934291228639824e-08 9.999999999999999547e-08
5.461487320337126584e+04 -2.730011035592132697e-07 9.999999999999999547e-08
5.462405025339400163e+04 -3.050812408588491373e-07 9.999999999999999547e-08
5.463322720520239091e+04 -1.706495695254202094e-07 9.999999999999999547e-08
5.464240406392123987e+04 -3.790257680554283811e-07 9.999999999999999547e-08
5.465158083616350632e+04 -3.407402344616257773e-07 9.999999999999999547e-08
5.466075753057919792e+04 -1.928443615333874090e-07 9.999999999999999547e-08
5.466993415819784423e+04 -1.434923915372865652e-07 9.999999999999999547e-08
5.467911072998966847e+04 -1.197320235967186777e-07 9.999999999999999547e-08
5.468828725918953569e+04 -2.482084051783375741e-08 9.999999999999999547e-08
5.469746376101556962e+04 3.595896397709159328e-09 9.999999999999999547e-08
5.470664025010268233e+04 -4.809184478503766088e-08 9.999999999999999547e-08
5.471581674202440627e+04 -1.507114536971727358e-07 9.999999999999999547e-08
5.472499325252827839e+04 -1.827255173779714982e-07 9.999999999999999547e-08
5.473416979650665598e+04 4.969787638092569124e-08 9.999999999999999547e-08
5.474334638909243222e+04 -9.065132247746319369e-08 9.999999999999999547e-08
5.475252304511359398e+04 1.503871091026308069e-07 9.999999999999999547e-08
5.476169977621141152e+04 -1.095100785876649581e-07 9.999999999999999547e-08
5.477087659283964604e+04 6.924670851947494116e-08 9.999999999999999547e-08
5.478005350435912987e+04 4.631982449737707562e-08 9.999999999999999547e-08
5.478923051682062214e+04 2.985035212761256008e-08 9.999999999999999547e-08
5.479840763450948725e+04 2.188097491511647370e-08 9.999999999999999547e-08
5.480758485854286846e+04 -1.341654641295247575e-07 9.999999999999999547e-08
5.481676218623151362e+04 -1.031635487732223818e-08 9.999999999999999547e-08
5.482593961302091338e+04 1.012270765534993388e-07 9.999999999999999547e-08
5.483511714382230275e+04 1.340358074121363060e-07 9.999999999999999547e-08
5.484429474524888064e+04 1.206796148654145370e-07 9.999999999999999547e-08
5.485347241641380970e+04 1.259684504398598400e-07 9.999999999999999547e-08
5.486265014342306677e+04 -2.379846254942540284e-10 9.999999999999999547e-08
5.487182791006745538e+04 1.570138563405042663e-07 9.999999999999999547e-08
5.488100570056214201e+04 8.086266130882895571e-08 9.999999999999999547e-08
5.489018349844219483e+04 7.601077012118435953e-08 9.999999999999999547e-08
5.489936128578984062e+04 3.513151024158034634e-07 9.999999999999999547e-08
5.490853904610533937e+04 1.937230654586435830e-07 9.999999999999999547e-08
5.491771676417675917e+04 2.247467441116411313e-07 9.999999999999999547e-08
5.492689442578186572e+04 1.554615319575144576e-07 9.999999999999999547e-08
5.493607201847631950e+04 1.083882761068344387e-07 9.999999999999999547e-08
5.494524953172211826e+04 1.770673348774572330e-07 9.999999999999999547e-08
5.495442695590957737e+04 2.611091631110229060e-07 9.999999999999999547e-08
5.496360428499298723e+04 2.478201604665183806e-07 9.999999999999999547e-08
5.497278151585054729e+04 1.441793363907526947e-07 9.999999999999999547e-08
5.498195864607511612e+04 3.232874190284371058e-07 9.999999999999999547e-08
5.499113567627942393e+04 2.492305154688961887e-07 9.999999999999999547e-08
5.500031260931150609e+04 1.911805171609177490e-07 9.999999999999999547e-08
5.500948944999536616e+04 2.156767690266860265e-07 9.999999999999999547e-08
5.501866620602572948e+04 2.741473817615018155e-07 9.999999999999999547e-08
5.502784288676720462e+04 2.167353163891336027e-07 9.999999999999999547e-08
5.503701950203727756e+04 3.483492813256648502e-07 9.999999999999999547e-08
5.504619606404533988e+04 2.080834814946577342e-07 9.999999999999999547e-08
5.505537258695258060e+04 2.592419087179144973e-07 9.999999999999999547e-08
5.506454908486884233e+04 3.472426302051855679e-07 9.999999999999999547e-08
5.507372557342005894e+04 1.078959030715744505e-07 9.999999999999999547e-08
5.508290206810014934e+04 2.478764119424176691e-07 9.999999999999999547e-08
5.509207858368198504e+04 3.294362416205741758e-07 9.999999999999999547e-08
5.510125513621230493e+04 8.458947119214552496e-08 9.999999999999999547e-08
5.511043174090910907e+04 1.450345820810978399e-07 9.999999999999999547e-08
5.511960841081402032e+04 2.262515976807838854e-07 9.999999999999999547e-08
5.512878515806578798e+04 2.344712870561861218e-07 9.999999999999999547e-08
5.513796199329142837e+04 2.724894707804400209e-07 9.999999999999999547e-08
5.514713892431608838e+04 2.799836507612316879e-07 9.999999999999999547e-08
5.515631595776055474e+04 7.662359243477900824e-08 9.999999999999999547e-08
5.516549309704340703e+04 1.710660112964905605e-07 9.999999999999999547e-08
5.517467034162145865e+04 6.690487105191253618e-09 9.999999999999999547e-08
5.518384768949759018e+04 -1.331593820859447976e-07 9.999999999999999547e-08
5.519302513570582960e+04 1.199417573051656900e-07 9.999999999999999547e-08
5.520220267204632546e+04 2.822493995341236107e-08 9.999999999999999547e-08
5.521138028842283529e+04 -7.380080620047668234e-08 9.999999999999999547e-08
5.522055797217986401e+04 3.082122076166466995e-07 9.999999999999999547e-08
5.522973570799610752e+04 2.659263229250455272e-07 9.999999999999999547e-08
5.523891348087538790e+04 5.880899859191964675e-08 9.999999999999999547e-08
5.524809127456050919e+04 -1.569550625579768707e-07 9.999999999999999547e-08
5.525726907136963564e+04 1.727427840142543049e-07 9.999999999999999547e-08
5.526644685466356896e+04 -3.021707521233431776e-08 9.999999999999999547e-08
5.527562460800920962e+04 -5.764750671304786198e-08 9.999999999999999547e-08
5.528480231571642071e+04 9.218684984522173776e-08 9.999999999999999547e-08
5.529397996473921376e+04 -2.646563804619769042e-08 9.999999999999999547e-08
5.530315754267288139e+04 -9.802096205887229296e-08 9.999999999999999547e-08
5.531233503843959625e+04 -4.626379840714789777e-08 9.999999999999999547e-08
5.532151244418988063e+04 -1.885363262841852775e-08 9.999999999999999547e-08
5.533068975429513375e+04 -6.480315937371040269e-08 9.999999999999999547e-08
5.533986696482628759e+04 4.723258755199073939e-08 9.999999999999999547e-08
5.534904407515734056e+04 -2.653053208723616230e-08 9.999999999999999547e-08
5.535822108591398865e+04 -9.937238572844330374e-09 9.999999999999999547e-08
5.536739799977064104e+04 -9.392190619250005803e-08 9.999999999999999547e-08
5.537657482307418104e+04 -8.294716038640222247e-08 9.999999999999999547e-08
5.538575156351621990e+04 -5.754345068909505720e-08 9.999999999999999547e-08
5.539492823002320802e+04 -8.776073543472467074e-08 9.999999999999999547e-08
5.540410483376017510e+04 -1.443187979889648467e-07 9.999999999999999547e-08
5.541328138704350567e+04 -1.535638281732738467e-07 9.999999999999999547e-08
5.542245790347683214e+04 -2.160012689802550791e-07 9.999999999999999547e-08
5.543163439843365632e+04 -9.779998973594265921e-08 9.999999999999999547e-08
5.544081088714898215e+04 -1.216151376434911333e-08 9.999999999999999547e-08
5.544998738437995053e+04 -1.170073945191895564e-07 9.999999999999999547e-08
5.545916390625832719e+04 -6.141305853450168601e-08 9.999999999999999547e-08
5.546834046814658359e+04 -1.613188041742843549e-07 9.999999999999999547e-08
5.547751708451274317e+04 -2.915844483925693402e-07 9.999999999999999547e-08
5.548669376907261176e+04 -2.445239089659623124e-07 9.999999999999999547e-08
5.549587053325071611e+04 -2.567414579406909148e-07 9.999999999999999547e-08
5.550504738652029482e+04 -2.676457052726972564e-07 9.999999999999999547e-08
5.551422433765267488e+04 -2.152170166112730186e-07 9.999999999999999547e-08
5.552340139224414452e+04 -1.144946176142933942e-07 9.999999999999999547e-08
5.553257855222550279e+04 -7.250379999348961315e-08 9.999999999999999547e-08
5.554175581784210954e+04 -6.295080793913093924e-08 9.999999999999999547e-08
5.555093318575333251e+04 -1.506957451733178597e-07 9.999999999999999547e-08
5.556011065032892657e+04 -2.040545740842428526e-07 9.999999999999999547e-08
5.556928820380082470e+04 -1.482518671199374734e-07 9.999999999999999547e-08
5.557846583486184682e+04 -1.687994909358673596e-07 9.999999999999999547e-08
5.558764352972253255e+04 -3.023862738474268470e-07 9.999999999999999547e-08
5.559682127422301710e+04 -9.645300395452217716e-08 9.999999999999999547e-08
5.560599905272619799e+04 9.849074223777256955e-09 9.999999999999999547e-08
5.561517684812988591e+04 -1.682931125720129889e-07 9.999999999999999547e-08
5.562435464385526575e+04 -1.347956463758923351e-07 9.999999999999999547e-08
5.563353242243931163e+04 -4.417442663753946396e-08 9.999999999999999547e-08
5.564271016729220719e+04 -9.134064472682716930e-08 9.999999999999999547e-08
5.565188786463434371e+04 -9.672786284371580080e-08 9.999999999999999547e-08
5.566106550053235696e+04 -2.950650199719135474e-07 9.999999999999999547e-08
5.567024306250881637e+04 -3.849598844720636675e-07 9.999999999999999547e-08
5.567942054093375918e+04 -3.205705546512332901e-08 9.999999999999999547e-08
5.568859792794002715e+04 -5.088155203282259428e-08 9.999999999999999547e-08
5.569777521808150777e+04 3.162794709994944113e-08 9.999999999999999547e-08
5.570695240903319791e+04 -9.653113228305741548e-08 9.999999999999999547e-08
5.571612949929635943e+04 -2.250443957237058933e-07 9.999999999999999547e-08
5.572530648980277329e+04 -7.246477610748829781e-08 9.999999999999999547e-08
5.573448338524949213e+04 3.136503359373114959e-08 9.999999999999999547e-08
5.574366019140520075e+04 1.443611985171103933e-07 9.999999999999999547e-08
5.575283691610676033e+04 -1.521665478701477218e-08 9.999999999999999547e-08
5.576201356935568037e+04 -1.599786081577534941e-07 9.999999999999999547e-08
5.577119016173804994e+04 -1.242966329270368036e-07 9.999999999999999547e-08
5.578036670616364427e+04 1.408671609639276743e-08 9.999999999999999547e-08
5.578954321742112370e+04 4.743289712431130531e-08 9.999999999999999547e-08
5.579871971001283964e+04 -1.762420184419754821e-08 9.999999999999999547e-08
5.580789619868187583e+04 -2.618654418500509663e-08 9.999999999999999547e-08
5.581707269970692141e+04 1.666457692558279032e-08 9.999999999999999547e-08
5.582624922826593684e+04 1.736442331052571790e-08 9.999999999999999547e-08
