1.000000000000000000e+00 -4.891701703733551767e+02 -8.967526061209564858e+00 -3.948597452986152493e+05 -1.705793855217001562e+13 -6.553524573648384353e-06 -1.190302175794440367e-07 1.184635792259510229e-06 2.363128945274350474e-07 -8.816732296189897511e+01 -2.986361891561124970e+00 7.979236999543878883e-02 5.627238834751321361e-01 -6.860700240098926095e+00
1.000000000000000000e+00 -4.692881889585083854e+02 -4.922382982677665808e+01 -3.984831330279289978e+05 -1.737243559072875195e+13 -6.344854578348505139e-06 -6.593667800766607964e-07 1.101746034823204735e-06 7.140457040325746517e-06 -5.312834608078892273e+01 -1.791329205383773049e+00 8.015628657750436536e-01 3.375479966885492344e-01 -1.839110659076991894e+01
1.000000000000000000e+00 -4.378292073928109289e+02 -8.825703782105392747e+01 -4.021065384553981130e+05 -1.768980695369880469e+13 -5.973350106698695790e-06 -1.192977357807952303e-06 9.865049325354695559e-07 1.713785078772358907e-05 1.853853206908440043e+01 6.222255074494813520e-01 9.781936020914446805e-01 -1.171846402109453511e-01 4.306751582837209824e+00
1.000000000000000000e+00 -3.954804214527989075e+02 -1.251331069820304975e+02 -4.057299683641080628e+05 -1.801005328536809375e+13 -5.444201372865449779e-06 -1.706675814194966698e-06 8.500164020227979003e-07 2.334302488812441349e-06 7.820162993632320081e+01 2.612886669350260149e+00 4.894545731971943203e-01 -4.922005494511390578e-01 9.982043655850084463e+00
1.000000000000000000e+00 -3.431591075558466741e+02 -1.588831015055733360e+02 -4.093534294838071801e+05 -1.833317524675925000e+13 -4.766132022543012810e-06 -2.186340808550367223e-06 7.053620362317732928e-07 -7.125808406630891767e-07 8.496596777414775659e+01 2.826122189147746600e+00 -3.322583817222193314e-01 -5.323714236843550829e-01 -1.418253760412388864e+01
1.000000000000000000e+00 -2.821877620937372058e+02 -1.886028010363909289e+02 -4.129769275877802284e+05 -1.865917343380825000e+13 -3.953994579680715161e-06 -2.618277334724542382e-06 5.669144073017528247e-07 -1.422559123124535650e-06 3.372686301423450317e+01 1.116790752452761160e+00 -9.279428960713687058e-01 -2.103597887064809491e-01 -1.361254315429355799e+01
1.000000000000000000e+00 -2.140511388483706980e+02 -2.135545103507440388e+02 -4.166004673028696561e+05 -1.898804835625523828e+13 -3.025585296131671178e-06 -2.990681884117893376e-06 4.483419733222520570e-07 -1.391708959392403837e-06 -4.101101669450300591e+01 -1.351932551916600111e+00 -8.924064357068161035e-01 2.547602770667020122e-01 1.040433691867988664e+01
1.000000000000000000e+00 -1.403923443708133334e+02 -2.330405241185282819e+02 -4.202240528906349791e+05 -1.931980050492763281e+13 -2.001688244296094299e-06 -3.291956397949992454e-06 3.613769251281616831e-07 -5.671507959624336341e-07 -8.839079844541146258e+01 -2.900873496756370518e+00 -2.498894877787846136e-01 5.466161403497443727e-01 3.635102383441151996e+00
1.000000000000000000e+00 -6.315732879915708509e+01 -2.465041861966559225e+02 -4.238476873449749546e+05 -1.965443026660332422e+13 -9.082505649390229268e-07 -3.512172481075867930e-06 3.149262619611871186e-07 3.010304008203087091e-06 -7.580611891923982171e+01 -2.476861811144143832e+00 5.625884567443322215e-01 4.667182921610796287e-01 -1.863589403701577751e+01
1.000000000000000000e+00 1.567968934469139697e+01 -2.536170514771651767e+02 -4.274713716820098925e+05 -1.999193785256398828e+13 2.274136842074524963e-07 -3.644409775443737889e-06 3.136904678328995128e-07 1.885153738186000168e-05 -1.131425661861782928e+01 -3.680508140130948069e-01 9.924212131530020242e-01 6.938443104913767645e-02 -6.122827543088260605e+00
1.000000000000000000e+00 9.413035354769928631e+01 -2.541438929405254328e+02 -4.310951061120384256e+05 -2.033232340130355469e+13 1.376812777707666348e-06 -3.682938694251068503e-06 3.576089715538372673e-07 5.782161710588262375e-06 6.149039427278290049e+01 1.991506214977724509e+00 7.471448380435838921e-01 -3.751437742551839705e-01 1.291940531292277861e+01
1.000000000000000000e+00 1.700699609853839149e+02 -2.480357848299554746e+02 -4.347188894412927330e+05 -2.067558691842747266e+13 2.508466058178499180e-06 -3.624637445688581650e-06 4.419877228005883285e-07 -1.776172652452307058e-08 9.292012798468391566e+01 2.996298886637867032e+00 -6.474864178686249271e-03 -5.644277253975373831e-01 -4.516203333097016603e+00
1.000000000000000000e+00 2.415287812242385428e+02 -2.354939587915401660e+02 -4.383427189315204159e+05 -2.102172825761792188e+13 3.592152719615094367e-06 -3.470046436128491631e-06 5.581248454006443839e-07 -1.262630293701744643e-06 6.112089478292843125e+01 1.962339863130190931e+00 -7.556972185595067781e-01 -3.696520768797974532e-01 -1.904788179321202790e+01
1.000000000000000000e+00 3.066977655437906947e+02 -2.168184287587123720e+02 -4.419665910706939176e+05 -2.137074718904362500e+13 4.599092652245485993e-06 -3.221271671843175789e-06 6.939441051572858064e-07 -1.474483171557738023e-06 -1.271879120029550592e+01 -4.065816031496493066e-01 -9.907544189692422121e-01 7.664461570480103625e-02 2.147627469455902105e+00
1.000000000000000000e+00 3.638100047263682768e+02 -1.924883421303018167e+02 -4.455905007194938371e+05 -2.172264331307343750e+13 5.500253005954834172e-06 -2.883248499888761650e-06 8.350420693971847400e-07 -1.031622399015140545e-06 -7.849914442440086759e+01 -2.498574363231317541e+00 -5.517904933019107672e-01 4.708121199580793670e-01 1.119890926977358703e+01
1.000000000000000000e+00 4.114236591195632400e+02 -1.632010350883932404e+02 -4.492144414698466426e+05 -2.207741608906602344e+13 6.270686332194244903e-06 -2.464440501114628044e-06 9.670154215459120454e-07 9.356265632639915763e-07 -9.121425293516158206e+01 -2.890836782625362034e+00 2.625287546482902301e-01 5.447235232172722430e-01 -1.233408436741637715e+01
1.000000000000000000e+00 4.483961061068966387e+02 -1.297039549990489604e+02 -4.528384067266912316e+05 -2.243506493752745312e+13 6.889333228176847019e-06 -1.974413862794140600e-06 1.076660353185458569e-06 1.094720355960288658e-05 -4.172030413933452309e+01 -1.316587772338923212e+00 8.982665597472432317e-01 2.480985193361991414e-01 -1.530994570629865237e+01
1.000000000000000000e+00 4.737508146102642854e+02 -9.286633621336271460e+01 -4.564623892242698348e+05 -2.279558919105685938e+13 7.337144532030105023e-06 -1.424967732198145318e-06 1.152634829783468855e-06 1.241435769744193294e-05 3.671363811229625185e+01 1.153663546602617274e+00 9.228959818299298234e-01 -2.173043704132739951e-01 8.992562499001568455e+00
1.000000000000000000e+00 4.869323230118781680e+02 -5.370097735622672275e+01 -4.600863810117419343e+05 -2.315898809023862109e+13 7.601163734037783716e-06 -8.305452270371937259e-07 1.187487226663841635e-06 1.216331165849915590e-06 9.073861828312816158e+01 2.839233773266932825e+00 3.195651258779579340e-01 -5.348396024427376494e-01 5.684347477137761118e+00
1.000000000000000000e+00 4.877363987851065872e+02 -1.318786086578145600e+01 -4.637103742379280156e+05 -2.352526086055016406e+13 7.673687068712573242e-06 -2.055714918876779449e-07 1.178137137414514767e-06 -9.656786504224347880e-07 8.321296745977205944e+01 2.592776184168386955e+00 -5.012264840078030081e-01 -4.884145869487002134e-01 -1.776236494012033518e+01
1.000000000000000000e+00 4.761560524722247010e+02 2.765282264120277844e+01 -4.673343609048172366e+05 -2.389440668755114844e+13 7.550037839153309010e-06 4.344190894283302933e-07 1.125656598354039420e-06 -1.466593534937319791e-06 1.876133316746332014e+01 5.821172477414942037e-01 -9.809496477528293346e-01 -1.096294538920413592e-01 -8.383018790788339558e+00
1.000000000000000000e+00 4.526060485139505545e+02 6.774538138928703290e+01 -4.709583331470959820e+05 -2.426642474510707812e+13 7.232275218269932332e-06 1.072516288785168737e-06 1.035990491777838014e-06 -1.299835274174981211e-06 -5.904154433829641135e+01 -1.824252270945339705e+00 -7.932534322919629899e-01 3.437540764387848613e-01 1.263576467084168442e+01
1.000000000000000000e+00 4.178132075683145672e+02 1.061320458057474667e+02 -4.745822843499999144e+05 -2.464131431199813281e+13 6.727687218517890330e-06 1.693166928703804375e-06 9.186370814790556018e-07 -1.720547328226093561e-07 -9.715572040594852865e+01 -2.989396907176310236e+00 -6.592427705932661641e-02 5.632961846289207264e-01 -2.175522134975000021e+00
1.000000000000000000e+00 3.726481658082411172e+02 1.418896397220992469e+02 -4.782062080308469012e+05 -2.501907465984435547e+13 6.046252821554511697e-06 2.280907192501911794e-06 7.850902532514782742e-07 4.972667396918233420e-06 -6.922146965019229015e+01 -2.121053290072618669e+00 7.062433631400032441e-01 3.996750577267865756e-01 -1.936948155218741263e+01
1.000000000000000000e+00 3.183306165022176515e+02 1.741138411185683310e+02 -4.818300980699096108e+05 -2.539970507797063672e+13 5.204085712463242019e-06 2.820128780460252408e-06 6.487639602860782432e-07 1.960477590919993161e-05 6.237619631914294693e+00 1.903411527976792417e-01 9.979750491638289533e-01 -3.581831451193924487e-02 -1.188710716419029839e-01
1.000000000000000000e+00 2.562931057118976810e+02 2.020818917976411626e+02 -4.854539498242831905e+05 -2.578320499316458594e+13 4.221405466035001165e-06 3.297745655269294128e-06 5.233951968250065756e-07 3.554796854314309003e-06 7.807193999091145997e+01 2.372571146816825127e+00 6.107401305879411879e-01 -4.469298227186088157e-01 1.210162808335555695e+01
1.000000000000000000e+00 1.880098885676200098e+02 2.251552070921983670e+02 -4.890777594286800013e+05 -2.616957390070600000e+13 3.119828429560120306e-06 3.701703487183378514e-06 4.211477797800835948e-07 -4.545578779103075163e-07 9.716086801280395946e+01 2.940583323516452019e+00 -1.920458145032693242e-01 -5.539328059878702026e-01 -1.030997863722572028e+01
1.000000000000000000e+00 1.151965473482085116e+02 2.427620602093832929e+02 -4.927015240210798220e+05 -2.655881139177727734e+13 1.925730343734509808e-06 4.020744152914896767e-06 3.519458027678836907e-07 -1.366507051657134747e-06 5.002398551053063613e+01 1.507806217259022086e+00 -8.641556297297152689e-01 -2.840237564463820030e-01 -1.673100653432475582e+01
1.000000000000000000e+00 3.965948346715883588e+01 2.545471017801589539e+02 -4.963252421601774404e+05 -2.695091720277694141e+13 6.678601367267380856e-07 4.246941107926866738e-06 3.225336361300064528e-07 -1.439735246602290308e-06 -3.166274491225170351e+01 -9.504913840821870297e-01 -9.483476258363514599e-01 1.791228668146486180e-01 7.340377232321934287e+00
1.000000000000000000e+00 -3.686915601019444466e+01 2.602604071522894742e+02 -4.999489130134807783e+05 -2.734589113213453516e+13 -6.254043963973943351e-07 4.373966497927696618e-06 3.357613324438944962e-07 -8.012559770810733691e-07 -9.237848181475197862e+01 -2.761913123406306791e+00 -3.874570914115953446e-01 5.204321937200958592e-01 7.542595115874652478e+00
1.000000000000000000e+00 -1.125289864752787139e+02 2.597405247968472963e+02 -5.035725366365548107e+05 -2.774373307349360547e+13 -1.922642550435402889e-06 4.396868423627389370e-06 3.904043838073082330e-07 1.932354027013804214e-06 -9.049838596486588926e+01 -2.694801170408543722e+00 4.369496288958970576e-01 5.077842553252704949e-01 -1.657999494777443772e+01
1.000000000000000000e+00 -1.854898216854254258e+02 2.530516320891032933e+02 -5.071961147911483422e+05 -2.814444311002857031e+13 -3.192038399414410608e-06 4.314463306199567346e-06 4.813476876903504134e-07 1.568485991416378189e-05 -2.679917369694156903e+01 -7.948058766501124861e-01 9.641662017239208682e-01 1.497883819971408403e-01 -1.056162304636503002e+01
1.000000000000000000e+00 -2.541055016858955184e+02 2.403609088069927395e+02 -5.108196501906760386e+05 -2.854802143687359766e+13 -4.404065493477175989e-06 4.127367610109895429e-06 6.001518175811543981e-07 8.223284046453520544e-06 5.572663952345243388e+01 1.646126879766210083e+00 8.355601100082864496e-01 -3.100792349708001439e-01 1.200879525504172740e+01
1.000000000000000000e+00 -3.167058388372014406e+02 2.219235515322384629e+02 -5.144431460146557656e+05 -2.895446831023713281e+13 -5.527968516475347251e-06 3.837801412371806338e-06 7.355504110709607153e-07 4.339677068385773921e-07 1.008595555320120667e+02 2.967462531461943165e+00 1.385461817074325752e-01 -5.589952692590774985e-01 1.618424550435564324e-01
1.000000000000000000e+00 -3.717611348142142447e+02 1.982091046788661970e+02 -5.180666067901657079e+05 -2.936378414917067188e+13 -6.534640351433361985e-06 3.451842077550936687e-06 8.747861810321650476e-07 -1.152498751451299365e-06 7.746139505352229548e+01 2.270011979182623207e+00 -6.527175566993571598e-01 -4.276123468820564044e-01 -1.934694508822404657e+01
1.000000000000000000e+00 -4.180212090796183020e+02 1.697684907055399606e+02 -5.216900375015999889e+05 -2.977596943928737891e+13 -7.399169319527651140e-06 2.977222893415018602e-06 1.004837942858535962e-06 -1.481852114027337026e-06 9.773710775764422598e-01 2.852881944078702880e-02 -9.999596532098615764e-01 -5.332734015354169757e-03 -2.458799055863678529e+00
1.000000000000000000e+00 -4.543016133407881512e+02 1.372206452022361702e+02 -5.253134439066661289e+05 -3.019102477089692188e+13 -8.097200624083710459e-06 2.423146609739049928e-06 1.112905414179256013e-06 -1.168507842815605887e-06 -7.676802376647628989e+01 -2.231993600761151164e+00 -6.670684044049568495e-01 4.205816403951780358e-01 1.268877188136228007e+01
1.000000000000000000e+00 -4.796531034975791954e+02 1.013688366756529291e+02 -5.289368329168027267e+05 -3.060895088609941797e+13 -8.608018162200130194e-06 1.802395074588103251e-06 1.188420173862599655e-06 3.673058885235711132e-07 -1.027070274287926850e+02 -2.974457307729480249e+00 1.194716671209473252e-01 5.604805786997570927e-01 -8.104746364929141578e+00
1.000000000000000000e+00 -4.934812927425976454e+02 6.305776817949175950e+01 -5.325602114855324617e+05 -3.102974855381798438e+13 -8.916851119440649779e-06 1.128883254550782677e-06 1.224370222533217043e-06 7.854084598634781882e-06 -5.872810532697513963e+01 -1.694163176484746014e+00 8.247634419736725730e-01 3.192400553284555631e-01 -1.789436601855430453e+01
1.000000000000000000e+00 -4.953253500320489024e+02 2.316019184295883093e+01 -5.361835865181499394e+05 -3.145341855936964062e+13 -9.011066107550579868e-06 4.174431959755411403e-07 1.216773705198816793e-06 1.617792318956193085e-05 2.570245340107864962e+01 7.385707661577929350e-01 9.691373186728090561e-01 -1.391036074001260892e-01 5.422558334586772055e+00
1.000000000000000000e+00 -4.850283168069695989e+02 -1.731668113568193590e+01 -5.398069656397369690e+05 -3.187996179498908203e+13 -8.883368623109521087e-06 -3.142279870655626056e-07 1.165766916856895983e-06 2.058943744240153072e-06 9.325221115351251910e+01 2.669263937254203523e+00 4.543116484359949747e-01 -5.028208660542289321e-01 9.197545358453465880e+00
1.000000000000000000e+00 -4.628303432681714753e+02 -5.738359181972023748e+01 -5.434303564496575855e+05 -3.230937917403467969e+13 -8.533708891362597323e-06 -1.048270447166821904e-06 1.076153492817125087e-06 -7.732770309395052011e-07 9.764477438082553817e+01 2.784214830474920799e+00 -3.695693289094291178e-01 -5.244771355669914925e-01 -1.509495924241951492e+01
1.000000000000000000e+00 -4.291344699034448240e+02 -9.608322312028847989e+01 -5.470537661478318041e+05 -3.274167158615110938e+13 -7.965178593067286759e-06 -1.766929795530314998e-06 9.561637759085347813e-07 -1.434493811144311634e-06 3.538935749247778517e+01 1.005204037588568244e+00 -9.420476468391670855e-01 -1.893375302978373420e-01 -1.259315324879933584e+01
1.000000000000000000e+00 -3.846697382929794458e+02 -1.323928056731272136e+02 -5.506772019937506411e+05 -3.317683995099485156e+13 -7.187158530645170284e-06 -2.450773647660492697e-06 8.173610179887183103e-07 -1.375101592640255293e-06 -5.150092851630910928e+01 -1.457239106815588325e+00 -8.737454951422465310e-01 2.746018166721173048e-01 1.105260173631871190e+01
1.000000000000000000e+00 -3.305499425909430329e+02 -1.653835147448541250e+02 -5.543006701341206208e+05 -3.361488507627866016e+13 -6.216623918420084781e-06 -3.081621815523632276e-06 6.735979531658121878e-07 -4.928423455247049827e-07 -1.038880795609973404e+02 -2.928343634542567742e+00 -2.111936183967612346e-01 5.517922535097157244e-01 2.450034474413167018e+00
1.000000000000000000e+00 -2.680189866184309722e+02 -1.942314453127414140e+02 -5.579241760023464449e+05 -3.405580770212953906e+13 -5.073560538412367624e-06 -3.642809340412243823e-06 5.388200498587151421e-07 3.365925926533266595e-06 -8.575183765107165357e+01 -2.407945305494689325e+00 5.949904839590335337e-01 4.537325860505719288e-01 -1.897794764061074346e+01
1.000000000000000000e+00 -1.985980884178015060e+02 -2.181252991828690710e+02 -5.615477247400827473e+05 -3.449960855005892188e+13 -3.783849385577523988e-06 -4.117507802773256480e-06 4.263562563477852548e-07 1.940090928220750575e-05 -8.926630382180473333e+00 -2.497145489042816024e-01 9.965157103184069110e-01 4.708927261999704822e-02 -4.851387932836544792e+00
1.000000000000000000e+00 -1.241062564346927530e+02 -2.364263698881205755e+02 -5.651713200947875157e+05 -3.494628818547114844e+13 -2.379829788040623404e-06 -4.491772461936750545e-06 3.477673725214950967e-07 5.232719062092278105e-06 7.459110355683017701e+01 2.078751795458787743e+00 7.201896876197447783e-01 -3.915794375685270334e-01 1.293286070265845922e+01
1.000000000000000000e+00 -4.638264636812220232e+01 -2.486675791038438490e+02 -5.687949643490862800e+05 -3.539584700334542188e+13 -8.951243511102859578e-07 -4.754628925064866601e-06 3.110368451601549264e-07 -1.223277568225819353e-07 1.078080056708365220e+02 2.993174808498634931e+00 -4.610733288820881293e-02 -5.638393387277577107e-01 -5.789101738975374722e+00
1.000000000000000000e+00 3.258313000474899468e+01 -2.544586590516698550e+02 -5.724186588130051969e+05 -3.584828528408205469e+13 6.328178025626912848e-07 -4.896353162410597913e-06 3.198022206847387855e-07 -1.287944732664899308e-06 6.764701760876559433e+01 1.871118506778216783e+00 -7.810430154238428013e-01 -3.524673105989073463e-01 -1.873224998235543737e+01
1.000000000000000000e+00 1.106612110468729355e+02 -2.536374660469161313e+02 -5.760424032100634649e+05 -3.630360311226675000e+13 2.162827971483650092e-06 -4.911448315783564906e-06 3.731081752352574002e-07 -1.469531230107843460e-06 -1.900539620316049039e+01 -5.237296955106117702e-01 -9.846081040977779919e-01 9.871630291983161942e-02 3.336886725337817161e+00
1.000000000000000000e+00 1.858721347260772632e+02 -2.462464622776342651e+02 -5.796661959161208943e+05 -3.676180040067580469e+13 3.655647962778583275e-06 -4.798325366300592702e-06 4.655404609883679643e-07 -9.884374529179832299e-07 -9.331748066900048855e+01 -2.561987018649243719e+00 -5.183799199177797634e-01 4.827607248824845598e-01 1.057674771827379523e+01
1.000000000000000000e+00 2.562601754565855003e+02 -2.324277173970640433e+02 -5.832900344909630949e+05 -3.722287695277953125e+13 5.071515779187330039e-06 -4.557368987370899663e-06 5.874697234728714489e-07 1.117991787999904704e-06 -1.044677825748375852e+02 -2.857497881138451490e+00 3.004571039714095115e-01 5.384413745636212889e-01 -1.336125236508595826e+01
1.000000000000000000e+00 3.199142606042290709e+02 -2.125586437356175509e+02 -5.869139147096838569e+05 -3.768683233511321094e+13 6.370596682332994986e-06 -4.193676203476665613e-06 7.260371183508843342e-07 1.190504180008320951e-05 -4.437298185983663501e+01 -1.209254484829398679e+00 9.149240231774269372e-01 2.278753876717096449e-01 -1.442343347842984080e+01
1.000000000000000000e+00 3.752499254859736766e+02 -1.872011246435513669e+02 -5.905378309236379573e+05 -3.815366591684200781e+13 7.518659972577605920e-06 -3.716189885623075040e-06 8.670903007292811736e-07 1.143538286362584979e-05 4.647779911856417101e+01 1.261961451178640559e+00 9.069716536992229461e-01 -2.377067308404048340e-01 9.789913351869731883e+00
1.000000000000000000e+00 4.208633137760613181e+02 -1.569847623042720102e+02 -5.941617772667512763e+05 -3.862337702094765625e+13 8.484336515909568358e-06 -3.135479232738109522e-06 9.962068418952509599e-07 1.027028533761425793e-06 1.062682803457254295e+02 2.874825431161321720e+00 2.819069662525688358e-01 -5.415443175660109576e-01 4.592110473907949242e+00
1.000000000000000000e+00 4.555410462092523858e+02 -1.227279009191331056e+02 -5.977857466943325708e+05 -3.909596479764007812e+13 9.239429923875860253e-06 -2.466212990187202857e-06 1.100104471326311055e-06 -1.010210416948799897e-06 9.391863423897045493e+01 2.531469471049283548e+00 -5.349927364421848131e-01 -4.768657379962052412e-01 -1.827662007120110133e+01
1.000000000000000000e+00 4.785127242968568453e+02 -8.536505588012774126e+01 -6.014097316511282697e+05 -3.957142830759708594e+13 9.764186080659171998e-06 -1.725807290128929886e-06 1.168626121878814590e-06 -1.472168214054368252e-06 1.733901830598564331e+01 4.656550337938989426e-01 -9.878538791185053070e-01 -8.768807621463180213e-02 -7.157877865834832321e+00
1.000000000000000000e+00 4.892677150513678725e+02 -4.582516407915805701e+01 -6.050337245358718792e+05 -4.004976658144069531e+13 1.004380442441347769e-05 -9.320202115368685153e-07 1.194949435934571319e-06 -1.275526859835641441e-06 -7.162678262285207609e+01 -1.916636894636521538e+00 -7.686000432594195519e-01 3.611612793721522552e-01 1.283316437285472844e+01
1.000000000000000000e+00 4.875445865551681095e+02 -5.146017084341083958e+00 -6.086577171496177325e+05 -4.053097854608283594e+13 1.006837950014667285e-05 -1.052897453743475212e-07 1.176440839070824333e-06 -7.139676120661744224e-08 -1.123265256240829331e+02 -2.994863435969459697e+00 -2.647680985384004426e-02 5.643261389063597422e-01 -3.452038733324518383e+00
1.000000000000000000e+00 4.735472983354864596e+02 3.560780915203216779e+01 -6.122817014178832760e+05 -4.101506311910416406e+13 9.837545383722386361e-06 7.328890835171010170e-07 1.115820153150645360e-06 5.497005560215838290e-06 -7.663212982340024837e+01 -2.035830177911437389e+00 7.336548646476457325e-01 3.836170939175912453e-01 -1.923732695907015255e+01
1.000000000000000000e+00 4.477228071469358497e+02 7.546134276717754119e+01 -6.159056702133188955e+05 -4.150201932011678125e+13 9.356114449763027911e-06 1.562357620683046804e-06 1.019638691888957908e-06 1.915396640595686084e-05 1.164880121139378133e+01 3.083567495558003912e-01 9.946849766142410454e-01 -5.805243724097626512e-02 1.124643955518486393e+00
1.000000000000000000e+00 4.107363449718563970e+02 1.134121166408574339e+02 -6.195296165468129329e+05 -4.199184616486542188e+13 8.633707119875857599e-06 2.361909469760218990e-06 8.974216333320938711e-07 3.185723241282791874e-06 9.262293789082539774e+01 2.443081372055732725e+00 5.789518514105052027e-01 -4.602126068265877112e-01 1.164760761593012539e+01
1.000000000000000000e+00 3.636587887451771053e+02 1.485115250565436611e+02 -6.231535338239987614e+05 -4.248454270075154688e+13 7.688847644478651974e-06 3.110977993362733443e-06 7.616644349149880676e-07 -5.309331267465649540e-07 1.109283216387689208e+02 2.915509911952044231e+00 -2.307267739451060451e-01 -5.492096882691402948e-01 -1.143746754683995803e+01
1.000000000000000000e+00 3.077161160021755677e+02 1.799682056439157805e+02 -6.267774167479798198e+05 -4.298010813220416406e+13 6.543885436841347069e-06 3.791847351766840721e-06 6.259131510900564036e-07 -1.383789225065064386e-06 5.361283630106257192e+01 1.404103336581208561e+00 -8.834030148672724625e-01 -2.644871688130802645e-01 -1.598438236083142527e+01
1.000000000000000000e+00 2.442637015504890030e+02 2.070230543251660436e+02 -6.304012604221869260e+05 -4.347854170207317188e+13 5.224540645321296187e-06 4.387099692414103440e-06 5.034066936151041567e-07 -1.428536802640070663e-06 -4.070614653267870864e+01 -1.062316575809777675e+00 -9.350333001073831696e-01 2.001922290493134970e-01 8.276214730376747042e+00
1.000000000000000000e+00 1.749571525284036397e+02 2.290262943659694486e+02 -6.340250611791267293e+05 -4.397984280819105469e+13 3.763658686018778633e-06 4.881277408885965506e-06 4.062582306053284672e-07 -7.427124440978608229e-07 -1.078916780540517095e+02 -2.805763275165054527e+00 -3.505996904701641492e-01 5.286947668714311321e-01 6.553078893845864172e+00
1.000000000000000000e+00 1.014875742501673557e+02 2.455251309494793475e+02 -6.376488168513408164e+05 -4.448401104605167969e+13 2.195667308479009409e-06 5.262828628356725295e-06 3.438091931849413759e-07 2.195874138355199889e-06 -1.019031286086245132e+02 -2.640736723656588403e+00 4.722978944611331276e-01 4.975969216730488642e-01 -1.726181636007529363e+01
1.000000000000000000e+00 2.556520600544768129e+01 2.561300622050817992e+02 -6.412725256496628281e+05 -4.499104605735696094e+13 5.562423300308277557e-07 5.521345289235337347e-06 3.219108805193963859e-07 1.667199997361068747e-05 -2.631148091270185674e+01 -6.794582052953382911e-01 9.739408366544242135e-01 1.280558170266555829e-01 -9.394506023919317883e+00
1.000000000000000000e+00 -5.091742395302843960e+01 2.605892081934794646e+02 -6.448961869013422402e+05 -4.550094763567403906e+13 -1.114110680982842021e-06 5.649213057655080338e-06 3.427011861283533699e-07 7.484499655968069929e-06 6.778406372087955845e+01 1.744336412810612691e+00 8.130640212239064191e-01 -3.285806137976772789e-01 1.239017153039590902e+01
1.000000000000000000e+00 -1.261544667251937426e+02 2.588607541365684028e+02 -6.485198014976989944e+05 -4.601371579438544531e+13 -2.775862682903051806e-06 5.643274452818603879e-06 4.042844265322842183e-07 2.986997509209205719e-07 1.162680034318757976e+02 2.981627150976744467e+00 9.904565443138858838e-02 -5.616636407854251889e-01 -1.105672735361396652e+00
1.000000000000000000e+00 -1.984293508010424887e+02 2.509716712605859072e+02 -6.521433710030760849e+05 -4.652935064574013281e+13 -4.390571974188188831e-06 5.501859626853759739e-06 5.008206257057827898e-07 -1.185453104692992436e-06 8.570954773986514397e+01 2.190372837457706723e+00 -6.823524356089560872e-01 -4.126097645761094834e-01 -1.940092427274720777e+01
1.000000000000000000e+00 -2.659556286673445129e+02 2.370920798408478447e+02 -6.557668981390236877e+05 -4.704785247299693750e+13 -5.917398018906163144e-06 5.226467521029751273e-06 6.230482494519058532e-07 -1.481520133413300621e-06 -3.564985765667397111e+00 -9.079199806704366105e-02 -9.995457391749668075e-01 1.714782998329181934e-02 -1.175878048994337233e+00
1.000000000000000000e+00 -3.271451689243425562e+02 2.175936584706798556e+02 -6.593903868114225334e+05 -4.756922173892541406e+13 -7.319058660367734600e-06 4.823147731375422857e-06 7.595847839385138445e-07 -1.134334942065563951e-06 -9.100899100662539354e+01 -2.309830849868714786e+00 -6.368606514699144405e-01 4.352480682632149933e-01 1.241158516212365193e+01
1.000000000000000000e+00 -3.805959460682771578e+02 1.929018024661440620e+02 -6.630138412068234757e+05 -4.809345895940167969e+13 -8.561677370761142518e-06 4.299328201942522979e-06 8.976385395353208295e-07 5.079029069811233401e-07 -1.169408798689882616e+02 -2.957831805881533604e+00 1.589426162823494026e-01 5.573477102141587425e-01 -9.317247498829461350e+00
1.000000000000000000e+00 -4.249356671573044650e+02 1.635712482090202400e+02 -6.666372664890325395e+05 -4.862056480613039844e+13 -9.611360759207426146e-06 3.665542630413733399e-06 1.023654548260038815e-06 8.623843578562874381e-06 -6.324862138289741864e+01 -1.594316418912713473e+00 8.466496158682285111e-01 3.004271131777763726e-01 -1.730448458020002178e+01
1.000000000000000000e+00 -4.590866771641157129e+02 1.303307988869453311e+02 -6.702606691146910889e+05 -4.915054015680182812e+13 -1.044024116178306346e-05 2.936516950245576067e-06 1.125534880035870536e-06 1.516343693827676241e-05 3.398552920026982349e+01 8.537660671233779919e-01 9.585379474546841250e-01 -1.608058051498647278e-01 6.483566625154450591e+00
1.000000000000000000e+00 -4.822371684568577166e+02 9.392941958079001097e+01 -6.738840555266673910e+05 -4.968338590755215625e+13 -1.102599945733410454e-05 2.127788897513418902e-06 1.193627014741660404e-06 1.804669088159875298e-06 1.086989616163492087e+02 2.721426878808895555e+00 4.184270356417532644e-01 -5.126472756561806232e-01 8.333584371784617417e+00
1.000000000000000000e+00 -4.936851728535554571e+02 5.521219581319143543e+01 -6.775074327363815391e+05 -5.021910305923633594e+13 -1.134844228770578367e-05 1.257450224017956773e-06 1.220886117871193681e-06 -8.302447192860473876e-07 1.097251169736345418e+02 2.737844230443928328e+00 -4.063254889000361136e-01 -5.157420511603156843e-01 -1.593275549214109610e+01
1.000000000000000000e+00 -4.930970545175672441e+02 1.515098048034433909e+01 -6.811308081561757717e+05 -5.075769269469835156e+13 -1.139554335829873364e-05 3.469069349760974448e-07 1.204437353700423122e-06 -1.445041108660652847e-06 3.586502016981437180e+01 8.918875891881514750e-01 -9.546725990020996644e-01 -1.679892763388662336e-01 -1.151306736296932343e+01
1.000000000000000000e+00 -4.804567615845776345e+02 -2.531476322978149085e+01 -6.847541890803927090e+05 -5.129915590260914062e+13 -1.116249077050219529e-05 -5.827070687349057562e-07 1.145585682062165690e-06 -1.356892062194030775e-06 -6.295821836879647293e+01 -1.560388508170144961e+00 -8.536699790255538600e-01 2.940370068842121376e-01 1.161118503715153061e+01
1.000000000000000000e+00 -4.559042760309057485e+02 -6.520325045887169324e+01 -6.883775829625044717e+05 -5.184349381874152344e+13 -1.064810904395995646e-05 -1.508820876155587229e-06 1.049273303778183451e-06 -4.133803791307008480e-07 -1.194744239136994821e+02 -2.951218802166419852e+00 -1.720954740236028402e-01 5.561025354552961986e-01 1.226894455073090029e+00
1.000000000000000000e+00 -4.199819865914342358e+02 -1.034733972370663082e+02 -6.920009975668315310e+05 -5.239070764957414062e+13 -9.860739580643581025e-06 -2.407005859615472952e-06 9.248384743132388570e-07 3.753283149544443441e-06 -9.484713941755369149e+01 -2.335079622829591361e+00 6.265138830639207512e-01 4.400028089126565289e-01 -1.922096170927393288e+01
1.000000000000000000e+00 -3.735531764554085612e+02 -1.391864678737046859e+02 -6.956244394054246368e+05 -5.294079843560046094e+13 -8.816564127878191476e-06 -3.254719489619757295e-06 7.846342156920506895e-07 1.975399262022123993e-05 -5.327709061935711254e+00 -1.307295475046390265e-01 9.990426507677525603e-01 2.467202283726080414e-02 -3.566987008033875473e+00
1.000000000000000000e+00 -3.176266423760802695e+02 -1.714318477976767667e+02 -6.992479145577836316e+05 -5.349376717178477344e+13 -7.535641146770149751e-06 -4.029622891403094992e-06 6.420749378341473464e-07 4.726287790611073214e-06 8.843916810795312244e+01 2.162910156440033926e+00 6.920362089094452829e-01 -4.074334591624965696e-01 1.284424571826404282e+01
1.000000000000000000e+00 -2.535839347790896170e+02 -1.993200842972623263e+02 -7.028714288090219488e+05 -5.404961482709719531e+13 -6.047414426429673060e-06 -4.709433524454607053e-06 5.112884338340106109e-07 -2.202896406823683794e-07 1.224706614223141941e+02 2.985322182514005274e+00 -8.575838708062427651e-02 -5.623602109693061069e-01 -7.048790759879584478e+00
1.000000000000000000e+00 -1.830596688059379744e+02 -2.221408556032822332e+02 -7.064949865845984314e+05 -5.460834217866781250e+13 -4.388073182819525433e-06 -5.275689697819513218e-06 4.055766299680465958e-07 -1.311480614874284795e-06 7.312993608898766240e+01 1.776741959607054167e+00 -8.052171094382136740e-01 -3.346880622772074876e-01 -1.831828911908894142e+01
1.000000000000000000e+00 -1.077476356193712093e+02 -2.392834151613003257e+02 -7.101185914755578851e+05 -5.516994988800998438e+13 -2.596036158720351425e-06 -5.711960564771133922e-06 3.355921497521885137e-07 -1.463281721272265513e-06 -2.644170889743417519e+01 -6.403145629368530711e-01 -9.769004305695049295e-01 1.206819996418334179e-01 4.487515498315447715e+00
1.000000000000000000e+00 -2.960648382667005052e+01 -2.502316502384192347e+02 -7.137422458974838955e+05 -5.573443844444971875e+13 -7.169689376851220195e-07 -6.003788188082672898e-06 3.085208535940723642e-07 -9.422862463821106877e-07 -1.086097355117659191e+02 -2.621512623856767199e+00 -4.840856601567295470e-01 4.939769313159683151e-01 9.866653980586749029e+00
1.000000000000000000e+00 4.929578742435370486e+01 -2.547094271351417376e+02 -7.173659503813143820e+05 -5.630180804914643750e+13 1.199838166634877551e-06 -6.142250115326361828e-06 3.271904146189980458e-07 1.314986693015768173e-06 -1.171987850940246574e+02 -2.819617889195948024e+00 3.379873331877700227e-01 5.313035650164885659e-01 -1.432692238402237628e+01
1.000000000000000000e+00 1.269870681837958273e+02 -2.525859583914402720e+02 -7.209897044764056336e+05 -5.687205875008978125e+13 3.106423514590151552e-06 -6.121811966179853028e-06 3.897239782165347640e-07 1.290344138316994432e-05 -4.586455496077510929e+01 -1.099848493987842346e+00 9.301776161491556172e-01 2.072618457030378503e-01 -1.346540953086709891e+01
1.000000000000000000e+00 2.013981574267955637e+02 -2.438633987824686074e+02 -7.246135113340661628e+05 -5.744519116494570312e+13 4.951468562236556012e-06 -5.940113852281557088e-06 4.896435568390967426e-07 1.049877998506293189e-05 5.725023267224557344e+01 1.368440824257655120e+00 8.896068732433575210e-01 -2.577663939744618826e-01 1.050700129778294389e+01
1.000000000000000000e+00 2.705367432311161906e+02 -2.288023981645750382e+02 -7.282373586135907099e+05 -5.802120345277171094e+13 6.684536783089167407e-06 -5.601124750755903885e-06 6.165808466735703715e-07 8.511490613411647310e-07 1.219675111177885327e+02 2.905966075669811133e+00 2.437671032521247783e-01 -5.474105624432095141e-01 3.449818152104438873e+00
1.000000000000000000e+00 3.326838869038710982e+02 -2.078048933823688174e+02 -7.318612464117048075e+05 -5.860009572521386719e+13 8.261000019646740512e-06 -5.112416643030979258e-06 7.575458747211370826e-07 -1.051997121953219839e-06 1.038421908236605304e+02 2.466166143861782345e+00 -5.679496016355818355e-01 -4.645639639058287695e-01 -1.869737241866399913e+01
1.000000000000000000e+00 3.861938549286455782e+02 -1.813899408036139960e+02 -7.354851693424332188e+05 -5.918186721187931250e+13 9.637211367386446154e-06 -4.484652924553831155e-06 8.978857718972723380e-07 -1.476476011969890079e-06 1.471803089422307309e+01 3.484213681899091530e-01 -9.932203200627858219e-01 -6.560122687131253461e-02 -5.907762168322958196e+00
1.000000000000000000e+00 4.296629405288524595e+02 -1.502994469222304303e+02 -7.391091208085347898e+05 -5.976651692939975781e+13 1.077478376654047429e-05 -3.734286744208654030e-06 1.023271431675377518e-06 -1.249360455238670454e-06 -8.501051469643151393e+01 -2.006036104423884137e+00 -7.427479033355487426e-01 3.780060362213460978e-01 1.293045629252005924e+01
1.000000000000000000e+00 4.620928387253862297e+02 -1.153599081571905458e+02 -7.427330939231904922e+05 -6.035404382642021875e+13 1.164485589755504342e-05 -2.880244763582162602e-06 1.121385270101217584e-06 3.625750418650548494e-08 -1.273535488888011002e+02 -2.995660541369807195e+00 1.299880087240891206e-02 5.644762273415709908e-01 -4.726752098045059469e+00
1.000000000000000000e+00 4.826661382855705256e+02 -7.745135071861518838e+01 -7.463570813540128293e+05 -6.094444675697533594e+13 1.222265616313898646e-05 -1.943199422430275483e-06 1.182147454627654653e-06 6.066287299228457103e-06 -8.305654260764653429e+01 -1.947490008980465204e+00 7.599041475669351398e-01 3.669718867462612999e-01 -1.900548665618755351e+01
1.000000000000000000e+00 4.908931243691786221e+02 -3.760104667628456809e+01 -7.499810748371368973e+05 -6.153772439898265625e+13 1.249134947775252436e-05 -9.479642462929177275e-07 1.199461684938234297e-06 1.852227222251037877e-05 1.821606736768077539e+01 4.257750664913937388e-01 9.898464861227914691e-01 -8.017390390547533829e-02 2.339758967900777975e+00
1.000000000000000000e+00 4.867319304550527477e+02 3.166025930539283717e+00 -7.536050663299920270e+05 -6.213387544063861719e+13 1.244531096061083785e-05 8.020473272582277384e-08 1.172394495787128056e-06 2.846372111870627604e-06 1.077123202420309838e+02 2.509686880180166391e+00 5.463005501091956484e-01 -4.727597836928399411e-01 1.110128561256009228e+01
1.000000000000000000e+00 4.703341480178269194e+02 4.385419414379340708e+01 -7.572290482562098186e+05 -6.273289862187486719e+13 1.208386548928102362e-05 1.116297930301056810e-06 1.104003465729207179e-06 -6.024136178233223748e-07 1.242502040448868144e+02 2.885919070284207688e+00 -2.689875917366911784e-01 -5.436355851860860122e-01 -1.251193947678987684e+01
1.000000000000000000e+00 4.421704650248568100e+02 8.340598490634396001e+01 -7.608530131499285344e+05 -6.333479267698931250e+13 1.141465002518668483e-05 2.133239903987414446e-06 1.001366258524595514e-06 -1.399512210655864532e-06 5.607637404544749415e+01 1.298386933041062896e+00 -9.012347968173588519e-01 -2.445711434385181571e-01 -1.515929675401322996e+01
1.000000000000000000e+00 4.031135133958660504e+02 1.208515968932333493e+02 -7.644769541663174750e+05 -6.393955642048331250e+13 1.045595872359308888e-05 3.105692906314658412e-06 8.752041531726894036e-07 -1.415961386484398853e-06 -5.078778769490069323e+01 -1.172262721645664030e+00 -9.202804037681895366e-01 2.209076639909895168e-01 9.138215276790846886e+00
1.000000000000000000e+00 3.541612202711864370e+02 1.553223724753874535e+02 -7.681008652811931679e+05 -6.454718878307357031e+13 9.229780332940746489e-06 4.010458150975637105e-06 7.379481921332630250e-07 -6.804312023186271975e-07 -1.236488355674264312e+02 -2.845125214062120822e+00 -3.132675865928848946e-01 5.361116388808209177e-01 5.504243092395610937e+00
1.000000000000000000e+00 2.965533864077276576e+02 1.859569806791524798e+02 -7.717247406769432127e+05 -6.515768871125180469e+13 7.764927703433808123e-06 4.824103628636193037e-06 6.031484742933176308e-07 2.480810183116737889e-06 -1.125907007277087075e+02 -2.582639527655319789e+00 5.068301699905235491e-01 4.866497423571916614e-01 -1.785412028056756384e+01
1.000000000000000000e+00 2.318308146727323162e+02 2.120442329933258350e+02 -7.753485759582022438e+05 -6.577105537435022656e+13 6.098741983541964803e-06 5.526690926601297118e-06 4.843409736991874131e-07 1.758598344998503097e-05 -2.463280504079225608e+01 -5.632863900568989557e-01 9.821629062870174121e-01 1.061681052187843921e-01 -8.191107795355366150e+00
1.000000000000000000e+00 1.615484448498232553e+02 2.330191878615362668e+02 -7.789723681635784451e+05 -6.638728817217948438e+13 4.269695851855813557e-06 6.101764695722980006e-06 3.929090801031057079e-07 6.802121885903503933e-06 8.069525087204716840e+01 1.839592606355523019e+00 7.893341619601321746e-01 -3.465255431056790125e-01 1.267234615164690759e+01
1.000000000000000000e+00 8.739557584197756057e+01 2.483661679564260680e+02 -7.825961145901239943e+05 -6.700638653941500781e+13 2.320594405768770697e-06 6.533890364614979392e-06 3.374573033595250563e-07 1.728998134284935893e-07 1.316099596300987287e+02 2.991058279806023901e+00 5.946855428781465391e-02 -5.634403406701471440e-01 -2.384041498164032102e+00
1.000000000000000000e+00 1.124252071446070644e+01 2.577537757632495641e+02 -7.862198139114055084e+05 -6.762835013896818750e+13 2.999022929546935693e-07 6.812252536400227056e-06 3.233542680888306391e-07 -1.216161532071395670e-06 9.301418658199148126e+01 2.107423778111109591e+00 -7.108529889005164026e-01 -3.969835804989869099e-01 -1.935262986734112900e+01
1.000000000000000000e+00 -6.514699808752160948e+01 2.610142243141617655e+02 -7.898434659220967442e+05 -6.825317882330261719e+13 -1.745852478108175499e-06 6.930218445531572511e-06 3.519558480452556565e-07 -1.479927666913786762e-06 -9.286547585209216749e+00 -2.097623959206728617e-01 -9.975511614532881488e-01 3.956250627923178775e-02 9.183650412416137498e-02
1.000000000000000000e+00 -1.399849351707190124e+02 2.580446021686605604e+02 -7.934670712952836184e+05 -6.888087259674207812e+13 -3.768619701335469523e-06 6.882804058337463525e-06 4.204449625733122635e-07 -1.097848080112796648e-06 -1.058615605093444003e+02 -2.383890894309890651e+00 -6.056901356296171546e-01 4.492028224032053041e-01 1.203576234570811643e+01
1.000000000000000000e+00 -2.114198330497099789e+02 2.489357017826130800e+02 -7.970906320973252878e+05 -6.951143170875128906e+13 -5.717754915565732199e-06 6.670165512620059818e-06 5.222019686128307687e-07 6.588163215168358548e-07 -1.308002872916450201e+02 -2.936537597649217179e+00 1.981110730735546055e-01 5.533351192766332582e-01 -1.048961470552952235e+01
1.000000000000000000e+00 -2.778196162906909308e+02 2.339368021248251068e+02 -8.007141515145070152e+05 -7.014485661156721875e+13 -7.547663273665865977e-06 6.296769154390096072e-06 6.477481822495031197e-07 9.449736823123930008e-06 -6.666075159138236472e+01 -1.492037988098035450e+00 8.671700164382220022e-01 2.811561037719924050e-01 -1.662587141482219266e+01
1.000000000000000000e+00 -3.376277297080698645e+02 2.133558936654621618e+02 -8.043376329029949848e+05 -7.078114779743214062e+13 -9.214008371377113658e-06 5.768790293173013236e-06 7.852309218284629709e-07 1.412658495598167152e-05 4.335766459135597728e+01 9.675253654450913787e-01 9.464230177282286771e-01 -1.822373487392846825e-01 7.482121165320012146e+00
1.000000000000000000e+00 -3.893309736300889767e+02 1.876838453542792706e+02 -8.079610809326034505e+05 -7.142030600147487500e+13 -1.067287695799194596e-05 5.097521349341521300e-06 9.213062141806958049e-07 1.569843003321794826e-06 1.244726277719052945e+02 2.769243281951709879e+00 3.818907499063626809e-01 -5.216548782279635255e-01 7.396430150708630080e+00
1.000000000000000000e+00 -4.317337080449777886e+02 1.575462618503734689e+02 -8.115845013774596155e+05 -7.206233216974371875e+13 -1.188835617618306057e-05 4.298169783872376981e-06 1.043057309971974810e-06 -8.836647941454949411e-07 1.211449525929457423e+02 2.687121453365241219e+00 -4.424337472707278174e-01 -5.061870861065396188e-01 -1.668973243815342755e+01
1.000000000000000000e+00 -4.638000498419733617e+02 1.236019592236733473e+02 -8.152079001883160090e+05 -7.270722729810535938e+13 -1.282836405000850559e-05 3.387157984298169570e-06 1.138711037263591690e-06 -1.454219141877497191e-06 3.514047785781500011e+01 7.771203347641479908e-01 -9.657829472204955135e-01 -1.463675707203163368e-01 -1.037999464086296975e+01
1.000000000000000000e+00 -4.846280032137600529e+02 8.666268560710201996e+01 -8.188312842329283012e+05 -7.335499256559839062e+13 -1.346402897517721447e-05 2.385438856519318002e-06 1.198682346968386482e-06 -1.337034898440547165e-06 -7.533874026798346790e+01 -1.661121869105574911e+00 -8.322244467535621082e-01 3.130170618581402109e-01 1.207577498428830687e+01
1.000000000000000000e+00 -4.937103993850957409e+02 4.763244069255688373e+01 -8.224546606777342968e+05 -7.400562922679334375e+13 -1.377705355112452183e-05 1.316911288150996664e-06 1.217271283556012850e-06 -3.284253119330703926e-07 -1.350774932917593958e+02 -2.969426180213915689e+00 -1.326859005022172633e-01 5.595332625059322718e-01 -2.575311050889223657e-02
1.000000000000000000e+00 -4.907599725707922858e+02 7.403235491117581724e+00 -8.260780364432402421e+05 -7.465913851453467188e+13 -1.375505446069365328e-05 2.055816552602154698e-07 1.192248643494989907e-06 4.175191619706497949e-06 -1.030393926990535078e+02 -2.258411474979266309e+00 6.570825387319157995e-01 4.255566131938529062e-01 -1.936274241571905819e+01
1.000000000000000000e+00 -4.756856292386224254e+02 -3.303014214249623848e+01 -8.297014193281416083e+05 -7.531552184304803125e+13 -1.339102958849401964e-05 -9.212425623225862365e-07 1.125172751210572162e-06 1.988918034430521979e-05 -5.193767859489032412e-01 -1.135001337293659561e-02 9.999878315791890238e-01 2.180575893063147874e-03 -2.278447188885208252e+00
1.000000000000000000e+00 -4.488331020284874739e+02 -7.264324744838809522e+01 -8.333248170543347951e+05 -7.597478063728789062e+13 -1.269028279491564888e-05 -2.034938484789849795e-06 1.022546251560805176e-06 4.259976514278144458e-06 1.029795216283731776e+02 2.243791803554723963e+00 6.627341320258917090e-01 -4.226701490825616192e-01 1.265353729741593725e+01
1.000000000000000000e+00 -4.107863900475589958e+02 -1.104878516875512560e+02 -8.369482365274669137e+05 -7.663691619721481250e+13 -1.166505391223511011e-05 -3.108528452563569824e-06 8.943177336633363949e-07 -3.120872986340334660e-07 1.368363322312898731e+02 2.972724941253146902e+00 -1.253539155751882128e-01 -5.599873136313735511e-01 -8.286843465418099797e+00
1.000000000000000000e+00 -3.623378050278458318e+02 -1.455813253831860834e+02 -8.405716844794439385e+05 -7.730192981273421875e+13 -1.033381091546836936e-05 -4.113600803234585289e-06 7.526739118662409300e-07 -1.333298310161326972e-06 7.752869418914156086e+01 1.679349650449131648e+00 -8.281704680149706288e-01 -3.163405902709255368e-01 -1.780800572260224612e+01
1.000000000000000000e+00 -3.047004742277567857e+02 -1.769900988970927642e+02 -8.441951671872963198e+05 -7.796982271107718750e+13 -8.727464622977146178e-06 -5.022657364173493654e-06 6.116963408252633166e-07 -1.455707772686826957e-06 -3.501085557339357024e+01 -7.561543548852062147e-01 -9.676325746620387802e-01 1.425074408465721032e-01 5.592047042872558826e+00
1.000000000000000000e+00 -2.392791756511531673e+02 -2.039318062997787422e+02 -8.478186897146641277e+05 -7.864059591428335938e+13 -6.883035274870651455e-06 -5.812054405894517084e-06 4.854184320071638786e-07 -8.929616548715876793e-07 -1.243125777780361574e+02 -2.677044406774710783e+00 -4.489484425849150084e-01 5.044406141315795900e-01 9.072364230266593665e+00
1.000000000000000000e+00 -1.676259904480672560e+02 -2.256643253017238635e+02 -8.514422567006452009e+05 -7.931425038135789062e+13 -4.842489219073422271e-06 -6.458918835889025385e-06 3.864379328346569230e-07 1.528124703821692013e-06 -1.293398100776919080e+02 -2.777212829058118615e+00 3.750724020363988553e-01 5.233131190477423589e-01 -1.522500136059348286e+01
1.000000000000000000e+00 -9.162144063941545369e+01 -2.415733404545174210e+02 -8.550658715774790617e+05 -7.999078686021870312e+13 -2.658084569253199582e-06 -6.943689564577373181e-06 3.250294250756958651e-07 1.392970615705706546e-05 -4.616851049282252717e+01 -9.884686433745839551e-01 9.440035943214906133e-01 1.862765227734875240e-01 -1.244094065539254323e+01
1.000000000000000000e+00 -1.321437454363362995e+01 -2.512611321479167259e+02 -8.586895358066254994e+05 -8.067020573937812500e+13 -3.849948215445833956e-07 -7.252758250363188458e-06 3.075571649574627685e-07 9.611291611313008267e-06 6.899844170659490317e+01 1.472990796381329792e+00 8.708106768224402883e-01 -2.774624790816022646e-01 1.113935129162591942e+01
1.000000000000000000e+00 6.563592791470841803e+01 -2.544270010274607898e+02 -8.623132502273122082e+05 -8.135250729457971875e+13 1.920342944743033383e-06 -7.375135049166222907e-06 3.357823553678110601e-07 6.874719096521817436e-07 1.377673375152494657e+02 2.932610191029041413e+00 2.051750419889655785e-01 -5.524297664170275679e-01 2.263566017424778476e+00
1.000000000000000000e+00 1.428017845491347657e+02 -2.509496801192535429e+02 -8.659370143128752243e+05 -8.203769154542500000e+13 4.195580361471928984e-06 -7.304906630065849877e-06 4.068453560597108552e-07 -1.091218195777948798e-06 1.129252129223908128e+02 2.396899922251549686e+00 -6.000701309162784769e-01 -4.515156091789165882e-01 -1.902201055246102968e+01
1.000000000000000000e+00 2.162655543553458131e+02 -2.409531683494899426e+02 -8.695608258221384604e+05 -8.272575818362610938e+13 6.380569219111590441e-06 -7.043269828192306339e-06 5.135411589189276710e-07 -1.479529642089921374e-06 1.089036165601400441e+01 2.304919492429078343e-01 -9.970415122829093812e-01 -4.338316551177238967e-02 -4.639296236235634474e+00
1.000000000000000000e+00 2.841753306431718897e+02 -2.246710251545195831e+02 -8.731846815540697426e+05 -8.341670671039521875e+13 8.419079053754682354e-06 -6.594697726410138595e-06 6.449187230687549419e-07 -1.221223980489979983e-06 -9.914510667004667255e+01 -2.092390620098046661e+00 -7.157110672573726573e-01 3.942771696152418959e-01 1.292697503186426822e+01
1.000000000000000000e+00 3.446903917641197381e+02 -2.025168880980913002e+02 -8.768085769526215736e+05 -8.411053635682492188e+13 1.025430126010793332e-05 -5.969084868011540726e-06 7.872171660813788699e-07 1.515925803586350317e-07 -1.421665568605672831e+02 -2.991785654134188288e+00 5.247904832035064221e-02 5.637459662899431123e-01 -5.992938863108668635e+00
1.000000000000000000e+00 3.962555440374345608e+02 -1.751246742925123101e+02 -8.804325059868488461e+05 -8.480724605542042188e+13 1.183705117970727734e-05 -5.183046773032600095e-06 9.259720375144590164e-07 6.684237561002456903e-06 -8.845060462683410663e+01 -1.856089423612755196e+00 7.849756337193902755e-01 3.497501161136408188e-01 -1.867524865840287163e+01
1.000000000000000000e+00 4.376304147781582969e+02 -1.431963684878178640e+02 -8.840564623851431534e+05 -8.550683467300415625e+13 1.312682228860659142e-05 -4.255530684385527135e-06 1.047371499640831855e-06 1.774168285733864533e-05 2.592675032056443740e+01 5.425187192680528403e-01 9.834653362754630646e-01 -1.021681380009747536e-01 3.520027657911342978e+00
1.000000000000000000e+00 4.677180154460306767e+02 -1.075619316076186465e+02 -8.876804391775347758e+05 -8.620930092086037500e+13 1.408681637551648275e-05 -3.209644713836761862e-06 1.138871804884062911e-06 2.533838762825509833e-06 1.232796060569594943e+02 2.572349102127642784e+00 5.128123606392184231e-01 -4.845640948115157443e-01 1.046585723512218458e+01
1.000000000000000000e+00 4.858163272905830468e+02 -6.920092963872973257e+01 -8.913044283181440551e+05 -8.691464327833320312e+13 1.469163993484489196e-05 -2.073383852617230578e-06 1.191362758237589295e-06 -6.693919276193271342e-07 1.370606109770883165e+02 2.851850918817348646e+00 -3.067983766535162249e-01 -5.372180501630032801e-01 -1.352767306284220616e+01
1.000000000000000000e+00 4.916042486773667406e+02 -2.908186064097945689e+01 -8.949284220452911686e+05 -8.762286025489860938e+13 1.492712033844915581e-05 -8.748874947935152183e-07 1.200105990151712577e-06 -1.413739356823401733e-06 5.738948481668671064e+01 1.190763210971168773e+00 -9.176406205456989484e-01 -2.242956827589703828e-01 -1.426070918286518285e+01
1.000000000000000000e+00 4.849457280778084396e+02 1.177992456172438729e+01 -8.985524124059982132e+05 -8.833395029780148438e+13 1.478456863552209641e-05 3.558177775113744916e-07 1.164403689377904979e-06 -1.401972869023232663e-06 -6.187435863465228891e+01 -1.280224529754717011e+00 -9.041114813430165542e-01 2.412493268012106951e-01 9.921811636739315432e+00
1.000000000000000000e+00 4.661147701669833054e+02 5.230759192210392428e+01 -9.021763914383167867e+05 -8.904791182728998438e+13 1.426778079645098174e-05 1.586345949234992440e-06 1.088433340529199986e-06 -6.141433126017056987e-07 -1.395814979832319409e+02 -2.879977194037764310e+00 -2.755075205332582211e-01 5.426787076892281014e-01 4.402567898924530709e+00
1.000000000000000000e+00 4.357378777385815738e+02 9.152115390571847797e+01 -9.058003521771308733e+05 -8.976474343593004688e+13 1.339152092839309457e-05 2.786735122417366662e-06 9.803583499857851679e-07 2.789221714853118993e-06 -1.225054143390965891e+02 -2.520609848016825971e+00 5.405058466142195206e-01 4.749616170260204107e-01 -1.835387852127208674e+01
1.000000000000000000e+00 3.945811114489153510e+02 1.284718290118695450e+02 -9.094242878766205395e+05 -9.048444373783370312e+13 1.217516752922035750e-05 3.927499827847231568e-06 8.507437048692242537e-07 1.839130897548419584e-05 -2.175922167484363712e+01 -4.464637760600972949e-01 9.888300885274681207e-01 8.415790811760356926e-02 -6.959047335931050071e+00
1.000000000000000000e+00 3.437574784238024677e+02 1.622261812071992324e+02 -9.130481921461357269e+05 -9.120701139667448438e+13 1.064922397445534837e-05 4.979163242057310223e-06 7.126262486689763426e-07 6.173472634029117495e-06 9.440933210169900747e+01 1.931762277790172178e+00 7.644160964583867068e-01 -3.638889413745062806e-01 1.285416600055135028e+01
1.000000000000000000e+00 2.846380053515445070e+02 1.920149334873657949e+02 -9.166720598836998688e+05 -9.193244531433709375e+13 8.852766041621243741e-06 5.916852178908763867e-06 5.799856940607905401e-07 5.580544036150211153e-08 1.468149826104751980e+02 2.995769258307159788e+00 1.988398830988937632e-02 -5.643278824406837701e-01 -3.664956249918462472e+00
1.000000000000000000e+00 2.186350309259781284e+02 2.171539532046267027e+02 -9.202958870243681595e+05 -9.266074458535348438e+13 6.826833873120497173e-06 6.717952672635417162e-06 4.655950083949011434e-07 -1.244732347091563461e-06 9.933422290826408130e+01 2.021340280902589992e+00 -7.381728130908512542e-01 -3.807668445418102010e-01 -1.920300448526953474e+01
1.000000000000000000e+00 1.474036859211343824e+02 2.370252631131010332e+02 -9.239196701283683069e+05 -9.339190841775128125e+13 4.620773299666962742e-06 7.361572092938955445e-06 3.804448173697267457e-07 -1.477078260507665521e-06 -1.617040590324727134e+01 -3.281461480966635369e-01 -9.939890845698658994e-01 6.186678649810783970e-02 1.335905549909391699e+00
1.000000000000000000e+00 7.273546589390035422e+01 2.512144474846103890e+02 -9.275434073075474007e+05 -9.412593632356218750e+13 2.289035738016450928e-06 7.832863785476191151e-06 3.327509436469574566e-07 -1.058949662740356646e-06 -1.212622481884257724e+02 -2.454037255596140721e+00 -5.736279919494491342e-01 4.624201790177609461e-01 1.156440464213542718e+01
1.000000000000000000e+00 -3.651923748146483018e+00 2.594171723381871857e+02 -9.311670973227376817e+05 -9.486282794106167188e+13 -1.153775806700991741e-07 8.120224978592738795e-06 3.269733656831216425e-07 8.208369054575562723e-07 -1.442185718176801004e+02 -2.910644366327290289e+00 2.368913826516129972e-01 5.484559398682171683e-01 -1.161388019208426492e+01
1.000000000000000000e+00 -7.991163989348503094e+01 2.614190675947999125e+02 -9.347907397976695793e+05 -9.560258308109642188e+13 -2.534524828189174966e-06 8.214731666174049794e-06 3.635843033133869662e-07 1.032994603361247469e-05 -6.894031800242180452e+01 -1.387576415236355887e+00 8.862823855935233475e-01 2.614738610231478466e-01 -1.586369228063825609e+01
1.000000000000000000e+00 -1.541825534230885921e+02 2.572228118366605258e+02 -9.384143361547321547e+05 -9.634520192265092188e+13 -4.909101063057738295e-06 8.114202357287224782e-06 4.390431686976782184e-07 1.309404570810452780e-05 5.378380237477426107e+01 1.079578030856782389e+00 9.328269137881279871e-01 -2.033472585725055459e-01 8.411269296452287492e+00
1.000000000000000000e+00 -2.247879953165593179e+02 2.469414760985053192e+02 -9.420378886086599668e+05 -9.709068481254770312e+13 -7.184781911040902733e-06 7.819952753422603070e-06 5.462368433648082850e-07 1.352932950155254455e-06 1.405025054894287848e+02 2.812604910892652743e+00 3.447953445647671811e-01 -5.298232899616842628e-01 6.393054124241705161e+00
1.000000000000000000e+00 -2.900287539663235634e+02 2.307794752928259641e+02 -9.456613999756152043e+05 -9.783903222908317188e+13 -9.305695220375315778e-06 7.336257438670217724e-06 6.749407443141510533e-07 -9.337094061087130560e-07 1.318457050720482471e+02 2.632182360501896135e+00 -4.778032987766661632e-01 -4.958378269912343539e-01 -1.736048855895419862e+01
1.000000000000000000e+00 -3.483025912828595665e+02 2.091505373083925861e+02 -9.492848743654774735e+05 -9.859024492821046875e+13 -1.121825665802165008e-05 6.674170000564203565e-06 8.128741481915768408e-07 -1.462046243099366781e-06 3.320882861696156141e+01 6.611987902262244088e-01 -9.753509933285430256e-01 -1.245282721293946987e-01 -9.202282609692955972e+00
1.000000000000000000e+00 -3.982896628212994870e+02 1.825594708797251826e+02 -9.529083165527388919e+05 -9.934432381749476562e+13 -1.287722421311571887e-05 5.847863200162442149e-06 9.470211768478455134e-07 -1.315487661713174393e-06 -8.859299013822777624e+01 -1.759176931368401808e+00 -8.094640012940891305e-01 3.314925597581423466e-01 1.244291614222607656e+01
1.000000000000000000e+00 -4.387402300175552341e+02 1.515846012204061708e+02 -9.565317320400910685e+05 -1.001012699720562656e+14 -1.423898215797726334e-05 4.874119654016402781e-06 1.064247676577313362e-06 -2.376369773935760245e-07 -1.506244452985622786e+02 -2.982911943723084658e+00 -9.306684912112356267e-02 5.620742907457275672e-01 -1.298726143388792220e+00
1.000000000000000000e+00 -4.685974707917570754e+02 1.169865109793700668e+02 -9.601551274102062453e+05 -1.008610847113635781e+14 -1.526558497309460894e-05 3.775886341953698568e-06 1.153076256627413262e-06 4.634451275464456769e-06 -1.102809669345081147e+02 -2.178128377413744321e+00 6.866157707719303671e-01 4.104293396298207552e-01 -1.940200879552524782e+01
1.000000000000000000e+00 -4.871668676453328999e+02 7.957936168171113422e+01 -9.637785095109848771e+05 -1.016237694316947344e+14 -1.593041492302515942e-05 2.578216647540710338e-06 1.205192418491846559e-06 1.979757960052515078e-05 5.489167466123082484e+00 1.081260727470431393e-01 9.993436152570235320e-01 -2.032892749241406102e-02 -9.951264942789699308e-01
1.000000000000000000e+00 -4.938952835975902644e+02 4.021362205177854321e+01 -9.674018850463075796e+05 -1.023893255205590625e+14 -1.621115333239494903e-05 1.307741301920874729e-06 1.215063978707792808e-06 3.831039667134167731e-06 1.181522095470297984e+02 2.321185899492910654e+00 6.323500203797223218e-01 -4.372497969661188755e-01 1.236168047899436218e+01
1.000000000000000000e+00 -4.884945045582402940e+02 -1.254116083478117594e-01 -9.710252616999911843e+05 -1.031577545949350469e+14 -1.609393771144997893e-05 -4.093643179356121826e-09 1.181016291466404626e-06 -3.980880105506826624e-07 1.508340463712465578e+02 2.955389003415052507e+00 -1.648010071014395506e-01 -5.567217591801290055e-01 -9.494359718925309721e+00
1.000000000000000000e+00 -4.710885615573619134e+02 -4.045559328682418965e+01 -9.746486470310287550e+05 -1.039290582695489219e+14 -1.557839634306747186e-05 -1.325465346137732774e-06 1.106239585704218125e-06 -1.353443219223572658e-06 8.080819049590044756e+01 1.579140956316174238e+00 -8.498452524680503162e-01 -2.974624468030533375e-01 -1.720442002345375343e+01
1.000000000000000000e+00 -4.419771714834436693e+02 -7.981576063480189021e+01 -9.782720484074776759e+05 -1.047032381422279062e+14 -1.467004980948964761e-05 -2.624762547820324338e-06 9.975983559156737985e-07 -1.446783321608395621e-06 -4.468903850003818690e+01 -8.710033021252644447e-01 -9.568142511717422360e-01 1.641463176880544050e-01 6.642650004839759426e+00
1.000000000000000000e+00 -4.017542229035793753e+02 -1.171772399463556980e+02 -9.818954731171792373e+05 -1.054802958169317188e+14 -1.338436629147716493e-05 -3.867677383549552492e-06 8.654159846345316177e-07 -8.402648208849646668e-07 -1.403592052436265476e+02 -2.728449869922275450e+00 -4.130301770458659760e-01 5.141268011008801597e-01 8.198623340998166142e+00
1.000000000000000000e+00 -3.514241773285575619e+02 -1.515884681811375287e+02 -9.855189276445297292e+05 -1.062602327474756406e+14 -1.175083455824691222e-05 -5.021955417846409428e-06 7.228353663764964617e-07 1.758973747382816084e-06 -1.408251462103600886e+02 -2.730326420165146484e+00 4.116444737716102864e-01 5.144782806516825513e-01 -1.604920922203753619e+01
1.000000000000000000e+00 -2.921416252965713056e+02 -1.821910001366833001e+02 -9.891424177000181517e+05 -1.070430502407386250e+14 -9.804475658834331162e-06 -6.057974837138699473e-06 5.836824652407220431e-07 1.496520762522822320e-05 -4.526363035390893685e+01 -8.752779821442349117e-01 9.563704419709496696e-01 1.649501449074732007e-01 -1.135605027535925693e+01
1.000000000000000000e+00 -2.253177013676900344e+02 -2.081370636536631764e+02 -9.927659488102241885e+05 -1.078287495817605625e+14 -7.589519656257717475e-06 -6.946051756752990467e-06 4.617135433053992223e-07 8.776877054640033098e-06 8.168560956827377595e+01 1.575460047114946249e+00 8.505986482775329538e-01 -2.967664852669192888e-01 1.168258233855451955e+01
1.000000000000000000e+00 -1.526989248658006488e+02 -2.287349340785691538e+02 -9.963895252573620528e+05 -1.086173318018109219e+14 -5.162228662695813313e-06 -7.661315908773649747e-06 3.695407252472889877e-07 5.349567665267240918e-07 1.535971939865620755e+02 2.954699267234931259e+00 1.661724497426430303e-01 -5.565909104615486269e-01 1.040048520452334202e+00
1.000000000000000000e+00 -7.608016190981624050e+01 -2.434556906266704175e+02 -1.000013149695997243e+06 -1.094087975895881719e+14 -2.581363971815169083e-06 -8.184032777831516691e-06 3.165705375735568964e-07 -1.128024133819008038e-06 1.211106026593770082e+02 2.323717120794464019e+00 -6.313177303176112920e-01 -4.377293906243585608e-01 -1.924813915669071562e+01
1.000000000000000000e+00 2.602891471460790918e+00 -2.518482861138644751e+02 -1.003636824006836629e+06 -1.102031474722660781e+14 8.863489880197557208e-08 -8.496837373833607954e-06 3.081622654887952766e-07 -1.481333603319737293e-06 5.850592572266064550e+00 1.119631089719015232e-01 -9.993065140124675061e-01 -2.105203956968654602e-02 -3.359429456388399515e+00
1.000000000000000000e+00 8.122888663972341305e+01 -2.536772808436203661e+02 -1.007260548441034858e+06 -1.110003816238307188e+14 2.776031757872407597e-06 -8.589445273478194662e-06 3.452649110813164167e-07 -1.190992965772182666e-06 -1.139808764925743674e+02 -2.175624715682769050e+00 -6.875042985389878680e-01 4.099604034993002966e-01 1.282231768702014385e+01
1.000000000000000000e+00 1.577939873052403925e+02 -2.489104189931723283e+02 -1.010884322023946443e+06 -1.118004999479273594e+14 5.412077623410338401e-06 -8.458361761396495144e-06 4.242114531245321485e-07 2.753786108351064142e-07 -1.566947229802667891e+02 -2.983225907155921952e+00 9.193862828237719942e-02 5.621329322904680126e-01 -7.243820189165798062e+00
1.000000000000000000e+00 2.303229233552249866e+02 -2.376219191759441003e+02 -1.014508142779021640e+06 -1.126035021227025156e+14 7.928021270139664321e-06 -8.103707468844002689e-06 5.368794267822986755e-07 7.354543720477601055e-06 -9.277072685509183714e+01 -1.761673320144401256e+00 8.088523624614687435e-01 3.319602495497668282e-01 -1.824812208851180984e+01
1.000000000000000000e+00 2.968405871703713501e+02 -2.201157864440412766e+02 -1.018132006943590473e+06 -1.134093874221244531e+14 1.025414555501048540e-05 -7.533503601579704049e-06 6.714745325669853182e-07 1.684719735459000987e-05 3.476742694578379655e+01 6.585253071813527148e-01 9.755429534674890935e-01 -1.240233862003185805e-01 4.659257436126557295e+00
1.000000000000000000e+00 3.556685651477606029e+02 -1.968881699569947443e+02 -1.021755909345153486e+06 -1.142181547930295156e+14 1.233004740570198408e-05 -6.762519016486207498e-06 8.143084907245148913e-07 2.245464534458037964e-06 1.392638056736725787e+02 2.631034359948533297e+00 4.785047150950921258e-01 -4.956192027014390544e-01 9.744613475066861596e+00
1.000000000000000000e+00 4.053194793312712818e+02 -1.685158039367229890e+02 -1.025379844381116913e+06 -1.150298030693507812e+14 1.410114433081542597e-05 -5.808541972468911250e-06 9.508942652581552339e-07 -7.322340637375715753e-07 1.492935183598321203e+02 2.813328100197704185e+00 -3.441387894585201113e-01 -5.299613437636766511e-01 -1.447941131343252685e+01
1.000000000000000000e+00 4.444617103870253345e+02 -1.357651445253094948e+02 -1.029003805532510160e+06 -1.158443308609217344e+14 1.551756021871614750e-05 -4.696204345868675503e-06 1.067167927592894202e-06 -1.426528878190067797e-06 5.752715359566544606e+01 1.081300249160001670e+00 -9.326133791001182116e-01 -2.036736069455582221e-01 -1.329349935241749137e+01
1.000000000000000000e+00 4.721871078222471851e+02 -9.953287509707303116e+01 -1.032627785268659005e+06 -1.166617365283035156e+14 1.654360062006093345e-05 -3.455032005141397654e-06 1.151611151741309914e-06 -1.386521980683329311e-06 -7.393249903046323368e+01 -1.386135203303457075e+00 -8.865414424927462456e-01 2.612046254554530322e-01 1.062303839006860962e+01
1.000000000000000000e+00 4.878708540277650059e+02 -6.072607722289875198e+01 -1.036251776095250621e+06 -1.174820184164159219e+14 1.715308607278949021e-05 -2.115349997762411274e-06 1.195880120872033281e-06 -5.435206199128780142e-07 -1.556214366213331175e+02 -2.910309715911354012e+00 -2.373496192160567952e-01 5.483941794446293150e-01 3.254233757863876253e+00
1.000000000000000000e+00 4.911154692858814883e+02 -2.036461871873467544e+01 -1.039875769835283514e+06 -1.183051746910706719e+14 1.732755069029373195e-05 -7.118679838804266092e-07 1.195583550400091436e-06 3.123523481894521196e-06 -1.315920433730206867e+02 -2.454718987647993345e+00 5.732996182898839610e-01 4.625459881436378984e-01 -1.875873528158980719e+01
1.000000000000000000e+00 4.819821716187213383e+02 2.048960113289977869e+01 -1.043499758295956068e+06 -1.191312034885354219e+14 1.706457326186289062e-05 7.187329839885398586e-07 1.151590377679392681e-06 1.905265210206903215e-05 -1.768740353730552428e+01 -3.291102182834746426e-01 9.939437156634737258e-01 6.204780867975787789e-02 -5.705469991859444256e+00
1.000000000000000000e+00 4.608120441804778125e+02 6.084910448795894666e+01 -1.047123734336701804e+06 -1.199601031601824844e+14 1.637170575242211971e-05 2.141873973207489310e-06 1.068853101640931267e-06 5.595077111701542009e-06 1.088752896129580989e+02 2.020758868651376883e+00 7.383446547724155096e-01 -3.806545104733655704e-01 1.293514057094972181e+01
1.000000000000000000e+00 4.281519136331758659e+02 9.969615760207288702e+01 -1.050747690708161332e+06 -1.207918720097219688e+14 1.526400286850396906e-05 3.521426138813838170e-06 9.555447880110000426e-07 -5.332332982122398843e-08 1.618134052894857575e+02 2.995782648918198010e+00 -1.965801736825024959e-02 -5.643305162555805055e-01 -4.940771891446112285e+00
1.000000000000000000e+00 3.849576581793175478e+02 1.360544555757244325e+02 -1.054371620464362204e+06 -1.216265083878645000e+14 1.377142169221620632e-05 4.822233054823139858e-06 8.233334360162362168e-07 -1.271278128087037583e-06 1.046301932265782852e+02 1.932262822343499664e+00 -7.642810067744627567e-01 -3.639860128470105427e-01 -1.895359740970822315e+01
1.000000000000000000e+00 3.323850437525928214e+02 1.690931069728334535e+02 -1.057995517835953040e+06 -1.224640108956795312e+14 1.193156487237813910e-05 6.013834204240623328e-06 6.855904731090849350e-07 -1.472971894652807897e-06 -2.419804679427193150e+01 -4.457645949781511852e-01 -9.888749874746251001e-01 8.402700722239932196e-02 2.548710202496323518e+00
1.000000000000000000e+00 2.717101389012241270e+02 1.980142750790299431e+02 -1.061619377817187225e+06 -1.233043782933194062e+14 9.786936869989689461e-06 7.066543817825691994e-06 5.557616280631030788e-07 -1.017518812798199222e-06 -1.371471858102108854e+02 -2.520176503419124803e+00 -5.407338598664749307e-01 4.748825258540896321e-01 1.100112885969564402e+01
1.000000000000000000e+00 2.045183573005240873e+02 2.221208808040030362e+02 -1.065243196228506742e+06 -1.241476095176347188e+14 7.391850422250427251e-06 7.953895391580053346e-06 4.466547252147435846e-07 9.948864626822067025e-07 -1.571307663530916727e+02 -2.880227429285985519e+00 2.752151395445081583e-01 5.427243680590333463e-01 -1.268298241478707844e+01
1.000000000000000000e+00 1.324771207118524501e+02 2.409050123924036484e+02 -1.068866970471988665e+06 -1.249937038621347188e+14 4.804372171875724561e-06 8.655879703522308637e-06 3.687854510662515006e-07 1.126048977990593678e-05 -7.006633097581598690e+01 -1.281147431119282531e+00 9.039576673954846653e-01 2.414210378771153298e-01 -1.502351199901234224e+01
1.000000000000000000e+00 5.726336956733440076e+01 2.539268392920015742e+02 -1.072490698338217102e+06 -1.258426607032623594e+14 2.083735253432962514e-06 9.154694584048689610e-06 3.294483415335441932e-07 1.208621619561347038e-05 6.522613426464808128e+01 1.189702095563725859e+00 9.177855088392219418e-01 -2.240937236525180898e-01 9.265065417327443598e+00
1.000000000000000000e+00 -1.925219053471477793e+01 2.608784151537587377e+02 -1.076114378585170256e+06 -1.266944796382434375e+14 -7.029277534630963747e-07 9.437094428706098884e-06 3.324355736086170609e-07 1.152455122595885162e-06 1.567176448999245792e+02 2.851438406908839429e+00 3.072241739145851747e-01 -5.371386966587714529e-01 5.330708032450504952e+00
1.000000000000000000e+00 -9.524124451059799412e+01 2.616577280867076070e+02 -1.079738011809619144e+06 -1.275491606947981250e+14 -3.489117200845330311e-06 9.497158278323592794e-06 3.774755901766477746e-07 -9.805560249287615849e-07 1.417718619380900407e+02 2.573168933177394369e+00 -5.123566820152682944e-01 -4.847210131478717487e-01 -1.794066216532870328e+01
1.000000000000000000e+00 -1.689758750760580313e+02 2.562398866767460959e+02 -1.083361599253725959e+06 -1.284067040555323594e+14 -6.211124678160370941e-06 9.331724100671249598e-06 4.602317906670829357e-07 -1.468543182396785962e-06 3.006805549186579540e+01 5.444003425479966296e-01 -9.833591581283359639e-01 -1.025236366685916417e-01 -7.988451424893879604e+00
1.000000000000000000e+00 -2.386463298592946956e+02 2.447388640637956598e+02 -1.086985143128169701e+06 -1.292671101373500625e+14 -8.801373944300005151e-06 8.942691873446548576e-06 5.727501943968865047e-07 -1.292204694283090453e-06 -1.026679064036224673e+02 -1.854322048561139802e+00 -7.854470209916041279e-01 3.494198459649952571e-01 1.271020289099262612e+01
1.000000000000000000e+00 -3.026006068201467087e+02 2.274694817659754165e+02 -1.090608646884545451e+06 -1.301303796602975938e+14 -1.119723612426201724e-05 8.339380576440779845e-06 7.044691163051671018e-07 -1.406449633963211023e-07 -1.660428766933260647e+02 -2.991649565166613289e+00 -5.333650445905173398e-02 5.637206205567005801e-01 -2.582792884763279506e+00
1.000000000000000000e+00 -3.593849694509104893e+02 2.048117228012991689e+02 -1.094232114395562792e+06 -1.309965134561966094e+14 -1.334263088232260685e-05 7.533659480166438529e-06 8.429947913976361978e-07 5.133909918600906208e-06 -1.165288396479024442e+02 -2.094433130419069755e+00 7.150400282302049604e-01 3.946592086895754359e-01 -1.933852149714141078e+01
1.000000000000000000e+00 -4.075644133487482463e+02 1.772715034320112295e+02 -1.097855550592756597e+06 -1.318655126235069688e+14 -1.518146083972512222e-05 6.542230611894147452e-06 9.747536297408133203e-07 1.948461937470918675e-05 1.268253703698793622e+01 2.273968267108396057e-01 9.971107575964796021e-01 -4.279961253821898404e-02 2.736132505298273787e-01
1.000000000000000000e+00 -4.459621326144061868e+02 1.455317197357025236e+02 -1.101478961689774878e+06 -1.327373785853396875e+14 -1.666657248485773981e-05 5.388595534089423449e-06 1.087081871227555747e-06 3.436766853278629161e-06 1.338936572537426173e+02 2.394892430944639550e+00 6.009585973681357274e-01 -4.511347316771376903e-01 1.197064447460402725e+01
1.000000000000000000e+00 -4.736806273005091725e+02 1.103097561768211392e+02 -1.105102353939950932e+06 -1.336121127941083281e+14 -1.776070629616002233e-05 4.097869724006278259e-06 1.169391452881900096e-06 -4.786265708323138343e-07 1.643943575876213572e+02 2.933345439500862017e+00 -2.040015269047127100e-01 -5.525693974370415873e-01 -1.066251260673135448e+01
1.000000000000000000e+00 -4.899242793831280096e+02 7.241697462971501409e+01 -1.108725733913734788e+06 -1.344897167989916250e+14 -1.842999407499596002e-05 2.699020753666061515e-06 1.213281528229851926e-06 -1.371955701056568547e-06 8.293920317455440738e+01 1.476348852739216122e+00 -8.701845982812566049e-01 -2.780975143007460848e-01 -1.651155040919331896e+01
1.000000000000000000e+00 -4.942342795122893904e+02 3.279838776695592628e+01 -1.112349109168986324e+06 -1.353701924103364844e+14 -1.865288793062874981e-05 1.226408992818966330e-06 1.214135935854888717e-06 -1.436483488087515401e-06 -5.544601508319213679e+01 -9.845886411107194203e-01 -9.444641103413322636e-01 1.855472342246961559e-01 7.631632789488825175e+00
1.000000000000000000e+00 -4.864865119342043727e+02 -7.616551258443597483e+00 -1.115972486942707794e+06 -1.362535413841088906e+14 -1.842028718072092174e-05 -2.857285095609692707e-07 1.171591971824650023e-06 -7.839994715464573959e-07 -1.566799591280568791e+02 -2.775593029244899590e+00 -3.764074040256529252e-01 5.230098633222649562e-01 7.251146715546645360e+00
