5.399999985668081354e+04 -1.452887677802701016e-07 9.999999999999999547e-08
5.400917624716668797e+04 -1.815014239578734331e-07 9.999999999999999547e-08
5.401835268247393105e+04 -2.387096350670717191e-07 9.999999999999999547e-08
5.402752917978099867e+04 -2.757890077567268019e-07 9.999999999999999547e-08
5.403670575613128312e+04 -6.216219160992772831e-08 9.999999999999999547e-08
5.404588242614588671e+04 -1.900504110433309959e-07 9.999999999999999547e-08
5.405505920154249907e+04 1.972331567956649850e-08 9.999999999999999547e-08
5.406423609311369364e+04 1.969897512760709363e-08 9.999999999999999547e-08
5.407341310844166583e+04 -6.978929691598294339e-08 9.999999999999999547e-08
5.408259025009977631e+04 -2.819782581348084914e-07 9.999999999999999547e-08
5.409176751862061792e+04 -2.358575674685607173e-07 9.999999999999999547e-08
5.410094491098092840e+04 -1.914837769350824496e-07 9.999999999999999547e-08
5.411012242024594889e+04 -2.186619650728466681e-07 9.999999999999999547e-08
5.411930003752133052e+04 -1.824868837910276687e-07 9.999999999999999547e-08
5.412847774979149835e+04 -2.169701304510672907e-07 9.999999999999999547e-08
5.413765554082773451e+04 -1.884704698059004981e-07 9.999999999999999547e-08
5.414683339392775815e+04 4.994270947532953442e-08 9.999999999999999547e-08
5.415601129069069430e+04 -1.152797268966589625e-07 9.999999999999999547e-08
5.416518921098070859e+04 -1.500098040446694025e-07 9.999999999999999547e-08
5.417436713491432602e+04 -5.030697946877127845e-08 9.999999999999999547e-08
5.418354504223623371e+04 -1.945033354628550682e-07 9.999999999999999547e-08
5.419272291302717349e+04 -1.229579407114048959e-07 9.999999999999999547e-08
5.420190073053495871e+04 -1.053122043650426882e-07 9.999999999999999547e-08
5.421107847834190761e+04 -3.475907098503943267e-07 9.999999999999999547e-08
5.422025614094955381e+04 -1.095842705029995544e-07 9.999999999999999547e-08
5.422943370659951324e+04 -1.969178716642597266e-07 9.999999999999999547e-08
5.423861116550279257e+04 -5.664905659112271892e-08 9.999999999999999547e-08
5.424778851041118469e+04 -1.101118153893874557e-07 9.999999999999999547e-08
5.425696573767452355e+04 -5.178332555470018244e-09 9.999999999999999547e-08
5.426614284518449131e+04 3.874020320085497395e-08 9.999999999999999547e-08
5.427531983308179042e+04 2.363213565686144715e-08 9.999999999999999547e-08
5.428449670582815452e+04 3.333174585632346111e-08 9.999999999999999547e-08
5.429367347029541270e+04 1.244796644693750085e-07 9.999999999999999547e-08
5.430285013453582360e+04 1.456695745518507531e-09 9.999999999999999547e-08
5.431202671001444105e+04 -2.126943252784586466e-08 9.999999999999999547e-08
5.432120320935444761e+04 2.392900578074641892e-07 9.999999999999999547e-08
5.433037964713749534e+04 1.209937117041944613e-07 9.999999999999999547e-08
5.433955604086710809e+04 1.577178519941468988e-07 9.999999999999999547e-08
5.434873240815339523e+04 -3.292157397116613667e-08 9.999999999999999547e-08
5.435790876648431731e+04 1.142243448377469199e-07 9.999999999999999547e-08
5.436708513517074607e+04 1.701267119360192997e-07 9.999999999999999547e-08
5.437626153345838975e+04 6.394042222283614166e-08 9.999999999999999547e-08
5.438543797958138020e+04 4.279716137347662357e-08 9.999999999999999547e-08
5.439461449192470172e+04 1.674884222180370203e-07 9.999999999999999547e-08
5.440379108605514193e+04 1.222192518449264041e-07 9.999999999999999547e-08
5.441296777573306463e+04 3.477109232477292324e-07 9.999999999999999547e-08
5.442214457397993101e+04 2.047560351599354957e-07 9.999999999999999547e-08
5.443132149028633285e+04 1.733115002488824698e-07 9.999999999999999547e-08
5.444049853043313487e+04 9.576652521276098881e-08 9.999999999999999547e-08
5.444967569773802825e+04 1.791368726760191758e-07 9.999999999999999547e-08
5.445885299150081846e+04 6.867226542628848443e-08 9.999999999999999547e-08
5.446803040760830481e+04 2.158477453700265445e-07 9.999999999999999547e-08
5.447720793988051446e+04 2.133270018968209007e-07 9.999999999999999547e-08
5.448638557761770790e+04 2.730481754831066415e-07 9.999999999999999547e-08
5.449556330651442113e+04 2.149196786962738590e-07 9.999999999999999547e-08
5.450474111171457480e+04 3.794291896119650782e-07 9.999999999999999547e-08
5.451391897537716432e+04 7.137406669378233562e-08 9.999999999999999547e-08
5.452309687836818193e+04 1.797014604242688010e-07 9.999999999999999547e-08
5.453227480143708817e+04 2.105616225755751749e-07 9.999999999999999547e-08
5.454145272381966788e+04 1.326072141838851879e-07 9.999999999999999547e-08
5.455063062506695860e+04 3.167631085076728865e-07 9.999999999999999547e-08
5.455980848712861189e+04 2.218643839923415225e-07 9.999999999999999547e-08
5.456898629230440565e+04 7.898328235918979107e-08 9.999999999999999547e-08
5.457816402389379800e+04 3.997768085272549135e-08 9.999999999999999547e-08
5.458734166848218592e+04 2.319597609259849910e-07 9.999999999999999547e-08
5.459651921366876923e+04 1.649463456808800968e-08 9.999999999999999547e-08
5.460569665016546060e+04 8.995927519111316865e-08 9.999999999999999547e-08
5.461487397248308844e+04 1.207298228785799343e-07 9.999999999999999547e-08
5.462405117609049921e+04 6.591283823455194370e-08 9.999999999999999547e-08
5.463322825928391831e+04 1.586397485707427200e-08 9.999999999999999547e-08
5.464240522432066791e+04 2.731324696077201670e-07 9.999999999999999547e-08
5.465158207516249968e+04 3.189791443488971524e-08 9.999999999999999547e-08
5.466075881870187004e+04 1.501507002607457811e-07 9.999999999999999547e-08
5.466993546483058890e+04 8.316475126689563867e-09 9.999999999999999547e-08
5.467911202415129810e+04 1.255786802928862779e-07 9.999999999999999547e-08
5.468828850974154193e+04 -8.617211773854985092e-08 9.999999999999999547e-08
5.469746493795307470e+04 7.130959083278604131e-08 9.999999999999999547e-08
5.470664132510273339e+04 3.038019308498910155e-07 9.999999999999999547e-08
5.471581768894725246e+04 -5.054044260443654688e-08 9.999999999999999547e-08
5.472499404825871898e+04 8.803178279373774711e-08 9.999999999999999547e-08
5.473417042151038186e+04 -8.677441339106444042e-08 9.999999999999999547e-08
5.474334682757849077e+04 -1.195919615957728729e-07 9.999999999999999547e-08
5.475252328612653218e+04 8.766155368784156276e-08 9.999999999999999547e-08
5.476169981364656269e+04 -1.237002942940465450e-07 9.999999999999999547e-08
5.477087642553518526e+04 -1.353640442187763666e-09 9.999999999999999547e-08
5.478005313644345733e+04 -5.524395500150990615e-08 9.999999999999999547e-08
5.478922995757904573e+04 -1.193347896984313185e-07 9.999999999999999547e-08
5.479840689803643909e+04 -2.916900386102502525e-07 9.999999999999999547e-08
5.480758396393321163e+04 -2.109893708664082995e-07 9.999999999999999547e-08
5.481676115661397489e+04 -2.164098654784388611e-07 9.999999999999999547e-08
5.482593847493746580e+04 -7.677809452338691025e-08 9.999999999999999547e-08
5.483511592688450764e+04 -2.129271049167939900e-07 9.999999999999999547e-08
5.484429348120171926e+04 -2.226052674987507767e-07 9.999999999999999547e-08
5.485347113813406031e+04 -2.463853217206852698e-07 9.999999999999999547e-08
5.486264888404130761e+04 -2.251679418954821393e-07 9.999999999999999547e-08
5.487182670221565058e+04 -2.276747527303394474e-07 9.999999999999999547e-08
5.488100457521592762e+04 -1.792513859949157299e-07 9.999999999999999547e-08
5.489018248447252699e+04 -1.597592924243761014e-07 9.999999999999999547e-08
5.489936040905685513e+04 1.644994371858877858e-08 9.999999999999999547e-08
5.490853832860072725e+04 -2.973677383717425067e-07 9.999999999999999547e-08
5.491771622391667916e+04 -1.587875324647290753e-07 9.999999999999999547e-08
5.492689407609705813e+04 -4.521924030293241314e-07 9.999999999999999547e-08
5.493607186780704797e+04 -1.312216578579830536e-07 9.999999999999999547e-08
5.494524958379011514e+04 -2.945992998554417634e-07 9.999999999999999547e-08
5.495442720931291842e+04 -2.243069780002186116e-07 9.999999999999999547e-08
5.496360473324398481e+04 -1.844535139338350825e-07 9.999999999999999547e-08
5.497278214808347548e+04 -9.553947275334196888e-08 9.999999999999999547e-08
5.498195944698603125e+04 -1.028212880436233388e-07 9.999999999999999547e-08
5.499113662659240799e+04 -5.146418650256803021e-08 9.999999999999999547e-08
5.500031368638262211e+04 -3.428971765808425019e-09 9.999999999999999547e-08
5.500949062806127768e+04 -2.616532322063029095e-07 9.999999999999999547e-08
5.501866745686152717e+04 3.041649922950254749e-08 9.999999999999999547e-08
5.502784418085277866e+04 -1.623488345341992748e-07 9.999999999999999547e-08
5.503702080853467487e+04 -5.517219692619789282e-08 9.999999999999999547e-08
5.504619735173372464e+04 -7.730466030109660553e-09 9.999999999999999547e-08
5.505537382507316215e+04 -2.075227708351626913e-07 9.999999999999999547e-08
5.506455024362354015e+04 -7.694595122597033847e-08 9.999999999999999547e-08
5.507372662477774429e+04 -1.223123507984379154e-07 9.999999999999999547e-08
5.508290298668509786e+04 5.307303081536550662e-08 9.999999999999999547e-08
5.509207934687209490e+04 -1.489245545989056719e-07 9.999999999999999547e-08
5.510125572508928599e+04 9.538515664661015557e-08 9.999999999999999547e-08
5.511043214089269895e+04 -3.845953352653952926e-09 9.999999999999999547e-08
5.511960861177120387e+04 1.319502520458224191e-07 9.999999999999999547e-08
5.512878515477364999e+04 1.396619507455726152e-07 9.999999999999999547e-08
5.513796178579689877e+04 1.044063238383840352e-07 9.999999999999999547e-08
5.514713851766483276e+04 1.976769247941685021e-07 9.999999999999999547e-08
5.515631536212618084e+04 -2.157787402377428511e-07 9.999999999999999547e-08
5.516549232787325309e+04 4.023570252462389023e-07 9.999999999999999547e-08
5.517466941860724182e+04 1.908883197473399892e-08 9.999999999999999547e-08
5.518384663645353430e+04 8.329468575529963765e-08 9.999999999999999547e-08
5.519302398007833835e+04 2.392648342454538746e-08 9.999999999999999547e-08
5.520220144380577403e+04 -6.208677580139777313e-08 9.999999999999999547e-08
5.521137901952908578e+04 1.595617485614322529e-07 9.999999999999999547e-08
5.522055669570986356e+04 2.251786893132400542e-07 9.999999999999999547e-08
5.522973445707449719e+04 1.900562038951846129e-07 9.999999999999999547e-08
5.523891228773984039e+04 2.915483250570602675e-07 9.999999999999999547e-08
5.524809017005414353e+04 2.239915886234166720e-07 9.999999999999999547e-08
5.525726808364085446e+04 3.054942642534728895e-07 9.999999999999999547e-08
5.526644600884318061e+04 3.360678596332134890e-07 9.999999999999999547e-08
5.527562392551984522e+04 3.249572622188697536e-07 9.999999999999999547e-08
5.528480181350685598e+04 1.044455613401765082e-07 9.999999999999999547e-08
5.529397965516476688e+04 5.871205836110809378e-08 9.999999999999999547e-08
5.530315743340946210e+04 4.184339081083784450e-08 9.999999999999999547e-08
5.531233513205635973e+04 -2.410899732917551897e-08 9.999999999999999547e-08
5.532151273818447225e+04 1.719486953561171409e-07 9.999999999999999547e-08
5.533069024149912730e+04 9.812220516147691773e-08 9.999999999999999547e-08
5.533986763328897359e+04 1.964935483418033779e-07 9.999999999999999547e-08
5.534904490877215721e+04 -7.966863482492662416e-08 9.999999999999999547e-08
5.535822206481045578e+04 1.124160945432764395e-07 9.999999999999999547e-08
5.536739910045092984e+04 1.160856803131912051e-08 9.999999999999999547e-08
5.537657601929584780e+04 6.570670834166076494e-08 9.999999999999999547e-08
5.538575282695412898e+04 9.457899224537546588e-08 9.999999999999999547e-08
5.539492953055782709e+04 -2.237908902980935258e-08 9.999999999999999547e-08
5.540410614051539596e+04 6.741639935196775056e-08 9.999999999999999547e-08
5.541328266891843668e+04 -1.013999594193709272e-07 9.999999999999999547e-08
5.542245912970278005e+04 1.800361578109040658e-08 9.999999999999999547e-08
5.543163553953932569e+04 3.887836576013273329e-08 9.999999999999999547e-08
5.544081191577068239e+04 -1.070260851424902239e-07 9.999999999999999547e-08
5.544998827537472971e+04 -1.045768669797554407e-07 9.999999999999999547e-08
5.545916463781108177e+04 -2.469968799175318726e-08 9.999999999999999547e-08
5.546834102222321235e+04 1.011970952172009695e-07 9.999999999999999547e-08
5.547751744727106416e+04 -4.521503425887903947e-09 9.999999999999999547e-08
5.548669393141141336e+04 1.617135597614280949e-07 9.999999999999999547e-08
5.549587049106628547e+04 3.798800699064502535e-08 9.999999999999999547e-08
5.550504714069774491e+04 -5.116904068400017417e-08 9.999999999999999547e-08
5.551422389430210023e+04 -7.131796338412191280e-08 9.999999999999999547e-08
5.552340076272425358e+04 1.254430781468610725e-07 9.999999999999999547e-08
5.553257775268700789e+04 -2.795773072533571147e-08 9.999999999999999547e-08
5.554175486895332870e+04 -1.724070688496205254e-07 9.999999999999999547e-08
5.555093211215929477e+04 8.678974960140488143e-08 9.999999999999999547e-08
5.556010947983655933e+04 1.990981204099402683e-07 9.999999999999999547e-08
5.556928696697941632e+04 9.348965278883165276e-08 9.999999999999999547e-08
5.557846456405875506e+04 -1.543402609056327325e-07 9.999999999999999547e-08
5.558764225797497784e+04 2.011791858954224577e-08 9.999999999999999547e-08
5.559682003453926882e+04 -7.323089135286589630e-08 9.999999999999999547e-08
5.560599787724205089e+04 1.606091903465705251e-07 9.999999999999999547e-08
5.561517576701154030e+04 1.893534018806103726e-08 9.999999999999999547e-08
5.562435368486808147e+04 2.620145899790607390e-07 9.999999999999999547e-08
5.563353161010304029e+04 -5.145022061209951656e-08 9.999999999999999547e-08
5.564270952196778671e+04 5.993214515413330839e-08 9.999999999999999547e-08
5.565188740237851016e+04 -7.538416564614890443e-08 9.999999999999999547e-08
5.566106523297588865e+04 -7.560163451201572011e-08 9.999999999999999547e-08
5.567024299616894859e+04 -6.632535705435038982e-08 9.999999999999999547e-08
5.567942067734654847e+04 -3.636626085522425847e-08 9.999999999999999547e-08
5.568859826383140171e+04 -3.493123235746463736e-08 9.999999999999999547e-08
5.569777574503859796e+04 5.449329537177270166e-08 9.999999999999999547e-08
5.570695311438877980e+04 -2.882414796830597074e-08 9.999999999999999547e-08
5.571613036628651753e+04 1.210282754542374042e-08 9.999999999999999547e-08
5.572530749758631282e+04 2.331863466796354923e-08 9.999999999999999547e-08
5.573448450979952759e+04 -3.336505749778167179e-08 9.999999999999999547e-08
5.574366140607199486e+04 -8.148230870645630644e-10 9.999999999999999547e-08
5.575283819200234575e+04 2.769315058814299813e-08 9.999999999999999547e-08
5.576201487633191573e+04 -2.343358026442222085e-08 9.999999999999999547e-08
5.577119146886849921e+04 -1.283077080638484827e-07 9.999999999999999547e-08
5.578036798210143024e+04 -3.617660554238123257e-07 9.999999999999999547e-08
5.578954443176705536e+04 2.682367415011772802e-08 9.999999999999999547e-08
5.579872083370221662e+04 -1.192022134953409527e-07 9.999999999999999547e-08
5.580789720454686176e+04 -1.126480876027092998e-07 9.999999999999999547e-08
5.581707356344162690e+04 2.832121663378401383e-08 9.999999999999999547e-08
5.582624992871451104e+04 -4.528993283067985990e-08 9.999999999999999547e-08
