5.400000057967349858e+04 -2.978178222064240632e-08 9.999999999999999547e-08
5.400917691910288704e+04 -6.915736102449581008e-08 9.999999999999999547e-08
5.401835328682778345e+04 1.059156948000526440e-08 9.999999999999999547e-08
5.402752970140262914e+04 1.126970893321896445e-07 9.999999999999999547e-08
5.403670618174672563e+04 -1.835166227654923214e-08 9.999999999999999547e-08
5.404588274521975836e+04 -1.469004058194786862e-07 9.999999999999999547e-08
5.405505940607618686e+04 -1.188018099057582470e-07 9.999999999999999547e-08
5.406423617775733146e+04 -8.941016401940535665e-08 9.999999999999999547e-08
5.407341307094703370e+04 -7.799148562714462264e-08 9.999999999999999547e-08
5.408259009149507619e+04 -1.081952497702537255e-07 9.999999999999999547e-08
5.409176724312013539e+04 5.522705385380691044e-08 9.999999999999999547e-08
5.410094452595726034e+04 -7.669554627613555476e-08 9.999999999999999547e-08
5.411012193566634232e+04 3.844416236585512466e-08 9.999999999999999547e-08
5.411929946596939408e+04 -7.274445180300789458e-08 9.999999999999999547e-08
5.412847710629044013e+04 6.852991617874639021e-08 9.999999999999999547e-08
5.413765484222875966e+04 1.643143651824138643e-07 9.999999999999999547e-08
5.414683265831499011e+04 6.751698129307954627e-08 9.999999999999999547e-08
5.415601053719540505e+04 1.408672915795912246e-07 9.999999999999999547e-08
5.416518845874789258e+04 7.657983063417627438e-08 9.999999999999999547e-08
5.417436640304827597e+04 -4.647531557532164771e-08 9.999999999999999547e-08
5.418354434947705886e+04 -2.481550127267818484e-08 9.999999999999999547e-08
5.419272227686022961e+04 9.054799407314352108e-08 9.999999999999999547e-08
5.420190016657312663e+04 1.861224461487104582e-07 9.999999999999999547e-08
5.421107800059604051e+04 1.103931917840219340e-07 9.999999999999999547e-08
5.422025576116635057e+04 1.852850965643913260e-07 9.999999999999999547e-08
5.422943343406501663e+04 1.993756285598233699e-07 9.999999999999999547e-08
5.423861100692177570e+04 -4.395525580338692510e-08 9.999999999999999547e-08
5.424778846955305926e+04 1.603762680802445123e-07 9.999999999999999547e-08
5.425696581534550205e+04 1.212094589434420560e-07 9.999999999999999547e-08
5.426614303962967824e+04 3.467082747546224581e-08 9.999999999999999547e-08
5.427532013979391195e+04 1.261375595102491561e-07 9.999999999999999547e-08
5.428449711752064468e+04 1.079958581170468085e-07 9.999999999999999547e-08
5.429367397724709008e+04 1.206640332098885853e-07 9.999999999999999547e-08
5.430285072454770852e+04 9.334732820990754330e-08 9.999999999999999547e-08
5.431202736913862464e+04 2.299156622305217342e-07 9.999999999999999547e-08
5.432120392206832912e+04 -8.245959937899455557e-09 9.999999999999999547e-08
5.433038039647073310e+04 4.486925083592991026e-08 9.999999999999999547e-08
5.433955680874156678e+04 1.894612491644704205e-08 9.999999999999999547e-08
5.434873317600217706e+04 2.031727742472729945e-07 9.999999999999999547e-08
5.435790951563706039e+04 -1.085970473071131443e-07 9.999999999999999547e-08
5.436708584746847919e+04 2.694979523817129692e-07 9.999999999999999547e-08
5.437626219140046305e+04 1.208996383409925031e-07 9.999999999999999547e-08
5.438543856663522456e+04 2.921155479752808074e-08 9.999999999999999547e-08
5.439461499336200359e+04 6.700625969960153974e-10 9.999999999999999547e-08
5.440379148927913047e+04 5.961061772656104322e-08 9.999999999999999547e-08
5.441296807067638292e+04 1.738818797286609194e-07 9.999999999999999547e-08
5.442214475296474848e+04 2.459687102694043915e-07 9.999999999999999547e-08
5.443132154868824000e+04 1.929362574769036968e-07 9.999999999999999547e-08
5.444049846657601302e+04 2.344414530964093730e-07 9.999999999999999547e-08
5.444967551338512567e+04 1.625239749170372739e-07 9.999999999999999547e-08
5.445885269157661241e+04 1.671648577443476318e-07 9.999999999999999547e-08
5.446802999987457588e+04 -9.408531352137606501e-08 9.999999999999999547e-08
5.447720743489507004e+04 1.528543851072714491e-07 9.999999999999999547e-08
5.448638498846364382e+04 -5.739429027928787642e-09 9.999999999999999547e-08
5.449556264860176452e+04 -1.774751161859896515e-08 9.999999999999999547e-08
5.450474040223143675e+04 -9.562717859247306070e-08 9.999999999999999547e-08
5.451391823279137316e+04 2.955100209051366515e-07 9.999999999999999547e-08
5.452309612152996124e+04 -8.076933786380429727e-08 9.999999999999999547e-08
5.453227404969429335e+04 1.251299491981124663e-07 9.999999999999999547e-08
5.454145199638261693e+04 2.906075671952242545e-07 9.999999999999999547e-08
5.455062994022810017e+04 9.572421396837128629e-08 9.999999999999999547e-08
5.455980786217135756e+04 -7.191189530121315338e-08 9.999999999999999547e-08
5.456898574255817948e+04 1.695595201375279521e-08 9.999999999999999547e-08
5.457816356280718173e+04 9.258745068727823042e-08 9.999999999999999547e-08
5.458734130741575063e+04 -1.264412103718347397e-07 9.999999999999999547e-08
5.459651896153423149e+04 8.183921437659162047e-08 9.999999999999999547e-08
5.460569651286458247e+04 1.462307371056352654e-08 9.999999999999999547e-08
5.461487395325206307e+04 -4.069074141146192791e-08 9.999999999999999547e-08
5.462405127528306184e+04 -4.403067370065699073e-09 9.999999999999999547e-08
5.463322847459068726e+04 -1.991926117579641249e-08 9.999999999999999547e-08
5.464240555058582686e+04 -1.409659318650572866e-07 9.999999999999999547e-08
5.465158250475697423e+04 -8.164778619807565922e-08 9.999999999999999547e-08
5.466075934121073806e+04 -7.447178790815916097e-08 9.999999999999999547e-08
5.466993606779228867e+04 -1.647900451873451456e-07 9.999999999999999547e-08
5.467911269334783719e+04 -4.143335997161423199e-08 9.999999999999999547e-08
5.468828922926119412e+04 -1.420421141804060656e-07 9.999999999999999547e-08
5.469746569051828556e+04 -1.311587438656442571e-07 9.999999999999999547e-08
5.470664209262026270e+04 -1.935347795484685352e-07 9.999999999999999547e-08
5.471581845259269903e+04 -5.214145421615894617e-08 9.999999999999999547e-08
5.472499478962436842e+04 -2.148589331223111343e-07 9.999999999999999547e-08
5.473417112246529723e+04 -2.373831354062561546e-07 9.999999999999999547e-08
5.474334747077464999e+04 -1.582131435590880718e-07 9.999999999999999547e-08
5.475252385540202522e+04 -1.043740323719809401e-07 9.999999999999999547e-08
5.476170029465058178e+04 -8.448813211353639978e-08 9.999999999999999547e-08
5.477087680616761645e+04 -1.311926046744457177e-07 9.999999999999999547e-08
5.478005340699187946e+04 1.237113665581059650e-08 9.999999999999999547e-08
5.478923011109751678e+04 -1.886072781169769891e-07 9.999999999999999547e-08
5.479840693032519630e+04 -1.974045172438281033e-07 9.999999999999999547e-08
5.480758387409995339e+04 -1.033817096738636079e-07 9.999999999999999547e-08
5.481676094708799064e+04 -1.470553112889670424e-07 9.999999999999999547e-08
5.482593815114341851e+04 -8.672748732666276858e-08 9.999999999999999547e-08
5.483511549715844012e+04 -1.560303583159170874e-07 9.999999999999999547e-08
5.484429295666494727e+04 -1.033919916089562825e-07 9.999999999999999547e-08
5.485347053226431308e+04 3.370694022259459755e-09 9.999999999999999547e-08
5.486264821285133803e+04 -3.035657869799049125e-07 9.999999999999999547e-08
5.487182598304783460e+04 -9.368097449116196927e-08 9.999999999999999547e-08
5.488100382656429429e+04 -1.393751351228350891e-08 9.999999999999999547e-08
5.489018172542445973e+04 -1.190955601528890783e-07 9.999999999999999547e-08
5.489935965901531745e+04 -2.003644044735073620e-08 9.999999999999999547e-08
5.490853760654396319e+04 9.421319470255232748e-08 9.999999999999999547e-08
5.491771554812868271e+04 -1.658603949203970160e-08 9.999999999999999547e-08
5.492689346337049938e+04 -1.091158018556517608e-07 9.999999999999999547e-08
5.493607133313427039e+04 -2.133565336742578362e-07 9.999999999999999547e-08
5.494524914024049940e+04 2.309573611195145364e-08 9.999999999999999547e-08
5.495442686783303361e+04 1.247755896493827024e-07 9.999999999999999547e-08
5.496360450207130634e+04 3.789161465282487788e-08 9.999999999999999547e-08
5.497278203260192095e+04 -2.207502734893061636e-08 9.999999999999999547e-08
5.498195944993224111e+04 -7.046933207693229073e-08 9.999999999999999547e-08
5.499113674767431075e+04 -1.284103555576477279e-07 9.999999999999999547e-08
5.500031392284678441e+04 -1.006429848386985317e-07 9.999999999999999547e-08
5.500949097425759101e+04 -9.537940714907433514e-08 9.999999999999999547e-08
5.501866790443016362e+04 -1.020465849405229517e-07 9.999999999999999547e-08
5.502784471906648832e+04 -1.580337121955534493e-07 9.999999999999999547e-08
5.503702142454627028e+04 -6.035127015653106225e-08 9.999999999999999547e-08
5.504619803096609394e+04 1.580374950586280438e-07 9.999999999999999547e-08
5.505537455131622119e+04 -4.222708313139264068e-09 9.999999999999999547e-08
5.506455099937519117e+04 -1.712685726621779120e-07 9.999999999999999547e-08
5.507372739164745872e+04 -7.953202680246370353e-08 9.999999999999999547e-08
5.508290374612509913e+04 -1.963710861322857407e-07 9.999999999999999547e-08
5.509208008045220049e+04 1.606826581498388980e-07 9.999999999999999547e-08
5.510125641474218719e+04 1.113901529490983683e-07 9.999999999999999547e-08
5.511043276940465148e+04 -2.473864767324955726e-08 9.999999999999999547e-08
5.511960916336411901e+04 3.549167184818525166e-08 9.999999999999999547e-08
5.512878561550051381e+04 2.813861940905068516e-08 9.999999999999999547e-08
5.513796214408073865e+04 -9.391448680395477308e-09 9.999999999999999547e-08
5.514713876432448160e+04 1.870610357825915123e-08 9.999999999999999547e-08
5.515631549061344413e+04 1.129304525375966622e-07 9.999999999999999547e-08
5.516549233473301865e+04 1.700178434822719401e-07 9.999999999999999547e-08
5.517466930368205794e+04 1.821040455873116601e-07 9.999999999999999547e-08
5.518384640263186884e+04 -1.384677888495043427e-07 9.999999999999999547e-08
5.519302363345364574e+04 -1.723569544355333082e-08 9.999999999999999547e-08
5.520220099330710946e+04 9.661748606996611285e-08 9.999999999999999547e-08
5.521137847667507594e+04 1.506442232455689305e-07 9.999999999999999547e-08
5.522055607474291901e+04 1.492785232841895194e-07 9.999999999999999547e-08
5.522973377406950021e+04 2.863508998923995540e-08 9.999999999999999547e-08
5.523891156038347253e+04 1.744244064203649463e-07 9.999999999999999547e-08
5.524808941701801086e+04 1.691596456317620152e-08 9.999999999999999547e-08
5.525726732409535180e+04 1.991654673526847169e-07 9.999999999999999547e-08
5.526644526215840597e+04 2.653451741762575133e-09 9.999999999999999547e-08
5.527562321067022276e+04 -9.312739278653875737e-08 9.999999999999999547e-08
5.528480114839798625e+04 5.367360778696450749e-09 9.999999999999999547e-08
5.529397905616251956e+04 9.987985517092253536e-08 9.999999999999999547e-08
5.530315691526208684e+04 2.318797244296253684e-07 9.999999999999999547e-08
5.531233470749287517e+04 1.493111278415228823e-07 9.999999999999999547e-08
5.532151241755771480e+04 -1.812096618964370179e-08 9.999999999999999547e-08
5.533069003255281132e+04 4.501939221331236381e-08 9.999999999999999547e-08
5.533986754082752304e+04 1.596398148157586966e-07 9.999999999999999547e-08
5.534904493481617101e+04 2.085393259033892519e-07 9.999999999999999547e-08
5.535822220878540975e+04 8.645901150618371987e-08 9.999999999999999547e-08
5.536739935894285736e+04 -1.266227097185552925e-07 9.999999999999999547e-08
5.537657638610646245e+04 -8.424383952035700417e-08 9.999999999999999547e-08
5.538575329313678958e+04 -1.172485805906114622e-07 9.999999999999999547e-08
5.539493008504252066e+04 1.981289977553799417e-08 9.999999999999999547e-08
5.540410677004510217e+04 -5.903098851745953177e-08 9.999999999999999547e-08
5.541328335866959242e+04 -5.459628554648128834e-08 9.999999999999999547e-08
5.542245986306047416e+04 -2.846224811883869735e-07 9.999999999999999547e-08
5.543163629879913060e+04 -1.288564794443850788e-07 9.999999999999999547e-08
5.544081268247903790e+04 -1.280807538263121635e-07 9.999999999999999547e-08
5.544998903105001227e+04 -1.357092000694910846e-08 9.999999999999999547e-08
5.545916536391722184e+04 -1.599390053081894359e-08 9.999999999999999547e-08
5.546834170099945914e+04 -1.403689031865838055e-07 9.999999999999999547e-08
5.547751806160414708e+04 -1.441439581751406882e-07 9.999999999999999547e-08
5.548669446590048756e+04 5.251173394983963718e-08 9.999999999999999547e-08
5.549587093231667677e+04 -6.327145568452536905e-08 9.999999999999999547e-08
5.550504747744251654e+04 -1.943854164079309650e-07 9.999999999999999547e-08
5.551422411792872299e+04 -1.881869170488083210e-07 9.999999999999999547e-08
5.552340086730544135e+04 -3.391270191146687058e-07 9.999999999999999547e-08
5.553257773534764419e+04 -2.960983038507934653e-08 9.999999999999999547e-08
5.554175473017710465e+04 -2.049819361951635990e-07 9.999999999999999547e-08
5.555093185558644473e+04 -2.559745554980891894e-07 9.999999999999999547e-08
5.556010911197841779e+04 -6.758590639958887513e-08 9.999999999999999547e-08
5.556928649732903432e+04 -1.305804043436268192e-07 9.999999999999999547e-08
5.557846400475412520e+04 2.752405703556761537e-09 9.999999999999999547e-08
5.558764162356474844e+04 -7.574533699261774972e-08 9.999999999999999547e-08
5.559681934161817480e+04 -1.909801631976885059e-07 9.999999999999999547e-08
5.560599714372072776e+04 -1.842325659853364766e-07 9.999999999999999547e-08
5.561517501154477941e+04 -4.516929722214935020e-08 9.999999999999999547e-08
5.562435292680902785e+04 1.157655995046740689e-07 9.999999999999999547e-08
5.563353086879574403e+04 -2.630952248978660278e-08 9.999999999999999547e-08
5.564270881614835525e+04 -1.304499516156953828e-08 9.999999999999999547e-08
5.565188674972340959e+04 -1.368859556547764210e-07 9.999999999999999547e-08
5.566106464957440039e+04 -8.023660993355137091e-08 9.999999999999999547e-08
5.567024249631602288e+04 1.079166134845354816e-08 9.999999999999999547e-08
5.567942027340414643e+04 3.482524010783620084e-08 9.999999999999999547e-08
5.568859796558708331e+04 -1.140406554955875039e-07 9.999999999999999547e-08
5.569777555971354013e+04 5.082393111204188548e-08 9.999999999999999547e-08
5.570695304616126668e+04 1.171105423264115067e-07 9.999999999999999547e-08
5.571613041676354624e+04 1.182725362805036697e-07 9.999999999999999547e-08
5.572530766551569104e+04 1.667001993167195531e-07 9.999999999999999547e-08
5.573448479128208419e+04 7.534547659552211442e-08 9.999999999999999547e-08
5.574366179430639022e+04 1.804879263909776939e-07 9.999999999999999547e-08
5.575283867760322755e+04 1.436996803016183445e-08 9.999999999999999547e-08
5.576201544772915076e+04 8.056015711261910696e-08 9.999999999999999547e-08
5.577119211257855932e+04 2.312554061038758381e-07 9.999999999999999547e-08
5.578036868281399802e+04 2.301208564126250396e-07 9.999999999999999547e-08
5.578954517263355956e+04 9.623264792792590612e-08 9.999999999999999547e-08
5.579872159684288636e+04 5.171758975254996725e-08 9.999999999999999547e-08
5.580789797155297128e+04 8.708976570483900070e-08 9.999999999999999547e-08
5.581707431571594498e+04 1.282486031311193651e-07 9.999999999999999547e-08
5.582625064791192563e+04 1.685765516811114886e-08 9.999999999999999547e-08
