5.400000048107245675e+04 1.937209039499867946e-07 9.999999999999999547e-08
5.400917681862039899e+04 1.376813347077043069e-07 9.999999999999999547e-08
5.401835318688444386e+04 2.103089293839462058e-07 9.999999999999999547e-08
5.402752960452462867e+04 2.005388033159509325e-07 9.999999999999999547e-08
5.403670609057323600e+04 2.166935165461749831e-07 9.999999999999999547e-08
5.404588266186460532e+04 2.641148550895669411e-07 9.999999999999999547e-08
5.405505933250825183e+04 1.177258179489591244e-07 9.999999999999999547e-08
5.406423611591166264e+04 1.778334566654655204e-07 9.999999999999999547e-08
5.407341302255629853e+04 4.720843242238370239e-07 9.999999999999999547e-08
5.408259005775364494e+04 2.100700968912979678e-07 9.999999999999999547e-08
5.409176722482685000e+04 2.604299561907875631e-07 9.999999999999999547e-08
5.410094452354746318e+04 2.987938778547249849e-08 9.999999999999999547e-08
5.411012194918545720e+04 2.334558458577666444e-07 9.999999999999999547e-08
5.411929949508263962e+04 5.763780172026433120e-08 9.999999999999999547e-08
5.412847715025614889e+04 4.918529378503029843e-07 9.999999999999999547e-08
5.413765489983122097e+04 1.865486079820284945e-07 9.999999999999999547e-08
5.414683272801384010e+04 1.913157232639091737e-07 9.999999999999999547e-08
5.415601061711499642e+04 1.551991085175174971e-07 9.999999999999999547e-08
5.416518854694602487e+04 2.683603782550848161e-07 9.999999999999999547e-08
5.417436649734555249e+04 2.954512019537877167e-07 9.999999999999999547e-08
5.418354444731830154e+04 3.143135631117145080e-07 9.999999999999999547e-08
5.419272237571910227e+04 3.490117401491398292e-07 9.999999999999999547e-08
5.420190026406654943e+04 2.863561150055408862e-07 9.999999999999999547e-08
5.421107809430204361e+04 3.050726908689888703e-07 9.999999999999999547e-08
5.422025584884933050e+04 3.380983168520353345e-07 9.999999999999999547e-08
5.422943351341544621e+04 1.155083916961503397e-07 9.999999999999999547e-08
5.423861107601458934e+04 2.243740817700079241e-07 9.999999999999999547e-08
5.424778852667057799e+04 3.628831789950051213e-07 9.999999999999999547e-08
5.425696585924978717e+04 3.018657974759019040e-07 9.999999999999999547e-08
5.426614306934407068e+04 3.247510665905512602e-07 9.999999999999999547e-08
5.427532015440315445e+04 1.616812122081114739e-07 9.999999999999999547e-08
5.428449711664461211e+04 3.703504933209289973e-07 9.999999999999999547e-08
5.429367396089510294e+04 3.160687754921890880e-07 9.999999999999999547e-08
5.430285069329375983e+04 1.491135408279057191e-07 9.999999999999999547e-08
5.431202732365835982e+04 8.546172326621025501e-08 9.999999999999999547e-08
5.432120386333810893e+04 7.765141977155360262e-09 9.999999999999999547e-08
5.433038032578418643e+04 1.851782687789778055e-07 9.999999999999999547e-08
5.433955672788908851e+04 1.920620162764918775e-07 9.999999999999999547e-08
5.434873308692695718e+04 3.717610139306915033e-08 9.999999999999999547e-08
5.435790942059363442e+04 1.750214392364308709e-07 9.999999999999999547e-08
5.436708574856738414e+04 6.255947069681720823e-08 9.999999999999999547e-08
5.437626209103388828e+04 7.120800771093953862e-08 9.999999999999999547e-08
5.438543846748074429e+04 2.076243517130631818e-07 9.999999999999999547e-08
5.439461489784696460e+04 -3.343510175907141164e-08 9.999999999999999547e-08
5.440379139984813082e+04 2.247822380294989254e-07 9.999999999999999547e-08
5.441296798941831366e+04 -1.094209511443612994e-07 9.999999999999999547e-08
5.442214468194948859e+04 -4.894589092071898868e-08 9.999999999999999547e-08
5.443132148977073666e+04 -1.234884871731940643e-07 9.999999999999999547e-08
5.444049842143602291e+04 -1.215102339334293606e-07 9.999999999999999547e-08
5.444967548301389616e+04 -7.065478976281100080e-08 9.999999999999999547e-08
5.445885267682059202e+04 -3.161173422136489674e-07 9.999999999999999547e-08
5.446803000098578923e+04 -2.494860988833028712e-07 9.999999999999999547e-08
5.447720745187149441e+04 -2.240826814412483835e-07 9.999999999999999547e-08
5.448638502104969666e+04 8.108812186679848102e-08 9.999999999999999547e-08
5.449556269587613497e+04 -2.010645242421135497e-08 9.999999999999999547e-08
5.450474046281339542e+04 -2.777371607008091388e-07 9.999999999999999547e-08
5.451391830497575575e+04 -3.670184586823624681e-07 9.999999999999999547e-08
5.452309620370125776e+04 -2.274891197863109432e-07 9.999999999999999547e-08
5.453227413972838258e+04 -5.128835626288859393e-07 9.999999999999999547e-08
5.454145209198294469e+04 -4.112758519675955920e-07 9.999999999999999547e-08
5.455063003892950655e+04 -3.094528047209715371e-07 9.999999999999999547e-08
5.455980796129769442e+04 -2.766084207186230429e-07 9.999999999999999547e-08
5.456898583986949234e+04 -4.004323630467914121e-07 9.999999999999999547e-08
5.457816365596245305e+04 -3.933959347167823449e-07 9.999999999999999547e-08
5.458734139402439178e+04 -3.153925445510551087e-07 9.999999999999999547e-08
5.459651903940176999e+04 -3.307760216496994898e-07 9.999999999999999547e-08
5.460569658009767591e+04 -1.208525187888204513e-07 9.999999999999999547e-08
5.461487400832700223e+04 -3.847153036553499487e-07 9.999999999999999547e-08
5.462405131691507995e+04 -1.878435219173955843e-07 9.999999999999999547e-08
5.463322850177070359e+04 -2.266925574502889995e-07 9.999999999999999547e-08
5.464240556255829142e+04 -2.769077381465864197e-07 9.999999999999999547e-08
5.465158250120992307e+04 -4.534595611721234818e-07 9.999999999999999547e-08
5.466075932233404455e+04 -3.673746430164349218e-07 9.999999999999999547e-08
5.466993603409208299e+04 -1.355905820421564646e-07 9.999999999999999547e-08
5.467911264559722622e+04 -3.418739218712626548e-07 9.999999999999999547e-08
5.468828916844558262e+04 -2.679603944850945233e-07 9.999999999999999547e-08
5.469746561809084233e+04 -3.459865569522950986e-07 9.999999999999999547e-08
5.470664201037161547e+04 -2.731650784756588586e-07 9.999999999999999547e-08
5.471581836269375344e+04 -4.139603870734291373e-07 9.999999999999999547e-08
5.472499469410655729e+04 8.520245954981024365e-10 9.999999999999999547e-08
5.473417102357032854e+04 -1.716009544250389568e-07 9.999999999999999547e-08
5.474334737088247493e+04 -1.802779248922158125e-07 9.999999999999999547e-08
5.475252375720343844e+04 -2.065718882995503654e-07 9.999999999999999547e-08
5.476170020061407558e+04 -3.782437135319782483e-07 9.999999999999999547e-08
5.477087671858247631e+04 -2.699030633434915488e-07 9.999999999999999547e-08
5.478005332802071644e+04 -3.243724930404508817e-08 9.999999999999999547e-08
5.478923004272800608e+04 -1.908366110669302624e-07 9.999999999999999547e-08
5.479840687452159909e+04 -1.764353224851025267e-07 9.999999999999999547e-08
5.480758383224646968e+04 -2.974020007366360200e-10 9.999999999999999547e-08
5.481676092021833028e+04 -2.552794149431654548e-07 9.999999999999999547e-08
5.482593813988229522e+04 -2.483581250720074583e-08 9.999999999999999547e-08
5.483511550181962230e+04 -1.235471843764309049e-08 9.999999999999999547e-08
5.484429297724614298e+04 -8.319317638897256330e-08 9.999999999999999547e-08
5.485347056828164204e+04 -7.999194414746678298e-08 9.999999999999999547e-08
5.486264826323986927e+04 -2.158604333976967498e-07 9.999999999999999547e-08
5.487182604646771506e+04 -8.717607319918130566e-08 9.999999999999999547e-08
5.488100390133912151e+04 1.108888068757772011e-07 9.999999999999999547e-08
5.489018180977384327e+04 6.053775854153053491e-08 9.999999999999999547e-08
5.489935975084063102e+04 4.020988272990942959e-08 9.999999999999999547e-08
5.490853770342574717e+04 1.568594434026948429e-08 9.999999999999999547e-08
5.491771564750166726e+04 -1.976933297580227525e-07 9.999999999999999547e-08
5.492689356277583283e+04 1.240121224119320059e-07 9.999999999999999547e-08
5.493607143028760038e+04 -1.907041911979891633e-09 9.999999999999999547e-08
5.494524923270960426e+04 1.851980189619378378e-07 9.999999999999999547e-08
5.495442695333495067e+04 1.808640456235945780e-07 9.999999999999999547e-08
5.496360457839137962e+04 2.042874220938060968e-07 9.999999999999999547e-08
5.497278209797188174e+04 2.744977476099172268e-09 9.999999999999999547e-08
5.498195950288805761e+04 2.269751042487561191e-07 9.999999999999999547e-08
5.499113678701026220e+04 1.974567532129970985e-07 9.999999999999999547e-08
5.500031394747993909e+04 1.246774992654478525e-07 9.999999999999999547e-08
5.500949098357234470e+04 3.629644782395173664e-07 9.999999999999999547e-08
5.501866789828474430e+04 3.166114798730953495e-07 9.999999999999999547e-08
5.502784469764608366e+04 3.579319273090616546e-07 9.999999999999999547e-08
5.503702138846144953e+04 3.514574427623251365e-07 9.999999999999999547e-08
5.504619798086812807e+04 3.445213828189966342e-07 9.999999999999999547e-08
5.505537448839726858e+04 4.600832787823469010e-07 9.999999999999999547e-08
5.506455092526835506e+04 1.056674373858156058e-07 9.999999999999999547e-08
5.507372730818117270e+04 4.559525961203336796e-07 9.999999999999999547e-08
5.508290365532240685e+04 2.919595058146109938e-07 9.999999999999999547e-08
5.509207998441414384e+04 4.262726681567377905e-07 9.999999999999999547e-08
5.510125631574096769e+04 4.569092881725101094e-07 9.999999999999999547e-08
5.511043267000638298e+04 4.204216764548259813e-07 9.999999999999999547e-08
5.511960906619620800e+04 4.646876253150051751e-07 9.999999999999999547e-08
5.512878552295714326e+04 3.353879447611657174e-07 9.999999999999999547e-08
5.513796205842023483e+04 3.770984583105928204e-07 9.999999999999999547e-08
5.514713868765547522e+04 2.180767955242684739e-07 9.999999999999999547e-08
5.515631542502724915e+04 3.306119759489926173e-07 9.999999999999999547e-08
5.516549228194387251e+04 1.921414000937773948e-07 9.999999999999999547e-08
5.517466926509992481e+04 1.534952295867192309e-07 9.999999999999999547e-08
5.518384637920405657e+04 4.294798595051712138e-07 9.999999999999999547e-08
5.519302362572901620e+04 1.946283908049610319e-07 9.999999999999999547e-08
5.520220100150715734e+04 3.297368385316253048e-07 9.999999999999999547e-08
5.521137850079021155e+04 2.055279378959341137e-07 9.999999999999999547e-08
5.522055611403622606e+04 -5.378498370127515976e-08 9.999999999999999547e-08
5.522973382754007616e+04 1.469027547228162368e-07 9.999999999999999547e-08
5.523891162654793152e+04 1.748712697418553982e-08 9.999999999999999547e-08
5.524808949421648140e+04 -7.013932701357375454e-08 9.999999999999999547e-08
5.525726741055370803e+04 2.071202112669883738e-07 9.999999999999999547e-08
5.526644535550876026e+04 9.290149800511875158e-08 9.999999999999999547e-08
5.527562330852797459e+04 -9.835944404010600098e-08 9.999999999999999547e-08
5.528480124828968837e+04 2.729688535975429496e-07 9.999999999999999547e-08
5.529397915564508003e+04 6.821785554981917029e-08 9.999999999999999547e-08
5.530315701204156358e+04 7.275460878389869747e-08 9.999999999999999547e-08
5.531233479906620050e+04 -4.429927729392424843e-08 9.999999999999999547e-08
5.532151250166379759e+04 6.282843924449930558e-08 9.999999999999999547e-08
5.533069010710443399e+04 1.655714449055960806e-07 9.999999999999999547e-08
5.533986760414371383e+04 -3.420318807698934482e-08 9.999999999999999547e-08
5.534904498545118986e+04 7.819242155048055639e-09 9.999999999999999547e-08
5.535822224558997550e+04 -1.070251347691699103e-08 9.999999999999999547e-08
5.536739938086674374e+04 -1.733549749841280268e-07 9.999999999999999547e-08
5.537657639255883987e+04 -2.573385417769475370e-07 9.999999999999999547e-08
5.538575328419231664e+04 -4.643399965558787781e-08 9.999999999999999547e-08
5.539493006093150325e+04 6.790627938760475720e-08 9.999999999999999547e-08
5.540410673130243958e+04 -3.216321977197948121e-07 9.999999999999999547e-08
5.541328330617317260e+04 -1.785067080531356716e-07 9.999999999999999547e-08
5.542245979806572723e+04 -2.716836444934579347e-07 9.999999999999999547e-08
5.543163622282285360e+04 -2.335242478922855665e-07 9.999999999999999547e-08
5.544081259765171126e+04 -3.881375336337706756e-07 9.999999999999999547e-08
5.544998893926339952e+04 -2.062281329599269158e-07 9.999999999999999547e-08
5.545916526735351363e+04 -3.724536749809258438e-07 9.999999999999999547e-08
5.546834160197166784e+04 -3.449454158419447337e-07 9.999999999999999547e-08
5.547751796268956241e+04 -2.424874257521850823e-07 9.999999999999999547e-08
5.548669436963419139e+04 -9.887124619508771989e-08 9.999999999999999547e-08
5.549587084115459584e+04 -2.510629211413948203e-07 9.999999999999999547e-08
5.550504739357478684e+04 -2.014475671224096638e-07 9.999999999999999547e-08
5.551422404339999775e+04 -2.194384514572246568e-07 9.999999999999999547e-08
5.552340080430491071e+04 -1.052876720143296642e-07 9.999999999999999547e-08
5.553257768554124777e+04 -3.934413090595310554e-07 9.999999999999999547e-08
5.554175469467454968e+04 -3.354956343363573106e-07 9.999999999999999547e-08
5.555093183532196417e+04 -3.425072898075673799e-07 9.999999999999999547e-08
5.556010910757619422e+04 -7.864024843608956043e-08 9.999999999999999547e-08
5.556928650887484400e+04 -2.264501069284346997e-07 9.999999999999999547e-08
5.557846403208705306e+04 -1.775873029843062277e-07 9.999999999999999547e-08
5.558764166595856659e+04 -1.438865101863629111e-07 9.999999999999999547e-08
5.559681939781491383e+04 -2.695227020613128522e-07 9.999999999999999547e-08
5.560599721228759154e+04 -2.794931392521743888e-07 9.999999999999999547e-08
5.561517509088347288e+04 -1.178528746216654282e-07 9.999999999999999547e-08
5.562435301488247933e+04 -2.227631223422307055e-07 9.999999999999999547e-08
5.563353096331725828e+04 -3.330462711289165156e-07 9.999999999999999547e-08
5.564270891464276792e+04 -2.217109143190147879e-07 9.999999999999999547e-08
5.565188684974605712e+04 -9.699004126814392321e-08 9.999999999999999547e-08
5.566106474877346045e+04 -1.557970623326525117e-07 9.999999999999999547e-08
5.567024259229941526e+04 -2.814926750166804912e-07 9.999999999999999547e-08
5.567942036374413874e+04 -6.175179888288023305e-08 9.999999999999999547e-08
5.568859804803983570e+04 -1.716489678008556128e-07 9.999999999999999547e-08
5.569777563215719420e+04 -3.693824789655901557e-08 9.999999999999999547e-08
5.570695310709862679e+04 -1.609728020895684845e-07 9.999999999999999547e-08
5.571613046480975026e+04 2.505212808867256328e-08 9.999999999999999547e-08
5.572530769941440667e+04 -8.013666531570845004e-08 9.999999999999999547e-08
5.573448481012027332e+04 -3.600113576714470984e-08 9.999999999999999547e-08
5.574366179775579803e+04 -2.587159467782124084e-07 9.999999999999999547e-08
5.575283866563728225e+04 -1.097251635530151923e-07 9.999999999999999547e-08
5.576201542069103743e+04 -6.096621832962485810e-08 9.999999999999999547e-08
5.577119207099624327e+04 1.193183892753597621e-07 9.999999999999999547e-08
5.578036862769131403e+04 1.478901361756697891e-08 9.999999999999999547e-08
5.578954510525798105e+04 7.261363334001151519e-08 9.999999999999999547e-08
5.579872151903800113e+04 -1.821013690470113997e-08 9.999999999999999547e-08
5.580789788514569227e+04 8.335143324294978712e-08 9.999999999999999547e-08
5.581707422269399103e+04 1.127414080894685312e-07 9.999999999999999547e-08
5.582625055053406686e+04 1.104173563877052140e-07 9.999999999999999547e-08
