5.400000055239917856e+04 8.293703857054659896e-09 9.999999999999999547e-08
5.400917697475372552e+04 5.418509760291613739e-09 9.999999999999999547e-08
5.401835342394821782e+04 -2.254530679876351345e-08 9.999999999999999547e-08
5.402752991675352678e+04 -1.037397062503953470e-07 9.999999999999999547e-08
5.403670647010485118e+04 -3.399230167650654227e-09 9.999999999999999547e-08
5.404588309905540518e+04 -4.410295087676832858e-08 9.999999999999999547e-08
5.405505981640464597e+04 -1.104917515735664852e-07 9.999999999999999547e-08
5.406423663404334366e+04 -2.323057346075002391e-07 9.999999999999999547e-08
5.407341356153787638e+04 -1.853820827372540014e-07 9.999999999999999547e-08
5.408259060373943066e+04 -2.350492429225004134e-07 9.999999999999999547e-08
5.409176776360997610e+04 -2.646542514730663055e-07 9.999999999999999547e-08
5.410094504106519162e+04 -3.197730121743358758e-07 9.999999999999999547e-08
5.411012243201575620e+04 -1.747126444159394891e-07 9.999999999999999547e-08
5.411929993065908639e+04 -1.228639443077624495e-07 9.999999999999999547e-08
5.412847752729846979e+04 -1.394070865143035492e-07 9.999999999999999547e-08
5.413765520855510113e+04 -6.710166818062355658e-08 9.999999999999999547e-08
5.414683296050246281e+04 -4.663191769762940509e-08 9.999999999999999547e-08
5.415601076732466026e+04 -2.936416727920602488e-07 9.999999999999999547e-08
5.416518861123249371e+04 -3.320375388314756156e-07 9.999999999999999547e-08
5.417436647402879316e+04 -1.735625067961328434e-07 9.999999999999999547e-08
5.418354433706514828e+04 -2.803466708124549279e-07 9.999999999999999547e-08
5.419272218137536402e+04 -3.923346695006581093e-08 9.999999999999999547e-08
5.420189999051360064e+04 -2.516113609684011463e-07 9.999999999999999547e-08
5.421107774837280158e+04 -1.922525634716006786e-07 9.999999999999999547e-08
5.422025543909000407e+04 9.902984239495436709e-08 9.999999999999999547e-08
5.422943304988744785e+04 -1.592164178064816072e-07 9.999999999999999547e-08
5.423861056986501353e+04 -1.455489710841832025e-08 9.999999999999999547e-08
5.424778799031673407e+04 -5.660257618735343538e-08 9.999999999999999547e-08
5.425696530546431313e+04 3.006065471489248804e-08 9.999999999999999547e-08
5.426614251127610623e+04 -9.317766136476696003e-08 9.999999999999999547e-08
5.427531960553476529e+04 1.673920758568786217e-07 9.999999999999999547e-08
5.428449658997539518e+04 -1.355838093171219624e-07 9.999999999999999547e-08
5.429367346891987836e+04 1.331219280865072592e-07 9.999999999999999547e-08
5.430285024776282808e+04 -1.649667514717336860e-07 9.999999999999999547e-08
5.431202693518487649e+04 1.208448326622054816e-07 9.999999999999999547e-08
5.432120354115325608e+04 1.917622883089323506e-07 9.999999999999999547e-08
5.433038007775504229e+04 2.556073616537330801e-08 9.999999999999999547e-08
5.433955655993049731e+04 8.524467512715283954e-09 9.999999999999999547e-08
5.434873300320267299e+04 6.093324415449471051e-09 9.999999999999999547e-08
5.435790942319916212e+04 2.446963464473780211e-07 9.999999999999999547e-08
5.436708583751392871e+04 9.592781067826026544e-08 9.999999999999999547e-08
5.437626226416201825e+04 1.131734679031623435e-07 9.999999999999999547e-08
5.438543872053508676e+04 1.067645144801369079e-07 9.999999999999999547e-08
5.439461522453750513e+04 6.089069546963406040e-08 9.999999999999999547e-08
5.440379179206670960e+04 2.331300270749515524e-07 9.999999999999999547e-08
5.441296843725263170e+04 6.787317727882169507e-08 9.999999999999999547e-08
5.442214517401727062e+04 3.425376281468775979e-07 9.999999999999999547e-08
5.443132201348264061e+04 3.396755102028664023e-08 9.999999999999999547e-08
5.444049896331670607e+04 2.160459643901133352e-07 9.999999999999999547e-08
5.444967602905273816e+04 5.927761280338159918e-08 9.999999999999999547e-08
5.445885321272222063e+04 2.222936777068560468e-07 9.999999999999999547e-08
5.446803051296029298e+04 1.617375483690830034e-07 9.999999999999999547e-08
5.447720792655675177e+04 1.757892937355640904e-07 9.999999999999999547e-08
5.448638544601264584e+04 -3.726945094522192360e-09 9.999999999999999547e-08
5.449556306021143246e+04 1.678533032626927383e-07 9.999999999999999547e-08
5.450474075706397707e+04 9.542200640843325305e-08 9.999999999999999547e-08
5.451391852166232275e+04 6.901867999533646959e-08 9.999999999999999547e-08
5.452309633724346349e+04 1.995316676405298345e-07 9.999999999999999547e-08
5.453227418672827480e+04 1.169360823954945743e-07 9.999999999999999547e-08
5.454145205133583659e+04 2.430772384068461405e-07 9.999999999999999547e-08
5.455062991178323864e+04 9.548981231717946415e-08 9.999999999999999547e-08
5.455980775086813810e+04 -3.302536842440000619e-08 9.999999999999999547e-08
5.456898555140357348e+04 2.058282110266591242e-07 9.999999999999999547e-08
5.457816329669527477e+04 6.004763382498167688e-08 9.999999999999999547e-08
5.458734097278437548e+04 1.752673218324895803e-07 9.999999999999999547e-08
5.459651856645441876e+04 2.152038569902563252e-07 9.999999999999999547e-08
5.460569606707159983e+04 2.644845646644962178e-08 9.999999999999999547e-08
5.461487346739251370e+04 1.153393582114486856e-07 9.999999999999999547e-08
5.462405076116595592e+04 -3.536880279290161304e-08 9.999999999999999547e-08
5.463322794452081871e+04 5.061366987231806144e-08 9.999999999999999547e-08
5.464240501707365911e+04 -2.158421870499075301e-08 9.999999999999999547e-08
5.465158198041559081e+04 -2.295561270324093244e-10 9.999999999999999547e-08
5.466075883866369986e+04 6.392841108711933420e-08 9.999999999999999547e-08
5.466993559901460685e+04 1.435633564299992345e-07 9.999999999999999547e-08
5.467911226951374556e+04 2.171222979910313498e-07 9.999999999999999547e-08
5.468828886037797929e+04 5.293872821247429837e-08 9.999999999999999547e-08
5.469746538541834161e+04 1.183046223838824536e-08 9.999999999999999547e-08
5.470664185876305419e+04 1.136080309829797602e-07 9.999999999999999547e-08
5.471581829588641267e+04 -8.920612179051986232e-08 9.999999999999999547e-08
5.472499471373284177e+04 -2.608244687801525331e-08 9.999999999999999547e-08
5.473417112926229311e+04 -6.566291240641906941e-08 9.999999999999999547e-08
5.474334756013424339e+04 -2.033459591234353420e-07 9.999999999999999547e-08
5.475252402520885516e+04 -1.541572027503199563e-07 9.999999999999999547e-08
5.476170054085955053e+04 4.966474158365218343e-08 9.999999999999999547e-08
5.477087712250566983e+04 -4.226960124760445527e-08 9.999999999999999547e-08
5.478005378534336342e+04 -1.630847187268816979e-08 9.999999999999999547e-08
5.478923054186868831e+04 -9.197157773581385400e-08 9.999999999999999547e-08
5.479840740264107444e+04 1.961769957972788858e-08 9.999999999999999547e-08
5.480758437571385730e+04 -2.583668794699860886e-08 9.999999999999999547e-08
5.481676146500111645e+04 -2.221513809956098886e-08 9.999999999999999547e-08
5.482593867182116810e+04 1.610099503446719613e-07 9.999999999999999547e-08
5.483511600702024589e+04 -2.442164272945119347e-07 9.999999999999999547e-08
5.484429344260285143e+04 1.291073850615941800e-09 9.999999999999999547e-08
5.485347098167747026e+04 -2.056727430108229984e-10 9.999999999999999547e-08
5.486264861393075989e+04 6.432559503509476177e-08 9.999999999999999547e-08
5.487182632540621125e+04 -6.653184771709484132e-08 9.999999999999999547e-08
5.488100410139735322e+04 -1.156440463934835254e-07 9.999999999999999547e-08
5.489018192576330330e+04 -1.431417825303365684e-07 9.999999999999999547e-08
5.489935977990901301e+04 1.192517785036426274e-08 9.999999999999999547e-08
5.490853764492956543e+04 -7.032494351460531923e-08 9.999999999999999547e-08
5.491771550289027073e+04 -1.116574676486198222e-08 9.999999999999999547e-08
5.492689333575525961e+04 -1.951292570958993289e-07 9.999999999999999547e-08
5.493607112652767682e+04 -1.507646171255002403e-07 9.999999999999999547e-08
5.494524885972874472e+04 -3.633081786733274773e-08 9.999999999999999547e-08
5.495442652032213664e+04 -1.394726294996778366e-07 9.999999999999999547e-08
5.496360409594252269e+04 2.536699720777354615e-08 9.999999999999999547e-08
5.497278157769762765e+04 5.610749190355774721e-09 9.999999999999999547e-08
5.498195895732397184e+04 9.278771822629890025e-08 9.999999999999999547e-08
5.499113622923896037e+04 -2.053277726116372411e-08 9.999999999999999547e-08
5.500031339079266763e+04 -1.821865183994888032e-08 9.999999999999999547e-08
5.500949044128586684e+04 9.720259993248094425e-08 9.999999999999999547e-08
5.501866738321846788e+04 8.085322394767662555e-08 9.999999999999999547e-08
5.502784422201836423e+04 -7.108544935238856780e-08 9.999999999999999547e-08
5.503702096365650505e+04 -4.427960585347566508e-09 9.999999999999999547e-08
5.504619761701097013e+04 -2.493130048513920552e-08 9.999999999999999547e-08
5.505537419409049471e+04 -6.764606183733450137e-09 9.999999999999999547e-08
5.506455070762030664e+04 1.998701957967812635e-08 9.999999999999999547e-08
5.507372717252800794e+04 1.556262647939430643e-07 9.999999999999999547e-08
5.508290360488154693e+04 -9.944473221878742777e-08 9.999999999999999547e-08
5.509208002057838166e+04 -4.026536000765599250e-08 9.999999999999999547e-08
5.510125643762658001e+04 2.803190301577118570e-08 9.999999999999999547e-08
5.511043287455563404e+04 4.296517972422710830e-08 9.999999999999999547e-08
5.511960934837707464e+04 1.855001249995738268e-07 9.999999999999999547e-08
5.512878587577315193e+04 -6.862355230857441608e-08 9.999999999999999547e-08
5.513796247294186469e+04 4.650848149844332045e-08 9.999999999999999547e-08
5.514713915345892019e+04 4.206159169541042502e-08 9.999999999999999547e-08
5.515631593008466734e+04 1.594289575676813958e-07 9.999999999999999547e-08
5.516549281331323436e+04 9.565803204253698110e-08 9.999999999999999547e-08
5.517466980907338439e+04 -1.683919556374319368e-08 9.999999999999999547e-08
5.518384692165198794e+04 1.338693744026622571e-07 9.999999999999999547e-08
5.519302415243722498e+04 7.452898019834419833e-08 9.999999999999999547e-08
5.520220149887411389e+04 7.286793991508949502e-08 9.999999999999999547e-08
5.521137895571075205e+04 1.297587059372483149e-07 9.999999999999999547e-08
5.522055651472295722e+04 1.728547456125282195e-07 9.999999999999999547e-08
5.522973416362749413e+04 1.821392203019608313e-07 9.999999999999999547e-08
5.523891188926988980e+04 2.657273564548794852e-07 9.999999999999999547e-08
5.524808967680528440e+04 2.394585785579316869e-07 9.999999999999999547e-08
5.525726750837257714e+04 3.225030678188521521e-07 9.999999999999999547e-08
5.526644536611053627e+04 1.774759077793350836e-07 9.999999999999999547e-08
5.527562323158141953e+04 1.182678536960681247e-07 9.999999999999999547e-08
5.528480108585712151e+04 2.182682914620123504e-07 9.999999999999999547e-08
5.529397891175562108e+04 2.372790289170028838e-07 9.999999999999999547e-08
5.530315669269840146e+04 1.713527643045953541e-07 9.999999999999999547e-08
5.531233441228326410e+04 9.117618961585606257e-08 9.999999999999999547e-08
5.532151205681647116e+04 1.866984383494788285e-07 9.999999999999999547e-08
5.533068961499228317e+04 1.822872100376562431e-07 9.999999999999999547e-08
5.533986707672454941e+04 -1.979435537435933585e-08 9.999999999999999547e-08
5.534904443533454469e+04 1.672742675208543321e-07 9.999999999999999547e-08
5.535822168580482685e+04 1.835186220498925127e-07 9.999999999999999547e-08
5.536739882489175943e+04 1.402961313071558517e-07 9.999999999999999547e-08
5.537657585354445473e+04 7.320078049971908218e-08 9.999999999999999547e-08
5.538575277489315340e+04 1.518682852049026651e-07 9.999999999999999547e-08
5.539492959346649150e+04 4.717320051630739239e-10 9.999999999999999547e-08
5.540410631672462478e+04 -1.189505318736226848e-07 9.999999999999999547e-08
5.541328295431687002e+04 -5.298653369559202253e-08 9.999999999999999547e-08
5.542245951736166899e+04 -1.207914988300260305e-08 9.999999999999999547e-08
5.543163602003111737e+04 -2.868808045215110158e-08 9.999999999999999547e-08
5.544081247754600190e+04 6.967140006650203314e-09 9.999999999999999547e-08
5.544998890484540607e+04 -1.550507030484425665e-07 9.999999999999999547e-08
5.545916531948654301e+04 -6.143967031928694554e-08 9.999999999999999547e-08
5.546834173935174476e+04 -1.321427753208337914e-07 9.999999999999999547e-08
5.547751818199059198e+04 -4.256574430381732108e-08 9.999999999999999547e-08
5.548669466536255641e+04 -1.012297152688938904e-07 9.999999999999999547e-08
5.549587120579559269e+04 -1.118010572252430192e-07 9.999999999999999547e-08
5.550504781801769423e+04 -2.231754386128645072e-07 9.999999999999999547e-08
5.551422451679061487e+04 1.904826081411732937e-08 9.999999999999999547e-08
5.552340131442520214e+04 -2.965006826244522371e-08 9.999999999999999547e-08
5.553257821928898193e+04 3.681706229998537849e-08 9.999999999999999547e-08
5.554175523822393734e+04 -7.868238301739183871e-08 9.999999999999999547e-08
5.555093237446961575e+04 -2.381194028630287331e-07 9.999999999999999547e-08
5.556010962828432093e+04 -1.476295685388858819e-07 9.999999999999999547e-08
5.556928699748122017e+04 -5.011332988083077529e-08 9.999999999999999547e-08
5.557846447586377326e+04 -7.647998602964783012e-08 9.999999999999999547e-08
5.558764205332013080e+04 -9.785288831526649694e-08 9.999999999999999547e-08
5.559681971864077786e+04 -9.066551651644162991e-08 9.999999999999999547e-08
5.560599745821982651e+04 -1.343231428858729450e-07 9.999999999999999547e-08
5.561517525568135170e+04 -8.350693564630031039e-08 9.999999999999999547e-08
5.562435309420879639e+04 -2.271583473322451693e-07 9.999999999999999547e-08
5.563353095514191227e+04 -1.628887062128966119e-07 9.999999999999999547e-08
5.564270881924826972e+04 5.725147846141335082e-08 9.999999999999999547e-08
5.565188666948262835e+04 -7.942320414825318044e-08 9.999999999999999547e-08
5.566106448805970285e+04 -1.432757584996083426e-07 9.999999999999999547e-08
5.567024225767462485e+04 -4.588029996851172313e-08 9.999999999999999547e-08
5.567941996329782705e+04 -1.013250852201581762e-07 9.999999999999999547e-08
5.568859759161900001e+04 -2.686211016157474804e-07 9.999999999999999547e-08
5.569777513086287945e+04 -1.355891258238390816e-07 9.999999999999999547e-08
5.570695257287650747e+04 -6.926376877386539046e-08 9.999999999999999547e-08
5.571612991042140493e+04 -6.100213544853533138e-08 9.999999999999999547e-08
5.572530713816865318e+04 -3.401740131368018761e-08 9.999999999999999547e-08
5.573448425526715437e+04 8.393821557873888028e-08 9.999999999999999547e-08
5.574366126242692553e+04 1.923916430146795328e-08 9.999999999999999547e-08
5.575283816252209363e+04 -1.958987434677726219e-08 9.999999999999999547e-08
5.576201496166575089e+04 -2.161863316183832165e-07 9.999999999999999547e-08
5.577119166695605963e+04 -1.440214871751316680e-07 9.999999999999999547e-08
5.578036828820646770e+04 -2.372277565262228449e-07 9.999999999999999547e-08
5.578954483839798195e+04 5.054739075524446131e-08 9.999999999999999547e-08
5.579872133114221651e+04 -6.704188856117199807e-09 9.999999999999999547e-08
5.580789778079186362e+04 -1.254884719288468866e-07 9.999999999999999547e-08
5.581707420436696702e+04 5.023047242662925225e-08 9.999999999999999547e-08
5.582625061867440672e+04 2.670882897490413057e-08 9.999999999999999547e-08
