1.000000000000000000e+00 -4.394027135273615841e+02 8.167927758545348027e+00 -3.382453329721135087e+05 -1.461221063425011328e+13 1.225590827377020969e-06 4.867987864057167768e-01 3.574019051455280122e-02 -9.999039595655607737e-01 -1.104678717828658750e-02 -2.277415965609883841e+01
1.000000000000000000e+00 -4.320081591651300528e+02 1.557896487195568191e+01 -3.413491493785986677e+05 -1.488161099098800781e+13 1.185608059838271490e-06 -1.215069994973766221e+01 -8.866959305750782283e-01 -8.770940876737707281e-01 2.727325068253499407e-01 -3.816745075621926730e+01
1.000000000000000000e+00 -4.139554757401112397e+02 2.261009780275282210e+01 -3.444529740418274887e+05 -1.515347286300679883e+13 1.089918322647870841e-06 -2.170434823709506844e+01 -1.574352875381227923e+00 -5.219056322842867690e-01 4.842516409981337255e-01 -5.024117680308832234e+01
1.000000000000000000e+00 -3.856158833135585837e+02 2.908323080197217791e+01 -3.475568141392861144e+05 -1.542779690715192578e+13 9.476568497764183598e-07 -2.558709764551928245e+01 -1.844904748319289522e+00 -2.841647194770885454e-02 5.674457374829026124e-01 -4.704413738495736652e+01
1.000000000000000000e+00 -3.475604628671513865e+02 3.483025860157898279e+01 -3.506606770356597262e+05 -1.570458381979882812e+13 7.724044729254502292e-07 -2.269262167580953360e+01 -1.626487263515862480e+00 4.726042844828176048e-01 5.002424149783253338e-01 -3.173818796151398658e+01
1.000000000000000000e+00 -3.007389448832319090e+02 3.970033346165725874e+01 -3.537645694380852510e+05 -1.598383426126045898e+13 5.816288888037597715e-07 -1.371071043481228457e+01 -9.769094675688427820e-01 8.483525534514537725e-01 3.004370621164909050e-01 -1.947587618797644993e+01
1.000000000000000000e+00 -2.462858144601636354e+02 4.356345752435559859e+01 -3.568684970538115012e+05 -1.626554882197435352e+13 3.941901059234942624e-07 -9.656317780677937668e-01 -6.839894201274968055e-02 9.992215192215387898e-01 2.098847540838918654e-02 -2.239848164003527131e+01
1.000000000000000000e+00 -1.854906484922632330e+02 4.631307807050426106e+01 -3.599724653198152082e+05 -1.654972808562748242e+13 2.287649228671188834e-07 1.218597562661972411e+01 8.581368319836322200e-01 8.852325114295305220e-01 -2.640284929920826418e-01 -3.761194157213420652e+01
1.000000000000000000e+00 -1.199496036529991869e+02 4.787202906891920406e+01 -3.630764786988306441e+05 -1.683637256279713086e+13 1.024103102306153886e-07 2.224074872897591604e+01 1.557108211361550643e+00 5.366256584577139277e-01 -4.790755572333752488e-01 -5.005528357845292931e+01
1.000000000000000000e+00 -5.134000773546909357e+01 4.819501883871548387e+01 -3.661805397627712227e+05 -1.712548260135632812e+13 2.799640332200158406e-08 2.648244202287192905e+01 1.843381199400573989e+00 4.581030666625640624e-02 -5.671771909605533013e-01 -4.741378260068146488e+01
1.000000000000000000e+00 1.862081864952684285e+01 4.726865095301235442e+01 -3.692846502853219281e+05 -1.741705848204094727e+13 1.304551614103672409e-08 2.371441606331561047e+01 1.641238517235810379e+00 -4.571530512754669040e-01 -5.050051845016274576e-01 -3.230367527095322089e+01
1.000000000000000000e+00 8.804639159153268224e+01 4.511409141636330844e+01 -3.723888108224456664e+05 -1.771110037538252734e+13 5.906094989737976728e-08 1.459433316143177528e+01 1.004291779530094741e+00 -8.390099606700228696e-01 -3.090392118306557467e-01 -1.967725227314751635e+01
1.000000000000000000e+00 1.551268967801815393e+02 4.178712368454321080e+01 -3.754930200968064601e+05 -1.800760827783792969e+13 1.611929238876638387e-07 1.479419569466014384e+00 1.012272598262464185e-01 -9.985857812265086508e-01 -3.119448684208809067e-02 -2.202841848786916756e+01
1.000000000000000000e+00 2.181671974500368378e+02 3.737462860584493995e+01 -3.785972761387624196e+05 -1.830658211486340625e+13 3.088745964503696762e-07 -1.218123862941000901e+01 -8.287851655367576287e-01 -8.935696256002355620e-01 2.549179158829024128e-01 -3.703191220261575012e+01
1.000000000000000000e+00 2.754646201005106150e+02 3.199307891088522737e+01 -3.817015753480804851e+05 -1.860802164668648047e+13 4.865314306075966406e-07 -2.275189240302506732e+01 -1.539310430070306657e+00 -5.517421927501204859e-01 4.734739798219924078e-01 -4.983909221168061521e+01
1.000000000000000000e+00 3.255532211623753369e+02 2.578591961117647813e+01 -3.848059125376041629e+05 -1.891192646613297266e+13 6.757464513477387783e-07 -2.737707097563758296e+01 -1.841905991413894883e+00 -6.366188661436877894e-02 5.665252238559146392e-01 -4.776949216348578631e+01
1.000000000000000000e+00 3.672179184594600088e+02 1.891716851060479598e+01 -3.879102821611119434e+05 -1.921829611399868750e+13 8.573935074335664065e-07 -2.475382868549283444e+01 -1.656182255964862016e+00 4.412980210419583105e-01 5.093770614934957086e-01 -3.286927033107927087e+01
1.000000000000000000e+00 3.993618686116598155e+02 1.156684293292183696e+01 -3.910146778060676297e+05 -1.952713002696153125e+13 1.012756414585169680e-06 -1.549943788337982653e+01 -1.031288782735592546e+00 8.292466476366522343e-01 3.171633386600355986e-01 -1.989339136744863268e+01
1.000000000000000000e+00 4.212298559805878995e+02 3.926887875633615632e+00 -3.941190920889955014e+05 -1.983842752361345312e+13 1.126141196508331201e-06 -2.009304306663904693e+00 -1.329602588295378529e-01 9.973102526158338366e-01 4.084740768203092010e-02 -2.169335649497087104e+01
1.000000000000000000e+00 4.323852551341533399e+02 -3.806221167912160031e+00 -3.972235175122127985e+05 -2.015218788753891797e+13 1.186522574742012435e-06 1.216375922314199087e+01 8.005137481798575427e-01 9.009416741698308417e-01 -2.463016084946530460e-01 -3.648589404140351178e+01
1.000000000000000000e+00 4.325587194776476849e+02 -1.143675332097478758e+01 -4.003279462824044167e+05 -2.046841034830961328e+13 1.187926068011949307e-06 2.324708413387048367e+01 1.521623571793491614e+00 5.657263441380635527e-01 -4.681571030871255479e-01 -4.962239601585781656e+01
1.000000000000000000e+00 4.218457073224355440e+02 -1.877334331208564677e+01 -4.034323703165672487e+05 -2.078709408092466016e+13 1.130895982219724878e-06 2.825324228753403588e+01 1.839321200486123908e+00 8.055905759041287473e-02 -5.659261982792141987e-01 -4.809889370115995177e+01
1.000000000000000000e+00 4.006471631497049088e+02 -2.563568868310217397e+01 -4.065367824818958761e+05 -2.110823833341701562e+13 1.021829045487984696e-06 2.578406059018989538e+01 1.669566759352693275e+00 -4.259587960606988633e-01 -5.137200781716895204e-01 -3.342622715296227653e+01
1.000000000000000000e+00 3.695030131779608951e+02 -3.185850421744965288e+01 -4.096411757790203555e+05 -2.143184234515734766e+13 8.714291456733263792e-07 1.641821208766575069e+01 1.057435903102988295e+00 -8.196062715523479980e-01 -3.253902079971032202e-01 -2.012690243449981153e+01
1.000000000000000000e+00 3.292719834511759132e+02 -3.729323827549973913e+01 -4.127455432904299232e+05 -2.175790534194568359e+13 6.948124020284088405e-07 2.577026084487811897e+00 1.650954525721236577e-01 -9.960812335595274902e-01 -5.084423768737134780e-02 -2.136195883577572019e+01
1.000000000000000000e+00 2.810460930956264747e+02 -4.181344526935750139e+01 -4.158498793235883350e+05 -2.208642665776161328e+13 5.096922879459977798e-07 -1.210013564601967673e+01 -7.710932597313795434e-01 -9.086093523330578403e-01 2.371704675409672669e-01 -3.590959907019344399e+01
1.000000000000000000e+00 2.259780834383176398e+02 -4.531665029222524765e+01 -4.189541789212979493e+05 -2.241740568722259375e+13 3.339902807037338702e-07 -2.371089366177902136e+01 -1.503062714050971804e+00 -5.803421021013343006e-01 4.623254289236348735e-01 -4.937160530023638216e+01
1.000000000000000000e+00 1.654553100830638357e+02 -4.772362736149037232e+01 -4.220584379041900393e+05 -2.275084189308071875e+13 1.847905663387644389e-07 -2.912654344480267810e+01 -1.836718722350940691e+00 -9.825597504896327328e-02 5.649315348369621237e-01 -4.842010647226329922e+01
1.000000000000000000e+00 1.009984336521255983e+02 -4.898263085695284502e+01 -4.251626533962995163e+05 -2.308673486638540625e+13 7.641231490486977014e-08 -2.683590821180569463e+01 -1.683474025605163460e+00 4.098682196453790061e-01 5.177725877095651352e-01 -3.399490471354302201e+01
1.000000000000000000e+00 3.409094479695708202e+01 -4.906945829877948029e+01 -4.282668233098841156e+05 -2.342508427529321094e+13 1.908179370434139506e-08 -1.736781893470245919e+01 -1.083885964543976232e+00 8.093188464165157470e-01 3.333414727868330707e-01 -2.037935536156513905e+01
1.000000000000000000e+00 -3.364485928758701760e+01 -4.798441574711688418e+01 -4.313709462214467931e+05 -2.376588985453226562e+13 1.837991569402271124e-08 -3.172523901196103502e+00 -1.969713444180790918e-01 9.941974824275587874e-01 6.053698022410187313e-02 -2.105628684683669150e+01
1.000000000000000000e+00 -1.005590668912520442e+02 -4.575571456861489850e+01 -4.344750224057544256e+05 -2.410915152279194141e+13 7.435941242448122759e-08 1.201317784274366218e+01 7.420401746801086329e-01 9.155195356824727959e-01 -2.283132658402184656e-01 -3.535414064164053372e+01
1.000000000000000000e+00 -1.651373673207730803e+02 -4.243835194416388390e+01 -4.375790532052610652e+05 -2.445486931897385547e+13 1.817910097687302265e-07 2.415161710311670618e+01 1.484220767224506243e+00 5.941873662495155139e-01 -4.566486350630264424e-01 -4.911652222337707485e+01
1.000000000000000000e+00 -2.258201794639426510e+02 -3.810911037216583708e+01 -4.406830404272112064e+05 -2.480304333855862109e+13 3.306118668637010334e-07 2.997876571347785202e+01 1.832990047440384407e+00 1.154034809275931717e-01 -5.639764186269378143e-01 -4.872289262053001124e+01
1.000000000000000000e+00 -2.811217347781893636e+02 -3.286918733540716886e+01 -4.437869873405441176e+05 -2.515367384845659766e+13 5.067427402097161297e-07 2.788065776363640680e+01 1.696112365653480447e+00 -3.939526447021521327e-01 -5.218864062731919384e-01 -3.456599919175831559e+01
1.000000000000000000e+00 -3.297825153558134730e+02 -2.684221229704040113e+01 -4.468908978876033216e+05 -2.550676120281717188e+13 6.937165210305960214e-07 1.833744155598079573e+01 1.109958279344174681e+00 -7.989477276099420378e-01 -3.415498892657064522e-01 -2.065445669101115911e+01
1.000000000000000000e+00 -3.705833290760066348e+02 -2.016760737571266304e+01 -4.499947767480941257e+05 -2.586230585304958594e+13 8.735311877804285550e-07 3.815107151873003311e+00 2.297745408524105859e-01 -9.923087532248102693e-01 -7.074357686642046561e-02 -2.075123831650238415e+01
1.000000000000000000e+00 -4.024711334972459440e+02 -1.300234866942139078e+01 -4.530986299238882493e+05 -2.622030841842957812e+13 1.028710824865387175e-06 -1.187038278323094254e+01 -7.113739850332273518e-01 -9.228049762611614248e-01 2.187991666635779042e-01 -3.476099393590894948e+01
1.000000000000000000e+00 -4.246965669101459753e+02 -5.517978799766743769e+00 -4.562024637781578931e+05 -2.658076957937004297e+13 1.144637377242100835e-06 -2.455365884964806256e+01 -1.464192854000901267e+00 -6.088184005926594589e-01 4.503701976943466079e-01 -4.882209472833108066e+01
1.000000000000000000e+00 -4.366216702475958868e+02 2.107422781136964129e+00 -4.593062847633547499e+05 -2.694369004693848047e+13 1.209761659058128467e-06 -3.082493167904298303e+01 -1.829125946863913832e+00 -1.335095175665915179e-01 5.625979881491927070e-01 -4.901761066476711193e+01
1.000000000000000000e+00 -4.378487805919982634e+02 9.688385608652431813e+00 -4.624101002761952695e+05 -2.730907066419832812e+13 1.217112836644446531e-06 -2.894739085436860648e+01 -1.709310016887142458e+00 3.771789452727867253e-01 5.257204509249197022e-01 -3.515134839961353919e+01
1.000000000000000000e+00 -4.283368766483443437e+02 1.703637053067271623e+01 -4.655139178943846491e+05 -2.767691231919152344e+13 1.165772249882031443e-06 -1.933933309908796616e+01 -1.136405236008835251e+00 7.878909141142671491e-01 3.494956679484578776e-01 -2.094951049144437505e+01
1.000000000000000000e+00 -4.081981890355896780e+02 2.396888612326234735e+01 -4.686177449508690042e+05 -2.804721589469314844e+13 1.060137302335099174e-06 -4.485442261660163688e+00 -2.622935504102151816e-01 9.897589613661420538e-01 8.062974284191576357e-02 -2.047289133309733700e+01
1.000000000000000000e+00 -3.778226697686727107e+02 3.030897618923444981e+01 -4.717215892079145415e+05 -2.841998234846421094e+13 9.102472338125362694e-07 1.170627485462928163e+01 6.812426835019406157e-01 9.292897244547194679e-01 -2.096101979268966964e-01 -3.419282716384327614e+01
1.000000000000000000e+00 -3.379653821456238916e+02 3.589065856180517500e+01 -4.748254575827393564e+05 -2.879521256038884375e+13 7.310663077608639067e-07 2.493464189673403553e+01 1.444099589195774858e+00 6.225403350658543777e-01 -4.443039525841959714e-01 -4.852703789994193784e+01
1.000000000000000000e+00 -2.895243892661432596e+02 4.056847301488570423e+01 -4.779293563994547585e+05 -2.917290735988180469e+13 5.399860688866460152e-07 3.164898275356380353e+01 1.824209111666277527e+00 1.508283918920310107e-01 -5.612728747675752583e-01 -4.928956181416505444e+01
1.000000000000000000e+00 -2.336519003171244151e+02 4.421597158834401142e+01 -4.810332918594383518e+05 -2.955306758133401562e+13 3.559752529727580713e-07 3.000106922592654257e+01 1.721005807506941210e+00 -3.608514638487378967e-01 -5.295442986659700813e-01 -3.572823764098214383e+01
1.000000000000000000e+00 -1.718076947055666892e+02 4.673111803012347565e+01 -4.841372690260256059e+05 -2.993569393806726562e+13 1.979077641434743501e-07 2.035109066492017860e+01 1.161913545408550741e+00 -7.769472797108387674e-01 -3.575350564420538557e-01 -2.126213571234122313e+01
1.000000000000000000e+00 -1.055138007844060866e+02 4.804499389265156850e+01 -4.872412916220205952e+05 -3.032078699262158203e+13 8.183600780308619586e-08 5.191381079593493375e+00 2.949981202504184385e-01 -9.872303656778339542e-01 -9.081053809252809250e-02 -2.020386798645005655e+01
1.000000000000000000e+00 -3.644938997149017013e+01 4.811746072432657684e+01 -4.903453625290757627e+05 -3.070834721398957031e+13 1.966992951734009699e-08 -1.149580187042202084e+01 -6.501827146041735395e-01 -9.359677024567958359e-01 1.999748534777958942e-01 -3.360167234527712310e+01
1.000000000000000000e+00 3.352541578600860106e+01 4.694064804957083226e+01 -4.934494831794280326e+05 -3.109837489761362109e+13 1.782493474476556867e-08 -2.528202865910225228e+01 -1.423237525928575886e+00 -6.366947303780514655e-01 4.377733358554908305e-01 -4.819839560191150696e+01
1.000000000000000000e+00 1.026317826683192749e+02 4.454531570540549268e+01 -4.965536534411010798e+05 -3.149087014507918359e+13 7.646772352577551344e-08 -3.246662850317951410e+01 -1.819203968338810373e+00 -1.686739301280638648e-01 5.595480055635740912e-01 -4.954465622902934996e+01
1.000000000000000000e+00 1.690836627194731250e+02 4.099241899964690106e+01 -4.996578724788125255e+05 -3.188583296779163672e+13 1.896076999357691308e-07 -3.107088434537426380e+01 -1.732949415060245801e+00 3.440638849756917916e-01 5.329927620700498636e-01 -3.630430862173557216e+01
1.000000000000000000e+00 2.310775984632041968e+02 3.637334168804304824e+01 -5.027621376200548839e+05 -3.228326313856582422e+13 3.453228430273575901e-07 -2.138454834782776359e+01 -1.187215805775639010e+00 7.655845968578746108e-01 3.651243246341302484e-01 -2.158644061603624564e+01
1.000000000000000000e+00 2.870537408090688700e+02 3.081326631659732840e+01 -5.058664446706588496e+05 -3.268316022511782422e+13 5.275075501569192028e-07 -5.911768401470609113e+00 -3.267032702366298169e-01 9.841175572207772060e-01 1.004417319972909506e-01 -1.996669246526312591e+01
1.000000000000000000e+00 3.355935245353761047e+02 2.445894047817265715e+01 -5.089707889493874391e+05 -3.308552371853862500e+13 7.175224026283573764e-07 1.127666406525922760e+01 6.203435628903680721e-01 9.417267186865335704e-01 -1.908760478909537761e-01 -3.304895546106268256e+01
1.000000000000000000e+00 3.754034246849746523e+02 1.747613594440123563e+01 -5.120751644562821020e+05 -3.349035292258012500e+13 8.957411647734168767e-07 2.561645884334427592e+01 1.402798538419378183e+00 6.496775523842865940e-01 -4.315964393376751085e-01 -4.787828494946538882e+01
1.000000000000000000e+00 4.055548563553932127e+02 1.005088968926025572e+01 -5.151795643479485298e+05 -3.389764701097163281e+13 1.044278035802508604e-06 3.326327903284866494e+01 1.813321341946299237e+00 1.854192216765329637e-01 -5.579211664900680656e-01 -4.977396746932382854e+01
1.000000000000000000e+00 4.253502669108424925e+02 2.375229829083818078e+00 -5.182839816138573806e+05 -3.430740511360966016e+13 1.148227775783676929e-06 3.212248643194198650e+01 1.743256225536339965e+00 -3.279841925181994355e-01 -5.363889411858020484e-01 -3.686207684001733043e+01
1.000000000000000000e+00 4.342902390569117870e+02 -5.355974650661200265e+00 -5.213884084610964055e+05 -3.471962623395532812e+13 1.197016143714493406e-06 2.242015855595957419e+01 1.211272577827819941e+00 -7.544801295586877066e-01 -3.727213977756259622e-01 -2.192311136671645144e+01
1.000000000000000000e+00 4.322831608247554982e+02 -1.294414410562336037e+01 -5.244928367672098102e+05 -3.513430930660088672e+13 1.186563564162161880e-06 6.662015666251464907e+00 3.583180581933126940e-01 -9.810574153424427291e-01 -1.102919085591354403e-01 -1.974127439849428711e+01
1.000000000000000000e+00 4.194753160554157603e+02 -2.020133691026608247e+01 -5.275972591897199163e+05 -3.555145334549035156e+13 1.118545612747929495e-06 -1.101246625893199216e+01 -5.896796089842657462e-01 -9.476629026420317903e-01 1.813620640759479596e-01 -3.247639465350180643e+01
1.000000000000000000e+00 3.962044087192122106e+02 -2.695169768742741923e+01 -5.307016682899931911e+05 -3.597105732824300781e+13 9.997453881055424636e-07 -2.591516374270874223e+01 -1.381536967930023563e+00 -6.631144406445826922e-01 4.249470653414186283e-01 -4.752434973160777076e+01
1.000000000000000000e+00 3.631831490093744605e+02 -3.302945689913198635e+01 -5.338060568278133869e+05 -3.639312023593846875e+13 8.424087362090572653e-07 -3.405143200565249373e+01 -1.807296706949181431e+00 -2.027979483440189301e-01 5.558873129379797717e-01 -4.998728783536591891e+01
1.000000000000000000e+00 3.213012998458742118e+02 -3.829234201419687622e+01 -5.369104186463570222e+05 -3.681764117527467969e+13 6.622326561070299923e-07 -3.319156538202036444e+01 -1.753944125420280331e+00 3.112761487099162117e-01 5.394516638498128014e-01 -3.742403597779175328e+01
1.000000000000000000e+00 2.715759632128477961e+02 -4.262014045922892791e+01 -5.400147478696455946e+05 -3.724461927216103125e+13 4.767966476388725833e-07 -2.348343680758527796e+01 -1.235526220327517910e+00 7.428102802769280810e-01 3.799840086861602240e-01 -2.227450565331655596e+01
1.000000000000000000e+00 2.153191075257195450e+02 -4.591091187369738691e+01 -5.431190395830492489e+05 -3.767405376724005469e+13 3.044238165474584052e-07 -7.435942277558518221e+00 -3.895263935926165932e-01 9.773843396810282247e-01 1.197656083819930717e-01 -1.954198881005288513e+01
1.000000000000000000e+00 1.539234238231026382e+02 -4.809346602149635430e+01 -5.462232902976387413e+05 -3.810594408448816406e+13 1.616083917991757073e-07 1.072985710843996010e+01 5.596462498740073510e-01 9.528247290572342543e-01 -1.722041526167227554e-01 -3.193158392979710314e+01
1.000000000000000000e+00 8.881839522222351491e+01 -4.912306028257572876e+01 -5.493274969386101002e+05 -3.854028969492625781e+13 6.180548222573789821e-08 2.619337257485502235e+01 1.360310340908717608e+00 6.756862823414832020e-01 -4.185238569761777216e-01 -4.717420021617215298e+01
1.000000000000000000e+00 2.162999202962328127e+01 -4.897588622406665593e+01 -5.524316574016989907e+05 -3.897709019677810156e+13 1.462756174074605135e-08 3.481531004819930786e+01 1.800328834645754883e+00 2.194732985541629211e-01 -5.539219311739274065e-01 -5.018135233612330381e+01
1.000000000000000000e+00 -4.604061587561300684e+01 -4.766092144422067634e+01 -5.555357711318623042e+05 -3.941634540143550781e+13 2.449986936987167573e-08 3.424477262131070887e+01 1.763270131065550084e+00 -2.948912394197313325e-01 -5.425453930551121795e-01 -3.797999661289152584e+01
1.000000000000000000e+00 -1.126508852689919422e+02 -4.521335767547942908e+01 -5.586398382890382782e+05 -3.985805522055719531e+13 9.046989903202628235e-08 2.455729754298913647e+01 1.259087940265648520e+00 -7.311256318354957262e-01 -3.874327503593066324e-01 -2.264592706673727562e+01
1.000000000000000000e+00 -1.765610833785647742e+02 -4.168773302368653333e+01 -5.617438600869865622e+05 -4.030221971752322656e+13 2.062368385660169196e-07 8.253121267184907239e+00 4.213592308256287611e-01 -9.736720295238976419e-01 -1.296875953136206461e-01 -1.935105193708481863e+01
1.000000000000000000e+00 -2.362580034412750365e+02 -3.716919368361862297e+01 -5.648478392056101002e+05 -4.074883917110364062e+13 3.608820712221728060e-07 -1.038705743186757502e+01 -5.280723292745534980e-01 -9.582731766744426727e-01 1.624094206207962743e-01 -3.135542071021145460e+01
1.000000000000000000e+00 -2.903774087697306641e+02 -3.176518217224316842e+01 -5.679517786214411026e+05 -4.119791391160275000e+13 5.399989500652188048e-07 -2.642358065247610455e+01 -1.337725080755682194e+00 -6.889851304413416866e-01 4.114711975185993409e-01 -4.678121858518702680e+01
1.000000000000000000e+00 -3.375506669527745203e+02 -2.559758074701467478e+01 -5.710556823247021530e+05 -4.164944442663122656e+13 7.263100190267756242e-07 -3.556514367814640565e+01 -1.793006050846696287e+00 -2.371300910831685704e-01 5.514935144804506972e-01 -5.036117911127590929e+01
1.000000000000000000e+00 -3.766286373300101218e+02 -1.881312667419127393e+01 -5.741595557905841852e+05 -4.210343143424252344e+13 9.019021187849444293e-07 -3.531759822363731161e+01 -1.773119198026445797e+00 2.775641096230681004e-01 5.453509748984938232e-01 -3.854928788780881632e+01
1.000000000000000000e+00 -4.066910310293347379e+02 -1.157347309195503193e+01 -5.772634046839163639e+05 -4.255987569781750781e+13 1.050167601288797808e-06 -2.566613029714028826e+01 -1.283229330661866285e+00 7.186807550379203935e-01 3.946569449855570899e-01 -2.303780484840745757e+01
1.000000000000000000e+00 -4.268934691466975551e+02 -4.046613788694981118e+00 -5.803672353269697633e+05 -4.301877809616642188e+13 1.156458503162716925e-06 -9.102126183123059988e+00 -4.532014716160585599e-01 9.692933954845115441e-01 1.393514588037977342e-01 -1.918415400592715869e+01
1.000000000000000000e+00 -4.366888995229567172e+02 3.583760409337430897e+00 -5.834710548178545432e+05 -4.348013964378042969e+13 1.210229725323234986e-06 1.002017109593812627e+01 4.968617580678920675e-01 9.629888670216010249e-01 -1.528903674528255263e-01 -3.080304059207576017e+01
1.000000000000000000e+00 -4.358189601148963561e+02 1.113004108342411413e+01 -5.865748702385715442e+05 -4.394396137524749219e+13 1.206019343354157758e-06 2.663055833604733280e+01 1.315103746303133647e+00 7.014726881204139675e-01 -4.046150877513657318e-01 -4.639148272493498837e+01
1.000000000000000000e+00 -4.241564670995811639e+02 1.840969374823492544e+01 -5.896786890082616592e+05 -4.441024439839662500e+13 1.143348311721860687e-06 3.628891134369278149e+01 1.784761794509334809e+00 2.540831119933442128e-01 -5.491305773693970771e-01 -5.052161893336584342e+01
1.000000000000000000e+00 -4.019191258145249321e+02 2.523669257735272353e+01 -5.927825191441929201e+05 -4.487898993515246875e+13 1.028121667360418749e-06 3.637128965495247002e+01 1.781553239754016804e+00 -2.606244606084041626e-01 -5.481692120984937855e-01 -3.910909951461936629e+01
1.000000000000000000e+00 -3.696344713877657568e+02 3.143513506928998069e+01 -5.958863677424787311e+05 -4.535019909265528906e+13 8.717648688474134724e-07 2.677992381352919082e+01 1.306442707719098317e+00 -7.062999020098043035e-01 -4.020023348204733726e-01 -2.344704858480257315e+01
1.000000000000000000e+00 -3.279701012722143219e+02 3.684805208311922797e+01 -5.989902415912725264e+05 -4.582387295343075781e+13 6.892067144192215998e-07 9.987472739455139248e+00 4.852713459560430431e-01 -9.648927887361322675e-01 -1.493513194843599790e-01 -1.903022106145378345e+01
1.000000000000000000e+00 -2.779323998077065880e+02 4.132853535954951951e+01 -6.020941474377691047e+05 -4.630001261523332031e+13 4.985522133622445006e-07 -9.599254773747425418e+00 -4.645383683599481617e-01 -9.678882993038553373e-01 1.428638847872836237e-01 -3.022904865038319855e+01
1.000000000000000000e+00 -2.207969456738028668e+02 4.475434411023077530e+01 -6.051980908736267593e+05 -4.677861901858246875e+13 3.191106132030841465e-07 -2.679311097261354746e+01 -1.291425053306206827e+00 -7.144524428593156395e-01 3.972298157492644144e-01 -4.596401797811466849e+01
1.000000000000000000e+00 -1.579208176031401365e+02 4.703538360329537937e+01 -6.083020767478762427e+05 -4.725969300634102344e+13 1.689748815101769516e-07 -3.699836681784466208e+01 -1.776223105202561880e+00 -2.716901660281006992e-01 5.463331067073055047e-01 -5.066201344532728967e+01
1.000000000000000000e+00 -9.092204293898832645e+01 4.810271347472369285e+01 -6.114061090040727286e+05 -4.774323529533889844e+13 6.367973970307595700e-08 -3.743955964140230463e+01 -1.790281966562470073e+00 2.430861868762292932e-01 5.506314285806276354e-01 -3.966939718893097222e+01
1.000000000000000000e+00 -2.157526759971032249e+01 4.792244051552147965e+01 -6.145101898084094282e+05 -4.822924633592552344e+13 1.410556192249214930e-08 -2.791837898988089606e+01 -1.329729915070516189e+00 6.934264424497841306e-01 4.089600595851626830e-01 -2.386753188685871763e+01
1.000000000000000000e+00 4.838992731763174504e+01 4.650033090889211707e+01 -6.176143202641675016e+05 -4.871772641763629688e+13 2.535067536113466307e-08 -1.088989973239396569e+01 -5.166380581809872918e-01 9.599330923590003728e-01 1.588638784556285211e-01 -1.890354346388238937e+01
1.000000000000000000e+00 1.171233549862923979e+02 4.386711625934395897e+01 -6.207185044772003312e+05 -4.920867630957722656e+13 9.639770939783621201e-08 9.170345576555275713e+00 4.333553601026887692e-01 9.719513376099886415e-01 -1.333546821346007771e-01 -2.969308094699082545e+01
1.000000000000000000e+00 1.827797454403446693e+02 4.009009135631195164e+01 -6.238227330158490222e+05 -4.970209463671894531e+13 2.198491450374513189e-07 2.694483784887721711e+01 1.268342769009534132e+00 7.263152002017397857e-01 -3.902282786072249765e-01 -4.555219629891143285e+01
1.000000000000000000e+00 2.437183589849310579e+02 3.527379639085583563e+01 -6.269270067872247892e+05 -5.019798164976760938e+13 3.830118419593644394e-07 3.768575650037870872e+01 1.767044459092398823e+00 2.881639390401562473e-01 -5.436776977361044150e-01 -5.078084679925387235e+01
1.000000000000000000e+00 2.983343076574032580e+02 2.954158453056746225e+01 -6.300313218990510795e+05 -5.069633682992950000e+13 5.690039221635231110e-07 3.848266199796376696e+01 1.797426151220155033e+00 -2.263618017883513023e-01 -5.530514140896595210e-01 -4.020578054602962226e+01
1.000000000000000000e+00 3.451842776496565079e+02 2.304472976923870320e+01 -6.331356728795522358e+05 -5.119715939062101562e+13 7.586263165352250725e-07 2.904846172028788232e+01 1.351547417946329821e+00 -6.809148554565589428e-01 -4.158795816098597720e-01 -2.429455369853869229e+01
1.000000000000000000e+00 3.831619714971326971e+02 1.595959544507474526e+01 -6.362400537329812068e+05 -5.170044844274887500e+13 9.328869939811667905e-07 1.181372370296914021e+01 5.475497649160991909e-01 -9.550526682682166646e-01 -1.685124748841047848e-01 -1.879317909222402605e+01
1.000000000000000000e+00 4.113097043747648627e+02 8.467162056848877683e+00 -6.393444579401455121e+05 -5.220620299271798438e+13 1.073998752336997069e-06 -8.698500133346854568e+00 -4.016207992331022880e-01 -9.761209374227935998e-01 1.235078075155964239e-01 -2.914655931459205362e+01
1.000000000000000000e+00 4.289272785800940824e+02 7.612674910779977377e-01 -6.424488777857992100e+05 -5.271442182997758594e+13 1.167564153907402611e-06 -2.705709950006357545e+01 -1.244498693046421023e+00 -7.385008816302274237e-01 3.827955857677932117e-01 -4.510874910316174891e+01
1.000000000000000000e+00 4.357117909295843106e+02 -6.956153122032340264e+00 -6.455533054535696283e+05 -5.322510370282946094e+13 1.204908185919997042e-06 -3.835892011557181291e+01 -1.757629241130553854e+00 -3.051311005547025501e-01 5.406155911441916651e-01 -5.087782204928538476e+01
1.000000000000000000e+00 4.315417021690661841e+02 -1.449527355267156636e+01 -6.486577333675918635e+05 -5.373824737463233594e+13 1.182706421875049218e-06 -3.953869384943504883e+01 -1.804833603485101134e+00 2.091301769814850608e-01 5.551087769558096241e-01 -4.073897275884587543e+01
1.000000000000000000e+00 4.165670884300523085e+02 -2.166874923824952148e+01 -6.517621537605201593e+05 -5.425385155283640625e+13 1.103465091121466643e-06 -3.020253316292047074e+01 -1.373467515210473833e+00 6.679363641502890081e-01 4.224133762373362133e-01 -2.473077149830908184e+01
1.000000000000000000e+00 3.913162780569062420e+02 -2.829672626692534720e+01 -6.548665592938152840e+05 -5.477191499198380469e+13 9.757054990612880991e-07 -1.275599572653122848e+01 -5.779040470850036471e-01 9.496256822616149229e-01 1.777085832394135478e-01 -1.870755432464241252e+01
1.000000000000000000e+00 3.564568319570104222e+02 -3.422536552571823165e+01 -6.579709432461296674e+05 -5.529243652707062500e+13 8.120537441946439870e-07 8.215643980970643412e+00 3.708134377281070426e-01 9.795169736588780207e-01 -1.141158491082167187e-01 -2.863418248679291267e+01
1.000000000000000000e+00 3.128764776130068981e+02 -3.931440631050119094e+01 -6.610752989867946599e+05 -5.581541498708625781e+13 6.286762664594746067e-07 2.715502392789483821e+01 1.221075775942163766e+00 7.497213018929103079e-01 -3.756859768716767078e-01 -4.467924477506377201e+01
1.000000000000000000e+00 2.617670590704393021e+02 -4.344151015786363956e+01 -6.641796209903626004e+05 -5.634084936749582812e+13 4.439445051619600848e-07 3.900765698354891242e+01 1.747539143774289538e+00 3.212011774584513923e-01 -5.376748008595969575e-01 -5.095719004509309968e+01
1.000000000000000000e+00 2.043722827788305381e+02 -4.651887956283235326e+01 -6.672839050568320090e+05 -5.686873887215969531e+13 2.755678802987826246e-07 4.057050432494349934e+01 1.810831669996084914e+00 -1.924389305112268467e-01 -5.571744212903586568e-01 -4.125663080860615395e+01
1.000000000000000000e+00 1.420704932326564744e+02 -4.847776933342416328e+01 -6.703881472325486830e+05 -5.739908273380253125e+13 1.395340097234280665e-07 3.135464077491688073e+01 1.394331681686108215e+00 -6.550860172783251612e-01 -4.290428308099626387e-01 -2.518035240258432594e+01
1.000000000000000000e+00 7.644565545456836730e+01 -4.927195640340253391e+01 -6.734923447661279934e+05 -5.793188037944191406e+13 4.889365491111766985e-08 1.373224876978746778e+01 6.084269464958582674e-01 -9.441694547349636091e-01 -1.872425699414863032e-01 -1.863670170601357867e+01
1.000000000000000000e+00 9.030526865381633073e+00 -4.889286132427929488e+01 -6.765964960995223373e+05 -5.846713143361140625e+13 1.213495176961032264e-08 -7.673361031124475318e+00 -3.387355673595330297e-01 -9.830997049747611793e-01 1.041615189195686103e-01 -2.810052857358580525e+01
1.000000000000000000e+00 -5.860202286137775474e+01 -4.735153681432117168e+01 -6.797006004629679956e+05 -5.900483565276646875e+13 3.269754034177336547e-08 -2.719816474672604301e+01 -1.196269399736990868e+00 -7.615431234957423801e-01 3.679603910547886714e-01 -4.420722675414685199e+01
1.000000000000000000e+00 -1.247762343619081946e+02 -4.468148383995418982e+01 -6.828046584139638580e+05 -5.954499302241467188e+13 1.084919014888320456e-07 -3.963387874664925903e+01 -1.736904692822409890e+00 -3.381802254209874681e-01 5.342426413308763999e-01 -5.101520837429155364e+01
1.000000000000000000e+00 -1.879693871753820531e+02 -4.095251034577439952e+01 -6.859086717597993556e+05 -6.008760374880397656e+13 2.323220627957977447e-07 -4.161735090027124784e+01 -1.817228807268971513e+00 1.748067067095085969e-01 5.589229122676164785e-01 -4.178312486454703389e+01
1.000000000000000000e+00 -2.467096382433087456e+02 -3.625078343489963117e+01 -6.890126426357965684e+05 -6.063266810164910156e+13 3.926092847739856893e-07 -3.254211365743544349e+01 -1.415834248228629022e+00 6.414473220226557526e-01 4.354451026178515205e-01 -2.564950134717858887e+01
1.000000000000000000e+00 -2.995204653741822654e+02 -3.068135726489014203e+01 -6.921165744481972652e+05 -6.118018658212615625e+13 5.739283271636731004e-07 -1.474271221595858705e+01 -6.391181978184592438e-01 9.380418321210191035e-01 1.965372895187724733e-01 -1.858853379760853031e+01
1.000000000000000000e+00 -3.451720498224042899e+02 -2.438052357935369585e+01 -6.952204718995728763e+05 -6.173015993242307031e+13 7.590242490095160291e-07 7.105593876670477371e+00 3.069353701816467384e-01 9.859829063328561238e-01 -9.446615722019061079e-02 -2.759084225032522042e+01
1.000000000000000000e+00 -3.825674660032124166e+02 -1.749421183062549545e+01 -6.983243399653984234e+05 -6.228258895832227344e+13 9.302337218944516886e-07 2.721733430735094572e+01 1.171495118768267174e+00 7.726002034323614653e-01 -3.604320405834181007e-01 -4.374272210321379362e+01
1.000000000000000000e+00 -4.106936571006912686e+02 -1.018059217921478776e+01 -7.014281847021653084e+05 -6.283747467507171094e+13 1.070763291686229368e-06 4.023119269274357634e+01 1.725486947848136499e+00 3.544872539588698190e-01 -5.308883387215010963e-01 -5.105701746686477094e+01
1.000000000000000000e+00 -4.288641369703518080e+02 -2.620446018681161782e+00 -7.045320127577373059e+05 -6.339481822355210938e+13 1.167155990761622846e-06 4.263892270016778241e+01 1.822276867503744846e+00 -1.575432849546128944e-01 -5.606941906756778282e-01 -4.229816684794794668e+01
1.000000000000000000e+00 -4.365909142632579005e+02 5.006108173922728000e+00 -7.076358307403831277e+05 -6.395462075856999219e+13 1.209791227640125760e-06 3.372816006211049711e+01 1.436367625579904939e+00 -6.278428477535920038e-01 -4.419757650035752161e-01 -2.613464372770565092e+01
1.000000000000000000e+00 -4.335383154582284533e+02 1.251657096502603750e+01 -7.107396461765056010e+05 -6.451688362257475781e+13 1.193580474015019797e-06 1.578836516302315118e+01 6.700085550843534188e-01 -9.318433503555626496e-01 -2.061894464032748564e-01 -1.855735976630765549e+01
1.000000000000000000e+00 -4.197507713256516126e+02 1.971781746299970806e+01 -7.138434668837347999e+05 -6.508160823498712500e+13 1.119943685190571860e-06 -6.476760984198142168e+00 -2.738902994314001971e-01 -9.890155763858669014e-01 8.421207635758408416e-02 -2.706265873536309030e+01
1.000000000000000000e+00 -3.955044329426206104e+02 2.643100196145278957e+01 -7.169473001114481594e+05 -6.564879593595349219e+13 9.959462500090549115e-07 -2.717978899535504311e+01 -1.145369943197226847e+00 -7.841842194158745727e-01 3.523036641022389559e-01 -4.323668106321663629e+01
1.000000000000000000e+00 -3.612560966024082632e+02 3.248752565540819148e+01 -7.200511531456286320e+05 -6.621844809534319531e+13 8.332696467198071520e-07 -4.080371665686761418e+01 -1.713506004263172233e+00 -3.715740731020846233e-01 5.270471229470733432e-01 -5.107407494008217697e+01
1.000000000000000000e+00 -3.178484609957576481e+02 3.772222965569206821e+01 -7.231550330795072950e+05 -6.679056607052710938e+13 6.480736440132915244e-07 -4.367204878238576526e+01 -1.827599056274530342e+00 1.395091400129620518e-01 5.621143011119394961e-01 -4.281492546676667388e+01
1.000000000000000000e+00 -2.663339207848422916e+02 4.199920760612929627e+01 -7.262589459615942324e+05 -6.736515104756274219e+13 4.587516553551031279e-07 -3.494315504997059207e+01 -1.457256936543092518e+00 6.136159017964973872e-01 4.481865355057832456e-01 -2.663298738667818810e+01
1.000000000000000000e+00 -2.079101393837293301e+02 4.520583804626063795e+01 -7.293628975360492477e+05 -6.794220417498842969e+13 2.842223406157071424e-07 -1.685758188955102099e+01 -7.006015900002958707e-01 9.250652705362958361e-01 2.154487647368379943e-01 -1.854962587645966465e+01
1.000000000000000000e+00 -1.440981999947900363e+02 4.724577891643367877e+01 -7.324668926609032787e+05 -6.852172645376752344e+13 1.425754343902452351e-07 5.836247693560618899e+00 2.417221842799177900e-01 9.912947832420153649e-01 -7.440592516533688083e-02 -2.656868519761419023e+01
1.000000000000000000e+00 -7.653583119534465595e+01 4.806401843169000898e+01 -7.355709343430183362e+05 -6.910371855245317969e+13 4.838334530697586202e-08 2.713102268700421504e+01 1.119852970698687722e+00 7.947660054594321011e-01 -3.445440668069280621e-01 -4.275007937480506826e+01
1.000000000000000000e+00 -6.898323275557186385e+00 4.763770637577020040e+01 -7.386750249575950438e+05 -6.968818102995200000e+13 1.132235537586228528e-08 4.135329546608267748e+01 1.701069550472414038e+00 3.875964141902264459e-01 -5.233742414630464523e-01 -5.107542121666383395e+01
1.000000000000000000e+00 6.294554334604956836e+01 4.596704498100080372e+01 -7.417791656195061514e+05 -7.027511421390213281e+13 3.539736577192161556e-08 4.467510856470362057e+01 1.831469495252560531e+00 -1.222908221487917779e-01 -5.635208356697913867e-01 -4.330655980435560082e+01
1.000000000000000000e+00 1.311620875838336246e+02 4.309770813565266678e+01 -7.448833556649576640e+05 -7.086451809705239062e+13 1.182073850632522263e-07 3.614166044532070998e+01 1.476621847016096778e+00 -5.997867029745507228e-01 -4.543604352136759172e-01 -2.713345862202355008e+01
1.000000000000000000e+00 1.960342712077915905e+02 3.910749917698235834e+01 -7.479875934727842687e+05 -7.145639248712996875e+13 2.513381001885367914e-07 1.794161984974015667e+01 7.305583516999663019e-01 -9.183808316710844188e-01 -2.248189057328835450e-01 -1.856014670956073331e+01
1.000000000000000000e+00 2.558120297093032320e+02 3.409434717441401119e+01 -7.510918760306953918e+05 -7.205073691982617188e+13 4.209229756372152946e-07 -5.153561824260908253e+00 -2.091403087459614840e-01 -9.936484171049115854e-01 6.429179073214670581e-02 -2.607075552616450054e+01
1.000000000000000000e+00 3.089434296801379674e+02 2.819544768218663933e+01 -7.541961986325631151e+05 -7.264755059496359375e+13 6.094841787981925417e-07 -2.703777892644992420e+01 -1.093561357049306570e+00 -8.056084427769223399e-01 3.363670916180689918e-01 -4.223392947094613703e+01
1.000000000000000000e+00 3.541371781132327214e+02 2.156985582101075138e+01 -7.573005560868348693e+05 -7.324683260353771875e+13 7.980588822475894858e-07 -4.188195858305014241e+01 -1.688285445380819150e+00 -4.040476464418721325e-01 5.192911116196935462e-01 -5.105086479611108530e+01
1.000000000000000000e+00 3.902005710600620887e+02 1.438479609000253845e+01 -7.604049423838090152e+05 -7.384858186116506250e+13 9.672454156243940692e-07 -4.568656921409395721e+01 -1.835519590339221185e+00 1.046252495401703841e-01 5.645522245050853538e-01 -4.378970059530018233e+01
1.000000000000000000e+00 4.162548165411503192e+02 6.832745335727222979e+00 -7.635093502222216921e+05 -7.445279701251010938e+13 1.099852120357891967e-06 -3.736164593610796913e+01 -1.496073281435028823e+00 5.855577778948839462e-01 4.601263644415410359e-01 -2.763819987580522053e+01
1.000000000000000000e+00 4.317614091975806900e+02 -8.887534327289073888e-01 -7.666137722522527911e+05 -7.505947666957060938e+13 1.182994915443200906e-06 -1.904020735204339587e+01 -7.599057049745105985e-01 9.112209509482736003e-01 2.336898868745288793e-01 -1.859203126634134051e+01
1.000000000000000000e+00 4.363385714936519548e+02 -8.590040472857833009e+00 -7.697182007723196875e+05 -7.566861935187000000e+13 1.208465261263222935e-06 4.467325768506690054e+00 1.777057857904938143e-01 9.952623279199314110e-01 -5.471398614252986209e-02 -2.561059771929000206e+01
1.000000000000000000e+00 4.299543601681845075e+02 -1.607211805122967974e+01 -7.728226277358474908e+05 -7.628022348639904688e+13 1.174292322382480078e-06 2.693861634101994085e+01 1.068070360430629862e+00 8.154241634236815139e-01 -3.286130712825421907e-01 -4.174216648165563726e+01
1.000000000000000000e+00 4.129140899590355502e+02 -2.314800761015511910e+01 -7.759270457926054951e+05 -7.689428761264071875e+13 1.084608688539213684e-06 4.238937337905576186e+01 1.675162342847344554e+00 4.194242088026393644e-01 -5.154019019791701295e-01 -5.101370372325337854e+01
1.000000000000000000e+00 3.856592867480736686e+02 -2.965299054054164074e+01 -7.790314477457833709e+05 -7.751081027729310938e+13 9.481960768255236443e-07 4.666738113429333623e+01 1.838202393867396811e+00 -8.774035244965144864e-02 -5.655906755009233455e-01 -4.424913689832919772e+01
1.000000000000000000e+00 3.489444108485709535e+02 -3.542556519577630780e+01 -7.821358264675408136e+05 -7.812979001800615625e+13 7.787894452838496338e-07 3.856564980748204619e+01 1.514137032794051985e+00 -5.716539449075435098e-01 -4.659023116474814707e-01 -2.814643742192997067e+01
1.000000000000000000e+00 3.037943601408603627e+02 -4.032891124877964728e+01 -7.852401758954145480e+05 -7.875122556351335938e+13 5.935053617765620086e-07 2.015876939430571824e+01 7.888924266020850284e-01 -9.040957332989359996e-01 -2.427666814678575979e-01 -1.864195537112882661e+01
1.000000000000000000e+00 2.512964251972066734e+02 -4.425775748763593498e+01 -7.883444909084234387e+05 -7.937511581290742188e+13 4.102213518461049239e-07 -3.728177484368268235e+00 -1.454267084771218299e-01 -9.969813505016111854e-01 4.469020567038099745e-02 -2.514107623025760674e+01
1.000000000000000000e+00 1.927705556162735832e+02 -4.711710974925067319e+01 -7.914487667794160079e+05 -8.000145972865740625e+13 2.466245572906342435e-07 -2.678190900523945217e+01 -1.041327905203455195e+00 -8.256809630684917023e-01 3.202996388934806204e-01 -4.121258751121461472e+01
1.000000000000000000e+00 1.297087871793592342e+02 -4.884340064651460978e+01 -7.945530002897526138e+05 -8.063025656440393750e+13 1.183859270158526438e-07 -4.286670385164106989e+01 -1.661379993273817135e+00 -4.355605327381572578e-01 5.110167312864399847e-01 -5.094913266393275819e+01
1.000000000000000000e+00 6.356922519791487503e+01 -4.940826187446757700e+01 -7.976571888963193633e+05 -8.126150570121881250e+13 3.750953398366921146e-08 -4.765694957351490046e+01 -1.841121864143936637e+00 7.000320598171699826e-02 5.662771163335131863e-01 -4.471000505095872057e+01
1.000000000000000000e+00 -4.053035842269073541e+00 -4.879560849311661741e+01 -8.007613307844763622e+05 -8.189520666111396875e+13 1.167554793276293953e-08 -3.980256601929748683e+01 -1.532777961748202022e+00 5.569992003556047955e-01 4.714167520020426938e-01 -2.867072653022831119e+01
1.000000000000000000e+00 -7.149627629777359061e+01 -4.702234762927129452e+01 -8.038654258518844144e+05 -8.253135931194500000e+13 4.318667445040585565e-08 -2.131093983256378266e+01 -8.180636654889652526e-01 8.963190648931522730e-01 2.515784408980045739e-01 -1.871324172885489290e+01
1.000000000000000000e+00 -1.372314391903447586e+02 -4.413950107056230365e+01 -8.069694749206386041e+05 -8.316996371179743750e+13 1.289517717961940483e-07 2.965129965917872035e+00 1.134616184792551219e-01 9.980170520663433908e-01 -3.495212544570818619e-02 -2.469722034058739979e+01
1.000000000000000000e+00 -1.996875517239973306e+02 -4.020847349218892219e+01 -8.100734794807097642e+05 -8.381102005956392188e+13 2.608583282874460215e-07 2.660347460299201927e+01 1.014772591034391658e+00 8.351698517015873069e-01 -3.122161250606144689e-01 -4.069632759818727408e+01
1.000000000000000000e+00 -2.573282833162330689e+02 -3.532129498051090621e+01 -8.131774422901739599e+05 -8.445452882226848438e+13 4.262814455462229903e-07 4.331456835842946873e+01 1.647000913211699169e+00 4.509876034247309873e-01 -5.067360944433559888e-01 -5.087218841636964584e+01
1.000000000000000000e+00 -3.088424387801321132e+02 -2.959918626946960529e+01 -8.162813670456975233e+05 -8.510049067138693750e+13 6.096172781361052257e-07 4.861542053691352550e+01 1.842755461363674518e+00 -5.268825399837256951e-02 -5.669897744324740030e-01 -4.515613340035945811e+01
1.000000000000000000e+00 -3.529644297036783200e+02 -2.316851411825786045e+01 -8.193852580834998516e+05 -8.574890642397889062e+13 7.932354614840032819e-07 4.102936582274162447e+01 1.550338651039766757e+00 -5.424043908548428217e-01 -4.770399493447400885e-01 -2.920709253207245126e+01
1.000000000000000000e+00 -3.885558179875690712e+02 -1.618065366115193271e+01 -8.224891210418358678e+05 -8.639977718440567188e+13 9.592797823958420025e-07 2.249320246186866612e+01 8.472770485650211736e-01 -8.884427753359358526e-01 -2.607300319185338333e-01 -1.880507452634063270e+01
1.000000000000000000e+00 -4.147844232484990243e+02 -8.807715993540940147e+00 -8.255929620905568590e+05 -8.705310418701668750e+13 1.092075468726778244e-06 -2.137298683684657696e+00 -8.025756664303447530e-02 -9.991452954029528266e-01 2.464068000245162038e-02 -2.424074044059312527e+01
1.000000000000000000e+00 -4.309371104150852148e+02 -1.218240176930480034e+00 -8.286967874174775789e+05 -8.770888868953090625e+13 1.178493912140128859e-06 -2.635678874194189092e+01 -9.866522180650920681e-01 -8.451675357264927246e-01 3.034807406973997757e-01 -4.013700435588957305e+01
1.000000000000000000e+00 -4.365041757072744986e+02 6.403060850746084220e+00 -8.318006043528994778e+05 -8.836713221203734375e+13 1.209409548298109569e-06 -4.372531808367663331e+01 -1.631772431670424073e+00 -4.672663300868415415e-01 5.019111397009627940e-01 -5.076448822900641744e+01
1.000000000000000000e+00 -4.313415130269455062e+02 1.386263507775191250e+01 -8.349044203494628891e+05 -8.902783632396239062e+13 1.181654566890834281e-06 -4.957989736774016620e+01 -1.844554126041293429e+00 3.445584161188119943e-02 5.673346296745861439e-01 -4.560298340806784267e+01
1.000000000000000000e+00 -4.154696887632005087e+02 2.098277140229450666e+01 -8.380082428460324882e+05 -8.969100261541821875e+13 1.097459010108212738e-06 -4.228853600089306042e+01 -1.568453763849135596e+00 5.270436179320775461e-01 4.823907707765435204e-01 -2.975928304910876676e+01
1.000000000000000000e+00 -3.891558434467507936e+02 2.758141044937953978e+01 -8.411120795089029707e+05 -9.035663274897151562e+13 9.646493854366183177e-07 -2.370720446062811604e+01 -8.765905838955623253e-01 8.799300643001540800e-01 2.695804624023297458e-01 -1.891843445449982752e+01
1.000000000000000000e+00 -3.530503654040869606e+02 3.348210864695953148e+01 -8.442159375228360295e+05 -9.102472830766198438e+13 7.964374877381369553e-07 1.290985632034989505e+00 4.758930014011011206e-02 9.995759752686630417e-01 -1.468957698000819198e-02 -2.381381281979616205e+01
1.000000000000000000e+00 -3.079643176985372861e+02 3.853873855271328353e+01 -8.473198233795989072e+05 -9.169529074732604688e+13 6.091355737455049267e-07 2.609596324448233418e+01 9.590400286187226175e-01 8.542863875069079960e-01 -2.950703157373261720e-01 -3.959818646440162127e+01
1.000000000000000000e+00 -2.549415254674376570e+02 4.261384685804313222e+01 -8.504237435794478515e+05 -9.236832154623256250e+13 4.212923081860930760e-07 4.411162719651707675e+01 1.616203289152570610e+00 4.825983203600126004e-01 -4.972592966282430305e-01 -5.064664214846764878e+01
1.000000000000000000e+00 -1.953622697182958916e+02 4.558988370992504002e+01 -8.535277036640024744e+05 -9.304382199426242188e+13 2.522602408259765361e-07 5.051058029932276838e+01 1.845052624086737758e+00 -1.697031580399299688e-02 -5.676947225913027140e-01 -4.602624203964097660e+01
1.000000000000000000e+00 -1.306947677852645882e+02 4.739262090303474650e+01 -8.566317076931600459e+05 -9.372179307465015625e+13 1.192762201072348139e-07 4.352513672785455157e+01 1.585090252882102924e+00 -5.120525776366797732e-01 -4.877313604203170061e-01 -3.031118311261911913e+01
1.000000000000000000e+00 -6.255365673547996153e+01 4.796670420242436705e+01 -8.597357590667254990e+05 -9.440223563854631250e+13 3.600543191796930850e-08 2.493174731167198033e+01 9.052279497241267903e-01 -8.714930553910086308e-01 -2.785599524579860931e-01 -1.905105149959263855e+01
1.000000000000000000e+00 7.228369472623312753e+00 4.728626347994468659e+01 -8.628398596891640918e+05 -9.508515021831215625e+13 1.118941218279542330e-08 -4.006044755907933741e-01 -1.450161371602574564e-02 -1.000060659507036487e+00 4.410482168185482325e-03 -2.338721380366993330e+01
1.000000000000000000e+00 7.686830382285504015e+01 4.537498680090810410e+01 -8.659440101156976307e+05 -9.577053705390726562e+13 4.749461345293905161e-08 -2.578265215282413436e+01 -9.305234223638635394e-01 -8.636589457698662375e-01 2.862146536044842260e-01 -3.903045186329062233e+01
1.000000000000000000e+00 1.445809102513987625e+02 4.227783507605665392e+01 -8.690482099788604537e+05 -9.645839618223010938e+13 1.413614456066917331e-07 -4.446781649958981575e+01 -1.600105334850836947e+00 -4.983819578612790901e-01 4.921719394144928317e-01 -5.049931079076988993e+01
1.000000000000000000e+00 2.085251887955350583e+02 3.806986229463938542e+01 -8.721524571474893019e+05 -9.714872724610039062e+13 2.830071599027629063e-07 -5.144456554873340792e+01 -1.845649216297726491e+00 -1.000090230008410241e-03 5.676732921590087466e-01 -4.643820712563005770e+01
1.000000000000000000e+00 2.670726977481570543e+02 3.287154055225179405e+01 -8.752567478921089787e+05 -9.784152952424190625e+13 4.578572324170851273e-07 -4.478293338248487743e+01 -1.601890800094576406e+00 4.966500366884116779e-01 4.926762608159074852e-01 -3.086509160567569410e+01
1.000000000000000000e+00 3.187447834871318264e+02 2.681680659572743863e+01 -8.783610779171200702e+05 -9.853680215653242188e+13 6.481488594395847752e-07 -2.617104387434456925e+01 -9.333744883279173621e-01 8.626188148191358263e-01 2.870463489731066575e-01 -1.920102711490186920e+01
1.000000000000000000e+00 3.621562226229433463e+02 2.006065680051579392e+01 -8.814654417769289576e+05 -9.923454401029545312e+13 8.342436968339854615e-07 -4.894006064896157526e-01 -1.740274172137858816e-02 9.998639987693385134e-01 5.302062956212463124e-03 -2.299794398304590004e+01
1.000000000000000000e+00 3.962635449960219489e+02 1.279017427009976515e+01 -8.845698328152195318e+05 -9.993475366201881250e+13 9.973293140443324313e-07 2.547104468922388421e+01 9.030711753969885569e-01 8.720108031995537079e-01 -2.778520044338524397e-01 -3.849508262254929747e+01
1.000000000000000000e+00 4.202738479767295985e+02 5.190360152361670032e+00 -8.876742442092563724e+05 -1.006374296293432188e+14 1.121067311787505860e-06 4.480805828523600809e+01 1.584007156950047346e+00 5.129879103948519203e-01 -4.873523686606363037e-01 -5.034700419759845147e+01
1.000000000000000000e+00 4.335712253541711334e+02 -2.547444572777989524e+00 -8.907786682343994034e+05 -1.013425702030519688e+14 1.192907469531148881e-06 5.234442814459479365e+01 1.845019621314958558e+00 1.799323734515984041e-02 -5.676827511744705346e-01 -4.682207685208844339e+01
1.000000000000000000e+00 4.359356607453389643e+02 -1.021682910035992897e+01 -8.938830968473792309e+05 -1.020501735766739219e+14 1.206377039829445829e-06 4.601175906667274518e+01 1.617084019055094357e+00 -4.817736783236821196e-01 -4.975741900322596667e-01 -3.141188737495195227e+01
1.000000000000000000e+00 4.274167619940226359e+02 -1.763085541444075233e+01 -8.969875227289180038e+05 -1.027602380841083438e+14 1.160790225354200779e-06 2.741412891083679781e+01 9.606719336809222964e-01 -8.538813729623555560e-01 -2.956185672557729016e-01 -1.936850177128645356e+01
1.000000000000000000e+00 4.082428826659329957e+02 -2.461078767536644918e+01 -9.000919382659393596e+05 -1.034727619684893438e+14 1.060640703897375513e-06 1.421498888937958505e+00 4.966926665746642516e-02 -9.997292248364577638e-01 -1.533218545959790478e-02 -2.261040290846685252e+01
1.000000000000000000e+00 3.790152836799451279e+02 -3.097756521886555348e+01 -9.031963359823150095e+05 -1.041877434803981406e+14 9.163209967036320183e-07 -2.510313377965109183e+01 -8.746078759301237904e-01 -8.806509172763248294e-01 2.690139781020418064e-01 -3.792986713934244847e+01
1.000000000000000000e+00 3.405520131151460532e+02 -3.658547912781905609e+01 -9.063007093488269020e+05 -1.049051810659141719e+14 7.424329120788070322e-07 -4.511245450178952865e+01 -1.567219226597635240e+00 -5.281714796639136456e-01 4.820576308419285971e-01 -5.016377651197732490e+01
1.000000000000000000e+00 2.937896561951766898e+02 -4.130723940384753945e+01 -9.094050523874403443e+05 -1.056250732784444531e+14 5.559520587199803340e-07 -5.324610177216309381e+01 -1.844474155267570081e+00 -3.569059219777759306e-02 5.673136757781971351e-01 -4.719885878539084700e+01
1.000000000000000000e+00 2.399637421397747801e+02 -4.502457390366399892e+01 -9.125093597549373517e+05 -1.063474188004032812e+14 3.752537537992215741e-07 -4.726877970328516199e+01 -1.632729361889965425e+00 4.662441211469899871e-01 5.021625702753498288e-01 -3.196859707926411431e+01
1.000000000000000000e+00 1.804328378348602655e+02 -4.766062991068627497e+01 -9.156136275634084595e+05 -1.070722166376268594e+14 2.176694302181877859e-07 -2.868717857161611207e+01 -9.880667372614615473e-01 8.445515446711606700e-01 3.038688731116341302e-01 -1.955470925508862834e+01
1.000000000000000000e+00 1.165839462006274658e+02 -4.916162904974798664e+01 -9.187178523589717224e+05 -1.077994658854758438e+14 9.801488647489196458e-08 -2.372264268210885874e+00 -8.147487359799208961e-02 9.989336305473639488e-01 2.501061518042036261e-02 -2.225073616657651598e+01
1.000000000000000000e+00 5.000763121617691809e+01 -4.948668752535021298e+01 -9.218220314916891512e+05 -1.085291658176593906e+14 2.776612917978132365e-08 2.471988704719475294e+01 8.465894099205781842e-01 8.884907393436902723e-01 -2.604760856949827064e-01 -3.738560386024604298e+01
1.000000000000000000e+00 -1.768909383164724147e+01 -4.863893098465646858e+01 -9.249261641121266875e+05 -1.092613161248697812e+14 1.348308490569525395e-08 4.539052382348461379e+01 1.550103804442581445e+00 5.425476071280386225e-01 -4.769203193167397270e-01 -4.997389681862793509e+01
1.000000000000000000e+00 -8.496680713129335061e+01 -4.664423267848982135e+01 -9.280302499925666489e+05 -1.099959166424861719e+14 5.638006582444687011e-08 5.411231124721184926e+01 1.842741454273063351e+00 5.283142782151256656e-02 -5.669799878386991843e-01 -4.755712885254678213e+01
1.000000000000000000e+00 -1.501807856072207414e+02 -4.354103440547482506e+01 -9.311342899052640423e+05 -1.107329674430059531e+14 1.523047016578758129e-07 4.850484901341646804e+01 1.647136874311637245e+00 -4.508789850685500644e-01 -5.068197660451532194e-01 -3.253021009730245794e+01
1.000000000000000000e+00 -2.117740452923022474e+02 -3.941012635086349292e+01 -9.342382859933279688e+05 -1.114724689285155469e+14 2.921244741836597995e-07 2.997997823321997757e+01 1.015209125382789956e+00 -8.351417551148849761e-01 -3.123981823440528660e-01 -1.976292475155235806e+01
1.000000000000000000e+00 -2.683479263345805634e+02 -3.435063148123387577e+01 -9.373422409042402869e+05 -1.122144216286622812e+14 4.627435086013771331e-07 3.385677556707202385e+00 1.143280764728149268e-01 -9.981704091068955842e-01 -3.522508802973183667e-02 -2.188671854717984644e+01
1.000000000000000000e+00 -3.184916106203733079e+02 -2.847065096237660597e+01 -9.404461583448501769e+05 -1.129588263359765469e+14 6.477086259213478158e-07 -2.426039698054045601e+01 -8.169429371401255580e-01 -8.967662444783784936e-01 2.512749699755271182e-01 -3.680069118408309237e+01
1.000000000000000000e+00 -3.609777326870468528e+02 -2.191554911187921206e+01 -9.435500434638679726e+05 -1.137056842022585156e+14 8.292220875595746447e-07 -4.561906718609156997e+01 -1.531898994323755758e+00 -5.577654237290342598e-01 4.711944925839881559e-01 -4.974745394178698632e+01
1.000000000000000000e+00 -3.948178409887435691e+02 -1.484095977457249127e+01 -9.466539016542230966e+05 -1.144549964546922500e+14 9.901833533897267709e-07 -5.497635727589565846e+01 -1.840996549360441437e+00 -7.096493464131425899e-02 5.662458801703487143e-01 -4.791199882780941977e+01
1.000000000000000000e+00 -4.190937605674749875e+02 -7.404702596217992649e+00 -9.497577388202310540e+05 -1.152067644616288750e+14 1.114804510659420819e-06 -4.977398321400431058e+01 -1.662172324613785834e+00 4.346375613715117714e-01 5.112197200866164248e-01 -3.310876114373624546e+01
1.000000000000000000e+00 -4.331519514318525808e+02 2.065157448357765879e-01 -9.528615619903320912e+05 -1.159609898837509844e+14 1.190680214930797412e-06 -3.131164530737295237e+01 -1.042748334643210484e+00 8.250297706972209433e-01 3.206881298282902026e-01 -1.999224462810707692e+01
1.000000000000000000e+00 -4.366404931857759379e+02 7.807326443126383353e+00 -9.559653781567378901e+05 -1.167176743951842656e+14 1.210252909566152844e-06 -4.424999401963463974e+00 -1.469569426614576180e-01 9.967335239243284573e-01 4.515274482270482947e-02 -2.154867604389911762e+01
