5.400000239827934274e+04 5.138894825063666636e-08 9.999999999999999547e-08
5.400917866988881724e+04 -2.071030439147224426e-07 9.999999999999999547e-08
5.401835492649403022e+04 -2.330014522132675783e-07 9.999999999999999547e-08
5.402753118914725201e+04 -2.530757556483096943e-07 9.999999999999999547e-08
5.403670748026224464e+04 -2.246868515590610625e-07 9.999999999999999547e-08
5.404588382173811988e+04 -2.826989422015412564e-07 9.999999999999999547e-08
5.405506023318570806e+04 -2.966900445966361305e-07 9.999999999999999547e-08
5.406423673400835833e+04 -2.628082554642474079e-07 9.999999999999999547e-08
5.407341334227649349e+04 -1.784709811838423282e-07 9.999999999999999547e-08
5.408259007104410557e+04 -1.991581908517161031e-07 9.999999999999999547e-08
5.409176693135071400e+04 1.975316143847086344e-08 9.999999999999999547e-08
5.410094393119839515e+04 -1.545909252380269026e-07 9.999999999999999547e-08
5.411012107347159326e+04 -3.198004510938817832e-07 9.999999999999999547e-08
5.411929835876838479e+04 -8.621728194238577277e-08 9.999999999999999547e-08
5.412847578335437720e+04 -9.133903631865067768e-08 9.999999999999999547e-08
5.413765333810560696e+04 -9.526394776780854443e-08 9.999999999999999547e-08
5.414683101188550791e+04 1.858906912685987004e-09 9.999999999999999547e-08
5.415600879093106778e+04 -2.928698699034393222e-08 9.999999999999999547e-08
5.416518665759103169e+04 -4.896211227040452293e-08 9.999999999999999547e-08
5.417436459291812935e+04 -8.699639312958468851e-08 9.999999999999999547e-08
5.418354257639624120e+04 -1.753767299749473290e-07 9.999999999999999547e-08
5.419272058525828470e+04 -1.349764676611199128e-07 9.999999999999999547e-08
5.420189859844260354e+04 -1.527020941697271484e-07 9.999999999999999547e-08
5.421107659485349723e+04 -1.300081596341585622e-07 9.999999999999999547e-08
5.422025455244031764e+04 -1.009420845400180388e-07 9.999999999999999547e-08
5.422943245171051240e+04 -1.184273560836527223e-07 9.999999999999999547e-08
5.423861027480874327e+04 -2.490489254598785275e-07 9.999999999999999547e-08
5.424778800520997174e+04 -9.331990088767861639e-08 9.999999999999999547e-08
5.425696562980011367e+04 -2.040946774166363113e-07 9.999999999999999547e-08
5.426614313764831604e+04 -1.414227582302971452e-07 9.999999999999999547e-08
5.427532051901797240e+04 -2.356700377597778803e-07 9.999999999999999547e-08
5.428449776877772820e+04 2.285268477905721593e-07 9.999999999999999547e-08
5.429367488520796178e+04 1.341182523184124677e-07 9.999999999999999547e-08
5.430285186785223777e+04 8.949604965233148095e-08 9.999999999999999547e-08
5.431202872058736102e+04 -1.507738079193817490e-07 9.999999999999999547e-08
5.432120544971360505e+04 5.132241051700210332e-08 9.999999999999999547e-08
5.433038206371619162e+04 1.288387844291336425e-07 9.999999999999999547e-08
5.433955857544864557e+04 2.716142867611455183e-07 9.999999999999999547e-08
5.434873499974529113e+04 4.104850264566159679e-09 9.999999999999999547e-08
5.435791135229603242e+04 -2.515251813339451272e-08 9.999999999999999547e-08
5.436708765196573222e+04 5.449896008931618089e-08 9.999999999999999547e-08
5.437626391939590394e+04 7.465961462115053950e-08 9.999999999999999547e-08
5.438544017516267922e+04 2.795280313429819243e-07 9.999999999999999547e-08
5.439461644206217898e+04 6.992149756117823774e-08 9.999999999999999547e-08
5.440379274197212362e+04 1.301007712926834184e-07 9.999999999999999547e-08
5.441296909540806519e+04 -5.727123784800741885e-09 9.999999999999999547e-08
5.442214552333105530e+04 1.803492614754378625e-07 9.999999999999999547e-08
5.443132204499823274e+04 3.006270544734569736e-07 9.999999999999999547e-08
5.444049867594976968e+04 3.308112122318493139e-07 9.999999999999999547e-08
5.444967543029402441e+04 3.686558509008058290e-07 9.999999999999999547e-08
5.445885231842160283e+04 3.751260718956150907e-07 9.999999999999999547e-08
5.446802934611804812e+04 2.562993075464252552e-07 9.999999999999999547e-08
5.447720651746314979e+04 3.583955093668054416e-07 9.999999999999999547e-08
5.448638383162403625e+04 3.201165634928749295e-07 9.999999999999999547e-08
5.449556128247974266e+04 1.982748013874208658e-07 9.999999999999999547e-08
5.450473886220296117e+04 3.086369925045633226e-07 9.999999999999999547e-08
5.451391655873557465e+04 3.441694717335108695e-07 9.999999999999999547e-08
5.452309435647090140e+04 5.439297718485235042e-07 9.999999999999999547e-08
5.453227223874395713e+04 1.058850246539743318e-07 9.999999999999999547e-08
5.454145018585294747e+04 4.147527338819097332e-07 9.999999999999999547e-08
5.455062817570744664e+04 2.228835130620909622e-07 9.999999999999999547e-08
5.455980618754676107e+04 2.084054340104462242e-07 9.999999999999999547e-08
5.456898419962025946e+04 2.474118133603093684e-07 9.999999999999999547e-08
5.457816218952855706e+04 1.999023705328706285e-07 9.999999999999999547e-08
5.458734013732769381e+04 1.515516960495448250e-07 9.999999999999999547e-08
5.459651802314123051e+04 4.175806697150016097e-08 9.999999999999999547e-08
5.460569582866115525e+04 -4.953408375186386766e-08 9.999999999999999547e-08
5.461487353939901368e+04 1.061176601268075110e-07 9.999999999999999547e-08
5.462405114192279871e+04 6.123593242360788507e-08 9.999999999999999547e-08
5.463322862477778108e+04 2.702219976846814590e-08 9.999999999999999547e-08
5.464240598063526704e+04 5.970826637226169583e-08 9.999999999999999547e-08
5.465158320441625983e+04 2.266372018869910195e-07 9.999999999999999547e-08
5.466076029370061588e+04 1.372021894280879210e-07 9.999999999999999547e-08
5.466993725056872063e+04 1.254969090668348860e-07 9.999999999999999547e-08
5.467911407849731768e+04 1.389367807548364728e-07 9.999999999999999547e-08
5.468829078351907810e+04 4.829860677688372472e-09 9.999999999999999547e-08
5.469746737657600170e+04 -1.084773810197221744e-07 9.999999999999999547e-08
5.470664387000610441e+04 5.050030604719367862e-08 9.999999999999999547e-08
5.471582027836205089e+04 -2.801203245215170941e-08 9.999999999999999547e-08
5.472499661929801368e+04 -1.588886023853811178e-07 9.999999999999999547e-08
5.473417291125050542e+04 -5.169048099492743014e-08 9.999999999999999547e-08
5.474334917418892292e+04 -8.233083929572239882e-08 9.999999999999999547e-08
5.475252543101426272e+04 1.532392413603107037e-07 9.999999999999999547e-08
5.476170170319367026e+04 -4.829855759192512159e-08 9.999999999999999547e-08
5.477087801178410882e+04 -1.936063749911538034e-07 9.999999999999999547e-08
5.478005437893343333e+04 -2.607718748809172234e-07 9.999999999999999547e-08
5.478923082433368836e+04 -1.460676624226866456e-07 9.999999999999999547e-08
5.479840736627881415e+04 -2.597329813401950315e-07 9.999999999999999547e-08
5.480758402142628620e+04 -3.454205877830781387e-07 9.999999999999999547e-08
5.481676080203474703e+04 -3.505938697693733375e-07 9.999999999999999547e-08
5.482593771715799812e+04 -2.976316350110933265e-07 9.999999999999999547e-08
5.483511478536726645e+04 -2.049541570942194821e-07 9.999999999999999547e-08
5.484429198567077401e+04 -2.889072794255226584e-07 9.999999999999999547e-08
5.485346932733152062e+04 -3.281468303240620196e-07 9.999999999999999547e-08
5.486264680525490257e+04 -4.446428441230072725e-07 9.999999999999999547e-08
5.487182440936810599e+04 -5.433243429355691571e-08 9.999999999999999547e-08
5.488100212704164005e+04 -3.517601349303949960e-07 9.999999999999999547e-08
5.489017994377139985e+04 -2.028596015604056931e-07 9.999999999999999547e-08
5.489935784089328081e+04 -1.904542490342473115e-07 9.999999999999999547e-08
5.490853579790237563e+04 -3.675466678996617632e-07 9.999999999999999547e-08
5.491771379432891263e+04 -3.043754905592092739e-07 9.999999999999999547e-08
5.492689180816915177e+04 -3.832335979772969759e-07 9.999999999999999547e-08
5.493606981738613104e+04 -2.060533913318310213e-07 9.999999999999999547e-08
5.494524780127406120e+04 -2.781791581109106361e-07 9.999999999999999547e-08
5.495442573837777309e+04 -1.574136218678860886e-07 9.999999999999999547e-08
5.496360360915320780e+04 -3.124268565314635463e-07 9.999999999999999547e-08
5.497278139760492923e+04 -1.744750504070023239e-07 9.999999999999999547e-08
5.498195908804568899e+04 -1.092684788627708157e-07 9.999999999999999547e-08
5.499113666738201573e+04 -2.226715494778780710e-07 9.999999999999999547e-08
5.500031412593303685e+04 7.595329428853915264e-08 9.999999999999999547e-08
5.500949145582731580e+04 -1.513532201335420988e-07 9.999999999999999547e-08
5.501866865267450339e+04 -2.661833031997117170e-07 9.999999999999999547e-08
5.502784571614533343e+04 3.003297324708941338e-08 9.999999999999999547e-08
5.503702264700383239e+04 -1.165431352676028544e-07 9.999999999999999547e-08
5.504619944935880631e+04 -1.668769258384972493e-07 9.999999999999999547e-08
5.505537613175535080e+04 1.870704159538487817e-08 9.999999999999999547e-08
5.506455270393401588e+04 -8.303234814388698599e-08 9.999999999999999547e-08
5.507372917904797941e+04 -1.412352817864792441e-07 9.999999999999999547e-08
5.508290557315108890e+04 1.462203574616962386e-07 9.999999999999999547e-08
5.509208190263908909e+04 -1.389278112678501691e-08 9.999999999999999547e-08
5.510125818691006862e+04 1.803438363879065773e-07 9.999999999999999547e-08
5.511043444764771266e+04 1.636483761052973108e-07 9.999999999999999547e-08
5.511961070588716393e+04 -5.773793113690426611e-08 9.999999999999999547e-08
5.512878698334502405e+04 2.007641017289944652e-07 9.999999999999999547e-08
5.513796330258951639e+04 8.449587727726153947e-08 9.999999999999999547e-08
5.514713968379941070e+04 -1.884260525867934092e-08 9.999999999999999547e-08
5.515631614704930689e+04 1.624731691992141878e-07 9.999999999999999547e-08
5.516549271114951989e+04 1.124905297485259371e-07 9.999999999999999547e-08
5.517466939030295180e+04 1.930948291746049213e-07 9.999999999999999547e-08
5.518384619690225372e+04 6.714786259247146465e-08 9.999999999999999547e-08
5.519302314050644782e+04 3.164889882522897746e-08 9.999999999999999547e-08
5.520220022582841921e+04 2.047022649729915710e-07 9.999999999999999547e-08
5.521137745444069151e+04 2.509043974666004195e-08 9.999999999999999547e-08
5.522055482443446817e+04 2.238252696600595071e-07 9.999999999999999547e-08
5.522973232823678700e+04 2.704334188941601974e-07 9.999999999999999547e-08
5.523890995602186013e+04 9.144140455751835753e-08 9.999999999999999547e-08
5.524808769543835660e+04 5.774738671066122326e-08 9.999999999999999547e-08
5.525726552956305386e+04 3.037559576248442010e-07 9.999999999999999547e-08
5.526644344020964490e+04 -3.612401788073369016e-08 9.999999999999999547e-08
5.527562140738315065e+04 1.883732232505973745e-07 9.999999999999999547e-08
5.528479940897302004e+04 2.372301034309619103e-07 9.999999999999999547e-08
5.529397742365245358e+04 3.213921523428083611e-08 9.999999999999999547e-08
5.530315543016209267e+04 3.017627847544607273e-07 9.999999999999999547e-08
5.531233340621857496e+04 1.367184560303882402e-07 9.999999999999999547e-08
5.532151133151602698e+04 1.028440164978072282e-07 9.999999999999999547e-08
5.533068918789649615e+04 1.705858836909426840e-07 9.999999999999999547e-08
5.533986695774683176e+04 5.396600058919926302e-09 9.999999999999999547e-08
5.534904462703422178e+04 2.908707814361282093e-08 9.999999999999999547e-08
5.535822218366897141e+04 2.206023887948804705e-08 9.999999999999999547e-08
5.536739961689055781e+04 2.047567731647089535e-07 9.999999999999999547e-08
5.537657692050783226e+04 2.681240256055012218e-07 9.999999999999999547e-08
5.538575409133014909e+04 3.026767082946601346e-07 9.999999999999999547e-08
5.539493112800781819e+04 2.891887398820235499e-07 9.999999999999999547e-08
5.540410803280584514e+04 2.886546796841819824e-07 9.999999999999999547e-08
5.541328481116074545e+04 1.675493571288231614e-07 9.999999999999999547e-08
5.542246147041884251e+04 1.301969647419533613e-07 9.999999999999999547e-08
5.543163802212174778e+04 4.121200868599149499e-07 9.999999999999999547e-08
5.544081448043780256e+04 -1.099434770182520119e-08 9.999999999999999547e-08
5.544999085994546476e+04 -1.333108085847776966e-08 9.999999999999999547e-08
5.545916717883977981e+04 1.128692137240291204e-07 9.999999999999999547e-08
5.546834345719328849e+04 2.516685771993249605e-07 9.999999999999999547e-08
5.547751971545566630e+04 1.221133484469835427e-07 9.999999999999999547e-08
5.548669597592069476e+04 -5.522952505228575865e-08 9.999999999999999547e-08
5.549587226057769294e+04 -9.598383329587157056e-08 9.999999999999999547e-08
5.550504859012254747e+04 5.147429152484406546e-08 9.999999999999999547e-08
5.551422498610671028e+04 7.646799142693116850e-08 9.999999999999999547e-08
5.552340146872014884e+04 -7.433923505844702727e-08 9.999999999999999547e-08
5.553257805436947820e+04 -9.180803124917948793e-09 9.999999999999999547e-08
5.554175475816779363e+04 7.989954155624886254e-08 9.999999999999999547e-08
5.555093159181980445e+04 2.356939959273347886e-08 9.999999999999999547e-08
5.556010856300737214e+04 1.244614749575465940e-08 9.999999999999999547e-08
5.556928567709480558e+04 -5.146256298951274477e-08 9.999999999999999547e-08
5.557846293484311900e+04 -4.873380829038286230e-08 9.999999999999999547e-08
5.558764033176156954e+04 -2.241031865212191348e-08 9.999999999999999547e-08
5.559681786114323040e+04 -7.171128406083700050e-08 9.999999999999999547e-08
5.560599551276854618e+04 -1.923205005880394465e-07 9.999999999999999547e-08
5.561517327218868741e+04 -4.429064015923538514e-08 9.999999999999999547e-08
5.562435112338614272e+04 -5.081187413126561386e-08 9.999999999999999547e-08
5.563352904737597419e+04 -1.573623515742604714e-07 9.999999999999999547e-08
5.564270702258096571e+04 6.313518480629577940e-08 9.999999999999999547e-08
5.565188502868629439e+04 -5.273096132014493832e-08 9.999999999999999547e-08
5.566106304401286616e+04 -6.376516049808271654e-08 9.999999999999999547e-08
5.567024104582431028e+04 -1.466336298547042787e-07 9.999999999999999547e-08
5.567941901336308365e+04 -2.217922349941034700e-07 9.999999999999999547e-08
5.568859692669061769e+04 1.225874753655764690e-07 9.999999999999999547e-08
5.569777476672144985e+04 -9.818189435345396929e-08 9.999999999999999547e-08
5.570695251795228251e+04 8.166505373762230106e-08 9.999999999999999547e-08
5.571613016607398458e+04 -8.732487896314829033e-08 9.999999999999999547e-08
5.572530769817622786e+04 8.389302782724473646e-08 9.999999999999999547e-08
5.573448510612453538e+04 -9.069471604141852936e-08 9.999999999999999547e-08
5.574366238379698916e+04 4.559643433656228761e-08 9.999999999999999547e-08
5.575283952756159124e+04 -5.038009010126567311e-09 9.999999999999999547e-08
5.576201653791341960e+04 -1.191641959483837019e-08 9.999999999999999547e-08
5.577119341718882060e+04 1.706328295947616657e-08 9.999999999999999547e-08
5.578037017055437173e+04 -1.048892538581777287e-07 9.999999999999999547e-08
5.578954680767801619e+04 -4.082571756644374629e-09 9.999999999999999547e-08
5.579872334006796882e+04 -1.969069868535695003e-08 9.999999999999999547e-08
5.580789978083365713e+04 -2.669832784587206503e-07 9.999999999999999547e-08
5.581707614700499107e+04 -1.877398826107438763e-07 9.999999999999999547e-08
5.582625245642793016e+04 5.467319184129977724e-09 9.999999999999999547e-08
