1.000000000000000000e+00 -4.643344690541495652e+02 3.916086099341368509e+01 -4.305828255564032006e+05 -1.860122845651594922e+13 1.110130839650159542e-06 -3.704299355732096899e+01 -2.099531754636288827e+00 -3.807545505016898257e-01 3.410520725788012686e-01 -3.562951993320059785e+01
1.000000000000000000e+00 -4.800460272487878797e+02 -6.937415529488845323e+00 -4.345340253467216971e+05 -1.894417938382483984e+13 1.178884654499123137e-06 -3.345823190745512932e+01 -1.879633083155764828e+00 5.609019143472669944e-01 3.052682523293747119e-01 -3.693368405328936888e+01
1.000000000000000000e+00 -4.839125523668167261e+02 -5.285556672264282696e+01 -4.384852136930610286e+05 -1.929026198538947266e+13 1.211239798404089449e-06 4.589782125868541729e-01 2.555934156815450539e-02 9.997153730243819592e-01 -4.126714588306878116e-03 -2.024798447988000660e+01
1.000000000000000000e+00 -4.757731552993922719e+02 -9.750043030300888347e+01 -4.424363983216636116e+05 -1.963947691991628516e+13 1.203789972770190819e-06 3.456381753859046313e+01 1.908094916166983568e+00 5.420854678257831516e-01 -3.098120357688528559e-01 -3.199548559834945749e+01
1.000000000000000000e+00 -4.556628350367435587e+02 -1.397189898740741114e+02 -4.463875873216896434e+05 -1.999182490312157031e+13 1.156626176874744636e-06 3.799760186578437526e+01 2.079637971180837930e+00 -4.016232370515531724e-01 -3.377360136087750320e-01 -3.948792341918576199e+01
1.000000000000000000e+00 -4.240496708656528426e+02 -1.783885123128491159e+02 -4.503387888553373050e+05 -2.034730668297534375e+13 1.074246073906854407e-06 7.148882546689319994e+00 3.879314838957088063e-01 -9.855130280988615432e-01 -6.299267564314835199e-02 -2.188333290698759726e+01
1.000000000000000000e+00 -3.816846703332404900e+02 -2.125511116090823123e+02 -4.542900104232355952e+05 -2.070592297302618750e+13 9.646186829744305684e-07 -3.068170939179869450e+01 -1.650871303958732828e+00 -6.866588455425618465e-01 2.681905769230720771e-01 -2.814292904909048332e+01
1.000000000000000000e+00 -3.295116182365739519e+02 -2.412782910343284755e+02 -4.582412595963238855e+05 -2.106767451707537500e+13 8.381476014540494212e-07 -4.144090639253817443e+01 -2.211111592767298628e+00 2.272443769798909996e-01 3.591288745211308475e-01 -4.086145640389208467e+01
1.000000000000000000e+00 -2.688759399071327039e+02 -2.637656127675081734e+02 -4.621925436705754837e+05 -2.143256205743392578e+13 7.076851990895558482e-07 -1.492121474701736616e+01 -7.895211568963488302e-01 9.374063644994921063e-01 1.282238671170425337e-01 -2.466519493547897568e+01
1.000000000000000000e+00 -2.013342348947625453e+02 -2.794545983585489353e+02 -4.661438681621661526e+05 -2.180058619307733984e+13 5.866560787024480768e-07 2.554470661120283026e+01 1.340505513039857766e+00 8.070124332499306608e-01 -2.176378621268706681e-01 -2.461191309229203839e+01
1.000000000000000000e+00 -1.285467198035936462e+02 -2.878889430029140044e+02 -4.700952378678478417e+05 -2.217174747261408203e+13 4.871371589608017215e-07 4.358050659069150612e+01 2.268284248106020140e+00 -4.709422374420652035e-02 -3.683437057474565068e-01 -4.084906258396413392e+01
1.000000000000000000e+00 -5.245734133775500396e+01 -2.888025241638654848e+02 -4.740466566145772813e+05 -2.254604636761816016e+13 4.192759686940070401e-07 2.252469451083220520e+01 1.162868404818006907e+00 -8.590823303045392878e-01 -1.888650365341203452e-01 -2.819907677530829204e+01
1.000000000000000000e+00 2.493039658977328799e+01 -2.822176768356005141e+02 -4.779981265792777413e+05 -2.292348320354019141e+13 3.901151631284672954e-07 -1.921204772028718466e+01 -9.838757340218107217e-01 -9.014240059157521134e-01 1.598485793347764750e-01 -2.185079167538933476e+01
1.000000000000000000e+00 1.016674926479350631e+02 -2.682825596444935172e+02 -4.819496489094227436e+05 -2.330405821318114844e+13 4.025461416519988388e-07 -4.427566459030290957e+01 -2.249337528269712561e+00 -1.362727584955422122e-01 3.653669102774829147e-01 -3.945972662003593712e+01
1.000000000000000000e+00 1.756949485954738464e+02 -2.473454031543706435e+02 -4.859012233303756802e+05 -2.368777149432676953e+13 4.551084884112679253e-07 -2.974426031778494917e+01 -1.499143593170067179e+00 7.509197918189278731e-01 2.434654607678707061e-01 -3.205215228505102942e+01
1.000000000000000000e+00 2.450796780461390085e+02 -2.200249760684811804e+02 -4.898528473811866716e+05 -2.407462292899344922e+13 5.423443692481620098e-07 1.191495775574231786e+01 5.958133442199737839e-01 9.647552450445580075e-01 -9.671895407857247773e-02 -2.023407151216625621e+01
1.000000000000000000e+00 3.081134184075594362e+02 -1.870264760439807787e+02 -4.938045179072142346e+05 -2.446461232265841797e+13 6.553888212588923437e-07 4.346299995748304923e+01 2.156461930642910474e+00 3.132911745692089633e-01 -3.501570389844829156e-01 -3.689210416474357146e+01
1.000000000000000000e+00 3.631432652343269751e+02 -1.492046479813563167e+02 -4.977562306922954158e+05 -2.485773936477062891e+13 7.825756216475468488e-07 3.622146150275193577e+01 1.783276765078168680e+00 -6.191785843633237363e-01 -2.896195589805216630e-01 -3.566875283602666258e+01
1.000000000000000000e+00 4.087950391781896542e+02 -1.076126699710109733e+02 -5.017079801494598505e+05 -2.525400359340536719e+13 9.109983545883875222e-07 -3.840315140835608876e+00 -1.876187501573506888e-01 -9.968002579748205250e-01 3.050099964584675888e-02 -1.996947398325710310e+01
1.000000000000000000e+00 4.440381843999406328e+02 -6.330454649600499550e+01 -5.056597598142174538e+05 -2.565340443988035938e+13 1.027919998404682539e-06 -4.104975501930866955e+01 -1.990224433480156430e+00 -4.813714745517166937e-01 3.233034049588407455e-01 -3.346151478480716435e+01
1.000000000000000000e+00 4.679966659430323261e+02 -1.739748294839393594e+01 -5.096115625870408840e+05 -2.605594125007198438e+13 1.121567982567370503e-06 -4.176601764383638482e+01 -2.009656343093086051e+00 4.653460711096706337e-01 3.263915955444625094e-01 -3.862065718467603403e+01
1.000000000000000000e+00 4.801483891103326300e+02 2.888924760822373372e+01 -5.135633804834361654e+05 -2.646161325614164453e+13 1.183014225728200343e-06 -4.751230534198901623e+00 -2.269012275176411075e-01 9.947755721172067966e-01 3.686600242861214766e-02 -2.109293274628699066e+01
1.000000000000000000e+00 4.803506805944267626e+02 7.443270457264047479e+01 -5.175152059566110256e+05 -2.687041971037785156e+13 1.206937611787220771e-06 3.712409719356617188e+01 1.759717916806174731e+00 6.319430070832782187e-01 -2.857141603015794784e-01 -2.965275917350951218e+01
1.000000000000000000e+00 4.686297621820330619e+02 1.181341289650277560e+02 -5.214670313220307580e+05 -2.728235982671878906e+13 1.191032723625400976e-06 4.607444495286110708e+01 2.167842496310931732e+00 -2.977135864982886071e-01 -3.520525773897481003e-01 -4.047638111541662198e+01
1.000000000000000000e+00 4.453605594838030015e+02 1.588813539748633161e+02 -5.254188483731856104e+05 -2.769743273969645703e+13 1.137083046281591868e-06 1.355093718303213457e+01 6.329087539483222447e-01 -9.605740471695672911e-01 -1.027858226446673046e-01 -2.344714569702603413e+01
1.000000000000000000e+00 4.112591609981843703e+02 1.957382327134459956e+02 -5.293706496057921322e+05 -2.811563763240542188e+13 1.051076185813058764e-06 -3.167527843596214154e+01 -1.468654792980559787e+00 -7.627688227623707906e-01 2.385941699147446637e-01 -2.593735733909860031e+01
1.000000000000000000e+00 3.671581081284832067e+02 2.278574363058164352e+02 -5.333224280692728935e+05 -2.853697372339322266e+13 9.415541167247029789e-07 -4.897877855489148402e+01 -2.254539124505734460e+00 1.184219346161176079e-01 3.661911805291905853e-01 -4.102197365597292844e+01
1.000000000000000000e+00 3.141779754903579374e+02 2.544414858565518500e+02 -5.372741772658539703e+05 -2.896144025797771875e+13 8.192801191071741487e-07 -2.230655806727426693e+01 -1.019425816207197411e+00 8.933708561665945069e-01 1.655578880353811844e-01 -2.674112368612810187e+01
1.000000000000000000e+00 2.536964845272176490e+02 2.749193234363582974e+02 -5.412258917713986011e+05 -2.938903657746637891e+13 6.963446023170415916e-07 2.491298694481105613e+01 1.130432099407673752e+00 8.671097338164834856e-01 -1.835263487678965022e-01 -2.282835419131269461e+01
1.000000000000000000e+00 1.871184706441758863e+02 2.888437158933968476e+02 -5.451775668741426198e+05 -2.981976208389286719e+13 5.843744012198288339e-07 5.030097420756270310e+01 2.266275777916730849e+00 6.311736941763945730e-02 -3.680085771170449882e-01 -4.017186920673302097e+01
1.000000000000000000e+00 1.160485398065026459e+02 2.958521449850775298e+02 -5.491291981837784406e+05 -3.025361619976773828e+13 4.940523586286849372e-07 3.062889228578187328e+01 1.370272957978208250e+00 -7.975445973244957854e-01 -2.225501025583222492e-01 -3.050941786686248847e+01
1.000000000000000000e+00 4.224354112933238525e+01 2.958307961943452824e+02 -5.530807829223866574e+05 -3.069059851262147656e+13 4.342316575949207572e-07 -1.694954417602989949e+01 -7.529995366355547448e-01 -9.436070318929911105e-01 1.223443700234399384e-01 -2.072281425007768618e+01
1.000000000000000000e+00 -3.261619381045160537e+01 2.887981385489455874e+02 -5.570323196715014055e+05 -3.113070875312592578e+13 4.105724157352643843e-07 -4.990424093401612993e+01 -2.201690076737082169e+00 -2.443701880740025700e-01 3.576359604548753346e-01 -3.803076294152898384e+01
1.000000000000000000e+00 -1.067492459170897234e+02 2.748671604547737957e+02 -5.609838074674115051e+05 -3.157394669864551953e+13 4.252542488677513504e-07 -3.828907505160416491e+01 -1.677631281981067257e+00 6.737535209866558628e-01 2.724556287676397903e-01 -3.429766515372349289e+01
1.000000000000000000e+00 -1.783344320159490337e+02 2.543982507335388448e+02 -5.649352467055142624e+05 -3.202031227755708594e+13 4.770106752344384121e-07 8.066244609995354864e+00 3.510075966031476202e-01 9.877638785291260604e-01 -5.696988824439586790e-02 -1.990653961408965955e+01
1.000000000000000000e+00 -2.457338365953687571e+02 2.278700584948152539e+02 -5.688866388357542455e+05 -3.246980553987168750e+13 5.610888383918328593e-07 4.777830185679442820e+01 2.064997934001607138e+00 4.159413969092158325e-01 -3.352977546911834472e-01 -3.490091085482927014e+01
1.000000000000000000e+00 -3.073100764181334625e+02 1.958427200754847206e+02 -5.728379861487073358e+05 -3.292242663682667188e+13 6.693518812571358455e-07 4.489480016792287387e+01 1.927297500377282313e+00 -5.288765659342463676e-01 -3.130041471877039183e-01 -3.755594861976885568e+01
1.000000000000000000e+00 -3.614999004201706043e+02 1.591003821564382008e+02 -5.767892925609534141e+05 -3.337817591511536328e+13 7.912926411772367060e-07 1.477302371732279074e+00 6.299493935790592691e-02 -9.998362159572898866e-01 -1.020969711578713184e-02 -2.048735082603418078e+01
1.000000000000000000e+00 -4.070270793557557454e+02 1.185093102321328331e+02 -5.807405628628426930e+05 -3.383705383567450391e+13 9.154254581311011922e-07 -4.385037823441590632e+01 -1.857430803259160434e+00 -5.752115517615095097e-01 3.017383576108008114e-01 -3.116536818612713589e+01
1.000000000000000000e+00 -4.427138530559204810e+02 7.498018361939216447e+01 -5.846918021517025772e+05 -3.429906091064962109e+13 1.029634642731845089e-06 -5.024328777615286157e+01 -2.114168519779631161e+00 3.646422963434351461e-01 3.433730291454946681e-01 -3.989756893074518729e+01
1.000000000000000000e+00 -4.675629667818618032e+02 2.959995008821566387e+01 -5.886430167317311279e+05 -3.476419781090375000e+13 1.122372912735263601e-06 -1.138041312598916122e+01 -4.757302763468875817e-01 9.775939100878607846e-01 7.726992384091360688e-02 -2.239571277371670277e+01
1.000000000000000000e+00 -4.809538949257333798e+02 -1.652312084658641211e+01 -5.925942137918899534e+05 -3.523246533250001562e+13 1.184435084694850182e-06 3.827799228809006848e+01 1.589687775733332309e+00 7.139629468126146294e-01 -2.581017323583800205e-01 -2.735101384869349772e+01
1.000000000000000000e+00 -4.824436472757182059e+02 -6.229921754766405684e+01 -5.965454007070814259e+05 -3.570386431655813281e+13 1.209210746673762001e-06 5.403376598183645996e+01 2.229493965997546123e+00 -1.898773606270005021e-01 -3.620560346163499421e-01 -4.097423935583290699e+01
1.000000000000000000e+00 -4.718487384853145841e+02 -1.065355974466494331e+02 -6.004965856645531021e+05 -3.617839572546981250e+13 1.193699378092094685e-06 2.125467715314541906e+01 8.713490687173865989e-01 -9.236326558063376879e-01 -1.415157906683888467e-01 -2.536494565566010451e+01
1.000000000000000000e+00 -4.494153542621749580e+02 -1.481026667495370930e+02 -6.044477766784777632e+05 -3.665606052659972656e+13 1.139463612145928941e-06 -3.110041946772745547e+01 -1.266830399073400670e+00 -8.300386296043669176e-01 2.058113770565206668e-01 -2.393814067012843694e+01
1.000000000000000000e+00 -4.155995326176747540e+02 -1.859726348424285050e+02 -6.083989814485711977e+05 -3.713685967433928125e+13 1.051427176668368617e-06 -5.609566886751802173e+01 -2.270460092382097894e+00 7.001998165273970454e-03 3.687862192630471658e-01 -4.066225723725611374e+01
1.000000000000000000e+00 -3.711372186570093845e+02 -2.191051027537995992e+02 -6.123502079760052729e+05 -3.762079418453962500e+13 9.377492777185640564e-07 -3.081989463718014122e+01 -1.239554183164190304e+00 8.376823754611498751e-01 2.013060794298249245e-01 -2.902735749658372910e+01
1.000000000000000000e+00 -3.171794762781919417e+02 -2.466176574555211687e+02 -6.163014638301890809e+05 -3.810786504503249219e+13 8.099805380788457413e-07 2.259968828799986085e+01 9.032415849506586492e-01 9.172953543647196506e-01 -1.466364287286565926e-01 -2.139795457843552740e+01
1.000000000000000000e+00 -2.550424092569339791e+02 -2.678139292180110829e+02 -6.202527554313505534e+05 -3.859807312462966406e+13 6.810571472790383937e-07 5.629792046675186157e+01 2.236031941011280555e+00 1.743173904213912440e-01 -3.630884991085173708e-01 -3.900226600404142374e+01
1.000000000000000000e+00 -1.862576218020930412e+02 -2.820679068192986279e+02 -6.242040886088289553e+05 -3.909141923849501562e+13 5.639125533951744550e-07 3.962869008196894782e+01 1.564214801293392743e+00 -7.250191730628630093e-01 -2.540466324669438114e-01 -3.285701464438040631e+01
1.000000000000000000e+00 -1.126715198727351179e+02 -2.889881178242728765e+02 -6.281554679838697193e+05 -3.958790406800686719e+13 4.706466640023520693e-07 -1.296495405457845784e+01 -5.085987851896692780e-01 -9.748015405767069819e-01 8.264271076670615113e-02 -2.005843256677185238e+01
1.000000000000000000e+00 -3.616557160747935029e+01 -2.884224983887773988e+02 -6.321068967087243218e+05 -4.008752812287712500e+13 4.108288966788244848e-07 -5.452222207831947287e+01 -2.125748975457103729e+00 -3.513970177603212841e-01 3.453085670990485578e-01 -3.620035805089528225e+01
1.000000000000000000e+00 4.130697348134844304e+01 -2.803316992675955817e+02 -6.360583771797475638e+05 -4.059029182634107812e+13 3.905127087623578135e-07 -4.744118394526334015e+01 -1.838418046732926081e+00 5.867925527696167265e-01 2.985730413438604791e-01 -3.639273048615231687e+01
1.000000000000000000e+00 1.176451642479966466e+02 -2.649372550185940440e+02 -6.400099102414287627e+05 -4.109619540993956250e+13 4.118027276564822058e-07 2.532829133735565730e+00 9.755757727940979340e-02 9.988557161387751071e-01 -1.581715167033161465e-02 -2.009841520571459839e+01
1.000000000000000000e+00 1.908935826742395250e+02 -2.426958323348338809e+02 -6.439614945870675147e+05 -4.160523882992425781e+13 4.725166299254857206e-07 5.083595405389379351e+01 1.946293313941217518e+00 5.150877128343822609e-01 -3.160162221280290451e-01 -3.265705561800943002e+01
1.000000000000000000e+00 2.591990207235215848e+02 -2.141575324951606376e+02 -6.479131282633641968e+05 -4.211742195433994531e+13 5.663609367974827419e-07 5.385281724114848600e+01 2.049479558731554629e+00 -4.306462442390663892e-01 -3.328403254031561675e-01 -3.911899768282739132e+01
1.000000000000000000e+00 3.207368589635213425e+02 -1.800968232715499369e+02 -6.518648077930128202e+05 -4.263274444569392969e+13 6.836410363170363839e-07 8.355531838600930072e+00 3.160986064717257737e-01 -9.904800587509708931e-01 -5.132421154225513815e-02 -2.150660684768939745e+01
1.000000000000000000e+00 3.739939998600189028e+02 -1.414602313580836608e+02 -6.558165283355505671e+05 -4.315120577608050781e+13 8.125877982498344377e-07 -4.520680152410828612e+01 -1.700125071415558242e+00 -6.629251774015845200e-01 2.761902778559913729e-01 -2.881000402517803849e+01
1.000000000000000000e+00 4.176963044946575110e+02 -9.921527804359541847e+01 -6.597682844176719664e+05 -4.367280531846121094e+13 9.401980620015731247e-07 -5.866480454814398371e+01 -2.193302024853326149e+00 2.585616837248200239e-01 3.562337856213977916e-01 -4.071809811712071792e+01
1.000000000000000000e+00 4.507212076903087450e+02 -5.447218271833083492e+01 -6.637200694592737127e+05 -4.419754228103332812e+13 1.053406255047863583e-06 -1.937339549256857651e+01 -7.200874072492421396e-01 9.481819168643543794e-01 1.169488826512130736e-01 -2.410523999071726209e+01
1.000000000000000000e+00 4.723540727451489261e+02 -8.417612347692415398e+00 -6.676718757489938289e+05 -4.472541569956416406e+13 1.141355651924410411e-06 3.787050746380484156e+01 1.399439177281922797e+00 7.873822005882655795e-01 -2.272076826935785498e-01 -2.519629503360739164e+01
1.000000000000000000e+00 4.821757662248476777e+02 3.783460150919048459e+01 -6.716236958848870127e+05 -4.525642462706125000e+13 1.195909880217029225e-06 6.161065067153427322e+01 2.263584621707920963e+00 -7.967484428450516409e-02 -3.675831896115482889e-01 -4.095389755693531697e+01
1.000000000000000000e+00 4.799589863965928203e+02 8.312014954133054800e+01 -6.755755221676365472e+05 -4.579056805274256250e+13 1.211716186547036571e-06 3.006907727915076833e+01 1.098407573464298403e+00 -8.753898082244839784e-01 -1.783954221808067286e-01 -2.752877999001445275e+01
1.000000000000000000e+00 4.658966168169520756e+02 1.262925375964774304e+02 -6.795273463579020463e+05 -4.632784486777091406e+13 1.187670355922046831e-06 -2.892242790491481941e+01 -1.050497261411294181e+00 -8.867132519587809236e-01 1.706706403771642289e-01 -2.227049819275552878e+01
1.000000000000000000e+00 4.404534623905334456e+02 1.663611358184379867e+02 -6.834791609380067093e+05 -4.686825403614835938e+13 1.126628186172944125e-06 -6.253026192150853291e+01 -2.258298308810831934e+00 -1.036051733891494298e-01 3.668197846588259758e-01 -3.980482554060118616e+01
1.000000000000000000e+00 4.042538625984286682e+02 2.023591810165945901e+02 -6.874309582888925215e+05 -4.741179448404749219e+13 1.034626579529585723e-06 -4.015712659498505843e+01 -1.442110518163949751e+00 7.722715968637876571e-01 2.342025266399105354e-01 -3.136044378512599451e+01
1.000000000000000000e+00 3.582903603929606788e+02 2.334089498085184289e+02 -6.913827313204229577e+05 -4.795846518685286719e+13 9.211067751824088314e-07 1.870099259333918695e+01 6.678197252088597935e-01 9.555716504361461139e-01 -1.084106489112214577e-01 -2.042989203692015820e+01
1.000000000000000000e+00 3.037505882864564910e+02 2.588442305441623148e+02 -6.953344741515321657e+05 -4.850826526615617188e+13 7.973395244259030803e-07 6.135450705974685093e+01 2.178780053052524757e+00 2.817670872293699391e-01 -3.537834497170996295e-01 -3.743151282997070695e+01
1.000000000000000000e+00 2.419051326565991076e+02 2.780677175647422246e+02 -6.992861813280833885e+05 -4.906119388480182031e+13 6.749237049893847757e-07 4.915560279020948542e+01 1.735904373722292338e+00 -6.447675264640246873e-01 -2.819272209889107650e-01 -3.505079321116084401e+01
1.000000000000000000e+00 1.743058289610557097e+02 2.906138335028656456e+02 -7.032378478416816797e+05 -4.961725025123454688e+13 5.656575292908677597e-07 -7.464131156033394277e+00 -2.621387687485016160e-01 -9.935319966643988421e-01 4.260640864721477322e-02 -1.991329439275640212e+01
1.000000000000000000e+00 1.025975890839795710e+02 2.962552040413306145e+02 -7.071894701377107995e+05 -5.017643376431139062e+13 4.801587703935804412e-07 -5.798179078716448487e+01 -2.025144724588856970e+00 -4.522276576509770551e-01 3.289738450647766710e-01 -3.412219127228070192e+01
1.000000000000000000e+00 2.841185904673177731e+01 2.948502508585272039e+02 -7.111410456308195135e+05 -5.073874394992722656e+13 4.264180309151669839e-07 -5.682169005546169416e+01 -1.973804417050473825e+00 4.942085274879454149e-01 3.205668736973364408e-01 -3.816127668177608712e+01
1.000000000000000000e+00 -4.643982640526660077e+01 2.864063166554188342e+02 -7.150925725294933654e+05 -5.130418043968564062e+13 4.094750446106665568e-07 -4.416714384457596232e+00 -1.525905910222531969e-01 9.975191378497466621e-01 2.479990352249262370e-02 -2.079325634551918611e+01
1.000000000000000000e+00 -1.201636015486800915e+02 2.711709016150526850e+02 -7.190440507287078071e+05 -5.187274310284057812e+13 4.310204020650806449e-07 5.255135128069592554e+01 1.805774839957280387e+00 6.062340728813907509e-01 -2.931940320916096576e-01 -3.034394728925912332e+01
1.000000000000000000e+00 -1.910821079090381716e+02 2.494705120840051507e+02 -7.229954805933022872e+05 -5.244443187647999219e+13 4.890541323309101055e-07 6.274912974270290533e+01 2.144624928710397338e+00 -3.287148065596242619e-01 -3.482844630130869090e-01 -4.023490658944034237e+01
1.000000000000000000e+00 -2.574434165882503862e+02 2.217753211534819684e+02 -7.269468634389246581e+05 -5.301924683754325000e+13 5.779249810064976881e-07 1.652179202793768553e+01 5.616648591025545922e-01 -9.691330147159481490e-01 -9.121337160157569346e-02 -2.294870807620850783e+01
1.000000000000000000e+00 -3.176259960164860559e+02 1.887752633125902264e+02 -7.308982024189642398e+05 -5.359718833666887500e+13 6.890963621294089870e-07 -4.506848469626773124e+01 -1.523989264984900727e+00 -7.414029550917945466e-01 2.475820074125038850e-01 -2.656512840660316144e+01
1.000000000000000000e+00 -3.702277867605798747e+02 1.512105066176552839e+02 -7.348495013992221793e+05 -5.417825683954553906e+13 8.120230751571863116e-07 -6.673358139377531018e+01 -2.244680279760164154e+00 1.504253493513450501e-01 3.645872875621495868e-01 -4.102834484415729577e+01
1.000000000000000000e+00 -4.138757918335546719e+02 1.099364365777887826e+02 -7.388007649656835711e+05 -5.476245293088820312e+13 9.346665450780189390e-07 -2.849985294854983664e+01 -9.535992697549313668e-01 9.073525176613891352e-01 1.548682010307054491e-01 -2.611286091857440184e+01
1.000000000000000000e+00 -4.474358280523845224e+02 6.598384068619753862e+01 -7.427519989468263229e+05 -5.534977739513750000e+13 1.045019175110617998e-06 3.584207610582141257e+01 1.193003383670423245e+00 8.507062968746879061e-01 -1.936864949075289555e-01 -2.331188907862861015e+01
1.000000000000000000e+00 -4.700864629478177790e+02 2.038131324506763065e+01 -7.467032095962270396e+05 -5.594023109891273438e+13 1.132266292344755389e-06 6.854604473956608501e+01 2.269697666778852874e+00 3.120924611727426967e-02 -3.685668422469378647e-01 -4.041833254286187582e+01
1.000000000000000000e+00 -4.811246961569388532e+02 -2.578171344691377342e+01 -7.506544038791675121e+05 -5.653381503586697656e+13 1.187146041669179187e-06 3.982788677582876602e+01 1.311963363175120190e+00 -8.163482399049029059e-01 -2.130801058110431967e-01 -2.983732128839585229e+01
1.000000000000000000e+00 -4.801747169276705449e+02 -7.131079665795579103e+01 -7.546055899574967334e+05 -5.713053040292512500e+13 1.203839267066424588e-06 -2.503882066523296501e+01 -8.205570084775273276e-01 -9.326102010154811994e-01 1.333186667531714442e-01 -2.100139866304119707e+01
1.000000000000000000e+00 -4.672366449014284058e+02 -1.150900776285162692e+02 -7.585567756476748036e+05 -5.773037837032423438e+13 1.180760580919202198e-06 -6.803337436221382006e+01 -2.218139405755792826e+00 -2.135674177178313593e-01 3.603054751778500542e-01 -3.848203652053152268e+01
1.000000000000000000e+00 -4.424796352991185699e+02 -1.560211525092502711e+02 -7.625079686856773915e+05 -5.833336012077582031e+13 1.119574143313751757e-06 -5.020345235865918454e+01 -1.628484813106760631e+00 6.967410082962077755e-01 2.644729754159778068e-01 -3.366862901518600637e+01
1.000000000000000000e+00 -4.064397480404198291e+02 -1.929915901074873830e+02 -7.664591772912488086e+05 -5.893947693592707031e+13 1.025866132462039279e-06 1.306202104101430628e+01 4.215557918490510092e-01 9.824020258763717095e-01 -6.842478123702980253e-02 -1.994817617275488431e+01
1.000000000000000000e+00 -3.600316544385673296e+02 -2.250585475864695013e+02 -7.704104091919251950e+05 -5.954873004740292969e+13 9.090420192822417121e-07 6.520280132040227272e+01 2.093710441245344445e+00 3.871151759199989995e-01 -3.399620820951056999e-01 -3.549544076242683133e+01
1.000000000000000000e+00 -3.043198710560499762e+02 -2.513836479756141671e+02 -7.743616715942916926e+05 -6.016112063038903906e+13 7.806030196158719729e-07 5.911114158728485535e+01 1.888584442588649548e+00 -5.553086602504755387e-01 -3.067185806138735815e-01 -3.704963480686386390e+01
1.000000000000000000e+00 -2.406964587637315276e+02 -2.712056378943471486e+02 -7.783129712630142458e+05 -6.077664981390975781e+13 6.535663253180184192e-07 -2.637343267618524889e-01 -8.384193994026793023e-03 -1.000214476390539620e+00 1.385364569574495030e-03 -2.028901666602770959e+01
1.000000000000000000e+00 -1.708502596224165870e+02 -2.840139829458984764e+02 -7.822643134392738575e+05 -6.139531850930530469e+13 5.411441196207626536e-07 -5.998859744109909542e+01 -1.897587250993194807e+00 -5.491876094074352732e-01 3.082598098334105585e-01 -3.182687916680090723e+01
1.000000000000000000e+00 -9.651481956290368203e+01 -2.894683802723251915e+02 -7.862157022730085300e+05 -6.201712747238347656e+13 4.547200716602941356e-07 -6.630515396427317398e+01 -2.087033408356156805e+00 3.937930310293983882e-01 3.389637319757178857e-01 -3.957901902943378047e+01
1.000000000000000000e+00 -1.962620297501847944e+01 -2.873642908063513914e+02 -7.901671462739910930e+05 -6.264207816338424219e+13 4.031501224623746124e-07 -1.294300250254616103e+01 -4.053935051490992203e-01 9.837188466651548557e-01 6.584879790204284378e-02 -2.198154944194116922e+01
1.000000000000000000e+00 5.774050507331455862e+01 -2.777868787348763249e+02 -7.941186373844903428e+05 -6.327016942955815625e+13 3.919404894881313511e-07 5.262431575072265133e+01 1.640205723015156325e+00 6.914588509894835644e-01 -2.663055210599509226e-01 -2.799578480309196848e+01
1.000000000000000000e+00 1.336341160895954658e+02 -2.610049388638981895e+02 -7.980701806921393145e+05 -6.390140219769739062e+13 4.222971146150640042e-07 7.140381644750158330e+01 2.214694168226848614e+00 -2.209290502550934343e-01 -3.596551036917309263e-01 -4.088446908351910736e+01
1.000000000000000000e+00 2.060740922911556368e+02 -2.374226544419674099e+02 -8.020217752684478182e+05 -6.453577644254072656e+13 4.910146626191693033e-07 2.605440157179632266e+01 8.042002105771719478e-01 -9.353775020133938689e-01 -1.306089263328017447e-01 -2.478688444195144314e+01
1.000000000000000000e+00 2.731251331696370812e+02 -2.077114294464778652e+02 -8.059734184273557039e+05 -6.517329185163947656e+13 5.910542063118103502e-07 -4.317878775459269036e+01 -1.326338685454982125e+00 -8.117972263024847424e-01 2.154775815998653532e-01 -2.448159024980200016e+01
1.000000000000000000e+00 3.331470591990299113e+02 -1.726774400359869048e+02 -8.099251064226788003e+05 -6.581394793173713281e+13 7.124567778179500413e-07 -7.421609809298296057e+01 -2.268783703450871769e+00 3.905346331929029913e-02 3.685113129786659614e-01 -4.081862568879031983e+01
1.000000000000000000e+00 3.846255382982193964e+02 -1.332032941830139521e+02 -8.138768347580994014e+05 -6.645774405519096094e+13 8.428534106750737067e-07 -3.870856753135618789e+01 -1.177668449816595242e+00 8.548169951805200117e-01 1.912558245056188710e-01 -2.835685846272930988e+01
1.000000000000000000e+00 4.262354489319270670e+02 -9.036461244758095290e+01 -8.178285973395722685e+05 -6.710467931790359375e+13 9.688888031286250116e-07 3.203871343377073799e+01 9.701119621185266828e-01 9.039637975613979970e-01 -1.574943784297880567e-01 -2.176709135574380483e+01
1.000000000000000000e+00 4.570602867439793044e+02 -4.528085740312183560e+01 -8.217803870717957616e+05 -6.775475263134460156e+13 1.078330980841690343e-06 7.458479040610644972e+01 2.247696732299528488e+00 1.422865478525309202e-01 -3.649852267597037958e-01 -3.938783062481162744e+01
1.000000000000000000e+00 4.763922615539084973e+02 9.416582866795035756e-01 -8.257321968386138324e+05 -6.840796288102346094e+13 1.160591504464095329e-06 5.033683623093715909e+01 1.509814923682687882e+00 -7.470599492674614428e-01 -2.452122158635851035e-01 -3.218248407241269149e+01
1.000000000000000000e+00 4.837768502070470618e+02 4.709800284241713797e+01 -8.296840189591525123e+05 -6.906430883586235156e+13 1.207683994629541417e-06 -1.944737316265066340e+01 -5.805755263391815246e-01 -9.669656570467209944e-01 9.433499514237768391e-02 -2.019912027756201667e+01
1.000000000000000000e+00 4.791979157679079435e+02 9.203753659565047940e+01 -8.336358454000984784e+05 -6.972378918146614062e+13 1.215614021307265217e-06 -7.238030238902628355e+01 -2.150738872394981183e+00 -3.205370372239615406e-01 3.493655314639789733e-01 -3.676904420242211557e+01
1.000000000000000000e+00 4.628464413167603198e+02 1.347084216222254724e+02 -8.375876685495431302e+05 -7.038640264878418750e+13 1.183837130265918592e-06 -6.064444985126195320e+01 -1.793648412025216521e+00 6.130706857055984171e-01 2.913006240476176401e-01 -3.580560694636890418e+01
1.000000000000000000e+00 4.351525929297349080e+02 1.740435637443811743e+02 -8.415394803546359763e+05 -7.105214787016342188e+13 1.115544545436000328e-06 5.849683758794419930e+00 1.722134144805870237e-01 9.968997798461320947e-01 -2.793906819165930741e-02 -1.998725002626182601e+01
1.000000000000000000e+00 3.969437550838679840e+02 2.091087004879831284e+02 -8.454912732068349142e+05 -7.172102352778754688e+13 1.018149021429574126e-06 6.769690831018320409e+01 1.983814415855808200e+00 4.865479696802187393e-01 -3.221106053728751140e-01 -3.333352905234153951e+01
1.000000000000000000e+00 3.491901593233393442e+02 2.391290669801906290e+02 -8.494430409165220335e+05 -7.239302852156045312e+13 9.013417504529889768e-07 6.911496410854529415e+01 2.016095561663883817e+00 -4.601996803561803073e-01 -3.274207507709375187e-01 -3.870040918531950780e+01
1.000000000000000000e+00 2.930356757206409384e+02 2.633712424117671844e+02 -8.533947771996209631e+05 -7.306816171557868750e+13 7.761482267814434758e-07 8.324391328764393805e+00 2.417171452413240107e-01 -9.945366666495910613e-01 -3.924167208630956194e-02 -2.115676283376587463e+01
1.000000000000000000e+00 2.299381768270934572e+02 2.812840236165131955e+02 -8.573464765701694414e+05 -7.374642209131040625e+13 6.547784403946375171e-07 -6.050281545448220299e+01 -1.748861977989621730e+00 -6.378470915158032106e-01 2.841058700453290009e-01 -2.950193707694351275e+01
1.000000000000000000e+00 1.614015517327399323e+02 2.925069633798177620e+02 -8.612981346783370245e+05 -7.442780880917851562e+13 5.488454272696264451e-07 -7.550820600130701621e+01 -2.172741439669897190e+00 2.902843079053056830e-01 3.528918962774916790e-01 -4.052746756867845335e+01
1.000000000000000000e+00 8.901313958842781915e+01 2.967489844864106772e+02 -8.652497478698168416e+05 -7.511232113656721875e+13 4.682625348666142506e-07 -2.264669815162246636e+01 -6.487264627696066599e-01 9.581144600192579297e-01 1.053610793396133199e-01 -2.356341852174332274e+01
1.000000000000000000e+00 1.457225666054708135e+01 2.939232965640098882e+02 -8.692013137004269520e+05 -7.579995854033282812e+13 4.207245029463935090e-07 5.110976484125195896e+01 1.457512324662245895e+00 7.666890306323497217e-01 -2.366378912121150091e-01 -2.580976147854681457e+01
1.000000000000000000e+00 -6.018453264780880829e+01 2.841396639719448558e+02 -8.731528311650204705e+05 -7.649072073170810938e+13 4.106869228177558739e-07 7.947912275975910745e+01 2.256429528179965338e+00 -1.123385240394783602e-01 -3.664239228740427401e-01 -4.101422394421978623e+01
1.000000000000000000e+00 -1.335363004586703823e+02 2.675803842207374146e+02 -8.771042997428302187e+05 -7.718460750398956250e+13 4.389849286853884221e-07 3.654136723331954073e+01 1.032814928644443686e+00 -8.907490815015700614e-01 -1.677418185866924039e-01 -2.687151149188702348e+01
1.000000000000000000e+00 -2.036591038558370883e+02 2.446308637993506636e+02 -8.810557199020436965e+05 -7.788161882366218750e+13 5.028497450560400251e-07 -3.964436592853119379e+01 -1.115569843399879302e+00 -8.711509703707744912e-01 1.812410123607145485e-01 -2.272247887766286922e+01
1.000000000000000000e+00 -2.689030399727815279e+02 2.158569511517631554e+02 -8.850070938979578204e+05 -7.858175497606023438e+13 5.961913467730913708e-07 -8.083865396462597630e+01 -2.264750860384117548e+00 -7.121851370643672574e-02 3.678652481354510173e-01 -4.010609514135664710e+01
1.000000000000000000e+00 -3.277347884940753602e+02 1.818774457928719528e+02 -8.889584246332283365e+05 -7.928501636914610938e+13 7.100072864647152477e-07 -4.963705188836367910e+01 -1.384528270307939124e+00 7.924388436937608304e-01 2.248505874436333152e-01 -3.067680622279359071e+01
1.000000000000000000e+00 -3.786278304878063636e+02 1.434905380829963235e+02 -8.929097161213331856e+05 -7.999140361911532812e+13 8.331167585013640198e-07 2.655762076812183636e+01 7.375438487115828501e-01 9.455819922067029148e-01 -1.197318025344944886e-01 -2.066373350263986453e+01
1.000000000000000000e+00 -4.203376050191553759e+02 1.016361011924268354e+02 -8.968609735293133417e+05 -8.070091756249164062e+13 9.537308388257234248e-07 7.949934331848557179e+01 2.198230963685506190e+00 2.507710538768916364e-01 -3.569442908052317120e-01 -3.792764130919520227e+01
1.000000000000000000e+00 -4.518314761753806010e+02 5.726336540068385972e+01 -9.008122022881098092e+05 -8.141355909988792188e+13 1.060063256317049868e-06 6.131646995061579730e+01 1.688131278442234651e+00 -6.689249604381737324e-01 -2.741696077803121856e-01 -3.443206841997170642e+01
1.000000000000000000e+00 -4.721840475542706486e+02 1.145229084542337361e+01 -9.047634089910559123e+05 -8.212932936017209375e+13 1.140996492105667936e-06 -1.218256407886351589e+01 -3.339605669712876201e-01 -9.893414329051272160e-01 5.427352372646870177e-02 -1.990263684088314733e+01
1.000000000000000000e+00 -4.808439876564552264e+02 -3.463980418939065231e+01 -9.087146012621038826e+05 -8.284822968104710938e+13 1.188314946590714768e-06 -7.535180779473256507e+01 -2.056769485522462304e+00 -4.236283966512154886e-01 3.341089324693584661e-01 -3.474493795499419235e+01
1.000000000000000000e+00 -4.775446132710110305e+02 -7.991489498924825341e+01 -9.126657867185464129e+05 -8.357026142317487500e+13 1.197245106369503180e-06 -7.127596717860645015e+01 -1.937218003504041386e+00 5.215266093199950603e-01 3.146230599796756566e-01 -3.768685541017023155e+01
1.000000000000000000e+00 -4.621955816902188303e+02 -1.232178686212899521e+02 -9.166169731163972756e+05 -8.429542599688907812e+13 1.166237380274956653e-06 -2.986651890676934595e+00 -8.082976554689949578e-02 9.991451860133799823e-01 1.314789152148772115e-02 -2.054394160642950240e+01
1.000000000000000000e+00 -4.351321080287012819e+02 -1.634040293618079716e+02 -9.205681688404080924e+05 -8.502372495326107812e+13 1.098099748709588992e-06 6.858604083886527292e+01 1.848338941344481068e+00 5.808356101878190403e-01 -3.001068198085936611e-01 -3.101075531949180686e+01
1.000000000000000000e+00 -3.969954053197253643e+02 -1.994749372449069824e+02 -9.245193815190446330e+05 -8.575515972965259375e+13 9.994220948934152118e-07 7.900104596717770278e+01 2.120047785523642592e+00 -3.583061307746246427e-01 -3.442953877744197588e-01 -3.996234058738787098e+01
1.000000000000000000e+00 -3.486093128623215307e+02 -2.304629209987788272e+02 -9.284706189371031942e+05 -8.648973181674353125e+13 8.795672229378179536e-07 1.841788232017882976e+01 4.921835839583670880e-01 -9.764369367465624006e-01 -7.992712537612776946e-02 -2.249679521550845962e+01
1.000000000000000000e+00 -2.912032756882168769e+02 -2.555061559539422547e+02 -9.324218885752750793e+05 -8.722744267300520312e+13 7.507844815554226969e-07 -5.922802447395279302e+01 -1.576147745584554727e+00 -7.199286078566317082e-01 2.560538487250023643e-01 -2.718990105117693190e+01
1.000000000000000000e+00 -2.262542555046600796e+02 -2.739732016289393073e+02 -9.363731963094979292e+05 -8.796829347911434375e+13 6.264203296018631742e-07 -8.425501613806945045e+01 -2.232827901959676620e+00 1.814427697898313707e-01 3.626597050066628913e-01 -4.099220120376655530e+01
1.000000000000000000e+00 -1.553422849230068152e+02 -2.853392848855934290e+02 -9.403245473647713661e+05 -8.871228531156182812e+13 5.189571637388801428e-07 -3.365714838845418910e+01 -8.882477222352989088e-01 9.201205596286154975e-01 1.442557898053878351e-01 -2.551569602457529129e+01
1.000000000000000000e+00 -8.034678129816514058e+01 -2.892579712331368569e+02 -9.442759462051582523e+05 -8.945941911923053125e+13 4.395071924356986878e-07 4.768729405724622694e+01 1.253326422488946212e+00 8.337256929296739116e-01 -2.034816661308329611e-01 -2.381598505377794339e+01
1.000000000000000000e+00 -3.253379022474160553e+00 -2.856625919304775039e+02 -9.482273956071932334e+05 -9.020969554407615625e+13 3.964967059674099299e-07 8.675729288851881904e+01 2.270803769577485642e+00 -3.671321336926602896e-04 -3.687490344684464794e-01 -4.062206567799899659e+01
1.000000000000000000e+00 7.400308799141187421e+01 -2.746245173799466670e+02 -9.521788970654237783e+05 -9.096311499192148438e+13 3.944116405470962142e-07 4.805527945668873713e+01 1.252662645548038967e+00 -8.342269313299024436e-01 -2.034489733951418411e-01 -2.917150307817107802e+01
1.000000000000000000e+00 1.493560574832782777e+02 -2.564120769098881851e+02 -9.561304509526242036e+05 -9.171967765811215625e+13 4.334933904944890081e-07 -3.417898341223641268e+01 -8.873170234070000273e-01 -9.206696237149839535e-01 1.441633755054198551e-01 -2.131821275740598409e+01
1.000000000000000000e+00 2.208171650789061573e+02 -2.315636545552749510e+02 -9.600820554228536785e+05 -9.247938331174465625e+13 5.098338164908056498e-07 -8.634335574800714141e+01 -2.232453581352444871e+00 -1.823486999972277756e-01 3.626281000751006567e-01 -3.890383877922108979e+01
1.000000000000000000e+00 2.866236793383413328e+02 -2.007250994087933407e+02 -9.640337078129498987e+05 -9.324223155797746875e+13 6.158423791851160743e-07 -6.124301435821076467e+01 -1.577070274724229781e+00 7.193073465624071350e-01 2.561221235160808796e-01 -3.301874253770809275e+01
1.000000000000000000e+00 3.450491405209605773e+02 -1.646953437403457770e+02 -9.679854045211247867e+05 -9.400822181120987500e+13 7.406945514866278285e-07 1.922055563027854674e+01 4.929563619278232722e-01 9.759395417854863641e-01 -8.001807416278304552e-02 -2.003351718057736974e+01
1.000000000000000000e+00 3.946069238620305555e+02 -1.244769917698446307e+02 -9.719371401884551160e+05 -9.477735313172826562e+13 8.717244514691995273e-07 8.302948433318016441e+01 2.120947654755139133e+00 3.572151891235159082e-01 -3.443869918250691553e-01 -3.608326167671735618e+01
1.000000000000000000e+00 4.341657807047961910e+02 -8.109994044227971699e+01 -9.758889086759272031e+05 -9.554962441006478125e+13 9.960309539194960024e-07 7.258856300788342253e+01 1.846833946937443960e+00 -5.819127032626038032e-01 -2.999396227437661766e-01 -3.650192396395598848e+01
1.000000000000000000e+00 4.627387355075545088e+02 -3.566245318439236200e+01 -9.798407032178658992e+05 -9.632503439407010938e+13 1.101216261423811823e-06 -3.237767446128501092e+00 -8.204918245032553903e-02 -9.995679396608386780e-01 1.335179556881614486e-02 -2.012650384759427880e+01
1.000000000000000000e+00 4.796668989477449259e+02 1.062846183032703706e+01 -9.837925160861763870e+05 -9.710358162014775000e+13 1.177159067820453044e-06 -7.674784083004352908e+01 -1.937182747236532832e+00 -5.216724252456559352e-01 3.146899745287850547e-01 -3.250604489282750365e+01
1.000000000000000000e+00 4.846941373564974924e+02 5.663545046810857997e+01 -9.877443396966329310e+05 -9.788526462870378125e+13 1.217086920939996030e-06 -8.180535355443534229e+01 -2.056689761795418736e+00 4.236240535050791456e-01 3.340333463729909247e-01 -3.921029024749850578e+01
1.000000000000000000e+00 4.777326528128934910e+02 1.012428830041706931e+02 -9.916961663503529271e+05 -9.867008191327232812e+13 1.217106124321004463e-06 -1.325387589955467504e+01 -3.319092507593753849e-01 9.890422637074683943e-01 5.391668462819267788e-02 -2.158720215734476611e+01
1.000000000000000000e+00 4.590282281382918086e+02 1.433167524340269665e+02 -9.956479878360234434e+05 -9.945803184059153125e+13 1.177421790698221963e-06 6.778868370369819729e+01 1.690946116357939344e+00 6.673470265716456851e-01 -2.745455841791029084e-01 -2.867605181524012181e+01
1.000000000000000000e+00 4.291993588650611287e+02 1.818760315402003300e+02 -9.995997963828333886e+05 -1.002491128397094531e+14 1.102728393162765238e-06 8.841980357569272542e+01 2.196973852852042164e+00 -2.529262817607533798e-01 -3.567799299535825419e-01 -4.074692759611845361e+01
1.000000000000000000e+00 3.889873164900678830e+02 2.160303853663589564e+02 -1.003551585011523915e+06 -1.010433234744223594e+14 1.000473036616488380e-06 2.964627936588495771e+01 7.337615146353456685e-01 -9.465485353409569536e-01 -1.191675645384874943e-01 -2.421217206278242529e+01
1.000000000000000000e+00 3.394119797784393313e+02 2.449370723883374410e+02 -1.007503346886759391e+06 -1.018406623154857031e+14 8.806017251562189164e-07 -5.623332632140510867e+01 -1.386418879694891082e+00 -7.920753211413911199e-01 2.252365721776569407e-01 -2.506885773502547465e+01
1.000000000000000000e+00 2.817865753992005011e+02 2.679617723035275958e+02 -1.011455076213582652e+06 -1.026411281231273906e+14 7.549397400492215268e-07 -9.220873862997017056e+01 -2.264619524324887223e+00 7.202187130360679368e-02 3.678322550727792795e-01 -4.093519169952593728e+01
1.000000000000000000e+00 2.174612038954314812e+02 2.845997511508230104e+02 -1.015406767936766497e+06 -1.034447197899155469e+14 6.353257367390876534e-07 -4.548988368420002359e+01 -1.112927667455046343e+00 8.714703598243975780e-01 1.807420787399073581e-01 -2.767827115888178113e+01
1.000000000000000000e+00 1.479779171947564294e+02 2.944312272048501313e+02 -1.019358417304877890e+06 -1.042514362545242344e+14 5.330758902787954151e-07 4.256246733276997674e+01 1.037323647157543771e+00 8.893815943935715618e-01 -1.684078151052798289e-01 -2.218136100160940671e+01
1.000000000000000000e+00 7.507010235945355703e+01 2.972719064256087336e+02 -1.023310021170806489e+06 -1.050612767699836094e+14 4.580701117881440972e-07 9.296628414066827872e+01 2.257120263654318393e+00 1.096091592565944794e-01 -3.665180896273257383e-01 -3.974089734634552684e+01
1.000000000000000000e+00 4.052133354736626725e-01 2.930785367949166584e+02 -1.027261577649221756e+06 -1.058742408394329375e+14 4.172317444654768559e-07 6.008509272340373997e+01 1.453262392419208959e+00 -7.685124869755499688e-01 -2.360280170851447590e-01 -3.149400739842515762e+01
1.000000000000000000e+00 -7.425628958428444548e+01 2.819049266301761349e+02 -1.031213085362471873e+06 -1.066903280650829688e+14 4.142199836257658695e-07 -2.706809171792979640e+01 -6.522127593468085571e-01 -9.580616361159436378e-01 1.059721085507775717e-01 -2.038440319282097946e+01
1.000000000000000000e+00 -1.470726129130490278e+02 2.640430980401446845e+02 -1.035164544161925325e+06 -1.075095383000623750e+14 4.492917777704168674e-07 -9.054061296653976854e+01 -2.173379999999593526e+00 -2.893927524461724077e-01 3.530408950167272519e-01 -3.730968174820682037e+01
1.000000000000000000e+00 -2.163757316363416123e+02 2.399147682990455905e+02 -1.039115955150157446e+06 -1.083318716579161406e+14 5.190813875834235509e-07 -7.306506405999186882e+01 -1.747305222165516758e+00 6.384940288042724177e-01 2.837728170693422647e-01 -3.520016592414653189e+01
1.000000000000000000e+00 -2.805067777586518218e+02 2.100283966439525045e+02 -1.043067320192142390e+06 -1.091573284152580938e+14 6.167214799058043790e-07 1.031303805672006391e+01 2.457075680225871417e-01 9.939094547515102684e-01 -3.987233163095057348e-02 -1.992209871814591793e+01
1.000000000000000000e+00 -3.378375216989589376e+02 1.751107036630564266e+02 -1.047018642715646653e+06 -1.099859091829506406e+14 7.326254240243026328e-07 8.504111832932834147e+01 2.018551684172465333e+00 4.580135566947279857e-01 -3.277530335241163328e-01 -3.398554296397011854e+01
1.000000000000000000e+00 -3.870202344382104798e+02 1.359849926404957614e+02 -1.050969927229170455e+06 -1.108176148106404688e+14 8.557855852208208947e-07 8.378499444364042859e+01 1.981354555622255376e+00 -4.885928597030860798e-01 -3.217806244479025635e-01 -3.825673871256491054e+01
1.000000000000000000e+00 -4.268151118195630715e+02 9.352760537377079686e+01 -1.054921178365521831e+06 -1.116524461885869375e+14 9.741516455132331011e-07 7.176746303591548859e+00 1.690886999517107192e-01 -9.974435909130653366e-01 -2.744381709312164117e-02 -2.085528203014647985e+01
1.000000000000000000e+00 -4.561196766044787978e+02 4.878851034989496327e+01 -1.058872402155335993e+06 -1.124904045187420312e+14 1.075644093316829802e-06 -7.643825650418035877e+01 -1.794298736997393728e+00 -6.128677770521300250e-01 2.914853067462869762e-01 -3.017687489587521554e+01
1.000000000000000000e+00 -4.742072137990863325e+02 2.857058695966912421e+00 -1.062823605560839642e+06 -1.133314912208594219e+14 1.150165326056264396e-06 -9.195499107558691776e+01 -2.150612554933304388e+00 3.206559279682646424e-01 3.492954458424599173e-01 -4.030149970549030769e+01
1.000000000000000000e+00 -4.805404472242088332e+02 -4.318378776778085637e+01 -1.066774795810818905e+06 -1.141757077938320938e+14 1.190000408338848370e-06 -2.485603994342672607e+01 -5.791986712799843673e-01 9.667121024993512446e-01 9.407106482524293933e-02 -2.306899803439093333e+01
1.000000000000000000e+00 -4.748029441622709896e+02 -8.814812350834630195e+01 -1.070725980821170844e+06 -1.150230559071045938e+14 1.190608551975733122e-06 6.512366631180186971e+01 1.511990354737465569e+00 7.459594392222772541e-01 -2.454844288585955325e-01 -2.642011801093411094e+01
1.000000000000000000e+00 -4.571157417293295566e+02 -1.308919021502500470e+02 -1.074677168684463948e+06 -1.158735372933234688e+14 1.151874638740323783e-06 9.714454273627066527e+01 2.247237182589203908e+00 -1.436962488748175781e-01 -3.649336991331373348e-01 -4.102938112123813141e+01
1.000000000000000000e+00 -4.278277131974649592e+02 -1.703591717643774928e+02 -1.078628367020885926e+06 -1.167271536085597188e+14 1.077171841199174991e-06 4.202014072239570908e+01 9.685321740404854163e-01 -9.046541476669907045e-01 -1.573008201939033457e-01 -2.625239177864157014e+01
1.000000000000000000e+00 -3.875389125112006923e+02 -2.054803236183704485e+02 -1.082579583980933065e+06 -1.175839066482489375e+14 9.732714732165264258e-07 -5.126120943500344396e+01 -1.177272828860940423e+00 -8.552462467215652397e-01 1.912639477080370354e-01 -2.319013970106859901e+01
1.000000000000000000e+00 -3.372840574654957777e+02 -2.353216501052735055e+02 -1.086530827531782910e+06 -1.184437981937080469e+14 8.507962281343414872e-07 -9.914130044833292743e+01 -2.268716545116934213e+00 -3.980379256672023081e-02 3.685068354153934744e-01 -4.035887640497679030e+01
1.000000000000000000e+00 -2.782908520337630307e+02 -2.591241942389528958e+02 -1.090482104210326448e+06 -1.193068297385534688e+14 7.222177667168947130e-07 -5.820747513700244724e+01 -1.327233492247712032e+00 8.112219758953048698e-01 2.155455102060574446e-01 -3.001223348559327775e+01
1.000000000000000000e+00 -2.119865025550815290e+02 -2.762004462928875341e+02 -1.094433420213595498e+06 -1.201730027224976875e+14 6.004173104237019823e-07 3.542005704718367554e+01 8.047598826902538915e-01 9.348970821928189734e-01 -1.306457520733395050e-01 -2.093097421915655332e+01
1.000000000000000000e+00 -1.401439571692810375e+02 -2.860790706452049221e+02 -1.098384780655977083e+06 -1.210423183662924375e+14 4.980558186801836277e-07 9.784008989388533450e+01 2.215072280120257808e+00 2.201711800235822414e-01 -3.596813954135553160e-01 -3.838350676436617448e+01
1.000000000000000000e+00 -6.460925875520354111e+01 -2.885244109534993981e+02 -1.102336189272740623e+06 -1.219147776018587969e+14 4.257793932932765421e-07 7.267097290182978497e+01 1.639424782238638745e+00 -6.920296455878658382e-01 -2.662602281186733366e-01 -3.380725032939827912e+01
1.000000000000000000e+00 1.270649700498885259e+01 -2.834204729244275995e+02 -1.106287649024917744e+06 -1.227903812010956562e+14 3.910688466451040149e-07 -1.800296206507421104e+01 -4.047057504009627937e-01 -9.842022722094415643e-01 6.576575769016890227e-02 -1.993443944965283166e+01
1.000000000000000000e+00 8.970759487837392498e+01 -2.709016172472665289e+02 -1.110239161228109617e+06 -1.236691295787267188e+14 3.976899530878945421e-07 -9.312952825715335337e+01 -2.086186287047548049e+00 -3.947315376174392876e-01 3.388852790242318225e-01 -3.534770928953560087e+01
1.000000000000000000e+00 1.644016536109790252e+02 -2.513437660053110392e+02 -1.114190725243236870e+06 -1.245510227166377500e+14 4.451166720127483779e-07 -8.505440698928477161e+01 -1.898620334858255099e+00 5.483611707354086873e-01 3.083527251274484904e-01 -3.718257361660376148e+01
1.000000000000000000e+00 2.349055397984818683e+02 -2.252303313014777189e+02 -1.118142339465497760e+06 -1.254360603780147656e+14 5.286049819960270732e-07 -3.794187483409792727e-01 -8.439972477020272687e-03 9.997717947139003192e-01 1.393808401576108807e-03 -2.033291082164364383e+01
1.000000000000000000e+00 2.993303591501540950e+02 -1.932668333782882257e+02 -1.122094001231769565e+06 -1.263242420826660000e+14 6.396696875825985116e-07 8.524350706376206688e+01 1.889599500065267224e+00 5.545022569382833666e-01 -3.068080754065763971e-01 -3.168436849798464650e+01
1.000000000000000000e+00 3.560615104456614972e+02 -1.563452244635265629e+02 -1.126045706071251538e+06 -1.272155669335076562e+14 7.671930375775467498e-07 9.474033152993719398e+01 2.092834139749707223e+00 -3.880993847927343143e-01 -3.398780952532753363e-01 -3.964576202587325326e+01
1.000000000000000000e+00 4.037403212813468940e+02 -1.153971892376807062e+02 -1.129997448900700081e+06 -1.281100338804089688e+14 8.984274058543733766e-07 1.910178831963220247e+01 4.205044550245888302e-01 -9.829167699252441270e-01 -6.828376892261496522e-02 -2.206658632176281998e+01
1.000000000000000000e+00 4.411339811832777400e+02 -7.149948676860451258e+01 -1.133949223340570927e+06 -1.290076415621609375e+14 1.020058385937341385e-06 -7.421754199214356618e+01 -1.628189599669365162e+00 -6.970897734042809102e-01 2.645066086778154468e-01 -2.784626112747860915e+01
1.000000000000000000e+00 4.673917465391504606e+02 -2.582222979288383158e+01 -1.137901021940478822e+06 -1.299083883528155000e+14 1.120387511796991736e-06 -1.014632175884083551e+02 -2.218268015751704514e+00 2.132879571326997958e-01 3.602923303102818497e-01 -4.091115968726683150e+01
1.000000000000000000e+00 4.819887852259526539e+02 2.051814942290937793e+01 -1.141852837604690576e+06 -1.308122726840521719e+14 1.190112779277787555e-06 -3.761849509599386465e+01 -8.196319720077545057e-01 9.323831388509215001e-01 1.331134459782250257e-01 -2.491790350379322305e+01
1.000000000000000000e+00 4.845755149406399482e+02 6.635263791580777593e+01 -1.145804662697161082e+06 -1.317192928408179219e+14 1.222351882957204916e-06 6.054272275527229397e+01 1.314608948808910327e+00 8.152277406843704277e-01 -2.134327380994491541e-01 -2.436703942757806374e+01
1.000000000000000000e+00 4.752087228299695312e+02 1.105152310556432269e+02 -1.149756488872161601e+06 -1.326294469201089219e+14 1.214333966509549963e-06 1.048778487963877382e+02 2.269554493412703433e+00 -3.316734114365829655e-02 -3.685488433815408693e-01 -4.079079223442541036e+01
1.000000000000000000e+00 4.542579929417424296e+02 1.519795444546707301e+02 -1.153708308359115385e+06 -1.335427331255985156e+14 1.167516396911483490e-06 5.516536308768198182e+01 1.189735847394027157e+00 -8.519138718248021602e-01 -1.932287497660693243e-01 -2.848539797506625959e+01
1.000000000000000000e+00 4.222417189031440330e+02 1.897444596283166334e+02 -1.157660113629807020e+06 -1.344591496926119688e+14 1.086614368440481832e-06 -4.446141409936733169e+01 -9.556514933309212534e-01 -9.072980628452596008e-01 1.552637868052148817e-01 -2.168592390143553672e+01
1.000000000000000000e+00 3.800415715451539995e+02 2.228867887976076076e+02 -1.161611897298287600e+06 -1.353786948657568438e+14 9.799387792455958167e-07 -1.047953807022927037e+02 -2.244892599359581631e+00 -1.498194426494920961e-01 3.646460006806885867e-01 -3.930462664193272104e+01
1.000000000000000000e+00 3.287802339316208986e+02 2.506828407152075044e+02 -1.165563653246133123e+06 -1.363013671626633125e+14 8.581364184288941366e-07 -7.130130364770641904e+01 -1.522274515941689499e+00 7.418426593513798295e-01 2.472222881844698128e-01 -3.233658490811752984e+01
1.000000000000000000e+00 2.696551462337261000e+02 2.724836047366816274e+02 -1.169515375655305572e+06 -1.372271651520480312e+14 7.325930935556338346e-07 2.659507172603393599e+01 5.659051429134471789e-01 9.682390719701045034e-01 -9.186275850746566940e-02 -2.016621799264877524e+01
1.000000000000000000e+00 2.041451984104793667e+02 2.877636230611383326e+02 -1.173467059020907385e+06 -1.381560874579089531e+14 6.153867730735932405e-07 1.012165014764952105e+02 2.146572813051242257e+00 3.261923213194555804e-01 -3.485502803243568648e-01 -3.666138222704400107e+01
1.000000000000000000e+00 1.338692484988367255e+02 2.962278714365461951e+02 -1.177418699532458559e+06 -1.390881330871065312e+14 5.178847988546222202e-07 8.526478471650732160e+01 1.802273341562689923e+00 -6.084143223455359406e-01 -2.927041639411015472e-01 -3.591744933402225115e+01
1.000000000000000000e+00 6.042551188244483740e+01 2.976768549351487536e+02 -1.181370294285698561e+06 -1.400233012492379688e+14 4.490958966166518507e-07 -7.436962100521897767e+00 -1.566779863287525443e-01 -9.978368065551951327e-01 2.547483322729421698e-02 -2.000615279965613524e+01
1.000000000000000000e+00 -1.440504280079928279e+01 2.920534696849320540e+02 -1.185321841002914589e+06 -1.409615912937118125e+14 4.153805310292200146e-07 -9.405820035589071892e+01 -1.975037284366661039e+00 -4.933601600272230492e-01 3.208372113949590765e-01 -3.318228008702033804e+01
1.000000000000000000e+00 -8.881285548756690673e+01 2.795371117648392101e+02 -1.189273339008823037e+06 -1.419030029451145000e+14 4.199091373824906964e-07 -9.671027527201512441e+01 -2.024054532257132610e+00 4.530828685155613988e-01 3.287308859931740712e-01 -3.880301705319199357e+01
1.000000000000000000e+00 -1.611112270018739991e+02 2.603993165188968533e+02 -1.193224788231482031e+06 -1.428475360703508438e+14 4.621527989577535779e-07 -1.238183721827764927e+01 -2.582916343574386264e-01 9.932906676690573811e-01 4.196300391444827277e-02 -2.123206022379247315e+01
1.000000000000000000e+00 -2.295354502281431621e+02 2.350499335047501290e+02 -1.197176189679964911e+06 -1.437951907957847812e+14 5.378708938045784333e-07 8.365728915910058561e+01 1.739439674049747531e+00 6.427335216025700237e-01 -2.824209274595484986e-01 -2.935802434058003030e+01
1.000000000000000000e+00 -2.924056959298214906e+02 2.041193027383538094e+02 -1.201127546029793564e+06 -1.447459676526239375e+14 6.396689547845562476e-07 1.050514764267220613e+02 2.177171897607557582e+00 -2.842026604254659361e-01 -3.535666019049648057e-01 -4.056767734955035820e+01
1.000000000000000000e+00 -3.482676854212250532e+02 1.683042910867317516e+02 -1.205078860845271498e+06 -1.456998673954787500e+14 7.578425484475616679e-07 3.213821946156078013e+01 6.638989125477099407e-01 -9.565057965397155693e-01 -1.078196505691234736e-01 -2.367487771298631571e+01
1.000000000000000000e+00 -3.956936510989248177e+02 1.284134361696776239e+02 -1.209030138078300515e+06 -1.466568908842970938e+14 8.808005851679609196e-07 -7.010970155414905491e+01 -1.443618464903331899e+00 -7.719888669255386970e-01 2.345275408575626108e-01 -2.566489382025303456e+01
1.000000000000000000e+00 -4.334502579917074740e+02 8.543625932255224598e+01 -1.212981383310531499e+06 -1.476170393882343750e+14 9.963577305047584548e-07 -1.100246399762641829e+02 -2.258202990941040600e+00 1.040026678506903168e-01 3.667874501962447575e-01 -4.100477036586024582e+01
1.000000000000000000e+00 -4.606251005410715607e+02 4.037938081162239001e+01 -1.216932602601322345e+06 -1.485803143107987812e+14 1.093134417171621770e-06 -5.127587708783295994e+01 -1.049033478036165645e+00 8.867014022775930870e-01 1.703659763233256463e-01 -2.703227267165284786e+01
