5.400000048161416635e+04 -1.491269582276278117e-07 9.999999999999999547e-08
5.400917843872644153e+04 -6.051718483413854248e-08 9.999999999999999547e-08
5.401835638637496595e+04 1.008950925270526268e-07 9.999999999999999547e-08
5.402753430466041755e+04 -6.351947017768812204e-08 9.999999999999999547e-08
5.403671217369266378e+04 -9.744662788900955347e-08 9.999999999999999547e-08
5.404588997431657481e+04 -2.285193944812389197e-07 9.999999999999999547e-08
5.405506768994687445e+04 -1.774805659187442486e-07 9.999999999999999547e-08
5.406424530440272065e+04 -3.758227384080398240e-08 9.999999999999999547e-08
5.407342280414566630e+04 -9.332437942482748951e-08 9.999999999999999547e-08
5.408260018010720523e+04 4.916899234943014714e-08 9.999999999999999547e-08
5.409177742565359222e+04 -2.575334911913650534e-08 9.999999999999999547e-08
5.410095453719510988e+04 2.636650088544143776e-08 9.999999999999999547e-08
5.411013151560625556e+04 -1.096892968063383995e-07 9.999999999999999547e-08
5.411930836459990678e+04 -7.915689328925395050e-08 9.999999999999999547e-08
5.412848509149660822e+04 -2.815977999740194949e-08 9.999999999999999547e-08
5.413766170856569806e+04 -6.812191765853401959e-08 9.999999999999999547e-08
5.414683822920348757e+04 -2.184916671984857120e-07 9.999999999999999547e-08
5.415601466897943465e+04 -1.740047983297451193e-07 9.999999999999999547e-08
5.416519104696465365e+04 -2.058143129082436105e-07 9.999999999999999547e-08
5.417436738256792160e+04 -1.722876774897122906e-07 9.999999999999999547e-08
5.418354369635137846e+04 1.994526760457453398e-08 9.999999999999999547e-08
5.419272000985825434e+04 6.110336926526966546e-08 9.999999999999999547e-08
5.420189634284054773e+04 8.436335861866726706e-08 9.999999999999999547e-08
5.421107271443193895e+04 -1.216075334212002747e-07 9.999999999999999547e-08
5.422024914406621247e+04 5.631267396763835654e-08 9.999999999999999547e-08
5.422942564841760759e+04 1.037005308044346403e-07 9.999999999999999547e-08
5.423860224184177059e+04 -4.963774200021001256e-08 9.999999999999999547e-08
5.424777893748000497e+04 -8.658359269023634103e-08 9.999999999999999547e-08
5.425695574445616512e+04 -1.687320215372821059e-07 9.999999999999999547e-08
5.426613267023491790e+04 -1.092735141875721906e-07 9.999999999999999547e-08
5.427530972053034930e+04 -7.858406298002279512e-08 9.999999999999999547e-08
5.428448689640303201e+04 6.107560455021628716e-09 9.999999999999999547e-08
5.429366419641647371e+04 6.743941205484812119e-08 9.999999999999999547e-08
5.430284161722769932e+04 9.655765118875948048e-08 9.999999999999999547e-08
5.431201915197940252e+04 -8.517119939599041354e-08 9.999999999999999547e-08
5.432119679151783930e+04 6.939188722155898105e-08 9.999999999999999547e-08
5.433037452512281743e+04 8.707479551582134776e-08 9.999999999999999547e-08
5.433955233775896340e+04 -7.347238844638627287e-08 9.999999999999999547e-08
5.434873021336007514e+04 -3.068303591131505064e-08 9.999999999999999547e-08
5.435790813535588677e+04 8.091307688794063081e-08 9.999999999999999547e-08
5.436708608448585437e+04 1.770419867678384242e-09 9.999999999999999547e-08
5.437626404088859999e+04 2.899435129637317622e-08 9.999999999999999547e-08
5.438544198453831632e+04 -1.057304674971893954e-07 9.999999999999999547e-08
5.439461989431061374e+04 -4.506370362117494761e-10 9.999999999999999547e-08
5.440379775063420675e+04 5.444440906689777778e-08 9.999999999999999547e-08
5.441297553605636494e+04 1.517826767785229034e-07 9.999999999999999547e-08
5.442215323247037304e+04 -1.091286413411159095e-07 9.999999999999999547e-08
5.443133082453866518e+04 1.058166367657358932e-07 9.999999999999999547e-08
5.444050830054016114e+04 -1.279358968694409076e-08 9.999999999999999547e-08
5.444968565057006344e+04 2.045762757444075040e-07 9.999999999999999547e-08
5.445886286916305835e+04 5.728873332820866581e-08 9.999999999999999547e-08
5.446803995434797253e+04 -5.921809205288061844e-09 9.999999999999999547e-08
5.447721690617006243e+04 -4.849321755200287084e-08 9.999999999999999547e-08
5.448639372955549334e+04 -7.884952581846243870e-08 9.999999999999999547e-08
5.449557043376883666e+04 3.661299663693225837e-08 9.999999999999999547e-08
5.450474703013662656e+04 8.510879769528934009e-08 9.999999999999999547e-08
5.451392353289196035e+04 5.192224476754354896e-08 9.999999999999999547e-08
5.452309995911532314e+04 -2.475104645345694014e-08 9.999999999999999547e-08
5.453227632648927829e+04 2.194098027058311260e-07 9.999999999999999547e-08
5.454145265571699565e+04 6.537496842338419535e-08 9.999999999999999547e-08
5.455062896822285256e+04 5.391584484192137581e-08 9.999999999999999547e-08
5.455980528370372485e+04 1.583250124418804131e-07 9.999999999999999547e-08
5.456898162242829858e+04 1.327523596730398085e-07 9.999999999999999547e-08
5.457815800430004310e+04 2.638298649306525133e-08 9.999999999999999547e-08
5.458733444722374406e+04 9.787538590625734691e-08 9.999999999999999547e-08
5.459651096798992512e+04 1.914343280701238369e-07 9.999999999999999547e-08
5.460568758124621672e+04 2.432038143569995309e-07 9.999999999999999547e-08
5.461486429789666727e+04 1.058795939645803400e-07 9.999999999999999547e-08
5.462404112756465474e+04 4.292794230432186530e-08 9.999999999999999547e-08
5.463321807818363595e+04 3.823718831285974984e-07 9.999999999999999547e-08
5.464239515315589233e+04 2.077261184151142455e-07 9.999999999999999547e-08
5.465157235367478279e+04 1.720421741551462294e-07 9.999999999999999547e-08
5.466074967822957842e+04 2.305849505570497359e-07 9.999999999999999547e-08
5.466992712188022415e+04 1.945083815014573380e-07 9.999999999999999547e-08
5.467910467805239023e+04 1.679025935251110321e-07 9.999999999999999547e-08
5.468828233778777940e+04 2.281118643571485647e-07 9.999999999999999547e-08
5.469746008784102014e+04 1.725071574015302623e-07 9.999999999999999547e-08
5.470663791386176308e+04 6.089810117250507852e-08 9.999999999999999547e-08
5.471581580035029037e+04 1.719391836631937013e-07 9.999999999999999547e-08
5.472499372889829829e+04 2.225375903068790034e-07 9.999999999999999547e-08
5.473417168096554815e+04 -1.354337294395352298e-08 9.999999999999999547e-08
5.474334963662474183e+04 8.128714423606414979e-08 9.999999999999999547e-08
5.475252757453762024e+04 7.652520964038195759e-08 9.999999999999999547e-08
5.476170547493078629e+04 8.045865334157509320e-08 9.999999999999999547e-08
5.477088331899294280e+04 -2.053343478089852519e-07 9.999999999999999547e-08
5.478006108754258457e+04 -1.075772565523227489e-07 9.999999999999999547e-08
5.478923876396553533e+04 1.674933048990777161e-07 9.999999999999999547e-08
5.479841633398487465e+04 -6.545931380450343743e-08 9.999999999999999547e-08
5.480759378497378202e+04 -1.989674724775806303e-07 9.999999999999999547e-08
5.481677110913956130e+04 -1.875509664196101881e-07 9.999999999999999547e-08
5.482594830158456170e+04 -2.410944823095930333e-07 9.999999999999999547e-08
5.483512537092345883e+04 -1.546867516766061702e-07 9.999999999999999547e-08
5.484430229640148900e+04 -1.484892548246121393e-07 9.999999999999999547e-08
5.485347909548842290e+04 -1.206016885776664016e-07 9.999999999999999547e-08
5.486265577682213916e+04 -9.690157805640933131e-08 9.999999999999999547e-08
5.487183235312371107e+04 -1.316315625811622188e-07 9.999999999999999547e-08
5.488100883944614907e+04 -6.992887392119254087e-08 9.999999999999999547e-08
5.489018525179046992e+04 -1.452642754883987950e-08 9.999999999999999547e-08
5.489936160985899187e+04 -2.024902686040038966e-07 9.999999999999999547e-08
5.490853793436761771e+04 -5.265393985992320046e-08 9.999999999999999547e-08
5.491771424521285371e+04 -4.458596080967158143e-07 9.999999999999999547e-08
5.492689056355926004e+04 -1.231964341062616857e-07 9.999999999999999547e-08
5.493606690943101421e+04 -1.899929972992037892e-07 9.999999999999999547e-08
5.494524330155993812e+04 -2.662585147878445210e-07 9.999999999999999547e-08
5.495441975869768794e+04 -2.678421133450485426e-07 9.999999999999999547e-08
5.496359629697462515e+04 -1.324282249469293776e-08 9.999999999999999547e-08
5.497277292932626733e+04 -8.246408440137553871e-08 9.999999999999999547e-08
5.498194966762343392e+04 -1.381622023742460575e-07 9.999999999999999547e-08
5.499112652117099788e+04 -1.708434045947776149e-07 9.999999999999999547e-08
5.500030349575843866e+04 -2.442334088347110382e-07 9.999999999999999547e-08
5.500948059577267850e+04 -8.271767314675640393e-08 9.999999999999999547e-08
5.501865782138428767e+04 -2.062349743757525555e-07 9.999999999999999547e-08
5.502783516956763197e+04 -2.741022555060130624e-07 9.999999999999999547e-08
5.503701263625374850e+04 -1.341220477804609486e-07 9.999999999999999547e-08
5.504619021410721325e+04 -1.228631352202348857e-07 9.999999999999999547e-08
5.505536789238961501e+04 -6.854769189219114916e-08 9.999999999999999547e-08
5.506454565880825976e+04 -6.562949428644707777e-08 9.999999999999999547e-08
5.507372349840686365e+04 -1.043002519244312427e-07 9.999999999999999547e-08
5.508290139419856860e+04 8.590331487136447077e-08 9.999999999999999547e-08
5.509207932903157052e+04 -1.599032880414390339e-07 9.999999999999999547e-08
5.510125728365816758e+04 -1.077902327805438740e-07 9.999999999999999547e-08
5.511043523683198873e+04 -7.498772767688845830e-08 9.999999999999999547e-08
5.511961316879903461e+04 -8.952090468968477894e-08 9.999999999999999547e-08
5.512879105948538199e+04 -9.544327011714627435e-08 9.999999999999999547e-08
5.513796888938002667e+04 -5.387904813028571575e-10 9.999999999999999547e-08
5.514714664092306339e+04 -1.103927978338363917e-07 9.999999999999999547e-08
5.515632429728508578e+04 -5.371777394216623058e-08 9.999999999999999547e-08
5.516550184372835793e+04 -1.226288678854622263e-08 9.999999999999999547e-08
5.517467926998381881e+04 -2.273541961899576024e-07 9.999999999999999547e-08
5.518385656837857096e+04 9.720036710760671295e-08 9.999999999999999547e-08
5.519303373346294393e+04 1.477758656071332377e-08 9.999999999999999547e-08
5.520221076471528067e+04 -1.238676211150321923e-07 9.999999999999999547e-08
5.521138766433603450e+04 -3.516758901980255729e-08 9.999999999999999547e-08
5.522056443859012506e+04 -9.366075917016822758e-09 9.999999999999999547e-08
5.522974109818836587e+04 -1.106295445260231888e-07 9.999999999999999547e-08
5.523891765550318814e+04 -4.874734096573910467e-08 9.999999999999999547e-08
5.524809412500205508e+04 7.707237102312352236e-10 9.999999999999999547e-08
5.525727052492532675e+04 1.732313656888746361e-07 9.999999999999999547e-08
5.526644687471596262e+04 1.086575525162813205e-07 9.999999999999999547e-08
5.527562319438102713e+04 4.133509844013963156e-08 9.999999999999999547e-08
5.528479950535962416e+04 2.349426535982264688e-07 9.999999999999999547e-08
5.529397582750526635e+04 5.583922513896101936e-08 9.999999999999999547e-08
5.530315218034580903e+04 1.802768242746323447e-07 9.999999999999999547e-08
5.531232858423586003e+04 1.382698474883997872e-07 9.999999999999999547e-08
5.532150505642920325e+04 2.013523815064824188e-07 9.999999999999999547e-08
5.533068161197088921e+04 -2.688524202744810257e-08 9.999999999999999547e-08
5.533985826461442775e+04 2.226141815487853199e-07 9.999999999999999547e-08
5.534903502513475541e+04 1.689768090845874235e-07 9.999999999999999547e-08
5.535821190191496135e+04 1.315735718943929314e-07 9.999999999999999547e-08
5.536738890171129606e+04 1.870575997466353044e-07 9.999999999999999547e-08
5.537656602679979551e+04 1.654207521308907140e-07 9.999999999999999547e-08
5.538574327641198761e+04 1.167836649596279591e-07 9.999999999999999547e-08
5.539492064885330183e+04 2.029724711789402502e-07 9.999999999999999547e-08
5.540409813840428978e+04 2.015529489732894300e-07 9.999999999999999547e-08
5.541327573684023082e+04 9.061672831379712229e-08 9.999999999999999547e-08
5.542245343407767359e+04 9.566074502263160883e-08 9.999999999999999547e-08
5.543163121608504298e+04 2.115177636128944745e-07 9.999999999999999547e-08
5.544080906771016453e+04 1.242107430840287327e-07 9.999999999999999547e-08
5.544998697315768368e+04 4.311918714330920183e-07 9.999999999999999547e-08
5.545916491360493092e+04 2.546693539587267076e-07 9.999999999999999547e-08
5.546834286899014842e+04 8.287758209264723472e-08 9.999999999999999547e-08
5.547752081980437652e+04 -3.945043849122792996e-08 9.999999999999999547e-08
5.548669874502000312e+04 1.230685578098763212e-07 9.999999999999999547e-08
5.549587662478220591e+04 2.678868680939022507e-07 9.999999999999999547e-08
5.550505444092904509e+04 2.164449107303850172e-07 9.999999999999999547e-08
5.551423217456437123e+04 1.277005234395080884e-07 9.999999999999999547e-08
5.552340980951808160e+04 1.657368302403050892e-07 9.999999999999999547e-08
5.553258733309323725e+04 6.629283804461206537e-08 9.999999999999999547e-08
5.554176473445703596e+04 8.537911710462356476e-08 9.999999999999999547e-08
5.555094200612942223e+04 1.986183103156178153e-07 9.999999999999999547e-08
5.556011914488666662e+04 2.866351030862330380e-07 9.999999999999999547e-08
5.556929614936288999e+04 2.665967579080983121e-07 9.999999999999999547e-08
5.557847302301405580e+04 3.068432657844705497e-08 9.999999999999999547e-08
5.558764977397360053e+04 3.034154466409399289e-07 9.999999999999999547e-08
5.559682641193677409e+04 7.523137905393862680e-08 9.999999999999999547e-08
5.560600295002377243e+04 1.381446014261550928e-07 9.999999999999999547e-08
5.561517940449684102e+04 8.895533551088723629e-08 9.999999999999999547e-08
5.562435579272684117e+04 1.135755211603380763e-07 9.999999999999999547e-08
5.563353213458929531e+04 -1.550539797253506391e-07 9.999999999999999547e-08
5.564270845126925269e+04 9.601863213673470843e-09 9.999999999999999547e-08
5.565188476261545293e+04 9.821267252710125313e-08 9.999999999999999547e-08
5.566106108889441384e+04 -1.581942206435089271e-07 9.999999999999999547e-08
5.567023745093520120e+04 1.424600830996740228e-09 9.999999999999999547e-08
5.567941386689712090e+04 1.420372543874033677e-07 9.999999999999999547e-08
5.568859035431385564e+04 -2.180326386538257061e-08 9.999999999999999547e-08
5.569776692863219796e+04 6.675871240492171480e-08 9.999999999999999547e-08
5.570694360181665252e+04 -1.957610886282938388e-07 9.999999999999999547e-08
5.571612038465891965e+04 9.446408389350562632e-09 9.999999999999999547e-08
5.572529728601941315e+04 -3.306419637480790926e-07 9.999999999999999547e-08
5.573447431053969194e+04 -1.124218419646053999e-07 9.999999999999999547e-08
5.574365146027598530e+04 -1.981163027336847542e-07 9.999999999999999547e-08
5.575282873513500817e+04 -1.192369921562888235e-07 9.999999999999999547e-08
5.576200613122062350e+04 -2.207827656569288897e-07 9.999999999999999547e-08
5.577118364295797801e+04 -4.093933994771497892e-07 9.999999999999999547e-08
5.578036126256354328e+04 -2.024698398172592469e-07 9.999999999999999547e-08
5.578953897752788907e+04 -1.824020433238831031e-07 9.999999999999999547e-08
5.579871677443954832e+04 -2.526593365583296691e-07 9.999999999999999547e-08
5.580789463854973292e+04 -1.930747365881457132e-07 9.999999999999999547e-08
5.581707255229533621e+04 -1.130874595113408427e-07 9.999999999999999547e-08
5.582625049721955293e+04 -1.620995274225008882e-07 9.999999999999999547e-08
