5.399999825435171078e+04 -1.853858768914799325e-07 9.999999999999999547e-08
5.400917623154792818e+04 3.977472399705898432e-08 9.999999999999999547e-08
5.401835425386019779e+04 1.942196318190040575e-07 9.999999999999999547e-08
5.402753229983356141e+04 7.298048232268801133e-08 9.999999999999999547e-08
5.403671034700341261e+04 1.155237321488493942e-08 9.999999999999999547e-08
5.404588837165945006e+04 2.132574601013657260e-08 9.999999999999999547e-08
5.405506635206507053e+04 9.006442974788496090e-08 9.999999999999999547e-08
5.406424426578853308e+04 -6.258364786895291891e-08 9.999999999999999547e-08
5.407342209149769042e+04 4.972789624521147908e-08 9.999999999999999547e-08
5.408259981161015457e+04 -3.658223227296304834e-08 9.999999999999999547e-08
5.409177741079123371e+04 1.073223043836975647e-07 9.999999999999999547e-08
5.410095487609109841e+04 -5.936922800252870469e-08 9.999999999999999547e-08
5.411013219935318921e+04 -1.308066120525582720e-07 9.999999999999999547e-08
5.411930937539500155e+04 -4.705659133531720370e-08 9.999999999999999547e-08
5.412848640265670838e+04 -1.406429975511247266e-07 9.999999999999999547e-08
5.413766328557799716e+04 1.609268782488307545e-07 9.999999999999999547e-08
5.414684003127925098e+04 -2.137727010804182264e-07 9.999999999999999547e-08
5.415601664951488783e+04 -6.989574118224786651e-08 9.999999999999999547e-08
5.416519315505341365e+04 3.431269074027554639e-08 9.999999999999999547e-08
5.417436956449167337e+04 -3.254546370449124183e-07 9.999999999999999547e-08
5.418354589650975686e+04 -1.964082528405457685e-07 9.999999999999999547e-08
5.419272217292371352e+04 -2.726909581504657909e-07 9.999999999999999547e-08
5.420189841516570596e+04 -1.733648400830907487e-07 9.999999999999999547e-08
5.421107464458001778e+04 -1.197418015595650334e-07 9.999999999999999547e-08
5.422025088450964540e+04 -3.219559135174267815e-08 9.999999999999999547e-08
5.422942715671010228e+04 -1.614229772999952718e-07 9.999999999999999547e-08
5.423860348131232604e+04 -1.425432121252575475e-07 9.999999999999999547e-08
5.424777987835141539e+04 -7.008925940807364652e-08 9.999999999999999547e-08
5.425695636438672955e+04 -1.372419947795046588e-07 9.999999999999999547e-08
5.426613295408014528e+04 -2.457981007396360324e-07 9.999999999999999547e-08
5.427530966130561865e+04 -2.994235818122156948e-07 9.999999999999999547e-08
5.428448649572303111e+04 -3.005667074251719631e-07 9.999999999999999547e-08
5.429366346362559852e+04 -2.057568372472131021e-07 9.999999999999999547e-08
5.430284056964534830e+04 -1.393562044932940348e-07 9.999999999999999547e-08
5.431201781440064224e+04 -2.465855254007212878e-07 9.999999999999999547e-08
5.432119519542055787e+04 -9.150761156494662658e-09 9.999999999999999547e-08
5.433037270861595607e+04 -2.527839682137372353e-07 9.999999999999999547e-08
5.433955034469520615e+04 -5.420348986725683766e-08 9.999999999999999547e-08
5.434872809150322428e+04 3.936326205486762189e-08 9.999999999999999547e-08
5.435790593605751201e+04 9.976215945663076145e-08 9.999999999999999547e-08
5.436708386151034938e+04 -8.975998670036724019e-09 9.999999999999999547e-08
5.437626184882671078e+04 3.876974794614012774e-08 9.999999999999999547e-08
5.438543987791900145e+04 -3.210964652984855678e-08 9.999999999999999547e-08
5.439461792593750579e+04 1.899594653917354796e-08 9.999999999999999547e-08
5.440379596971935098e+04 -1.364968781054009836e-07 9.999999999999999547e-08
5.441297398775391048e+04 9.189274732110768539e-08 9.999999999999999547e-08
5.442215195662446058e+04 6.671871041399276301e-08 9.999999999999999547e-08
5.443132985384966742e+04 -1.712355766104336455e-08 9.999999999999999547e-08
5.444050766012472013e+04 4.338534303801084293e-08 9.999999999999999547e-08
5.444968535707219417e+04 1.333155444009886143e-07 9.999999999999999547e-08
5.445886292994396354e+04 -2.437962421443177705e-08 9.999999999999999547e-08
5.446804036789060774e+04 8.422796511125181893e-08 9.999999999999999547e-08
5.447721766198021942e+04 4.682202221265246642e-08 9.999999999999999547e-08
5.448639480763130996e+04 3.087435179027326658e-07 9.999999999999999547e-08
5.449557180588389019e+04 2.445052877475643464e-07 9.999999999999999547e-08
5.450474866064602247e+04 2.086920513561882333e-07 9.999999999999999547e-08
5.451392537948414247e+04 4.775823987491711635e-08 9.999999999999999547e-08
5.452310197436209273e+04 2.730142393892015333e-07 9.999999999999999547e-08
5.453227845893693302e+04 1.764491382742205821e-07 9.999999999999999547e-08
5.454145485074553289e+04 2.156834620245155635e-07 9.999999999999999547e-08
5.455063117044655519e+04 7.873421668385040702e-08 9.999999999999999547e-08
5.455980743821419310e+04 1.140938729814722974e-07 9.999999999999999547e-08
5.456898367550088005e+04 1.725285053388322374e-07 9.999999999999999547e-08
5.457815990544040687e+04 1.332697434423028925e-07 9.999999999999999547e-08
5.458733614987490000e+04 2.677992579463181331e-07 9.999999999999999547e-08
5.459651243055328814e+04 4.330819392384995999e-08 9.999999999999999547e-08
5.460568876860050659e+04 1.261818331028015707e-07 9.999999999999999547e-08
5.461486518178581173e+04 -3.184982512011711801e-08 9.999999999999999547e-08
5.462404168663844030e+04 2.052116341010774415e-07 9.999999999999999547e-08
5.463321829918880394e+04 4.362964856618695899e-08 9.999999999999999547e-08
5.464239503089991922e+04 3.516263453258699156e-08 9.999999999999999547e-08
5.465157189103920973e+04 9.449430252179128356e-08 9.999999999999999547e-08
5.466074888641890720e+04 1.407911113211759798e-07 9.999999999999999547e-08
5.466992601970677060e+04 3.246757906034490167e-08 9.999999999999999547e-08
5.467910329143908893e+04 8.544487342361065081e-08 9.999999999999999547e-08
5.468828069981572480e+04 2.445343958450988415e-07 9.999999999999999547e-08
5.469745823796621698e+04 -6.589430163696495241e-08 9.999999999999999547e-08
5.470663589638320263e+04 7.332684337195882717e-08 9.999999999999999547e-08
5.471581366416204401e+04 -7.778795274139257572e-09 9.999999999999999547e-08
5.472499152588361176e+04 -2.903803352106729174e-08 9.999999999999999547e-08
5.473416946491129056e+04 5.930308700134909814e-09 9.999999999999999547e-08
5.474334746250811440e+04 1.042079024715406388e-07 9.999999999999999547e-08
5.475252549668864958e+04 -2.047660800589905121e-08 9.999999999999999547e-08
5.476170354518134991e+04 5.768973905626560474e-09 9.999999999999999547e-08
5.477088158609850507e+04 2.953973792490185608e-07 9.999999999999999547e-08
5.478005959582088690e+04 2.519674902542750023e-07 9.999999999999999547e-08
5.478923755154675018e+04 -1.706405246449792393e-07 9.999999999999999547e-08
5.479841543247613299e+04 4.369191458352153086e-08 9.999999999999999547e-08
5.480759321778763115e+04 1.261616346142515752e-07 9.999999999999999547e-08
5.481677089084493491e+04 -1.128133468337623003e-08 9.999999999999999547e-08
5.482594843809046870e+04 1.570928608871492855e-07 9.999999999999999547e-08
5.483512585894965741e+04 1.036875509331812709e-07 9.999999999999999547e-08
5.484430312318249344e+04 -1.581807866000044240e-09 9.999999999999999547e-08
5.485348023965198809e+04 3.043299897685412487e-08 9.999999999999999547e-08
5.486265720853442326e+04 -2.032868506473852411e-07 9.999999999999999547e-08
5.487183403509793425e+04 1.033248387265128264e-07 9.999999999999999547e-08
5.488101072860240674e+04 4.067575882839068715e-08 9.999999999999999547e-08
5.489018729967825493e+04 1.990301372631043915e-07 9.999999999999999547e-08
5.489936376397212734e+04 6.671601475104718474e-08 9.999999999999999547e-08
5.490854014020381874e+04 1.137413359532463228e-07 9.999999999999999547e-08
5.491771644726666273e+04 1.431459311003240560e-07 9.999999999999999547e-08
5.492689270687313547e+04 -2.602997928983841689e-07 9.999999999999999547e-08
5.493606894113899034e+04 1.127995497853663905e-07 9.999999999999999547e-08
5.494524517164417193e+04 4.371481487302897897e-09 9.999999999999999547e-08
5.495442142134707683e+04 1.540158565524768441e-07 9.999999999999999547e-08
5.496359771211168845e+04 7.538683609016664334e-08 9.999999999999999547e-08
5.497277406311948289e+04 -1.050156353460479172e-07 9.999999999999999547e-08
5.498195049293444026e+04 -1.079456311324767908e-07 9.999999999999999547e-08
5.499112701845830452e+04 -3.356566075928169752e-07 9.999999999999999547e-08
5.500030365322318539e+04 -9.026780258340951439e-08 9.999999999999999547e-08
5.500948040970264265e+04 -1.891639054603386222e-07 9.999999999999999547e-08
5.501865729669055145e+04 -1.557485500387550886e-08 9.999999999999999547e-08
5.502783431882105651e+04 -6.137773735518428194e-08 9.999999999999999547e-08
5.503701147949635924e+04 -1.155507923651653533e-07 9.999999999999999547e-08
5.504618877905069530e+04 -2.099568572961538892e-07 9.999999999999999547e-08
5.505536621337558609e+04 -2.060809748968010985e-07 9.999999999999999547e-08
5.506454377616033889e+04 -4.253738895501775211e-07 9.999999999999999547e-08
5.507372145772155636e+04 -3.745188539224541534e-07 9.999999999999999547e-08
5.508289924482061906e+04 -2.681118494260697689e-07 9.999999999999999547e-08
5.509207712322580483e+04 -2.207881575684479321e-07 9.999999999999999547e-08
5.510125507590783673e+04 -3.454468504289440173e-07 9.999999999999999547e-08
5.511043308193224948e+04 -1.795803554280953630e-07 9.999999999999999547e-08
5.511961112051614327e+04 -1.181517907152874186e-07 9.999999999999999547e-08
5.512878916940268391e+04 -2.057283366230184900e-07 9.999999999999999547e-08
5.513796720536196517e+04 -1.961821968239542895e-07 9.999999999999999547e-08
5.514714520596766670e+04 -1.891659809942497830e-07 9.999999999999999547e-08
5.515632314871061681e+04 -5.040995807253739948e-08 9.999999999999999547e-08
5.516550101129092218e+04 -3.280302354160119854e-07 9.999999999999999547e-08
5.517467877519569447e+04 -2.261359796993277959e-08 9.999999999999999547e-08
5.518385642444247787e+04 -2.476932024131584102e-07 9.999999999999999547e-08
5.519303394436978851e+04 -3.406133875548752249e-07 9.999999999999999547e-08
5.520221132515039790e+04 -3.433941473908143992e-07 9.999999999999999547e-08
5.521138856004833360e+04 -2.404100526733684259e-07 9.999999999999999547e-08
5.522056564620907011e+04 -2.242068656567856718e-07 9.999999999999999547e-08
5.522974258628726966e+04 -1.264170223545007189e-07 9.999999999999999547e-08
5.523891938586274046e+04 -2.043833718548853797e-08 9.999999999999999547e-08
5.524809605318944523e+04 -1.716150637504327129e-07 9.999999999999999547e-08
5.525727260150913935e+04 -2.545108714666311491e-09 9.999999999999999547e-08
5.526644904688837414e+04 8.397969835067209472e-08 9.999999999999999547e-08
5.527562540709773020e+04 -1.279488633868300820e-09 9.999999999999999547e-08
5.528480170309183450e+04 -1.150186457194572273e-07 9.999999999999999547e-08
5.529397795594787749e+04 5.987917421863966541e-09 9.999999999999999547e-08
5.530315418679286086e+04 -3.313410621240904827e-09 9.999999999999999547e-08
5.531233041935563233e+04 -3.103363406525105831e-08 9.999999999999999547e-08
5.532150667573636747e+04 1.970567789123098831e-08 9.999999999999999547e-08
5.533068297642454127e+04 1.193467961967071407e-07 9.999999999999999547e-08
5.533985934155806899e+04 6.582140901256221884e-08 9.999999999999999547e-08
5.534903578920898144e+04 2.775301202634748751e-07 9.999999999999999547e-08
5.535821233475986082e+04 -4.073326212818388712e-08 9.999999999999999547e-08
5.536738899319040502e+04 -1.613793216713762987e-08 9.999999999999999547e-08
5.537656577520522114e+04 2.487902209894555588e-08 9.999999999999999547e-08
5.538574268795586977e+04 -6.331236928056336823e-09 9.999999999999999547e-08
5.539491973756189691e+04 2.255018005026106291e-07 9.999999999999999547e-08
5.540409692614681262e+04 -5.062059945313019635e-08 9.999999999999999547e-08
5.541327425243453763e+04 -1.277738965109046574e-08 9.999999999999999547e-08
5.542245171318960638e+04 1.453078274712915945e-07 9.999999999999999547e-08
5.543162930036680336e+04 1.071548062659286474e-07 9.999999999999999547e-08
5.544080700334154244e+04 1.907492631853899530e-07 9.999999999999999547e-08
5.544998481012470438e+04 3.279617469733231912e-07 9.999999999999999547e-08
5.545916270501355029e+04 1.029849573928670578e-07 9.999999999999999547e-08
5.546834066925699881e+04 3.419330769392990614e-07 9.999999999999999547e-08
5.547751868362800451e+04 1.399153878790046758e-07 9.999999999999999547e-08
5.548669672600990452e+04 5.895696027226342509e-08 9.999999999999999547e-08
5.549587477363781363e+04 2.148709346033950283e-08 9.999999999999999547e-08
5.550505280467842385e+04 1.860644287884709771e-07 9.999999999999999547e-08
5.551423079548314126e+04 2.001258672998578380e-07 9.999999999999999547e-08
5.552340872319111077e+04 1.152857862970352330e-07 9.999999999999999547e-08
5.553258656770631933e+04 7.357570495018382033e-08 9.999999999999999547e-08
5.554176431012520334e+04 1.617238832707132373e-07 9.999999999999999547e-08
5.555094193399113283e+04 1.649103340521152171e-07 9.999999999999999547e-08
5.556011942716204794e+04 2.776033714237050941e-07 9.999999999999999547e-08
5.556929677917572553e+04 8.897601470259886104e-08 9.999999999999999547e-08
5.557847398389258160e+04 1.034671393563725663e-07 9.999999999999999547e-08
5.558765104099369637e+04 1.865328095272013487e-08 9.999999999999999547e-08
5.559682795239029656e+04 -6.847449402519716576e-08 9.999999999999999547e-08
5.560600472421437007e+04 2.011085566726209574e-07 9.999999999999999547e-08
5.561518136689360836e+04 -9.343248557013354721e-08 9.999999999999999547e-08
5.562435789326098893e+04 1.079786919830994673e-07 9.999999999999999547e-08
5.563353431960265880e+04 1.446960005725065655e-07 9.999999999999999547e-08
5.564271066564026114e+04 2.041517956141534259e-07 9.999999999999999547e-08
5.565188695121013734e+04 4.082539976110693541e-08 9.999999999999999547e-08
5.566106319727727532e+04 8.363186924082996132e-08 9.999999999999999547e-08
5.567023942703899229e+04 1.261161753593194912e-07 9.999999999999999547e-08
5.567941566242533736e+04 2.418130671509082644e-07 9.999999999999999547e-08
5.568859192556361813e+04 -1.844162294018171227e-08 9.999999999999999547e-08
5.569776823794483062e+04 5.201708359226665076e-08 9.999999999999999547e-08
5.570694461804782622e+04 5.027717870138118305e-08 9.999999999999999547e-08
5.571612108345374145e+04 8.020067611995343167e-09 9.999999999999999547e-08
5.572529765084469545e+04 -7.312976471957680065e-08 9.999999999999999547e-08
5.573447433310372435e+04 3.158284476363249728e-08 9.999999999999999547e-08
5.574365114017195447e+04 -4.871267756099803440e-08 9.999999999999999547e-08
5.575282808029598527e+04 7.877780289598459806e-08 9.999999999999999547e-08
5.576200515733620705e+04 4.860991749738604476e-08 9.999999999999999547e-08
5.577118237302418129e+04 1.373235522517586618e-07 9.999999999999999547e-08
5.578035972705089807e+04 3.017517716686635490e-08 9.999999999999999547e-08
5.578953721351142303e+04 3.022180074569980174e-08 9.999999999999999547e-08
5.579871482423621637e+04 -9.615923090160445591e-08 9.999999999999999547e-08
5.580789254926978901e+04 -3.261762079890850495e-08 9.999999999999999547e-08
5.581707037481166481e+04 8.124141102574404575e-08 9.999999999999999547e-08
5.582624828469461499e+04 -1.586622640842711223e-07 9.999999999999999547e-08
