1.000000000000000000e+00 -4.591797983985990754e+02 2.552634805941953999e+01 -7.018099976696311496e+05 -3.031820208535856641e+13 -6.624977186839594441e-06 1.213363457176062152e-06
1.000000000000000000e+00 -4.453581603832972178e+02 2.449985311134474841e+01 -7.082499749286802253e+05 -3.087716920281351172e+13 -6.484523158282481108e-06 1.141401159811979824e-06
1.000000000000000000e+00 -4.205494884410741747e+02 2.287423141764621093e+01 -7.146899779198804172e+05 -3.144124437499779688e+13 -6.178981066580141522e-06 1.017645134691105446e-06
1.000000000000000000e+00 -3.852850086867305208e+02 2.067719322673746873e+01 -7.211300212247883901e+05 -3.201042895764415625e+13 -5.711862581457995797e-06 8.539961090158153404e-07
1.000000000000000000e+00 -3.403087702226752072e+02 1.796021282570533373e+01 -7.275701196888587438e+05 -3.258472437636663281e+13 -5.090143896660811664e-06 6.662121334521880521e-07
1.000000000000000000e+00 -2.867519799711894848e+02 1.479555503733414490e+01 -7.340102864420866827e+05 -3.316413194884449609e+13 -4.327037259614835789e-06 4.730368909548089436e-07
1.000000000000000000e+00 -2.259161992082421762e+02 1.125271965749089986e+01 -7.404505324371283641e+05 -3.374865283591921094e+13 -3.438947026799154335e-06 2.935936980766155509e-07
1.000000000000000000e+00 -1.592575784535793844e+02 7.421358845180647812e+00 -7.468908679668406257e+05 -3.433828817250149609e+13 -2.445340387429107929e-06 1.458378233407295167e-07
1.000000000000000000e+00 -8.853252780199682093e+01 3.405668690943397525e+00 -7.533313010147828609e+05 -3.493303891197776172e+13 -1.371105713773903895e-06 4.502430583132584752e-08
1.000000000000000000e+00 -1.554979780924546162e+01 -6.989986679298948458e-01 -7.597718356057242490e+05 -3.553290566276950781e+13 -2.428790190483317562e-07 1.388425208122630980e-09
1.000000000000000000e+00 5.785596040300491438e+01 -4.784469179421269480e+00 -7.662124739170073299e+05 -3.613788887180161719e+13 9.113378095096348424e-07 1.931581587889076594e-08
1.000000000000000000e+00 1.297005126973803328e+02 -8.737783234858703452e+00 -7.726532157506867079e+05 -3.674798876696753125e+13 2.060195207998088848e-06 9.689662951615685244e-08
1.000000000000000000e+00 1.981161598546029836e+02 -1.246353309257940012e+01 -7.790940569500318961e+05 -3.736320519583198438e+13 3.173159160980617710e-06 2.260334322334319060e-07
1.000000000000000000e+00 2.613723145524364782e+02 -1.586222056488674070e+01 -7.855349919727370143e+05 -3.798353785878396094e+13 4.220920600543943256e-06 3.933739833189239226e-07
1.000000000000000000e+00 3.177569481790291661e+02 -1.883995603583991141e+01 -7.919760121094622882e+05 -3.860898612984980469e+13 5.173555909072829529e-06 5.812738049152082978e-07
1.000000000000000000e+00 3.658375999674084369e+02 -2.132868518072816855e+01 -7.984171052858941257e+05 -3.923954902467964062e+13 6.004823343020938823e-06 7.703164798022296865e-07
1.000000000000000000e+00 4.044543962112864506e+02 -2.326300134638402994e+01 -8.048582590978200315e+05 -3.987522548793932812e+13 6.692232622721410365e-06 9.414382600989404158e-07
1.000000000000000000e+00 4.325890497108746899e+02 -2.459047584228705574e+01 -8.112994593595743645e+05 -4.051601424702119531e+13 7.215040474944289719e-06 1.077002570567199123e-06
1.000000000000000000e+00 4.496015937034676426e+02 -2.528915744086013007e+01 -8.177406901040315861e+05 -4.116191380497921875e+13 7.558324158307329688e-06 1.163393972160478120e-06
1.000000000000000000e+00 4.551831889272900185e+02 -2.534208810489498376e+01 -8.241819352980892872e+05 -4.181292260752693750e+13 7.712432370065503125e-06 1.192340750179676244e-06
1.000000000000000000e+00 4.492055678211479517e+02 -2.474761213274224758e+01 -8.306231787107019918e+05 -4.246903902928079688e+13 7.670633627519692822e-06 1.161055172445148641e-06
1.000000000000000000e+00 4.319298636815442478e+02 -2.353417657834941323e+01 -8.370644035170119023e+05 -4.313026133218042188e+13 7.432829477686007221e-06 1.073391564992958792e-06
1.000000000000000000e+00 4.039217830778090388e+02 -2.173310381933150381e+01 -8.435055952674268046e+05 -4.379658797145589062e+13 7.004341400609930897e-06 9.387287968266800846e-07
1.000000000000000000e+00 3.658865631028899656e+02 -1.938887346423617686e+01 -8.499467399082448101e+05 -4.446801739792971094e+13 6.393228642414357055e-06 7.702686108617964287e-07
1.000000000000000000e+00 3.188595297912424940e+02 -1.657156337170742688e+01 -8.563878236496710451e+05 -4.514454804567207031e+13 5.613735527877233008e-06 5.849034388645167467e-07
1.000000000000000000e+00 2.640952871456067896e+02 -1.334915963773792491e+01 -8.628288356050328584e+05 -4.582617861339377344e+13 4.684544462003242791e-06 4.011316820500754292e-07
1.000000000000000000e+00 2.028983507307341654e+02 -9.798227359818012516e+00 -8.692697664051948814e+05 -4.651290792767766406e+13 3.625894429776661765e-06 2.367129394950990962e-07
1.000000000000000000e+00 1.368080209776232152e+02 -6.014272665672994123e+00 -8.757106084624684881e+05 -4.720473497744796094e+13 2.462942283954403188e-06 1.076072011154058500e-07
1.000000000000000000e+00 6.747278069218573648e+01 -2.084654263010692343e+00 -8.821513570263083093e+05 -4.790165903568464844e+13 1.223640319151376920e-06 2.616512520921848778e-08
1.000000000000000000e+00 -3.514928686786416900e+00 1.899824563710957426e+00 -8.885920089296810329e+05 -4.860367953353157812e+13 -6.420975087401025539e-08 8.797121720485856088e-11
1.000000000000000000e+00 -7.443136455822390474e+01 5.836497322349226913e+00 -8.950325625890679657e+05 -4.931079606657516406e+13 -1.369546808785704314e-06 3.197497790672540655e-08
1.000000000000000000e+00 -1.435558045170976982e+02 9.636932708774034850e+00 -9.014730198519079713e+05 -5.002300860615277344e+13 -2.660452773623969657e-06 1.187561004441841969e-07
1.000000000000000000e+00 -2.093265288234166803e+02 1.321398492775331945e+01 -9.079133846769896336e+05 -5.074031736545738281e+13 -3.907066055702970049e-06 2.523230909737237292e-07
1.000000000000000000e+00 -2.701483055987861803e+02 1.647517298430082633e+01 -9.143536621447643265e+05 -5.146272269650203125e+13 -5.078068091259609781e-06 4.201291056841542554e-07
1.000000000000000000e+00 -3.245335431997578439e+02 1.934790838673423963e+01 -9.207938602387887659e+05 -5.219022529650876562e+13 -6.143333178270616843e-06 6.062956697913740767e-07
1.000000000000000000e+00 -3.712455432050893478e+02 2.176498637675577896e+01 -9.272339880642873468e+05 -5.292282601606197656e+13 -7.076730461355576601e-06 7.934036517924766203e-07
1.000000000000000000e+00 -4.091006506288945843e+02 2.365941623390922288e+01 -9.336740564419522416e+05 -5.366052593180848438e+13 -7.852492405151567304e-06 9.633647105954913243e-07
1.000000000000000000e+00 -4.371151162198047473e+02 2.498895398480173213e+01 -9.401140785677556414e+05 -5.440332642962229688e+13 -8.448088315270294694e-06 1.099637202681084032e-06
1.000000000000000000e+00 -4.546313197846610024e+02 2.572003848197281073e+01 -9.465540683634465095e+05 -5.515122902180232812e+13 -8.846812869461635217e-06 1.189410248380346706e-06
1.000000000000000000e+00 -4.611130452161548305e+02 2.582351454609051444e+01 -9.529940396847911179e+05 -5.590423525705698438e+13 -9.033991065624706615e-06 1.223582513049479654e-06
1.000000000000000000e+00 -4.562942087933704443e+02 2.529835358997707928e+01 -9.594340081690149382e+05 -5.666234693845495312e+13 -8.999992108700188750e-06 1.198182581499752660e-06
1.000000000000000000e+00 -4.402814589694467600e+02 2.415410167867622349e+01 -9.658739896512826672e+05 -5.742556594219213281e+13 -8.742445453087685657e-06 1.115487161331964775e-06
1.000000000000000000e+00 -4.133375556999838523e+02 2.240691691302495769e+01 -9.723139993069591001e+05 -5.819389411570346094e+13 -8.262157489439929132e-06 9.829769265208855556e-07
1.000000000000000000e+00 -3.760242817581691384e+02 2.010180754917189816e+01 -9.787540528392475098e+05 -5.896733341815182031e+13 -7.566090421296909772e-06 8.134149621456407270e-07
1.000000000000000000e+00 -3.292736059937479354e+02 1.729349053103940292e+01 -9.851941641039167298e+05 -5.974588563443023438e+13 -6.669001479810738413e-06 6.237270581150796524e-07
1.000000000000000000e+00 -2.741517178481104793e+02 1.404246587730593632e+01 -9.916343455051815836e+05 -6.052955241616833594e+13 -5.588877558703365238e-06 4.323866696471863325e-07
1.000000000000000000e+00 -2.119874548723547605e+02 1.043490771234116465e+01 -9.980746089194108499e+05 -6.131833538947807812e+13 -4.349659204813350547e-06 2.584830093584123885e-07
1.000000000000000000e+00 -1.444077273337539111e+02 6.561831523359889395e+00 -1.004514963781725848e+06 -6.211223591623941406e+13 -2.982146036686491748e-06 1.198813021922478621e-07
1.000000000000000000e+00 -7.307878366293448380e+01 2.515468605494023180e+00 -1.010955416624131030e+06 -6.291125502693953906e+13 -1.518816746994597673e-06 3.066741159187838813e-08
1.000000000000000000e+00 1.817178185030096926e-01 -1.593565740407842712e+00 -1.017395971933257300e+06 -6.371539351659864844e+13 3.800752516836334205e-09 1.274458896448617872e-11
1.000000000000000000e+00 7.339904029861327217e+01 -5.658581637956814347e+00 -1.023836631358596962e+06 -6.452465183686388281e+13 1.544909731351811811e-06 3.106219604868131953e-08
1.000000000000000000e+00 1.447147267640183941e+02 -9.579284243148444844e+00 -1.030277393118700595e+06 -6.533903000944500000e+13 3.065130451527744427e-06 1.206264888360238030e-07
1.000000000000000000e+00 2.122794017828302344e+02 -1.324662300795854009e+01 -1.036718254046529997e+06 -6.615852787356183594e+13 4.524292387533200940e-06 2.595163521631113204e-07
1.000000000000000000e+00 2.742589943604427276e+02 -1.656578822429184683e+01 -1.043159207214200753e+06 -6.698314477541139062e+13 5.881573630187778731e-06 4.331028007623716067e-07
1.000000000000000000e+00 3.291029904112065196e+02 -1.945641184565607773e+01 -1.049600242526800605e+06 -6.781287962998766406e+13 7.101299250710756060e-06 6.234754785928721646e-07
1.000000000000000000e+00 3.754207200670854263e+02 -2.183797985300822120e+01 -1.056041349229608662e+06 -6.864773123448654688e+13 8.150443197214569355e-06 8.111694098043181913e-07
1.000000000000000000e+00 4.119790030038516306e+02 -2.365235601059034209e+01 -1.062482513730779756e+06 -6.948769798089050781e+13 8.998682664683489233e-06 9.768178396385592170e-07
1.000000000000000000e+00 4.379452282750114591e+02 -2.486105246168330041e+01 -1.068923721250823466e+06 -7.033277806178270312e+13 9.623844054852677586e-06 1.103877285086958739e-06
1.000000000000000000e+00 4.527295565273942088e+02 -2.543006718310010683e+01 -1.075364956482420210e+06 -7.118296955298951562e+13 1.000867971136255401e-05 1.179622190849159133e-06
1.000000000000000000e+00 4.559641766109500054e+02 -2.535101753177348627e+01 -1.081806202930601779e+06 -7.203827032361104688e+13 1.014056734974979609e-05 1.196373514720157524e-06
1.000000000000000000e+00 4.477133994720207397e+02 -2.463568806904893904e+01 -1.088247443572569638e+06 -7.289867811971087500e+13 1.001635737622762730e-05 1.153322504338111979e-06
1.000000000000000000e+00 4.282787128755099957e+02 -2.330021831683842493e+01 -1.094688663364917971e+06 -7.376419090011510938e+13 9.638271876662530275e-06 1.055349233313002875e-06
1.000000000000000000e+00 3.981643472771449979e+02 -2.138462596450130704e+01 -1.101129847132280935e+06 -7.463480655804492188e+13 9.013282177134206225e-06 9.121926800560685501e-07
1.000000000000000000e+00 3.582602267096918354e+02 -1.894531912154975828e+01 -1.107570980359091191e+06 -7.551052302855279688e+13 8.157408817269393042e-06 7.384791722430849496e-07
1.000000000000000000e+00 3.096193240305389054e+02 -1.603946757752191843e+01 -1.114012050905056763e+06 -7.639133852641067188e+13 7.090877952522746185e-06 5.514506931517959313e-07
1.000000000000000000e+00 2.534212125809020790e+02 -1.274328759929225541e+01 -1.120453047553603072e+06 -7.727725135530162500e+13 5.837389736736739348e-06 3.693396644090704815e-07
1.000000000000000000e+00 1.911389426559278206e+02 -9.143040523911441397e+00 -1.126893961001569638e+06 -7.816826004878581250e+13 4.428068128671794970e-06 2.100773667127276545e-07
1.000000000000000000e+00 1.243014786664674602e+02 -5.320607046971800536e+00 -1.133334785178813851e+06 -7.906436356200568750e+13 2.896120161625657363e-06 8.883797431811507135e-08
1.000000000000000000e+00 5.446481552532825532e+01 -1.371107056645665567e+00 -1.139775514872924192e+06 -7.996556095120889062e+13 1.276196130351941657e-06 1.704479087693688694e-08
1.000000000000000000e+00 -1.662878862806104507e+01 2.607456722608230137e+00 -1.146216146916867932e+06 -8.087185154473954688e+13 -3.918403885845835718e-07 1.620692276224935803e-09
1.000000000000000000e+00 -8.729389397536370154e+01 6.526834408128218357e+00 -1.152656681508586509e+06 -8.178323513840353125e+13 -2.068549425157309909e-06 4.396141109692838331e-08
1.000000000000000000e+00 -1.559188868708788505e+02 1.029106161225626437e+01 -1.159097120297575835e+06 -8.269971173577007812e+13 -3.715357559684323348e-06 1.400565849724242847e-07
1.000000000000000000e+00 -2.208106335420043251e+02 1.380815608112696324e+01 -1.165537466978707118e+06 -8.362128163913359375e+13 -5.290884560656697369e-06 2.807305436470945366e-07
1.000000000000000000e+00 -2.804382827421627553e+02 1.700092204557980224e+01 -1.171977728413885459e+06 -8.454794561945746875e+13 -6.756763548136801493e-06 4.527406536310325073e-07
1.000000000000000000e+00 -3.334372559263258609e+02 1.978930388263014706e+01 -1.178417911860892549e+06 -8.547970452690214062e+13 -8.077845114842182776e-06 6.400431398058450278e-07
1.000000000000000000e+00 -3.784564949600373325e+02 2.210325936507176436e+01 -1.184858026688867249e+06 -8.641655954262765625e+13 -9.218586629778017356e-06 8.245169675469580096e-07
1.000000000000000000e+00 -4.144006182712275859e+02 2.389190929179552825e+01 -1.191298085170064587e+06 -8.735851230328312500e+13 -1.014899180438351118e-05 9.884275608943458325e-07
1.000000000000000000e+00 -4.404191908273015201e+02 2.510562528950628192e+01 -1.197738099906634539e+06 -8.830556453308296875e+13 -1.084451572114902344e-05 1.116266555009068467e-06
1.000000000000000000e+00 -4.557543548369506539e+02 2.570959457091752398e+01 -1.204178084688363364e+06 -8.925771817227114062e+13 -1.128245498835168698e-05 1.195297030971094305e-06
1.000000000000000000e+00 -4.599784896529483831e+02 2.569130635728764034e+01 -1.210618054558657343e+06 -9.021497539166273438e+13 -1.144792387279243606e-05 1.217606254557879006e-06
1.000000000000000000e+00 -4.529636691164947706e+02 2.504247230808202929e+01 -1.217058024494947167e+06 -9.117733839989500000e+13 -1.133330867671135617e-05 1.180748724024416266e-06
1.000000000000000000e+00 -4.347242791634239438e+02 2.377251996057052352e+01 -1.223498010134451790e+06 -9.214480955248396875e+13 -1.093450749946114705e-05 1.087443003905158455e-06
1.000000000000000000e+00 -4.056447725772129616e+02 2.191401955740743190e+01 -1.229938027840179391e+06 -9.311739136443379688e+13 -1.025678321743478052e-05 9.466767959415152090e-07
1.000000000000000000e+00 -3.664208073368987471e+02 1.950452784024874475e+01 -1.236378091995730065e+06 -9.409508610135401562e+13 -9.313512282270054580e-06 7.723993988074506158e-07
1.000000000000000000e+00 -3.178889619613525497e+02 1.659928153156300112e+01 -1.242818216060998384e+06 -9.507789593313998438e+13 -8.122039956847451389e-06 5.813635012231656598e-07
1.000000000000000000e+00 -2.612375454270297723e+02 1.327392897310985376e+01 -1.249258413297935622e+06 -9.606582304193154688e+13 -6.709187680207241282e-06 3.926024261535839817e-07
1.000000000000000000e+00 -1.979117898848033121e+02 9.606281823120330188e+00 -1.255698694329294376e+06 -9.705886924393740625e+13 -5.109038466889200903e-06 2.252641814720672568e-07
1.000000000000000000e+00 -1.294255890932175532e+02 5.687979559423852471e+00 -1.262139068128335057e+06 -9.805703613275640625e+13 -3.358222165752258566e-06 9.627398141626801856e-08
1.000000000000000000e+00 -5.755211450860309697e+01 1.624177115649219072e+00 -1.268579541556961369e+06 -9.906032500070745312e+13 -1.500932118514063172e-06 1.901518376906246660e-08
1.000000000000000000e+00 1.580580139522378680e+01 -2.484702567093088010e+00 -1.275020117716225097e+06 -1.000687365715422031e+14 4.143006562877582628e-07 1.462388467779877388e-09
1.000000000000000000e+00 8.881633519513748354e+01 -6.531764145140653177e+00 -1.281460797463869443e+06 -1.010822712249448750e+14 2.339808084302559028e-06 4.546427881883175152e-08
1.000000000000000000e+00 1.595410766788057799e+02 -1.040644417908824870e+01 -1.287901587859735359e+06 -1.021009303266909375e+14 4.224129856505647138e-06 1.466137611409494043e-07
1.000000000000000000e+00 2.260841133628699140e+02 -1.401223843152968307e+01 -1.294342467922226526e+06 -1.031247107966367500e+14 6.015909720839985605e-06 2.943684154896727933e-07
1.000000000000000000e+00 2.867871615839366655e+02 -1.725482387332711198e+01 -1.300783438113209791e+06 -1.041536129220459844e+14 7.669141799511444089e-06 4.735408919858066894e-07
1.000000000000000000e+00 3.400468212698383468e+02 -2.004586750857255240e+01 -1.307224489129520720e+06 -1.051876354201365625e+14 9.138416712681943782e-06 6.655806016351967483e-07
1.000000000000000000e+00 3.844610490904648259e+02 -2.231943402228848328e+01 -1.313665608369009569e+06 -1.062267764450900938e+14 1.038291360574490984e-05 8.506996971516035718e-07
1.000000000000000000e+00 4.189957946506740427e+02 -2.401833246038344072e+01 -1.320106782569726463e+06 -1.072710340038877656e+14 1.137105577895070783e-05 1.010415717244225055e-06
1.000000000000000000e+00 4.427803901282778725e+02 -2.509756263515036778e+01 -1.326547997414043872e+06 -1.083204058890420781e+14 1.207517435503159461e-05 1.128405748695940863e-06
1.000000000000000000e+00 4.552347156020760508e+02 -2.553859817294948797e+01 -1.332989236275036121e+06 -1.093748894686852500e+14 1.247510125587215954e-05 1.192669854018349432e-06
1.000000000000000000e+00 4.561967339211652188e+02 -2.533378293615034949e+01 -1.339430482657748275e+06 -1.104344820799720625e+14 1.256187343477728396e-05 1.197536328727536116e-06
1.000000000000000000e+00 4.456895159614557542e+02 -2.448899616747981156e+01 -1.345871720727009932e+06 -1.114991811170566719e+14 1.233156366678104393e-05 1.142914971793396374e-06
1.000000000000000000e+00 4.240287177977134547e+02 -2.303544306595452085e+01 -1.352312934647659771e+06 -1.125689839238665312e+14 1.178839110453730221e-05 1.034549495870325166e-06
1.000000000000000000e+00 3.919152557331706248e+02 -2.101275736628811686e+01 -1.358754109376290813e+06 -1.136438879265435938e+14 1.094750376319096950e-05 8.838004186110562853e-07
1.000000000000000000e+00 3.501800046780565481e+02 -1.847153331554221722e+01 -1.365195231584973400e+06 -1.147238907918334531e+14 9.828068397795654894e-06 7.055076042916832198e-07
1.000000000000000000e+00 2.998822259217864712e+02 -1.548276297963261072e+01 -1.371636288209700957e+06 -1.158089901887749375e+14 8.456132036385942917e-06 5.172710661113147154e-07
1.000000000000000000e+00 2.423793382007540345e+02 -1.212049283856046067e+01 -1.378077268693691352e+06 -1.168991841703355156e+14 6.866749868024812870e-06 3.378502354695913899e-07
1.000000000000000000e+00 1.790601493751688906e+02 -8.465149884232328503e+00 -1.384518165317304200e+06 -1.179944712395870781e+14 5.096589604282341941e-06 1.843771309456713160e-07
1.000000000000000000e+00 1.114460401573478805e+02 -4.611008355838963624e+00 -1.390958971086676698e+06 -1.190948499994021875e+14 3.186845617873696182e-06 7.141288479345968337e-08
1.000000000000000000e+00 4.124821521834220306e+01 -6.488660880759867799e-01 -1.397399681383219548e+06 -1.202003194391021562e+14 1.184971390299291960e-06 9.771086984768587253e-09
1.000000000000000000e+00 -2.990157460959110836e+01 3.329193767561888340e+00 -1.403840294359496329e+06 -1.213108790122934688e+14 -8.629662795056898986e-07 5.189925827454079854e-09
1.000000000000000000e+00 -1.003402940126727003e+02 7.223793542088441377e+00 -1.410280809553646250e+06 -1.224265284072904688e+14 -2.909129329813294995e-06 5.805799920300451443e-08
1.000000000000000000e+00 -1.683241357763095607e+02 1.094544068441109808e+01 -1.416721229472906794e+06 -1.235472678287953281e+14 -4.902446450630868871e-06 1.631909353659946228e-07
1.000000000000000000e+00 -2.322948584701879611e+02 1.440826684805070101e+01 -1.423161559197725030e+06 -1.246730979403067969e+14 -6.796352021591833963e-06 3.106666514107948756e-07
1.000000000000000000e+00 -2.907572641701497105e+02 1.752499516508087041e+01 -1.429601804336386966e+06 -1.258040195143381719e+14 -8.545308081042780391e-06 4.866835401810221024e-07
1.000000000000000000e+00 -3.422366682995062774e+02 2.022388377035533225e+01 -1.436041973004415864e+06 -1.269400337844502812e+14 -1.010359051454600699e-05 6.742862712648997180e-07
1.000000000000000000e+00 -3.855386448905159682e+02 2.244129173859031567e+01 -1.442482076022506924e+06 -1.280811424903400781e+14 -1.143300531412265213e-05 8.556326618838674560e-07
1.000000000000000000e+00 -4.196138215568258829e+02 2.411721941862830221e+01 -1.448922124739192426e+06 -1.292273475001768906e+14 -1.249904674650813342e-05 1.013384875873683980e-06
1.000000000000000000e+00 -4.435216643893596711e+02 2.521171148568052089e+01 -1.455362132350448053e+06 -1.303786510491279062e+14 -1.326990984803616062e-05 1.132016483532444165e-06
1.000000000000000000e+00 -4.566792672789504195e+02 2.569653112652668625e+01 -1.461802113305852050e+06 -1.315350556398118281e+14 -1.372403902641530970e-05 1.200182547488494349e-06
1.000000000000000000e+00 -4.587105907218231664e+02 2.555100361983113544e+01 -1.468242081725100987e+06 -1.326965637610437031e+14 -1.384581415458539035e-05 1.210928672319075992e-06
1.000000000000000000e+00 -4.494126850044097523e+02 2.477730980205574696e+01 -1.474682053509331774e+06 -1.338631782698346094e+14 -1.362466350070847055e-05 1.162272861740086349e-06
1.000000000000000000e+00 -4.289869642293446645e+02 2.339112438375991587e+01 -1.481122044889593031e+06 -1.350349021337795156e+14 -1.306222031986232250e-05 1.058862804980581350e-06
1.000000000000000000e+00 -3.978666876228489286e+02 2.141763825640333252e+01 -1.487562070645367727e+06 -1.362117381061159062e+14 -1.216731461747655888e-05 9.106926466860580683e-07
1.000000000000000000e+00 -3.566776602663574067e+02 1.890506004063464474e+01 -1.494002145556143485e+06 -1.373936889869532656e+14 -1.095491957761759724e-05 7.318898410337233761e-07
1.000000000000000000e+00 -3.064443583388547836e+02 1.591364847675713889e+01 -1.500442283675629646e+06 -1.385807574892071094e+14 -9.452637168399529423e-06 5.402709171750197686e-07
1.000000000000000000e+00 -2.483885284893257790e+02 1.251188663813437074e+01 -1.506882496682257392e+06 -1.397729459297196719e+14 -7.694722927834882307e-06 3.549080790991985293e-07
1.000000000000000000e+00 -1.838761804569033984e+02 8.787779114924607171e+00 -1.513322795660643373e+06 -1.409702565517414062e+14 -5.720567458362281314e-06 1.944131069012214260e-07
1.000000000000000000e+00 -1.145947655413304034e+02 4.835758947844492006e+00 -1.519763189452085877e+06 -1.421726912139582500e+14 -3.580327587766043536e-06 7.545993694309347961e-08
1.000000000000000000e+00 -4.232144400365498882e+01 7.531402147104002687e-01 -1.526203682873114944e+06 -1.433802510468804375e+14 -1.327868406370894743e-06 1.028135769184021837e-08
1.000000000000000000e+00 3.114379142276121115e+01 -3.350487961237591517e+00 -1.532644279618602479e+06 -1.445929369846583750e+14 9.812844439494024174e-07 5.615799598796102581e-09
1.000000000000000000e+00 1.038233353418989964e+02 -7.368270265322892421e+00 -1.539084980480304221e+06 -1.458107494230907188e+14 3.285032268750750762e-06 6.211634587285198646e-08
1.000000000000000000e+00 1.738133856778240727e+02 -1.119887732706349581e+01 -1.545525782621090300e+06 -1.470336880700229062e+14 5.522573911666406756e-06 1.740241134671290718e-07
1.000000000000000000e+00 2.393508034379767935e+02 -1.473797676686462133e+01 -1.551966681290411623e+06 -1.482617522587218125e+14 7.636587746884799700e-06 3.299150002460098138e-07
1.000000000000000000e+00 2.986630208395108639e+02 -1.789392754054398438e+01 -1.558407668834599666e+06 -1.494949407504093750e+14 9.568516135021265328e-06 5.135236165227541620e-07
1.000000000000000000e+00 3.502184977903282288e+02 -2.058902118566971851e+01 -1.564848734169048956e+06 -1.507332516210681250e+14 1.126661637990853438e-05 7.059580667151386169e-07
1.000000000000000000e+00 3.927709667372603235e+02 -2.275067583873027743e+01 -1.571289865483358502e+06 -1.519766827711252500e+14 1.268754952348085323e-05 8.878883959734003563e-07
1.000000000000000000e+00 4.251947792285000105e+02 -2.432615471672017904e+01 -1.577731049515578896e+06 -1.532252317816070625e+14 1.379122866200882120e-05 1.040572300596231294e-06
1.000000000000000000e+00 4.467161292977102676e+02 -2.528160229397216341e+01 -1.584172270166631090e+06 -1.544788956381560625e+14 1.454842916797074205e-05 1.148545187817225231e-06
1.000000000000000000e+00 4.569179079208264511e+02 -2.559248330696156160e+01 -1.590613511865268461e+06 -1.557376713787110312e+14 1.494118043170105195e-05 1.201443409313104109e-06
1.000000000000000000e+00 4.555523173283673373e+02 -2.525633723274460962e+01 -1.597054758248486789e+06 -1.570015558361495938e+14 1.495684973883387461e-05 1.194113895303402369e-06
1.000000000000000000e+00 4.427479156475256445e+02 -2.428945963042499301e+01 -1.603495992623385042e+06 -1.582705457263230625e+14 1.459507958904863727e-05 1.127900983135867791e-06
1.000000000000000000e+00 4.189736886128432616e+02 -2.271696656829712069e+01 -1.609937200012537418e+06 -1.595446380521410938e+14 1.386684781170206734e-05 1.010067211398601673e-06
1.000000000000000000e+00 3.848346447156831687e+02 -2.058378113604467785e+01 -1.616378365702439332e+06 -1.608238298215248125e+14 1.278790068903051463e-05 8.521429868337922720e-07
1.000000000000000000e+00 3.412620626392533154e+02 -1.794922332201979742e+01 -1.622819475507419091e+06 -1.621081181011796875e+14 1.138519008274761932e-05 6.699834249761163753e-07
1.000000000000000000e+00 2.894473103227287538e+02 -1.487745511799922760e+01 -1.629260517815023661e+06 -1.633975004289498438e+14 9.694872790705135341e-06 4.818698820872368845e-07
1.000000000000000000e+00 2.306322348671185409e+02 -1.144759762185191398e+01 -1.635701482662298949e+06 -1.646919746380108438e+14 7.755434211822951812e-06 3.059022743089057126e-07
1.000000000000000000e+00 1.662933280916702472e+02 -7.746666665738574764e+00 -1.642142361405882286e+06 -1.659915387967141250e+14 5.613939046691260329e-06 1.590323325622331048e-07
1.000000000000000000e+00 9.805803172592932526e+01 -3.860910538514329637e+00 -1.648583148503465345e+06 -1.672961915753817812e+14 3.323350073895568217e-06 5.527916227334610190e-08
1.000000000000000000e+00 2.749948847644490257e+01 1.141024850742994451e-01 -1.655023839864300331e+06 -1.686059319225161875e+14 9.356446375496939077e-07 4.339588351335661558e-09
1.000000000000000000e+00 -4.367822722004789426e+01 4.081725407777372361e+00 -1.661464432981148595e+06 -1.699207590975449062e+14 -1.491894508542412207e-06 1.103957822428325286e-08
1.000000000000000000e+00 -1.137327445665358994e+02 7.951920510904775696e+00 -1.667904929041651078e+06 -1.712406731106398750e+14 -3.899768931663244982e-06 7.455930761850967987e-08
1.000000000000000000e+00 -1.810795616390957150e+02 1.163082980583849491e+01 -1.674345330948920920e+06 -1.725656743293517812e+14 -6.232991480459592334e-06 1.888261999192608034e-07
1.000000000000000000e+00 -2.441029925459220351e+02 1.502973225991090622e+01 -1.680785642991647124e+06 -1.738957634171481875e+14 -8.434658365157517168e-06 3.430455691809078262e-07
1.000000000000000000e+00 -3.012541071281575569e+02 1.807182453713600978e+01 -1.687225872229675297e+06 -1.752309416267115625e+14 -1.044932570366089980e-05 5.224797703966707869e-07
1.000000000000000000e+00 -3.512358567224169974e+02 2.068155476083404309e+01 -1.693666027306362288e+06 -1.765712105632911875e+14 -1.222949954115636429e-05 7.102134283362535503e-07
1.000000000000000000e+00 -3.928089659058197185e+02 2.279387952007084905e+01 -1.700106118250648491e+06 -1.779165721495535625e+14 -1.372901835696163678e-05 8.881543019874519053e-07
1.000000000000000000e+00 -4.248939031269254656e+02 2.435998839254530424e+01 -1.706546157730664127e+06 -1.792670288944484688e+14 -1.490666879255398180e-05 1.038991799422841523e-06
1.000000000000000000e+00 -4.467423522117748007e+02 2.533671951302848768e+01 -1.712986159272279590e+06 -1.806225835279875000e+14 -1.573232986642430405e-05 1.148517528496396614e-06
1.000000000000000000e+00 -4.577350304727369235e+02 2.569574037047927106e+01 -1.719426136203422444e+06 -1.819832387811774688e+14 -1.618004546493152687e-05 1.205777968193826631e-06
1.000000000000000000e+00 -4.574853573926807258e+02 2.542772040304318537e+01 -1.725866104161317693e+06 -1.833489979179531562e+14 -1.623178796888482051e-05 1.204472614309116248e-06
1.000000000000000000e+00 -4.459915460677799501e+02 2.453196559444353042e+01 -1.732306078783193137e+06 -1.847198642518405625e+14 -1.588302865152426519e-05 1.144588494922451487e-06
1.000000000000000000e+00 -4.234198983693246987e+02 2.302519131383939666e+01 -1.738746075508328853e+06 -1.860958411035838125e+14 -1.513524619500682488e-05 1.031504004888054023e-06
1.000000000000000000e+00 -3.902046776434861499e+02 2.094345488787165266e+01 -1.745186110105911968e+06 -1.874769319137708125e+14 -1.399962112569675495e-05 8.759562215173470445e-07
1.000000000000000000e+00 -3.471722328142602692e+02 1.833171067078655270e+01 -1.751626196827589301e+06 -1.888631398457520938e+14 -1.250168286314579414e-05 6.934286446878817437e-07
1.000000000000000000e+00 -2.953017825292790235e+02 1.525192776980640730e+01 -1.758066348539431579e+06 -1.902544678081874688e+14 -1.067292341246803031e-05 5.016942884824957267e-07
1.000000000000000000e+00 -2.358144332857713437e+02 1.178227775359550833e+01 -1.764506577975550666e+06 -1.916509187218762812e+14 -8.554127677253174229e-06 3.198515885567369540e-07
1.000000000000000000e+00 -1.702623952097698634e+02 8.006129476757141816e+00 -1.770946895626741229e+06 -1.930524950589133438e+14 -6.198781674819943207e-06 1.666641929126523227e-07
1.000000000000000000e+00 -1.002638552715330178e+02 4.019496941893477171e+00 -1.777387308552850271e+06 -1.944591985739256562e+14 -3.663604113039657607e-06 5.776020583863587113e-08
1.000000000000000000e+00 -2.757840900850812105e+01 -7.235895428566690990e-02 -1.783827822560100351e+06 -1.958710307686286250e+14 -1.011356348561266277e-06 4.367715356986791027e-09
1.000000000000000000e+00 4.583634806018164198e+01 -4.166599744449640319e+00 -1.790268440221706871e+06 -1.972879924505999062e+14 1.686981141691852268e-06 1.213334726435441179e-08
1.000000000000000000e+00 1.181072784412327934e+02 -8.155754226687308872e+00 -1.796709161207774654e+06 -1.987100837934333438e+14 4.362510725884592078e-06 8.038058784407066885e-08
1.000000000000000000e+00 1.873751583484759067e+02 -1.193264152371656728e+01 -1.803149983340962091e+06 -2.001373045595727188e+14 6.945858448456621806e-06 2.022379913727329123e-07
1.000000000000000000e+00 2.517550495249807909e+02 -1.540188367268366676e+01 -1.809590900683087530e+06 -2.015696536667225938e+14 9.365708945672503196e-06 3.649646672483498971e-07
1.000000000000000000e+00 3.096155589024655228e+02 -1.847253699527036730e+01 -1.816031904260888230e+06 -2.030071293351966250e+14 1.155921427108198432e-05 5.518273235233895617e-07
1.000000000000000000e+00 3.594945236475535353e+02 -2.106306212060634309e+01 -1.822472983781510498e+06 -2.044497294607796250e+14 1.346900274506865057e-05 7.438321793922718905e-07
1.000000000000000000e+00 4.000544885302281841e+02 -2.311128326277250977e+01 -1.828914127038679086e+06 -2.058974514757890625e+14 1.504161697291274519e-05 9.211546428543395234e-07
1.000000000000000000e+00 4.303376300275024846e+02 -2.456596504691548688e+01 -1.835355319318892900e+06 -2.073502922073164062e+14 1.623721502658945725e-05 1.065916658661937936e-06
1.000000000000000000e+00 4.496502643919869797e+02 -2.539093260609395131e+01 -1.841796545776680112e+06 -2.088082484058611875e+14 1.702544886512347304e-05 1.163639491165706924e-06
1.000000000000000000e+00 4.574995184232855649e+02 -2.557235983937856716e+01 -1.848237789851097157e+06 -2.102713163845010312e+14 1.738323296158973937e-05 1.204437934263372640e-06
1.000000000000000000e+00 4.538156274140241067e+02 -2.510899833773920875e+01 -1.854679034585329005e+06 -2.117394923133942812e+14 1.730335321190164878e-05 1.185011543578893584e-06
1.000000000000000000e+00 4.387999680868933865e+02 -2.401559965720106504e+01 -1.861120265067924280e+06 -2.132127727775534688e+14 1.678893272046463102e-05 1.107911449318038360e-06
1.000000000000000000e+00 4.128442413741868791e+02 -2.232737730823705036e+01 -1.867561465463722590e+06 -2.146911541023176562e+14 1.585050847993130940e-05 9.807474240853729439e-07
1.000000000000000000e+00 3.767266520358442108e+02 -2.008911466414632585e+01 -1.874002620795293478e+06 -2.161746327606842188e+14 1.451371542044161935e-05 8.165772067174825930e-07
1.000000000000000000e+00 3.314302655050220210e+02 -1.735865469351832857e+01 -1.880443718064608751e+06 -2.176632056363801562e+14 1.281252033242831682e-05 6.318849305050200029e-07
1.000000000000000000e+00 2.780559188936099986e+02 -1.420923545331365112e+01 -1.886884745725195855e+06 -2.191568699090944688e+14 1.078597926576885795e-05 4.446749258571477340e-07
1.000000000000000000e+00 2.180045775746553716e+02 -1.071791640857744987e+01 -1.893325693682138575e+06 -2.206556230602344688e+14 8.485413386623281743e-06 2.733346437883957489e-07
1.000000000000000000e+00 1.527770304565060258e+02 -6.969788340355345113e+00 -1.899766554875587113e+06 -2.221594632490345625e+14 5.966784672591627603e-06 1.342322489923563321e-07
1.000000000000000000e+00 8.389220048705000465e+01 -3.059082877628348296e+00 -1.906207323235402815e+06 -2.236683888445989688e+14 3.287560722312557391e-06 4.044946451292779860e-08
1.000000000000000000e+00 1.306454794721419965e+01 9.226281629994051992e-01 -1.912647994604848558e+06 -2.251823986473243750e+14 5.137022878534030439e-07 9.818548447747492579e-10
1.000000000000000000e+00 -5.800602994018386482e+01 4.881331484668387510e+00 -1.919088568390109343e+06 -2.267014922862016875e+14 -2.288496350838454071e-06 1.943867654976526420e-08
1.000000000000000000e+00 -1.277034287082893513e+02 8.720123469940325833e+00 -1.925529045514904661e+06 -2.282256697480770938e+14 -5.055157548034507338e-06 9.396739547787133271e-08
1.000000000000000000e+00 -1.943200159648610850e+02 1.235075328547463869e+01 -1.931969428816363448e+06 -2.297549314778252812e+14 -7.717912504274845124e-06 2.174247589740096698e-07
1.000000000000000000e+00 -2.562712738028401986e+02 1.568783001501067886e+01 -1.938409723968754290e+06 -2.312892786063721875e+14 -1.021239421015252078e-05 3.781087886339752425e-07
1.000000000000000000e+00 -3.121496479907232811e+02 1.864891145197330857e+01 -1.944849937636045506e+06 -2.328287125196072188e+14 -1.248047199789798298e-05 5.609755846678786561e-07
1.000000000000000000e+00 -3.605517577392027988e+02 2.116528401504975676e+01 -1.951290078593552113e+06 -2.343732351317526250e+14 -1.446343728909973171e-05 7.483647194009617112e-07
1.000000000000000000e+00 -4.002941643536342440e+02 2.317565764390813854e+01 -1.957730158585692756e+06 -2.359228491004662500e+14 -1.611069045495586066e-05 9.222654132792135546e-07
1.000000000000000000e+00 -4.304500700672928701e+02 2.462691959618260640e+01 -1.964170189620794961e+06 -2.374775571844691250e+14 -1.738136828328801955e-05 1.066309518813190880e-06
1.000000000000000000e+00 -4.501784860659600440e+02 2.548368974892991545e+01 -1.970610184564933879e+06 -2.390373623886571875e+14 -1.823759313323443761e-05 1.166282110264048826e-06
1.000000000000000000e+00 -4.589370460746333151e+02 2.572132828539718119e+01 -1.977050158725430490e+06 -2.406022683529170938e+14 -1.865317939825211215e-05 1.212155575528161159e-06
1.000000000000000000e+00 -4.564980092148986728e+02 2.532743196890039172e+01 -1.983490126749814954e+06 -2.421722786045670312e+14 -1.861448367440029009e-05 1.199255188898720772e-06
