1.000000000000000000e+00 -4.914421185304987603e+02 8.714618253031902739e+00 -3.520409996292717406e+05 -1.520818089883999219e+13 -6.658727983230462265e-06 1.156733430141163266e-07 1.222925214857176758e-06
1.000000000000000000e+00 -4.810079087685246009e+02 -7.490630549951639239e+00 -3.552714154717653291e+05 -1.548856958865633594e+13 -6.577155916442721321e-06 -1.003391269526342023e-07 1.171517838290630600e-06
1.000000000000000000e+00 -4.587068522823637409e+02 -2.350426939867640641e+01 -3.585018414746435592e+05 -1.577152033790743555e+13 -6.329250322443401111e-06 -3.177092220551644377e-07 1.067765915999215429e-06
1.000000000000000000e+00 -4.250050145040883081e+02 -3.894974395962109526e+01 -3.617322849427519832e+05 -1.605703381927328320e+13 -5.917073713983278515e-06 -5.312311744003703421e-07 9.216094648905156150e-07
1.000000000000000000e+00 -3.805934003615254824e+02 -5.342355553601738904e+01 -3.649627532971522887e+05 -1.634511073900983398e+13 -5.346079974492961247e-06 -7.351449986359031316e-07 7.470333252131069027e-07
1.000000000000000000e+00 -3.265834780210518602e+02 -6.653757960555795137e+01 -3.681932532284184708e+05 -1.663575176089835352e+13 -4.628024931767373210e-06 -9.237075622331636606e-07 5.614268105882394880e-07
1.000000000000000000e+00 -2.642852851694336209e+02 -7.797188869694157631e+01 -3.714237904144105851e+05 -1.692895747762315820e+13 -3.778055685187477569e-06 -1.091941686137302662e-06 3.831416317564328892e-07
1.000000000000000000e+00 -1.951796628252192818e+02 -8.741055109806642065e+01 -3.746543702009501867e+05 -1.722472846934549805e+13 -2.814433685079936415e-06 -1.234770756305044756e-06 2.299515871274497958e-07
1.000000000000000000e+00 -1.210831965528424803e+02 -9.458594905607729686e+01 -3.778849969045340549e+05 -1.752306523771949219e+13 -1.761039839591555049e-06 -1.347652587550529582e-06 1.176545813037205170e-07
1.000000000000000000e+00 -4.389172230465714364e+01 -9.932550098706047947e+01 -3.811156728826374747e+05 -1.782396811485210938e+13 -6.438209218515367899e-07 -1.427280220573280273e-06 5.768064526842471598e-08
1.000000000000000000e+00 3.445983937306587563e+01 -1.014848770656834205e+02 -3.843463996958415955e+05 -1.812743736515900391e+13 5.097552646811726786e-07 -1.470671990980098427e-06 5.604786312328636613e-08
1.000000000000000000e+00 1.118570220160902124e+02 -1.009905745532930439e+02 -3.875771775267676567e+05 -1.843347312693357812e+13 1.668580263855712366e-06 -1.475810897300696858e-06 1.128627716331412455e-07
1.000000000000000000e+00 1.862840434790177824e+02 -9.787672034521096975e+01 -3.908080048812415916e+05 -1.874207537822138281e+13 2.801978255885799128e-06 -1.442230027640752588e-06 2.221949515024059390e-07
1.000000000000000000e+00 2.558595108699790330e+02 -9.221197861734376033e+01 -3.940388794349943637e+05 -1.905324401205435938e+13 3.880308851749693572e-06 -1.369992186933198052e-06 3.727289051494064225e-07
1.000000000000000000e+00 3.187029881180057487e+02 -8.413819578934861454e+01 -3.972697972035630955e+05 -1.936697875222457422e+13 4.873010395767784850e-06 -1.260289789746633861e-06 5.485711131170095106e-07
1.000000000000000000e+00 3.732102346191153401e+02 -7.389623305561417510e+01 -4.005007526751102996e+05 -1.968327915975685547e+13 5.752843178645273864e-06 -1.115879530518704395e-06 7.315280153759957935e-07
1.000000000000000000e+00 4.180612843187068961e+02 -6.174563104559531013e+01 -4.037317399393500527e+05 -2.000214473871372266e+13 6.496186694713274550e-06 -9.399198058057833385e-07 9.031299045364384960e-07
1.000000000000000000e+00 4.520748152466916849e+02 -4.800040086774004067e+01 -4.069627523223087774e+05 -2.032357489813526953e+13 7.080935347929248340e-06 -7.365312876176173044e-07 1.045698375982811410e-06
1.000000000000000000e+00 4.744591605843707498e+02 -3.304659608940401938e+01 -4.101937821206907975e+05 -2.064756892226877734e+13 7.490547508431295276e-06 -5.111018810603931428e-07 1.144877642428758802e-06
1.000000000000000000e+00 4.847783358250855485e+02 -1.725763655802244045e+01 -4.134248215813990682e+05 -2.097412606587453516e+13 7.713747256263106904e-06 -2.690106912113741769e-07 1.191077606287589914e-06
1.000000000000000000e+00 4.827854928407514876e+02 -1.030792660637244396e+00 -4.166558627023067093e+05 -2.130324553365532422e+13 7.742074791821292135e-06 -1.619349117319557213e-08 1.179760146922764864e-06
1.000000000000000000e+00 4.686446963297008210e+02 1.519924931793231870e+01 -4.198868971990503487e+05 -2.163492647584700781e+13 7.573588117569627741e-06 2.406279856522282347e-07 1.112758048462576160e-06
1.000000000000000000e+00 4.428564699944509471e+02 3.104468763060653913e+01 -4.231179178996009869e+05 -2.196916813191755078e+13 7.211906119730883767e-06 4.952681333497237749e-07 9.974327059960306192e-07
1.000000000000000000e+00 4.060747534876589953e+02 4.612399163188143092e+01 -4.263489176983331563e+05 -2.230596972553430469e+13 6.663414169477864289e-06 7.414531654828608246e-07 8.450927380399589761e-07
1.000000000000000000e+00 3.593089552481015971e+02 6.004951693453055839e+01 -4.295798896722450154e+05 -2.264533047708066797e+13 5.940700218731545386e-06 9.726243416357284099e-07 6.710390111442954155e-07
1.000000000000000000e+00 3.038207024373531340e+02 7.250769048678010620e+01 -4.328108281268744613e+05 -2.298724971548101172e+13 5.061055907239581529e-06 1.183242781856875287e-06 4.927304908747238535e-07
1.000000000000000000e+00 2.409347260771585297e+02 8.321263319088673427e+01 -4.360417281978593674e+05 -2.333172684043260547e+13 4.043459576529856611e-06 1.368072116824172104e-06 3.274294112324139776e-07
1.000000000000000000e+00 1.722344687239280177e+02 9.189444983064930739e+01 -4.392725858509308891e+05 -2.367876132569648828e+13 2.911922580741219666e-06 1.522001416985199319e-06 1.911859854116740008e-07
1.000000000000000000e+00 9.944176922290040466e+01 9.837375400230575906e+01 -4.425033984131795005e+05 -2.402835278008544141e+13 1.693601020521349274e-06 1.641298335983668952e-06 9.707959323111775623e-08
1.000000000000000000e+00 2.423078895901191743e+01 1.025094542329919562e+02 -4.457341639421786531e+05 -2.438050088384707031e+13 4.156895734054892020e-07 1.722786730173416000e-06 5.401013332056519535e-08
1.000000000000000000e+00 -5.157394879770527041e+01 1.041884636399494326e+02 -4.489648812425931683e+05 -2.473520539339013672e+13 -8.911861114618496404e-07 1.763695794040778005e-06 6.619552888815690081e-08
1.000000000000000000e+00 -1.261283555399581218e+02 1.033946916636801490e+02 -4.521955508788847364e+05 -2.509246625663725781e+13 -2.195152377111247302e-06 1.762853416225232509e-06 1.324742331926149187e-07
1.000000000000000000e+00 -1.977461443487001134e+02 1.001514948898429225e+02 -4.554261744614411728e+05 -2.545228354020974609e+13 -3.466184414669989459e-06 1.719757044848382336e-06 2.466463849778173891e-07
1.000000000000000000e+00 -2.646952954081393727e+02 9.451336106165013007e+01 -4.586567541153092170e+05 -2.581465737377118359e+13 -4.672611456397122931e-06 1.634453897532733037e-06 3.979851272098163450e-07
1.000000000000000000e+00 -3.253371746164262390e+02 8.663006127132990741e+01 -4.618872933933019522e+05 -2.617958805557658984e+13 -5.783561518423405879e-06 1.508677142682223777e-06 5.721958041463087696e-07
1.000000000000000000e+00 -3.782913282979948804e+02 7.668418611755839720e+01 -4.651177965123070753e+05 -2.654707597095527344e+13 -6.771969551015257501e-06 1.344808494534263410e-06 7.529933937896966462e-07
1.000000000000000000e+00 -4.222262755196828152e+02 6.488444702456759217e+01 -4.683482684861057205e+05 -2.691712161020983984e+13 -7.610966828417568615e-06 1.145779903956324072e-06 9.229136038139503722e-07
1.000000000000000000e+00 -4.560056932682292086e+02 5.152542948522131638e+01 -4.715787156400330714e+05 -2.728972563134052734e+13 -8.276564692914478705e-06 9.161519069587077166e-07 1.065425787280928478e-06
1.000000000000000000e+00 -4.788360215767069690e+02 3.692041874054273620e+01 -4.748091445816530613e+05 -2.766488874529622266e+13 -8.750473265179657610e-06 6.609633317454659382e-07 1.167121522309662064e-06
1.000000000000000000e+00 -4.900500683622068436e+02 2.139533333670580717e+01 -4.780395620181443519e+05 -2.804261169566799219e+13 -9.016333096238625446e-06 3.856333375308723686e-07 1.217795653623749365e-06
1.000000000000000000e+00 -4.892561499610329179e+02 5.344078972192590982e+00 -4.812699755531897536e+05 -2.842289535320932031e+13 -9.062556265961475906e-06 9.697355348327505681e-08 1.211883304462749337e-06
1.000000000000000000e+00 -4.764614757898863786e+02 -1.084306983164844418e+01 -4.845003929730904056e+05 -2.880574063450233984e+13 -8.884798423027179528e-06 -1.980788301890460825e-07 1.149756791483938563e-06
1.000000000000000000e+00 -4.518432232969403231e+02 -2.678545744609331436e+01 -4.877308217819185229e+05 -2.919114844703868359e+13 -8.481909383184448094e-06 -4.925733862752357034e-07 1.036882648988173758e-06
1.000000000000000000e+00 -4.158923078549858587e+02 -4.206110640263744926e+01 -4.909612698157799896e+05 -2.957911976211620312e+13 -7.858755463500896271e-06 -7.786093239088436822e-07 8.840424253285422451e-07
1.000000000000000000e+00 -3.695039634444157741e+02 -5.628178859365306863e+01 -4.941917440640882123e+05 -2.996965547319071484e+13 -7.028137358881180113e-06 -1.048709133710052900e-06 7.064913463553090207e-07
1.000000000000000000e+00 -3.137279576873257270e+02 -6.909763537879629780e+01 -4.974222508189705550e+05 -3.036275641075951562e+13 -6.006259397031793786e-06 -1.295925596456283358e-06 5.214681926695840211e-07
1.000000000000000000e+00 -2.498972599530891614e+02 -8.014955534901906731e+01 -5.006527962397423107e+05 -3.075842340895638672e+13 -4.815304930950261881e-06 -1.512966937469588271e-06 3.473479064611475776e-07
1.000000000000000000e+00 -1.796805484837902895e+02 -8.914529373054968175e+01 -5.038833853069809265e+05 -3.115665717568007031e+13 -3.484630687388657779e-06 -1.693636219993316344e-06 2.020109283548882480e-07
1.000000000000000000e+00 -1.048069934689984706e+02 -9.585898935140319566e+01 -5.071140215734984376e+05 -3.155745825692813281e+13 -2.045603864604679868e-06 -1.832863568265687383e-06 1.002263455459002617e-07
1.000000000000000000e+00 -2.717697043245560096e+01 -1.000842229400505232e+02 -5.103447077122052433e+05 -3.196082709975816797e+13 -5.338144321930844659e-07 -1.925843141428902284e-06 5.240839332907846553e-08
1.000000000000000000e+00 5.111812988246526857e+01 -1.017073770258415379e+02 -5.135754448520300211e+05 -3.236676396509599219e+13 1.010426812203846901e-06 -1.969465508631329420e-06 6.347631331847891151e-08
1.000000000000000000e+00 1.280889599456723715e+02 -1.006975306388009415e+02 -5.168062326111321454e+05 -3.277526892582727344e+13 2.547798605998705531e-06 -1.962177255732855666e-06 1.322937716774040081e-07
1.000000000000000000e+00 2.017440035030539889e+02 -9.705680127378487043e+01 -5.200370698273737798e+05 -3.318634195403864453e+13 4.037946786075917880e-06 -1.903057676457145623e-06 2.518062716892492930e-07
1.000000000000000000e+00 2.700841684023785660e+02 -9.088797341148506348e+01 -5.232679535290113417e+05 -3.359998278573643359e+13 5.439373983088723450e-06 -1.793173169158213701e-06 4.094250721861247417e-07
1.000000000000000000e+00 3.313931119669658187e+02 -8.237232744007337715e+01 -5.264988791173126083e+05 -3.401619093726905859e+13 6.715317981906973026e-06 -1.635198432974030352e-06 5.888679267555155890e-07
1.000000000000000000e+00 3.841168408991335923e+02 -7.171592362710622126e+01 -5.297298415784940589e+05 -3.443496585643939062e+13 7.831472752060988647e-06 -1.432391414188594239e-06 7.717689589982421061e-07
1.000000000000000000e+00 4.268507344768918301e+02 -5.921127798997303415e+01 -5.329608345706217224e+05 -3.485630680142297266e+13 8.755823173515376540e-06 -1.189847779195242173e-06 9.392589802727653748e-07
1.000000000000000000e+00 4.586051512923458517e+02 -4.520508645738289744e+01 -5.361918509880718775e+05 -3.528021290978220312e+13 9.464219230107525366e-06 -9.139010738658993610e-07 1.074583942463204027e-06
1.000000000000000000e+00 4.786493198947404153e+02 -3.004250974207187497e+01 -5.394228835093947127e+05 -3.570668326796871875e+13 9.937393017417302964e-06 -6.110225678900971304e-07 1.164169226018135372e-06
1.000000000000000000e+00 4.864793869780786508e+02 -1.412555706747571627e+01 -5.426539240660548676e+05 -3.613571683971347656e+13 1.016045238172266767e-05 -2.890148819477546303e-07 1.198909642735595921e-06
1.000000000000000000e+00 4.820497188746714414e+02 2.124337800573578683e+00 -5.458849643404886592e+05 -3.656731252979124219e+13 1.012788170671367393e-05 4.372364742132077723e-08 1.176156543133519787e-06
1.000000000000000000e+00 4.655766947293760154e+02 1.832001927031034683e+01 -5.491159968784297816e+05 -3.700146933293846094e+13 9.839680172219538728e-06 3.792989985646788883e-07 1.098794450817022732e-06
1.000000000000000000e+00 4.374917455664569843e+02 3.405009916292439698e+01 -5.523470141094019637e+05 -3.743818620449386719e+13 9.300526355375125621e-06 7.091238067669878857e-07 9.745204997801542739e-07
1.000000000000000000e+00 3.986435231201080001e+02 4.891716577307658298e+01 -5.555780087285579648e+05 -3.787746211200283594e+13 8.524234980758558554e-06 1.024702999241857642e-06 8.161027769616519835e-07
1.000000000000000000e+00 3.500708978640597024e+02 6.258604585352528460e+01 -5.588089745931852376e+05 -3.831929615922343750e+13 7.529134139468674243e-06 1.318659173775031753e-06 6.393383092456912368e-07
1.000000000000000000e+00 2.929528642142583408e+02 7.472300578503471513e+01 -5.620399058428033022e+05 -3.876368746936143750e+13 6.337099916352532546e-06 1.583482105358018541e-06 4.614743698855045835e-07
1.000000000000000000e+00 2.287929977438171818e+02 8.503311844990400914e+01 -5.652707976794576971e+05 -3.921063529444153906e+13 4.977656605191338633e-06 1.812326040137436189e-06 3.000702322326961046e-07
1.000000000000000000e+00 1.591750593752836380e+02 9.330148730324405904e+01 -5.685016467329560546e+05 -3.966013907048016406e+13 3.482830999919139840e-06 1.999916981065109078e-06 1.705579147058121898e-07
1.000000000000000000e+00 8.571990385388119194e+01 9.932955949616510338e+01 -5.717324501311668428e+05 -4.011219829269258594e+13 1.886253990101614957e-06 2.141228553010404591e-06 8.512954246582246216e-08
1.000000000000000000e+00 1.026137390370991831e+01 1.029722289703998683e+02 -5.749632059482641052e+05 -4.056681258072018750e+13 2.270759919265157480e-07 2.232296309652668376e-06 5.203075241006236594e-08
1.000000000000000000e+00 -6.540539724160960589e+01 1.041719325791816573e+02 -5.781939138522121357e+05 -4.102398177426288281e+13 -1.455501835450470613e-06 2.270993604814466681e-06 7.437585354992335598e-08
1.000000000000000000e+00 -1.395553072763843261e+02 1.028922168411036751e+02 -5.814245743078632513e+05 -4.148370582568260938e+13 -3.122952615328620149e-06 2.255628545367259243e-06 1.500193167213260280e-07
1.000000000000000000e+00 -2.103616704527736943e+02 9.915568396542992957e+01 -5.846551888093918096e+05 -4.194598483651428125e+13 -4.733605632548848528e-06 2.185793333794963880e-06 2.717215345879792559e-07
1.000000000000000000e+00 -2.761499851183891678e+02 9.307143533788212153e+01 -5.878857603119384730e+05 -4.241081912382512500e+13 -6.248325115746351761e-06 2.063008544069421187e-06 4.280351823432614844e-07
1.000000000000000000e+00 -3.354161269336834721e+02 8.476608950754251737e+01 -5.911162921026871772e+05 -4.287820906222720312e+13 -7.631018791117396600e-06 1.889238346049294595e-06 6.043914493233424294e-07
1.000000000000000000e+00 -3.866574863357816980e+02 7.442295441036020520e+01 -5.943467884815352736e+05 -4.334815518448159375e+13 -8.844881065272447340e-06 1.667778999543191103e-06 7.837438921894930084e-07
1.000000000000000000e+00 -4.286262802884593270e+02 6.230309148610237457e+01 -5.975772552093493287e+05 -4.382065825125432812e+13 -9.858220056561100696e-06 1.403767974482289852e-06 9.488450163937148394e-07
1.000000000000000000e+00 -4.603327390715994056e+02 4.867393808878341588e+01 -6.008076982794268988e+05 -4.429571907575486719e+13 -1.064468969493496091e-05 1.102614370106715426e-06 1.084066631673174247e-06
1.000000000000000000e+00 -4.808766976755312044e+02 3.384905348983933493e+01 -6.040381242661277065e+05 -4.477333857634045312e+13 -1.117953491467628009e-05 7.709080018161423046e-07 1.175997480060046390e-06
1.000000000000000000e+00 -4.896974650497216430e+02 1.820266944771156048e+01 -6.072685405075056478e+05 -4.525351780603873438e+13 -1.144548743170388076e-05 4.167806424909027124e-07 1.215488097067088575e-06
1.000000000000000000e+00 -4.865565238343315286e+02 2.096345554225472974e+00 -6.104989542752010748e+05 -4.573625783119782031e+13 -1.143257023794475255e-05 4.825468337132756347e-08 1.198443893631973734e-06
1.000000000000000000e+00 -4.713639276767348179e+02 -1.408177115052654216e+01 -6.137293732227039291e+05 -4.622155979874264844e+13 -1.113419715085527806e-05 -3.258561075709230705e-07 1.125645879971118355e-06
1.000000000000000000e+00 -4.444188931690082427e+02 -2.990895281252935334e+01 -6.169598055181597592e+05 -4.670942495779803125e+13 -1.055297813281562527e-05 -6.957444532829501533e-07 1.004024913970683976e-06
1.000000000000000000e+00 -4.063626978100525662e+02 -4.500199192926088188e+01 -6.201902583169988357e+05 -4.719985442924635938e+13 -9.699836837023452201e-06 -1.052321277662103701e-06 8.456451523153238916e-07
1.000000000000000000e+00 -3.579913351238051291e+02 -5.897852574611476939e+01 -6.234207384426122298e+05 -4.769284930585949219e+13 -8.589728045379551319e-06 -1.386330671868364783e-06 6.656467287393710602e-07
1.000000000000000000e+00 -3.004788902632748204e+02 -7.145452588646271863e+01 -6.266512526519830571e+05 -4.818841069183596094e+13 -7.247121335737505266e-06 -1.688291089012240439e-06 4.818875867303558137e-07
1.000000000000000000e+00 -2.352918658660534561e+02 -8.211669189941356706e+01 -6.298818064403496683e+05 -4.868653951775180469e+13 -5.704159120070110078e-06 -1.950213613901211419e-06 3.130020562955016882e-07
1.000000000000000000e+00 -1.639820543579683942e+02 -9.068219859671847871e+01 -6.331124045890655834e+05 -4.918723662068685938e+13 -3.995791323266740737e-06 -2.164684153718030473e-06 1.760353310351058205e-07
1.000000000000000000e+00 -8.838833856600037109e+01 -9.689874811371024066e+01 -6.363430508501661243e+05 -4.969050269213244531e+13 -2.164770844545882366e-06 -2.324883236939928039e-06 8.515374982672608552e-08
1.000000000000000000e+00 -1.051269363709218929e+01 -1.006117250025456542e+02 -6.395737471494750353e+05 -5.019633814882415625e+13 -2.587797511484406068e-07 -2.426224020058715107e-06 4.974447900702289817e-08
1.000000000000000000e+00 6.770179900765815262e+01 -1.017182554046473513e+02 -6.428044943170876941e+05 -5.070474324074419531e+13 1.674961263051067233e-06 -2.465298330331975939e-06 7.345523183114447114e-08
1.000000000000000000e+00 1.441840743133907381e+02 -1.001658420285371847e+02 -6.460352963540689088e+05 -5.121571872327902344e+13 3.585082827764451738e-06 -2.439874942279128779e-06 1.539693796028067387e-07
1.000000000000000000e+00 2.168818308285487149e+02 -9.601129705677064408e+01 -6.492661431830491638e+05 -5.172926312115294531e+13 5.419654247638526167e-06 -2.350372881185971765e-06 2.829218484885999194e-07
1.000000000000000000e+00 2.839800051451634886e+02 -8.936562992641864867e+01 -6.524970355345145799e+05 -5.224537665789719531e+13 7.131681829074148302e-06 -2.198572229485126221e-06 4.470508107892472972e-07
1.000000000000000000e+00 3.437098149979717050e+02 -8.038879913125136056e+01 -6.557279691251674667e+05 -5.276405875247933594e+13 8.674436978468031868e-06 -1.987517327059237134e-06 6.293512038665162705e-07
1.000000000000000000e+00 3.944947331236940613e+02 -6.934010138165460546e+01 -6.589589381775381044e+05 -5.328530856863639844e+13 1.000518714253029312e-05 -1.722798558066553395e-06 8.110377623480998593e-07
1.000000000000000000e+00 4.351407731550954168e+02 -5.651398292741234997e+01 -6.621899363496907754e+05 -5.380912516004478125e+13 1.109016503795395079e-05 -1.411010243062953939e-06 9.739592004047279368e-07
1.000000000000000000e+00 4.646230325050574947e+02 -4.223207761419652684e+01 -6.654209568514381535e+05 -5.433550748706105469e+13 1.189933971311816120e-05 -1.059572298943464342e-06 1.101475861879980578e-06
1.000000000000000000e+00 4.822122138791330599e+02 -2.688772724812245940e+01 -6.686519916640516603e+05 -5.486445428689497656e+13 1.240977772281287173e-05 -6.778692141896268826e-07 1.180593790983160138e-06
1.000000000000000000e+00 4.876243990229848464e+02 -1.087650656739893940e+01 -6.718830327189936070e+05 -5.539596426310845312e+13 1.260970004153893677e-05 -2.755337318678305850e-07 1.204108912009202349e-06
1.000000000000000000e+00 4.807769439035739651e+02 5.410402277982296226e+00 -6.751140722465642029e+05 -5.593003614318521875e+13 1.249241626050749993e-05 1.377204369791543492e-07 1.170076565968781691e-06
1.000000000000000000e+00 4.618940929999082528e+02 2.154413236752146332e+01 -6.783451023608484538e+05 -5.646666861061614844e+13 1.205920716073804121e-05 5.510250930869812499e-07 1.082180745906368580e-06
1.000000000000000000e+00 4.316195834919004710e+02 3.712809094779144203e+01 -6.815761156075829640e+05 -5.700586039608398438e+13 1.132246946756000387e-05 9.541324281062109446e-07 9.497751109574834181e-07
1.000000000000000000e+00 3.907473561747623876e+02 5.179919255991547544e+01 -6.848071052629873157e+05 -5.754761032939930469e+13 1.029887909678335827e-05 1.337466527828978148e-06 7.859300873222830615e-07
1.000000000000000000e+00 3.403169941776431529e+02 6.518616098984583118e+01 -6.880380646364860004e+05 -5.809191722465317188e+13 9.012011891060367515e-06 1.691062054488303684e-06 6.068315952175622162e-07
1.000000000000000000e+00 2.817012376563822045e+02 7.697697188534571922e+01 -6.912689882660455769e+05 -5.863878008314456250e+13 7.494824760134768702e-06 2.006317082761199378e-06 4.304141732658428233e-07
1.000000000000000000e+00 2.163227328641130782e+02 8.691270558818051484e+01 -6.944998720841943286e+05 -5.918819812654962500e+13 5.782291539727919371e-06 2.275868233054378621e-06 2.735687291652887147e-07
1.000000000000000000e+00 1.457518250490692537e+02 9.474591461486173216e+01 -6.977307122890910832e+05 -5.974017060913138281e+13 3.914060148166206709e-06 2.492527775510843368e-06 1.511624495672704070e-07
1.000000000000000000e+00 7.177993682725919200e+01 1.003049002285667655e+02 -7.009615062742338050e+05 -6.029469697873511719e+13 1.936524048869481013e-06 2.650989413857023845e-06 7.495212301008143039e-08
1.000000000000000000e+00 -3.867992653884519960e+00 1.034800856328307503e+02 -7.041922527114676777e+05 -6.085177689587372656e+13 -1.048340918124497800e-07 2.747512622791453821e-06 5.208483425145117966e-08
1.000000000000000000e+00 -7.942593675589948532e+01 1.041827309671279949e+02 -7.074229510529314866e+05 -6.141141015232389062e+13 -2.162554917430403799e-06 2.778859295091707860e-06 8.466877023720992398e-08
1.000000000000000000e+00 -1.530222918700710579e+02 1.024066362275158042e+02 -7.106536021619227249e+05 -6.197359678425082812e+13 -4.185412989446861745e-06 2.743959751730438132e-06 1.694635701334122849e-07
1.000000000000000000e+00 -2.229657202842055028e+02 9.820791042988507513e+01 -7.138842081136843190e+05 -6.253833704289927344e+13 -6.126205017801160805e-06 2.643418467738282109e-06 2.984451494200794864e-07
1.000000000000000000e+00 -2.876252958548383845e+02 9.166402177316679456e+01 -7.171147713652986567e+05 -6.310563125330039062e+13 -7.938553949586302894e-06 2.478444798853180651e-06 4.595411280602770481e-07
1.000000000000000000e+00 -3.453738779182276062e+02 8.293346917652172579e+01 -7.203452955857940251e+05 -6.367547996254103125e+13 -9.575376626645010892e-06 2.252486677703088047e-06 6.372479183337785045e-07
1.000000000000000000e+00 -3.948682187296146253e+02 7.222982322594469906e+01 -7.235757857889499282e+05 -6.424788396815216406e+13 -1.099668688606437722e-05 1.970571743398331980e-06 8.146545613549451666e-07
1.000000000000000000e+00 -4.349158966602390137e+02 5.978058381425815782e+01 -7.268062472707803827e+05 -6.482284413391052344e+13 -1.216604973000872766e-05 1.638213414340988782e-06 9.747933079147715892e-07
1.000000000000000000e+00 -4.644258177919775790e+02 4.588471265152590206e+01 -7.300366863898228621e+05 -6.540036153076148438e+13 -1.304928431381529706e-05 1.263002981106169367e-06 1.101926268226247142e-06
1.000000000000000000e+00 -4.826779432044019131e+02 3.088132018382274424e+01 -7.332671100524796639e+05 -6.598043734841124219e+13 -1.362213916799956736e-05 8.537873934797617810e-07 1.183892768741879978e-06
1.000000000000000000e+00 -4.891740374075652085e+02 1.510780602355882962e+01 -7.364975250987426843e+05 -6.656307278646466406e+13 -1.386629210360045695e-05 4.195312982463218352e-07 1.212438518219005444e-06
1.000000000000000000e+00 -4.835911634294474766e+02 -1.045275660100402293e+00 -7.397279392319065519e+05 -6.714826922294975781e+13 -1.376816406260750646e-05 -2.915375729535017749e-08 1.183847530262660725e-06
1.000000000000000000e+00 -4.660340444873026513e+02 -1.717087870576016684e+01 -7.429583605039016111e+05 -6.773602812389486719e+13 -1.332624433406348055e-05 -4.810039786774634727e-07 1.100772318478292897e-06
1.000000000000000000e+00 -4.368629079897445422e+02 -3.288764113834761815e+01 -7.461887963025879581e+05 -6.832635085924961719e+13 -1.254641215422900266e-05 -9.252798893579072656e-07 9.712162850103071281e-07
1.000000000000000000e+00 -3.966413602125953162e+02 -4.778774088945099408e+01 -7.494192539328108542e+05 -6.891923880712439062e+13 -1.144059203782238261e-05 -1.350308560889514340e-06 8.074266530723991946e-07
1.000000000000000000e+00 -3.463629783242876670e+02 -6.147838617240827119e+01 -7.526497405666043051e+05 -6.951469334426328906e+13 -1.003344410248177586e-05 -1.744644915116448368e-06 6.256786898978670843e-07
1.000000000000000000e+00 -2.872481080295358424e+02 -7.362217300387443686e+01 -7.558802621972593479e+05 -7.011271565148432812e+13 -8.356719707159102842e-06 -2.098231056930804170e-06 4.440372391196134808e-07
1.000000000000000000e+00 -2.206768892576599228e+02 -8.388610348280111850e+01 -7.591108245358424028e+05 -7.071330687603348438e+13 -6.447445673845766071e-06 -2.400970810810587408e-06 2.806720600508182640e-07
1.000000000000000000e+00 -1.483853142144347430e+02 -9.198577503628457919e+01 -7.623414322972969385e+05 -7.131646799689723438e+13 -4.353776173035191255e-06 -2.644002550804932601e-06 1.525328613658923247e-07
1.000000000000000000e+00 -7.222840572610358834e+01 -9.772007786546630825e+01 -7.655720882873497903e+05 -7.192219964929153125e+13 -2.128235945252311275e-06 -2.820730339298669739e-06 7.280247931430155039e-08
1.000000000000000000e+00 5.902632467177983067e+00 -1.009179583986090307e+02 -7.688027946476496290e+05 -7.253050235203131250e+13 1.746571420725358376e-07 -2.925331471935314208e-06 4.965765264625945915e-08
1.000000000000000000e+00 8.390892182311316105e+01 -1.014816318688633601e+02 -7.720335522414960433e+05 -7.314137638850784375e+13 2.493273777949796653e-06 -2.954032651703427376e-06 8.565859865268627719e-08
1.000000000000000000e+00 1.597440211217264334e+02 -9.941167255333338915e+01 -7.752643601059766952e+05 -7.375482169737881250e+13 4.766505358493310479e-06 -2.905888017535958446e-06 1.771938675003488328e-07
1.000000000000000000e+00 2.314986108916424143e+02 -9.474805690337609576e+01 -7.784952162820657250e+05 -7.437083802392923438e+13 6.936333907674798378e-06 -2.781108513834193839e-06 3.149338128031222158e-07
1.000000000000000000e+00 2.972353420708238332e+02 -8.760914445390172034e+01 -7.817261174493773142e+05 -7.498942484604720312e+13 8.942948354489797043e-06 -2.582234833706915557e-06 4.845100836423611192e-07
1.000000000000000000e+00 3.552505243665982562e+02 -7.820579799695011047e+01 -7.849570584613151150e+05 -7.561058127927335938e+13 1.073263303720071615e-05 -2.314603071126413377e-06 6.684715027871493048e-07
1.000000000000000000e+00 4.041365592362034249e+02 -6.677603197280382119e+01 -7.881880338558449876e+05 -7.623430636180654688e+13 1.225980692299367662e-05 -1.984458950558187274e-06 8.483401725423502465e-07
1.000000000000000000e+00 4.426023583713048879e+02 -5.361936944933781035e+01 -7.914190373076343676e+05 -7.686059894683906250e+13 1.348173761004359242e-05 -1.599999582994441349e-06 1.005610697886052900e-06
1.000000000000000000e+00 4.697163747726950760e+02 -3.910248721403231542e+01 -7.946500611963990377e+05 -7.748945761494893750e+13 1.436604674959722794e-05 -1.171580077541884432e-06 1.124332601749963999e-06
1.000000000000000000e+00 4.849280370778893143e+02 -2.359045051642629787e+01 -7.978810978852538392e+05 -7.812088091929295312e+13 1.489159186086268313e-05 -7.096857509776786069e-07 1.193029649352332176e-06
1.000000000000000000e+00 4.878640270356571023e+02 -7.479238984692884173e+00 -8.011121394384782761e+05 -7.875486733004931250e+13 1.504242181557115962e-05 -2.259136109930128374e-07 1.204955452950232137e-06
1.000000000000000000e+00 4.785461182631506745e+02 8.802627793928150979e+00 -8.043431776547216577e+05 -7.939141523978748438e+13 1.481463084701592442e-05 2.669595093246267223e-07 1.159509596839503832e-06
1.000000000000000000e+00 4.573690204293368424e+02 2.486180506643046328e+01 -8.075742050299131079e+05 -8.003052315326365625e+13 1.421591562027219831e-05 7.570189824023745824e-07 1.061921269314975468e-06
1.000000000000000000e+00 4.248775416728060463e+02 4.030557543414107613e+01 -8.108052143256132258e+05 -8.067218960429045312e+13 1.325885320689675134e-05 1.232177666918182355e-06 9.217373242116141099e-07
1.000000000000000000e+00 3.819662211038521491e+02 5.474093713598615807e+01 -8.140361983033834258e+05 -8.131641310372140625e+13 1.196724905270206327e-05 1.680148310387305528e-06 7.530637247559245522e-07
1.000000000000000000e+00 3.298240666066930089e+02 6.783808873406341888e+01 -8.172671509699292947e+05 -8.196319238920034375e+13 1.037461619770072319e-05 2.090399636077453415e-06 5.729337855946040013e-07
1.000000000000000000e+00 2.697046413236748776e+02 7.929118622911710190e+01 -8.204980672284575412e+05 -8.261252635989192188e+13 8.517097844118396956e-06 2.452980815324458119e-06 3.987096362786461568e-07
1.000000000000000000e+00 2.031187082582110293e+02 8.881722636841770679e+01 -8.237289424968387466e+05 -8.326441400284243750e+13 6.439615030424106676e-06 2.758501385337208243e-06 2.471805273104280723e-07
1.000000000000000000e+00 1.317592422333568152e+02 9.621435018887180490e+01 -8.269597737037158804e+05 -8.391885459718856250e+13 4.193639813482213600e-06 2.999963077602188196e-06 1.328627662824251515e-07
1.000000000000000000e+00 5.727457910374711503e+01 1.013170294828328224e+02 -8.301905584750145208e+05 -8.457584755439845312e+13 1.830060090481571820e-06 3.171406502414302354e-06 6.645954924281682340e-08
1.000000000000000000e+00 -1.853807234588402508e+01 1.039952800927571559e+02 -8.334212952003479004e+05 -8.523539243461925000e+13 -5.946409582626158062e-07 3.267908562161066719e-06 5.427294918326306176e-08
1.000000000000000000e+00 -9.381811132543279541e+01 1.042082352342804370e+02 -8.366519840623365017e+05 -8.589748916106159375e+13 -3.021044934367975792e-06 3.287294102533365054e-06 9.731252369404031719e-08
1.000000000000000000e+00 -1.668601411831277517e+02 1.019540663972673116e+02 -8.398826261733080028e+05 -8.656213784915673438e+13 -5.393825076813324256e-06 3.228604321835918389e-06 1.914021528802966237e-07
1.000000000000000000e+00 -2.359163646025428704e+02 9.727011062785845752e+01 -8.431132232598658884e+05 -8.722933874497253125e+13 -7.655430565946134345e-06 3.092124591522048807e-06 3.276357924357120768e-07
1.000000000000000000e+00 -2.992885800344022869e+02 9.028226026171617491e+01 -8.463437784265676746e+05 -8.789909238627582812e+13 -9.749056909984033577e-06 2.880984378716751980e-06 4.930020557900278655e-07
1.000000000000000000e+00 -3.555362819042388765e+02 8.115032726617528169e+01 -8.495742956246723188e+05 -8.857139949722457812e+13 -1.162548136370373886e-05 2.599461046581487053e-06 6.719020222255731363e-07
1.000000000000000000e+00 -4.032735644426681461e+02 7.006898923609446683e+01 -8.528047795027187094e+05 -8.924626096044995312e+13 -1.323655697579939320e-05 2.253030923206542961e-06 8.470880929854151659e-07
1.000000000000000000e+00 -4.412662724566746988e+02 5.731286669263834455e+01 -8.560352360706038307e+05 -8.992367795933878125e+13 -1.453844739318882300e-05 1.849845456653287281e-06 1.001510502988309196e-06
1.000000000000000000e+00 -4.686267451737933811e+02 4.317800162821448851e+01 -8.592656717200687854e+05 -9.060365177686362500e+13 -1.549816164801145349e-05 1.398883907830391742e-06 1.120606501380845164e-06
1.000000000000000000e+00 -4.846021112343362915e+02 2.798294223276367632e+01 -8.624960929258646211e+05 -9.128618373383926562e+13 -1.608674183194707885e-05 9.100016640201274850e-07 1.192539537442152652e-06
1.000000000000000000e+00 -4.886741647008871041e+02 1.210882508689259929e+01 -8.657265072086625732e+05 -9.197127539384285938e+13 -1.628267476571236468e-05 3.952522902540213074e-07 1.209587990158676040e-06
1.000000000000000000e+00 -4.807345692956808989e+02 -4.062446093982355677e+00 -8.689569222883597249e+05 -9.265892838678985938e+13 -1.607789744525284928e-05 -1.330998397513384395e-07 1.169935838305922251e-06
1.000000000000000000e+00 -4.608577451331447037e+02 -2.014746091565754682e+01 -8.721873457354316488e+05 -9.334914433509317188e+13 -1.547042788789228587e-05 -6.625547584782788625e-07 1.076983909598182918e-06
1.000000000000000000e+00 -4.293975421378211763e+02 -3.572653528827822811e+01 -8.754177853693871293e+05 -9.404192493867898438e+13 -1.446773594476820249e-05 -1.179228429231244624e-06 9.394446836339402570e-07
1.000000000000000000e+00 -3.871334601696387381e+02 -5.040790885899902207e+01 -8.786482483954605414e+05 -9.473727178980778125e+13 -1.309186175495629589e-05 -1.669957440374334019e-06 7.709997117604559287e-07
1.000000000000000000e+00 -3.350193634240294500e+02 -6.382650902346872357e+01 -8.818787413382082013e+05 -9.543518635626760938e+13 -1.137115125707960688e-05 -2.122274906952169873e-06 5.879913323141938758e-07
1.000000000000000000e+00 -2.742689650737350462e+02 -7.561320930671443818e+01 -8.851092707055858336e+05 -9.613567012293276562e+13 -9.343276712210516686e-06 -2.523400793371464256e-06 4.085615994654362703e-07
1.000000000000000000e+00 -2.064650048292023428e+02 -8.545935693245178300e+01 -8.883398419430240756e+05 -9.683872436366426562e+13 -7.059131060126251434e-06 -2.862400738248613314e-06 2.512226440377264816e-07
1.000000000000000000e+00 -1.332793694593055704e+02 -9.311212687110531760e+01 -8.915704589519756846e+05 -9.754435003174939062e+13 -4.573453349355210459e-06 -3.130066693482135485e-06 1.320189505465978416e-07
1.000000000000000000e+00 -5.654358744331334208e+01 -9.834435561160331929e+01 -8.948011249366120901e+05 -9.825254793972206250e+13 -1.947311974072502207e-06 -3.317933172838352213e-06 6.318022853971809851e-08
1.000000000000000000e+00 2.167753716871161629e+01 -1.010162195883334419e+02 -8.980318415571249789e+05 -9.896331856998625000e+13 7.492509962859616869e-07 -3.420381284357472658e-06 5.195084216019336812e-08
1.000000000000000000e+00 9.938632463417056329e+01 -1.010632147153072538e+02 -9.012626091123503866e+05 -9.967666210909040625e+13 3.447494944698221014e-06 -3.434283445986945288e-06 9.961328173153651776e-08
1.000000000000000000e+00 1.745883689897840725e+02 -9.846234376229182317e+01 -9.044934269382103812e+05 -1.003925785307789844e+14 6.077799607468867907e-06 -3.357896135129290819e-06 2.014201627378631506e-07
1.000000000000000000e+00 2.452384574055672601e+02 -9.328792145549942916e+01 -9.077242925610195380e+05 -1.011110674035490312e+14 8.567777659716090024e-06 -3.192795105607442988e-06 3.467492044589469378e-07
1.000000000000000000e+00 3.095402648708463289e+02 -8.568956410007696434e+01 -9.109552018801009981e+05 -1.018321279243033906e+14 1.085275062431953399e-05 -2.943178673386055672e-06 5.206528650030026890e-07
1.000000000000000000e+00 3.658695045214127504e+02 -7.585275472177782774e+01 -9.141861502469148254e+05 -1.025557591540185156e+14 1.287319961512495158e-05 -2.614554320224050614e-06 7.054616996479507050e-07
1.000000000000000000e+00 4.127159968536309975e+02 -6.404817267752488874e+01 -9.174171319171981886e+05 -1.032819598922166719e+14 1.457282676281016069e-05 -2.215466888873517933e-06 8.821203685652915499e-07
1.000000000000000000e+00 4.489597780981693518e+02 -5.060072228984935094e+01 -9.206481399015372153e+05 -1.040107286388578438e+14 1.590840975178821532e-05 -1.756475394186828082e-06 1.032809017639271941e-06
1.000000000000000000e+00 4.737619422590427689e+02 -3.584661998916049441e+01 -9.238791670943092322e+05 -1.047420638453832031e+14 1.684616299805902082e-05 -1.248691226143569484e-06 1.142442725537946115e-06
1.000000000000000000e+00 4.864871685866824009e+02 -2.017854765266029560e+01 -9.271102054767842637e+05 -1.054759637329302031e+14 1.735914798625072658e-05 -7.053634315940152753e-07 1.199916875438834489e-06
1.000000000000000000e+00 4.869462500109595453e+02 -4.009730726524983524e+00 -9.303412467646022560e+05 -1.062124264365502188e+14 1.743608411032861996e-05 -1.406530514449748178e-07 1.200228409552202371e-06
1.000000000000000000e+00 4.752477657482045288e+02 1.226777083314361683e+01 -9.335722835200994741e+05 -1.069514502590149219e+14 1.707629651179466094e-05 4.318225108904765368e-07 1.143989880972478213e-06
1.000000000000000000e+00 4.517014642270073637e+02 2.823867990980017595e+01 -9.368033080067802221e+05 -1.076930334107980781e+14 1.628641765517123684e-05 9.974347171644609924e-07 1.036743535587781166e-06
1.000000000000000000e+00 4.170330340354162217e+02 4.350126685946963079e+01 -9.400343126375643769e+05 -1.084371741123055156e+14 1.508828288065101403e-05 1.541832817319857784e-06 8.895796099829185917e-07
1.000000000000000000e+00 3.722029256821227250e+02 5.770388502957973031e+01 -9.432652908546904800e+05 -1.091838707981672031e+14 1.351261149631400549e-05 2.052251501577052593e-06 7.173709635138096796e-07
1.000000000000000000e+00 3.183019995354951561e+02 7.049891259755399631e+01 -9.464962367146700853e+05 -1.099331220249056719e+14 1.159535133590578585e-05 2.515897734121396717e-06 5.369244503834317664e-07
1.000000000000000000e+00 2.567511078281728487e+02 8.157827791841664578e+01 -9.497271449380925624e+05 -1.106849264849808438e+14 9.385055194443849534e-06 2.921225335323645974e-06 3.660073033771605743e-07
1.000000000000000000e+00 1.890985017679341809e+02 9.070329372209305063e+01 -9.529580118061231915e+05 -1.114392832190971250e+14 6.935655407057312006e-06 3.259031046673188133e-06 2.209992145987156976e-07
1.000000000000000000e+00 1.169201252809012885e+02 9.765604312422711075e+01 -9.561888339817781234e+05 -1.121961913457751562e+14 4.302873651078832667e-06 3.520744141833568881e-06 1.155288200156923679e-07
1.000000000000000000e+00 4.201348949504026109e+01 1.022734872592481565e+02 -9.594196089747665683e+05 -1.129556501723210938e+14 1.551397182352465898e-06 3.699672906323021620e-06 5.973208246235198278e-08
1.000000000000000000e+00 -3.381677331413132492e+01 1.044710429238447347e+02 -9.626503362040228676e+05 -1.137176594492168438e+14 -1.252928785089348870e-06 3.791893849884447334e-06 5.880881960661792412e-08
1.000000000000000000e+00 -1.088462983338258425e+02 1.041915026310158936e+02 -9.658810157193511259e+05 -1.144822190746523438e+14 -4.046345364583619608e-06 3.794439264139814394e-06 1.127024973480638394e-07
1.000000000000000000e+00 -1.812395210662890292e+02 1.014381552839801941e+02 -9.691116485168688232e+05 -1.152493291720532812e+14 -6.760088373115164233e-06 3.706524119472191578e-06 2.162148563547463331e-07
1.000000000000000000e+00 -2.492701683212330295e+02 9.629317740202938580e+01 -9.723422370868619764e+05 -1.160189902245719219e+14 -9.328570800662139092e-06 3.530257162386911664e-06 3.595279910289397894e-07
1.000000000000000000e+00 -3.113931277889997773e+02 8.886436842583482587e+01 -9.755727843346700538e+05 -1.167912028226365625e+14 -1.169214934081797726e-05 3.268729699354599320e-06 5.292184841110183617e-07
1.000000000000000000e+00 -3.660556830501964782e+02 7.931737615862063251e+01 -9.788032942779570585e+05 -1.175659678330978750e+14 -1.379012585853010869e-05 2.927220484584148951e-06 7.088948271870242168e-07
1.000000000000000000e+00 -4.119203209391658334e+02 6.788948940442369917e+01 -9.820337723787579453e+05 -1.183432864836668438e+14 -1.556916404215387005e-05 2.513741644431178777e-06 8.812627146065995643e-07
1.000000000000000000e+00 -4.479192142470525368e+02 5.483431313638395466e+01 -9.852642243481342448e+05 -1.191231600795944688e+14 -1.698548921797118807e-05 2.037027046968764077e-06 1.030079723826445094e-06
1.000000000000000000e+00 -4.730675270331886964e+02 4.045268578219394584e+01 -9.884946563453988638e+05 -1.199055900529909688e+14 -1.799795316577888378e-05 1.507694536797720873e-06 1.140704139182907047e-06
1.000000000000000000e+00 -4.866842382088758541e+02 2.510162848335498609e+01 -9.917250756588003132e+05 -1.206905781302776562e+14 -1.857651444704656345e-05 9.386093283001846213e-07 1.202081915641962710e-06
1.000000000000000000e+00 -4.884254656610953020e+02 9.137076364088491331e+00 -9.949554894935715711e+05 -1.214781260407179844e+14 -1.870370334155820605e-05 3.427698237880673157e-07 1.208040691962202139e-06
