1.000000000000000000e+00 -4.739018299891334323e+02 3.179097824373610237e+01 -3.535321208224938018e+05 -1.527262311488037500e+13 1.154634017613099570e-06 1.984141114801098382e+01 2.067787951566822713e+00 -3.583224541979571631e-01 -6.643280281450791858e-01 3.091782174353929591e+01
1.000000000000000000e+00 -4.847302862940930481e+02 -1.465570660347980514e+01 -3.567762704131418141e+05 -1.555420434026175391e+13 1.203989962694178061e-06 1.389944262646633533e+01 1.436661544529567847e+00 -7.610901222389908627e-01 -4.615640139917378537e-01 3.297897851940442138e+01
1.000000000000000000e+00 -4.835984959467511430e+02 -6.073181468347893741e+01 -3.600204140610590111e+05 -1.583835714138845117e+13 1.215201447007458003e-06 4.445932115660810702e+00 4.557983660159919959e-01 -9.785914323292592698e-01 -1.464463298765797949e-01 1.781766922532708719e+01
1.000000000000000000e+00 -4.704646858799204097e+02 -1.053392970193944791e+02 -3.632645581037479569e+05 -1.612508206676094141e+13 1.186933288691598660e-06 -6.254639858297819544e+00 -6.360537777662048642e-01 -9.578753418908754202e-01 2.043201465073382073e-01 -7.023235726166163762e-01
1.000000000000000000e+00 -4.454903964652595505e+02 -1.473233020329049623e+02 -3.665087091667199857e+05 -1.641437971077561914e+13 1.121349255091982712e-06 -1.559388952695002573e+01 -1.573098224112023713e+00 -7.039767077526615235e-01 5.053477399034614903e-01 -5.644808520851576361e+00
1.000000000000000000e+00 -4.092718796785100039e+02 -1.855662732149672536e+02 -3.697528737824716372e+05 -1.670625068043562891e+13 1.024802839001727888e-06 -2.125537155155135949e+01 -2.127197226062232271e+00 -2.786977613123702291e-01 6.833519278317380374e-01 7.510609161955557944e+00
1.000000000000000000e+00 -3.626747374382488829e+02 -2.191203550582836215e+02 -3.729970578699218458e+05 -1.700069554752922656e+13 9.066845866256530805e-07 -2.178912382689200555e+01 -2.163435029897853745e+00 2.144324662898863532e-01 6.949950439663697965e-01 2.673314411029920379e+01
1.000000000000000000e+00 -3.067549277950458873e+02 -2.470702689439045798e+02 -3.762412673552303459e+05 -1.729771490328194531e+13 7.783044735414822766e-07 -1.698228378577316278e+01 -1.672985382797694154e+00 6.553625366887615433e-01 5.374403360018973341e-01 3.444294163740324421e+01
1.000000000000000000e+00 -2.429611360110051237e+02 -2.686314960934449232e+02 -3.794855077889611130e+05 -1.759730932288023828e+13 6.527313115109414837e-07 -7.931099731044144008e+00 -7.752609859810956072e-01 9.367482520890820785e-01 2.490436209560100700e-01 2.358908081220345210e+01
1.000000000000000000e+00 -1.729298184360168875e+02 -2.832693516863427021e+02 -3.827297832466820837e+05 -1.789947926114957422e+13 5.428712905161255082e-07 3.208088099875669563e+00 3.111754743900463360e-01 9.900872044513238102e-01 -9.998566075190042091e-02 4.097842159214675206e+00
1.000000000000000000e+00 -9.838960410633538345e+01 -2.905532334875656488e+02 -3.859740971692068269e+05 -1.820422512596625391e+13 4.596715486594557969e-07 1.373246638841851208e+01 1.321836869865104402e+00 8.023941590531231682e-01 -4.246781117964622543e-01 -6.205703651597223036e+00
1.000000000000000000e+00 -2.133546608220343188e+01 -2.902476655070667562e+02 -3.892184521545123425e+05 -1.851154725594829688e+13 4.115927416727993141e-07 2.104852549838647846e+01 2.010696541291488781e+00 4.193598251271696276e-01 -6.459888219205961457e-01 2.101169551218682763e+00
1.000000000000000000e+00 5.620795087996955886e+01 -2.824071614386247688e+02 -3.924628493760126294e+05 -1.882144586131825391e+13 4.036288267079186894e-07 2.331089417719589818e+01 2.210060858171233100e+00 -6.577134686538710362e-02 -7.100377795584783547e-01 2.142207718680461781e+01
1.000000000000000000e+00 1.322863866029131543e+02 -2.672114806803018610e+02 -3.957072892330976319e+05 -1.913392108116768750e+13 4.364887802854984183e-07 1.988707565222341600e+01 1.871376667286039464e+00 -5.348958355330442060e-01 -6.012257919497875358e-01 3.408775522507511369e+01
1.000000000000000000e+00 2.048558995949945256e+02 -2.450426283609467930e+02 -3.989517708737447392e+05 -1.944897293384301562e+13 5.065677772531488709e-07 1.153135699244209711e+01 1.077059906427095370e+00 -8.737971730378065738e-01 -3.460354497255517803e-01 2.851417000471764140e+01
1.000000000000000000e+00 2.720285551221822402e+02 -2.165516672071884727e+02 -4.021962917737245443e+05 -1.976660127062287109e+13 6.066145805913709756e-07 2.207233967102398553e-01 2.046448358654371150e-02 -9.999518367264427221e-01 -6.590794752639610871e-03 9.797952340364291857e+00
1.000000000000000000e+00 3.321547861867349525e+02 -1.824726975542533580e+02 -4.054408488206132315e+05 -2.008680587649892188e+13 7.264886275288030774e-07 -1.131222870652544898e+01 -1.041158972211744693e+00 -8.826282144553279085e-01 3.344616372401397197e-01 -4.942445106907037200e+00
1.000000000000000000e+00 3.836569285562462710e+02 -1.436887777776694293e+02 -4.086854381701432285e+05 -2.040958645349598047e+13 8.538194903847173433e-07 -2.023935099814076466e+01 -1.849290066769475605e+00 -5.503807256158753658e-01 5.940742741384008596e-01 -2.223427388299537899e+00
1.000000000000000000e+00 4.252599956611855418e+02 -1.012773193609834976e+02 -4.119300547652196838e+05 -2.073494256934853125e+13 9.757159960809778706e-07 -2.433062136847875578e+01 -2.207110349145646744e+00 -8.410640476050668113e-02 7.090244185929042153e-01 1.546844466615314850e+01
1.000000000000000000e+00 4.560381670678198702e+02 -5.631108227435129976e+01 -4.151746930603156216e+05 -2.106287372619262500e+13 1.080137105927320517e-06 -2.251115977410055891e+01 -2.027466066061866634e+00 4.026521754289647537e-01 6.513161084841136983e-01 3.194936830335489830e+01
1.000000000000000000e+00 4.752282507797464746e+02 -9.923665991573189515e+00 -4.184193470291422564e+05 -2.139337935941339844e+13 1.156588315597135290e-06 -1.514228196127512760e+01 -1.354110481325441651e+00 7.913610945682985065e-01 4.350016009132747774e-01 3.214302521062487017e+01
1.000000000000000000e+00 4.824352732041963350e+02 3.665475029757418923e+01 -4.216640099564876291e+05 -2.172645881428738672e+13 1.197913946037614806e-06 -3.953325495853858840e+00 -3.510380994579397895e-01 9.873662051737013279e-01 1.127584830984269676e-01 1.587254832427229623e+01
1.000000000000000000e+00 4.776389729597274822e+02 8.229657398917147759e+01 -4.249086756378522259e+05 -2.206211146782590625e+13 1.200791094867926596e-06 8.363879660928860815e+00 7.374794605492183130e-01 9.429443097058765044e-01 -2.369424788118737191e-01 -1.978595589543572286e+00
1.000000000000000000e+00 4.609865883030675491e+02 1.259011708849610898e+02 -4.281533378237819416e+05 -2.240033667265648438e+13 1.164971270911891143e-06 1.880269405297501706e+01 1.646394751379135046e+00 6.689194635989396120e-01 -5.289490387712564301e-01 -5.082062022123396972e+00
1.000000000000000000e+00 4.329786311490063326e+02 1.663600865644409623e+02 -4.313979898979727877e+05 -2.274113372290722266e+13 1.094214462950358673e-06 2.477553534440951921e+01 2.154416463624037714e+00 2.320207487971993610e-01 -6.921617561529211926e-01 9.400399553588716373e+00
1.000000000000000000e+00 3.944428614313572439e+02 2.027466926692565607e+02 -4.346426259004429448e+05 -2.308450196143675391e+13 9.961277623785917468e-07 2.475487062918685766e+01 2.137867015994299180e+00 -2.613694753999746823e-01 -6.868429709803791638e-01 2.822217973012240932e+01
1.000000000000000000e+00 3.463143189261590464e+02 2.342252513254514952e+02 -4.378872404248312814e+05 -2.343044077144591406e+13 8.803976395666174827e-07 1.866279756994069317e+01 1.600776142110958089e+00 -6.911171731455223455e-01 -5.142891992459718287e-01 3.416806189030018004e+01
1.000000000000000000e+00 2.898131349156608962e+02 2.600146180820793802e+02 -4.411318284925515181e+05 -2.377894956510572266e+13 7.583715883220210392e-07 7.910229967113780347e+00 6.739023082577156876e-01 -9.525841614999451812e-01 -2.165149954251028852e-01 2.179957181042118819e+01
1.000000000000000000e+00 2.263961506249525257e+02 2.795646334561014896e+02 -4.443763860400684644e+05 -2.413002783817271484e+13 6.420800277375225274e-07 -4.928817320045847161e+00 -4.170848454168031294e-01 -9.821048920986681363e-01 1.339751948122769876e-01 2.429575478710730874e+00
1.000000000000000000e+00 1.575331859204517855e+02 2.924496765148018085e+02 -4.476209095935259247e+05 -2.448367513802324219e+13 5.425281771322021821e-07 -1.673307583601593507e+01 -1.406536269626840419e+00 -7.724905421797509941e-01 4.518396548353239561e-01 -6.224579178699205961e+00
1.000000000000000000e+00 8.488619656358480370e+01 2.983322383269710940e+02 -4.508653960616624681e+05 -2.483989104317347656e+13 4.692253702035373189e-07 -2.459287756789922241e+01 -2.053512390295938683e+00 -3.747823703334649537e-01 6.596806174489403540e-01 3.752951535300006025e+00
1.000000000000000000e+00 1.024528247284715299e+01 2.971264412901155083e+02 -4.541098436718342127e+05 -2.519867526867689453e+13 4.293798560433825439e-07 -2.652749250118930036e+01 -2.200473310439856611e+00 1.141774263460649808e-01 7.068930667933386314e-01 2.323552073113371463e+01
1.000000000000000000e+00 -6.469233058671582626e+01 2.888777622963673366e+02 -4.573542517686369829e+05 -2.556002764884352734e+13 4.267793302198517612e-07 -2.198390088234355133e+01 -1.811654755752074131e+00 5.753315992910476018e-01 5.819876209769618836e-01 3.440279338336227255e+01
1.000000000000000000e+00 -1.381380310101343412e+02 2.737280284598728599e+02 -4.605986200403850526e+05 -2.592394805459696875e+13 4.616206702590310617e-07 -1.199134647231523765e+01 -9.817660596303825482e-01 8.964028289175933750e-01 3.153846070520865408e-01 2.704130983475274164e+01
1.000000000000000000e+00 -2.082886888891596300e+02 2.520675874951418223e+02 -4.638429493447491550e+05 -2.629043648843076562e+13 5.307222587054275827e-07 1.070806370121412332e+00 8.710413130638632040e-02 9.992318905208361635e-01 -2.799969625822534836e-02 7.884821051364300004e+00
1.000000000000000000e+00 -2.735405721276856070e+02 2.244023784554439942e+02 -4.670872413328327821e+05 -2.665949304613174219e+13 6.276988835037391895e-07 1.403965810988451324e+01 1.134723921650519829e+00 8.587997839976575509e-01 -3.645644198805056413e-01 -5.546884956584447579e+00
1.000000000000000000e+00 -3.322998057975501638e+02 1.913199979329400833e+02 -4.703314983598756953e+05 -2.703111790966119531e+13 7.431484377489143203e-07 2.373469574305245899e+01 1.906079934584071323e+00 5.093071171743296377e-01 -6.123784908503492330e-01 -9.711565090429700176e-01
1.000000000000000000e+00 -3.830706265646996371e+02 1.536312971069488924e+02 -4.735757240551114082e+05 -2.740531141590017578e+13 8.658563875267499065e-07 2.773752160510081310e+01 2.213433698233969071e+00 3.583892280707537403e-02 -7.111217853063744876e-01 1.742705373904725974e+01
1.000000000000000000e+00 -4.246577085076024787e+02 1.122248372298286654e+02 -4.768199227459792164e+05 -2.778207399460283594e+13 9.842745439749892655e-07 2.499442473891676642e+01 1.981987299909395261e+00 -4.463494761284790280e-01 -6.367622513034307818e-01 3.282373717471584484e+01
1.000000000000000000e+00 -4.559704840369254839e+02 6.803211389111471874e+01 -4.800640988959301030e+05 -2.816140610520538672e+13 1.086785560140354253e-06 1.609202305682056533e+01 1.268073530086495815e+00 -8.198834851660513623e-01 -4.074019104976928651e-01 3.113984897990785328e+01
1.000000000000000000e+00 -4.761188615086338700e+02 2.215832873966545691e+01 -4.833082579295922769e+05 -2.854330833483061719e+13 1.162940027193366771e-06 3.134333680641934183e+00 2.454551125172220460e-01 -9.938350980834039783e-01 -7.887120871486451301e-02 1.391498710308616893e+01
1.000000000000000000e+00 -4.845972739133055711e+02 -2.427596948784114161e+01 -4.865524059726257110e+05 -2.892778137116423828e+13 1.205141434687302085e-06 -1.075377410875285555e+01 -8.369463140834924042e-01 -9.258554583352580636e-01 2.688577072948256652e-01 -3.099684896569917303e+00
1.000000000000000000e+00 -4.810778970186397601e+02 -7.017157086672699506e+01 -4.897965491371842800e+05 -2.931482591970212500e+13 1.208703481065743089e-06 -2.217992972069099267e+01 -1.715628535632659935e+00 -6.324876893372471942e-01 5.511355748931954235e-01 -4.344393374732312019e+00
1.000000000000000000e+00 -4.655052782901976798e+02 -1.143303171995581806e+02 -4.930406941609940841e+05 -2.970444278070229297e+13 1.172741535812788690e-06 -2.831297312954740875e+01 -2.176663692278879569e+00 -1.851450942560551038e-01 6.992431732076723749e-01 1.131944944234380834e+01
1.000000000000000000e+00 -4.382527854875409048e+02 -1.556241982430450719e+02 -4.962848475404969649e+05 -3.009663274652573438e+13 1.100857048092482403e-06 -2.758448482864616480e+01 -2.107801199847673779e+00 3.072714113860776086e-01 6.771232082932318042e-01 2.956699688218396815e+01
1.000000000000000000e+00 -3.998949623318472959e+02 -1.930305839549624807e+02 -4.995290154321259470e+05 -3.049139658862763281e+13 9.997291204231049248e-07 -2.008912495338350368e+01 -1.525810700380495710e+00 7.248864547983636664e-01 4.901605110091553641e-01 3.371041695897375945e+01
1.000000000000000000e+00 -3.512895171018632823e+02 -2.255187322458105257e+02 -5.027732041663214331e+05 -3.088873511936860547e+13 8.788861882844216395e-07 -7.581646888527864725e+00 -5.723923380895402646e-01 9.660362633592022297e-01 1.838705417275885157e-01 1.996066202627891073e+01
1.000000000000000000e+00 -2.936978890412745500e+02 -2.522228496604404029e+02 -5.060174196205139742e+05 -3.128864911516389062e+13 7.506328359260790736e-07 6.933490512487991531e+00 5.203413855192057236e-01 9.720179082579303298e-01 -1.671833403132778617e-01 8.920281613432978762e-01
1.000000000000000000e+00 -2.285279895139155144e+02 -2.724662232184991808e+02 -5.092616666566958302e+05 -3.169113924468846875e+13 6.279610286648986717e-07 1.992385263638766091e+01 1.486385034364657853e+00 7.413765743426589117e-01 -4.775425587597549870e-01 -6.057635939363986921e+00
1.000000000000000000e+00 -1.573967287303073306e+02 -2.856461323249887982e+02 -5.125059495500433841e+05 -3.209620611853772266e+13 5.231851060084039400e-07 2.818859509694014065e+01 2.090586704486310232e+00 3.302566401406724084e-01 -6.716552039638372662e-01 5.466944608317850118e+00
1.000000000000000000e+00 -8.221495058954813828e+01 -2.913999065209019363e+02 -5.157502716355103184e+05 -3.250385024235633594e+13 4.471212445289599613e-07 2.964676450019792142e+01 2.185867409321373245e+00 -1.612644122725750417e-01 -7.022646593563485196e-01 2.492720212844299965e+01
1.000000000000000000e+00 -4.902514846223776424e+00 -2.896053499412327596e+02 -5.189946348605115782e+05 -3.291407195637461328e+13 4.075795324857582517e-07 2.386048314081796562e+01 1.749010175013590018e+00 -6.135321155204903620e-01 -5.619126607311460964e-01 3.452706610444910496e+01
1.000000000000000000e+00 7.256166198634609543e+01 -2.802543960192296026e+02 -5.222390407180110924e+05 -3.332687154899852734e+13 4.085322471749784956e-07 1.216182576426963458e+01 8.863252688611615859e-01 -9.164375313033922277e-01 -2.847589151455572898e-01 2.548656736880383278e+01
1.000000000000000000e+00 1.480765336386965316e+02 -2.636027445472083173e+02 -5.254834892226803349e+05 -3.374224912352277734e+13 4.498472244698159926e-07 -2.652467246650110244e+00 -1.921941327832570046e-01 -9.962226884190052978e-01 6.172752865007979234e-02 6.072885310458563168e+00
1.000000000000000000e+00 2.197143531847017925e+02 -2.401393896302209896e+02 -5.287279787773616845e+05 -3.416020457501493750e+13 5.272843162679582178e-07 -1.698901793855982945e+01 -1.223963420510750355e+00 -8.334458185715583056e-01 3.931879279288361673e-01 -5.958009641718272853e+00
1.000000000000000000e+00 2.856621108017310462e+02 -2.104453413206646815e+02 -5.319725072247036733e+05 -3.458073772064758984e+13 6.328489980455554144e-07 -2.732936612233277174e+01 -1.957735224862194423e+00 -4.677271886591934935e-01 6.289122221917264888e-01 3.988999852777382338e-01
1.000000000000000000e+00 3.441588924282295352e+02 -1.753259515863580873e+02 -5.352170712127431761e+05 -3.500384821449384766e+13 7.556435442440362274e-07 -3.109369166585928923e+01 -2.214802081841367620e+00 1.188873209768770423e-02 7.114957280583714683e-01 1.932952012647579920e+01
1.000000000000000000e+00 3.937781307493902432e+02 -1.357540003434822893e+02 -5.384616663792647887e+05 -3.542953556705157031e+13 8.833726426836770881e-07 -2.728446481387040734e+01 -1.932547451304222896e+00 4.886140245330168330e-01 6.208239861203347365e-01 3.351734319409015939e+01
1.000000000000000000e+00 4.333382866573438150e+02 -9.271949661253152897e+01 -5.417062878426009556e+05 -3.585779920621388281e+13 1.003167817321903461e-06 -1.674921717327885062e+01 -1.179709380190190116e+00 8.463610288251539604e-01 3.789747601815741107e-01 2.998401865929485766e+01
1.000000000000000000e+00 4.618253121078209915e+02 -4.735297795116456854e+01 -5.449509299107551342e+05 -3.628863843647002344e+13 1.102773455563251506e-06 -1.993498250840968433e+00 -1.396290303964735080e-01 9.980164280621323103e-01 4.484107674677719618e-02 1.196179107475419023e+01
1.000000000000000000e+00 4.786465862749990379e+02 -8.550544583850197000e-01 -5.481955860540178837e+05 -3.672205243202347656e+13 1.172765713746093353e-06 1.341497156293644721e+01 9.344205287440852103e-01 9.066552564106007406e-01 -3.002132374138557491e-01 -4.063920643168976277e+00
1.000000000000000000e+00 4.835013181375285285e+02 4.565137149774425751e+01 -5.514402501377875451e+05 -3.715804039961411719e+13 1.206804412315408544e-06 2.570905144035153356e+01 1.780921115378264030e+00 5.945284032653144202e-01 -5.721685153939050084e-01 -3.434671611707914796e+00
1.000000000000000000e+00 4.762868134448277146e+02 9.099592666288644693e+01 -5.546849158041207120e+05 -3.759660149624755469e+13 1.201563845710873981e-06 3.184305172530779160e+01 2.193776855835190887e+00 1.376396765600513272e-01 -7.048069201007488571e-01 1.327374773058580715e+01
1.000000000000000000e+00 4.573239310130524018e+02 1.340328201919183471e+02 -5.579295763648285065e+05 -3.803773481373269531e+13 1.158030319478184979e-06 3.024676611910823709e+01 2.072472799440248981e+00 -3.527619220278925272e-01 -6.658331669970894984e-01 3.077879386029924547e+01
1.000000000000000000e+00 4.271922805322726049e+02 1.737767943154847217e+02 -5.611742257734481245e+05 -3.848143951067478125e+13 1.080946625750040833e-06 2.122630535106455696e+01 1.446536078187017571e+00 -7.572678665800297582e-01 -4.647364035219908596e-01 3.306927403664017362e+01
1.000000000000000000e+00 3.866287667201893896e+02 2.092691022341329585e+02 -5.644188580097188242e+05 -3.892771473011479688e+13 9.779044125358452238e-07 6.909779436427120558e+00 4.683566947392142632e-01 -9.773819436193877941e-01 -1.504808433026353365e-01 1.804991146899368815e+01
1.000000000000000000e+00 3.367335562932785251e+02 2.396461158887773024e+02 -5.676634675483488245e+05 -3.937655966466669531e+13 8.593902328140257830e-07 -9.253978814645671847e+00 -6.238947276264631414e-01 -9.595039545602814801e-01 2.004139936099246233e-01 -5.413931991980862612e-01
1.000000000000000000e+00 2.787816255520532991e+02 2.642592749891095423e+02 -5.709080499781860271e+05 -3.982797364486987500e+13 7.371031910968621723e-07 -2.332598525607229689e+01 -1.564247712443391558e+00 -7.079851009268496309e-01 5.025045126333905765e-01 -5.698883152144807340e+00
1.000000000000000000e+00 2.141228610709517284e+02 2.825304327397277007e+02 -5.741526011253022589e+05 -4.028195602055973438e+13 6.225065541237428584e-07 -3.183713321887579184e+01 -2.123706638370739697e+00 -2.840718785406586844e-01 6.822305710232013931e-01 7.295133172249108178e+00
1.000000000000000000e+00 1.443778995099802103e+02 2.940179418429335669e+02 -5.773971173653900623e+05 -4.073850620589107812e+13 5.266495177739233258e-07 -3.264360882867324420e+01 -2.166037476154256680e+00 2.090089067323302185e-01 6.958310498575320802e-01 2.655442476955228770e+01
1.000000000000000000e+00 7.123597138712483456e+01 2.985203345086768536e+02 -5.806415962844517780e+05 -4.119762377527181250e+13 4.588517309153794914e-07 -2.546648849174777496e+01 -1.680955300739690239e+00 6.511923809924342610e-01 5.400006635206476835e-01 3.446232816755824047e+01
1.000000000000000000e+00 -3.638167240853792617e+00 2.959219356944218475e+02 -5.838860362309602788e+05 -4.165930840425634375e+13 4.254365942678477092e-07 -1.197962065574238011e+01 -7.866135183780381679e-01 9.348170898263641337e-01 2.526906982369945820e-01 2.378639843312286573e+01
1.000000000000000000e+00 -7.841308867988661291e+01 2.862591714738700830e+02 -5.871304362845529104e+05 -4.212355986807668750e+13 4.295088653200788729e-07 4.580396729417970825e+00 2.992020011136302671e-01 9.908392606299631922e-01 -9.613901155313921143e-02 4.292054067620291846e+00
1.000000000000000000e+00 -1.513010785358910084e+02 2.698088313507965381e+02 -5.903747968160669552e+05 -4.259037812534448438e+13 4.707807927674125371e-07 2.019113964979943532e+01 1.312130359866284346e+00 8.056352547941985076e-01 -4.215597016213040726e-01 -6.191536358141293661e+00
1.000000000000000000e+00 -2.206423880601843450e+02 2.469250401684181782e+02 -5.936191186508866958e+05 -4.305976320179223438e+13 5.454076467979687711e-07 3.102142045168469764e+01 2.005599256689651888e+00 4.243064944393485360e-01 -6.443512108647940773e-01 1.922428148054392993e+00
1.000000000000000000e+00 -2.847166361859956396e+02 2.181070634250264391e+02 -5.968634033466371475e+05 -4.353171523258201562e+13 6.461217742719735388e-07 3.437115368142828942e+01 2.210825029821733789e+00 -6.030910708440001544e-02 -7.102833102051100411e-01 2.121321161458255844e+01
1.000000000000000000e+00 -3.419590017407659843e+02 1.840722836794223838e+02 -6.001076539597327355e+05 -4.400623457763108594e+13 7.632476069492216025e-07 2.934373645436401645e+01 1.877866851786994529e+00 -5.302388320181091741e-01 -6.033109226478299281e-01 3.404008680154507260e+01
1.000000000000000000e+00 -3.910336074907124271e+02 1.455849345108508999e+02 -6.033518740376690403e+05 -4.448332167896281250e+13 8.856777206766310030e-07 1.708391338858638164e+01 1.087770010409995436e+00 -8.710885553790173041e-01 -3.494762495600672314e-01 2.867356296279005790e+01
1.000000000000000000e+00 -4.306455600747532912e+02 1.035242155218485181e+02 -6.065960677614964079e+05 -4.496297708377446094e+13 1.001378929270255567e-06 5.185502401033321718e-01 3.285125766159838201e-02 -9.998845233741687766e-01 -1.057015669146120669e-02 1.002099304524355183e+01
1.000000000000000000e+00 -4.597603836463674156e+02 5.894125468489731645e+01 -6.098402401762305526e+05 -4.544520148128882812e+13 1.098995562586945316e-06 -1.634153050400756513e+01 -1.030092720983902588e+00 -8.852708931128580039e-01 3.309065765904007916e-01 -4.860334167078854684e+00
1.000000000000000000e+00 -4.776610979823592515e+02 1.287999616932384761e+01 -6.130843966550937621e+05 -4.592999562590482812e+13 1.168918856225584296e-06 -2.937248704214163908e+01 -1.842288381968059108e+00 -5.551461891563984619e-01 5.918249869383025441e-01 -2.361312259538395519e+00
1.000000000000000000e+00 -4.837560633518473310e+02 -3.355657727810594082e+01 -6.163285430958318757e+05 -4.641736036806871875e+13 1.203543237766255470e-06 -3.534626054701446662e+01 -2.205994537194071903e+00 -8.987526492082631435e-02 7.086659464862230529e-01 1.523277037017333235e+01
1.000000000000000000e+00 -4.777958198318983705e+02 -7.916550963011609099e+01 -6.195726862546276534e+05 -4.690729670691371875e+13 1.199068469316550990e-06 -3.273028936257410493e+01 -2.032663649542162165e+00 3.972749894994804243e-01 6.529858007832404221e-01 3.183167970300286598e+01
1.000000000000000000e+00 -4.599038446517659509e+02 -1.228285947999103911e+02 -6.228168325689220801e+05 -4.739980561448339062e+13 1.156001274943184518e-06 -2.207978089660375076e+01 -1.364506773336556344e+00 7.877127142971681595e-01 4.383414303758254582e-01 3.225553456397563679e+01
1.000000000000000000e+00 -4.303714802239609867e+02 -1.634478566758525631e+02 -6.260609882508852752e+05 -4.789488804876943750e+13 1.077985582430533395e-06 -5.922249754582541215e+00 -3.642028594439519762e-01 9.863937670805733582e-01 1.169877915707176058e-01 1.611707611964742171e+01
1.000000000000000000e+00 -3.898625643816740194e+02 -1.999171545808113422e+02 -6.293051599151216215e+05 -4.839254504935781250e+13 9.723365653758316591e-07 1.184221717095413950e+01 7.247290667207808568e-01 9.449573801283818186e-01 -2.328461996938372136e-01 -1.825259712123612266e+00
1.000000000000000000e+00 -3.394065115079338852e+02 -2.313063353454435855e+02 -6.325493536128684646e+05 -4.889277758972145312e+13 8.496877442995407107e-07 2.688243258525652379e+01 1.637221639163701115e+00 6.734934915788040044e-01 -5.260019816273807658e-01 -5.164189440527844788e+00
1.000000000000000000e+00 -2.801715656236830227e+02 -2.567923639455523244e+02 -6.357935749255841365e+05 -4.939558658952907812e+13 7.221644006630685902e-07 3.549191069372872676e+01 2.151169672800837152e+00 2.380827049996385447e-01 -6.911186653298068139e-01 9.153490170009265015e+00
1.000000000000000000e+00 -2.136488018032933667e+02 -2.756347455058519813e+02 -6.390378289613142842e+05 -4.990097291221582812e+13 6.027177588408657068e-07 3.550177729040805730e+01 2.141468946383302097e+00 -2.552877736846591028e-01 -6.880002018184825374e-01 2.803543658523896909e+01
1.000000000000000000e+00 -1.416031358553190387e+02 -2.873489620193782912e+02 -6.422821195501484908e+05 -5.040893723681907031e+13 5.037665773342444300e-07 2.682631535692453539e+01 1.610456639031392800e+00 -6.865173508582056439e-01 -5.173992659371672298e-01 3.421496592197737385e+01
1.000000000000000000e+00 -6.582467584084055545e+01 -2.916218308567389386e+02 -6.455264495566050755e+05 -5.091948010219464844e+13 4.353352381946395586e-07 1.150429669705810731e+01 6.873599728262526076e-01 -9.506220807689695906e-01 -2.208384528416556802e-01 2.204020375248034824e+01
1.000000000000000000e+00 1.170639481830067652e+01 -2.882794630454444018e+02 -6.487708254219064256e+05 -5.143260262338516406e+13 4.044386726602297179e-07 -6.779082918793165824e+00 -4.031261742378572377e-01 -9.832922880246801611e-01 1.294908863539585009e-01 2.644495842794619467e+00
1.000000000000000000e+00 8.889992625763446199e+01 -2.774404811112486868e+02 -6.520152399349942571e+05 -5.194830376041490625e+13 4.144189283391681951e-07 -2.357794686558522557e+01 -1.395505548458171541e+00 -7.765575768093874176e-01 4.482960278981120150e-01 -6.233025527672391597e+00
1.000000000000000000e+00 1.638126322921697238e+02 -2.594055663542159209e+02 -6.552596966877590166e+05 -5.246658418042086719e+13 4.643003278482694203e-07 -3.476694427717622204e+01 -2.048128445464066250e+00 -3.807399412200881406e-01 6.579510244011210762e-01 3.528138478106464859e+00
1.000000000000000000e+00 2.344861541893492927e+02 -2.346115360549116247e+02 -6.585041943713622168e+05 -5.298744377324577344e+13 5.488570893854894931e-07 -3.755455207352962077e+01 -2.202053183987802143e+00 1.077904711350279598e-01 7.074005701104779664e-01 2.300026328329394687e+01
1.000000000000000000e+00 2.990360788377401491e+02 -2.037622339038884149e+02 -6.617487302044965327e+05 -5.351088218644632031e+13 6.594248079928363069e-07 -3.117958120780010134e+01 -1.819782245322353331e+00 5.700793921694493616e-01 5.845985552865134993e-01 3.437210325353398588e+01
1.000000000000000000e+00 3.558927011724964586e+02 -1.676918543118601406e+02 -6.649933006960437633e+05 -5.403689894340126562e+13 7.850065960362062114e-07 -1.711673661934144164e+01 -9.944050857549283640e-01 8.935585231190977806e-01 3.194449586815274467e-01 2.724155756465595601e+01
1.000000000000000000e+00 4.036216603012520068e+02 -1.273091564338652404e+02 -6.682379017134234309e+05 -5.456549345165899219e+13 9.127977649411678576e-07 1.263800225005119460e+00 7.308415521692107619e-02 9.994609398258466060e-01 -2.349559925732634669e-02 8.131074758565697280e+00
1.000000000000000000e+00 4.410000496999628012e+02 -8.371325279672161912e+01 -6.714825278819072992e+05 -5.509666490181883594e+13 1.029724936609311771e-06 1.950416052691504376e+01 1.122751464999423465e+00 8.620015220365420117e-01 -3.607180400661101349e-01 -5.479090192274590265e+00
1.000000000000000000e+00 4.672244826617685476e+02 -3.804066592880043629e+01 -6.747271731475377455e+05 -5.563041235542964062e+13 1.124536771230059306e-06 3.314006546693531874e+01 1.899023528218725776e+00 5.146525812836052483e-01 -6.101114678311140294e-01 -1.140201180345697729e+00
1.000000000000000000e+00 4.817008112527835237e+02 8.588617656205327577e+00 -6.779718314945575548e+05 -5.616673486116779688e+13 1.188121267575205534e-06 3.879321933768814290e+01 2.212903082999531534e+00 4.199066992702174539e-02 -7.109513356563902375e-01 1.717909207426659535e+01
1.000000000000000000e+00 4.841008448958468193e+02 5.495987442877061113e+01 -6.812164965070807375e+05 -5.670563138201386719e+13 1.214368527906693334e-06 3.500772416446821467e+01 1.987965916357015361e+00 -4.408962350543962350e-01 -6.386830384826152063e-01 3.272300951702051464e+01
1.000000000000000000e+00 4.745352529625645843e+02 9.991978779999899984e+01 -6.844611616326058283e+05 -5.724710083774555469e+13 1.201355248628559777e-06 2.262381772996670648e+01 1.278963799748134011e+00 -8.164280068718581251e-01 -4.109006090196963279e-01 3.127391740100072326e+01
1.000000000000000000e+00 4.533128156537375730e+02 1.424173843410345341e+02 -6.877058206619807752e+05 -5.779114218506342188e+13 1.150572357443972993e-06 4.593356045922818431e+00 2.585106958847208092e-01 -9.931601262686934328e-01 -8.306545173011732619e-02 1.415686609765123904e+01
1.000000000000000000e+00 4.209849803141308371e+02 1.813902629641567898e+02 -6.909504671618889552e+05 -5.833775432312046094e+13 1.067081732104834018e-06 -1.472311798784282644e+01 -8.249220576275220207e-01 -9.280524964177943037e-01 2.649948715668348220e-01 -2.971183650559675815e+00
1.000000000000000000e+00 3.784918106857699627e+02 2.159154711601775034e+02 -6.941950951545215212e+05 -5.888693620794348438e+13 9.597489093410571422e-07 -3.061076459004896932e+01 -1.707499619289628567e+00 -6.369555905262922479e-01 5.485241636045075087e-01 -4.442418449199110775e+00
1.000000000000000000e+00 3.268996752045598555e+02 2.452321945843340529e+02 -6.974396998294296209e+05 -5.943868697557343750e+13 8.391696268936809404e-07 -3.915149888568104330e+01 -2.174285997652070979e+00 -1.907546193032768622e-01 6.984793276733358702e-01 1.108903794000509002e+01
1.000000000000000000e+00 2.674452162643224824e+02 2.686238553939298868e+02 -7.006842764390778029e+05 -5.999300575756703125e+13 7.167259929233087994e-07 -3.819049080153841658e+01 -2.111610458032544990e+00 3.018934232588645905e-01 6.783469009204399214e-01 2.941549077201518614e+01
1.000000000000000000e+00 2.016641449837296989e+02 2.855614765421094603e+02 -7.039288208451920655e+05 -6.054989177523717188e+13 6.043453623509214015e-07 -2.787937847729518737e+01 -1.534759466004691708e+00 7.210254812284729864e-01 4.930353055810378082e-01 3.377311174471249444e+01
1.000000000000000000e+00 1.311169747549174076e+02 2.957079930266393717e+02 -7.071733299375720089e+05 -6.110934441445074219e+13 5.127725166335161904e-07 -1.065917562575056188e+01 -5.842353454223756515e-01 9.645900072653033064e-01 1.876752053311125379e-01 2.017673787502085148e+01
1.000000000000000000e+00 5.744030023353911929e+01 2.987972102214825441e+02 -7.104178012244893471e+05 -6.167136315858998438e+13 4.505619221298631903e-07 9.317639111755212866e+00 5.084933872149999257e-01 9.732952402636879663e-01 -1.633769862955118668e-01 1.063196521556587726e+00
1.000000000000000000e+00 -1.753578997732514466e+01 2.947710124786375445e+02 -7.136622331978294533e+05 -6.223594765469004688e+13 4.236376307916752472e-07 2.718874212797132017e+01 1.477378998235584495e+00 7.450371701003644098e-01 -4.746491834160104784e-01 -6.086227336606869542e+00
1.000000000000000000e+00 -9.206715793773511791e+01 2.837672635090931976e+02 -7.169066255689807003e+05 -6.280309775866795312e+13 4.345223254927776885e-07 3.856540034005236350e+01 2.086566005890201136e+00 3.354000489241726335e-01 -6.703634726371916486e-01 5.266247366133893770e+00
1.000000000000000000e+00 -1.644340611052136012e+02 2.659962756241963575e+02 -7.201509783337226836e+05 -6.337281337557903906e+13 4.820978763021201685e-07 4.060973323857096062e+01 2.187781400785812291e+00 -1.558837088232055690e-01 -7.028795974185434448e-01 2.473800997522354450e+01
1.000000000000000000e+00 -2.328333268616283078e+02 2.418735106837729063e+02 -7.233952924426409882e+05 -6.394509457926801562e+13 5.617377878107006523e-07 3.274176848384743010e+01 1.756399830388614802e+00 -6.092135945053990254e-01 -5.642867572511687246e-01 3.452221503076257392e+01
1.000000000000000000e+00 -2.956585886024588490e+02 2.119924791824319357e+02 -7.266395702505795052e+05 -6.451994169596995312e+13 6.658545892059294528e-07 1.680055264291221562e+01 8.974291544902792683e-01 -9.142320955781514380e-01 -2.883262070413829536e-01 2.567142553140253014e+01
1.000000000000000000e+00 -3.514277415065108130e+02 1.769978961684737726e+02 -7.298838145002832171e+05 -6.509735512858208594e+13 7.844127363570222626e-07 -3.384704528493043263e+00 -1.800364923525343275e-01 -9.966855522418517355e-01 5.782179501474891958e-02 6.279590816601490211e+00
1.000000000000000000e+00 -3.986837346595387999e+02 1.377140960221596515e+02 -7.331280289572585607e+05 -6.567733547194931250e+13 9.057494219939693258e-07 -2.291393898857065636e+01 -1.213697506936249004e+00 -8.365002806971998384e-01 3.898899873392447923e-01 -5.919272821290174846e+00
1.000000000000000000e+00 -4.362712587843953997e+02 9.510289154079745799e+01 -7.363722181984668132e+05 -6.625988347889121094e+13 1.018250493994147685e-06 -3.700566344850700062e+01 -1.951899776384278695e+00 -4.726720838779084888e-01 6.270375870317821398e-01 2.310866528752446303e-01
1.000000000000000000e+00 -4.632508161922554564e+02 5.013208230840477597e+01 -7.396163869367717998e+05 -6.684499994130841406e+13 1.110870147661582757e-06 -4.216786883426460975e+01 -2.214915703191723040e+00 6.225300055389071385e-03 7.115322063540747699e-01 1.910588137757991589e+01
1.000000000000000000e+00 -4.788042485324654649e+02 3.898714915257338376e+00 -7.428605408389935037e+05 -6.743268583923785938e+13 1.173783084163184004e-06 -3.706341738101757244e+01 -1.938718668510402976e+00 4.836053176865374725e-01 6.228064629528144991e-01 3.344337167900644658e+01
1.000000000000000000e+00 -4.825012798033393437e+02 -4.242862229058091117e+01 -7.461046863207392162e+05 -6.802294230722314062e+13 1.200559730563660852e-06 -2.285518036845418877e+01 -1.190570870516639790e+00 8.432551836999382378e-01 3.824640518711060477e-01 3.013190758157098870e+01
1.000000000000000000e+00 -4.741933427754046306e+02 -8.774531776022429597e+01 -7.493488296558489092e+05 -6.861577047419190625e+13 1.188439033340106551e-06 -2.942058402521890326e+00 -1.526267220786748369e-01 9.976284207001209214e-01 4.901673201772863142e-02 1.220032769541030682e+01
1.000000000000000000e+00 -4.539150654536940692e+02 -1.308924163759031956e+02 -7.525929772326295497e+05 -6.921117151002189844e+13 1.137956051192231244e-06 1.785424726598894551e+01 9.224373434483794654e-01 9.091532351892273045e-01 -2.963634235790753579e-01 -3.953398984570509533e+00
1.000000000000000000e+00 -4.221314716195940377e+02 -1.707282033418509286e+02 -7.558371357738884399e+05 -6.980914666663950781e+13 1.053888492789010931e-06 3.445682605805736642e+01 1.772939588667568955e+00 5.993716382160605427e-01 -5.696042778835942455e-01 -3.557994662713588330e+00
1.000000000000000000e+00 -3.796012069331600856e+02 -2.062624317371732729e+02 -7.590813113792742370e+05 -7.040969710168779688e+13 9.444350578758966747e-07 4.277264258593784518e+01 2.191872636822906006e+00 1.436910391834150258e-01 -7.041951646729464054e-01 1.302485762911122968e+01
1.000000000000000000e+00 -3.272628627177612657e+02 -2.365386498594048987e+02 -7.623255101472594542e+05 -7.101282399193520312e+13 8.200987251307459134e-07 4.070096832086137795e+01 2.077264056459741326e+00 -3.469695959470011637e-01 -6.673724934058572478e-01 3.063180600932726705e+01
1.000000000000000000e+00 -2.664548645701975715e+02 -2.607129540819288422e+02 -7.655697378566719126e+05 -7.161852847368629688e+13 6.936187384649572574e-07 2.866315013018313707e+01 1.456987151720279927e+00 -7.531725669980853244e-01 -4.680940188900925003e-01 3.316247608604366803e+01
1.000000000000000000e+00 -1.987407543888355121e+02 -2.781762759414285711e+02 -7.688139988830428338e+05 -7.222681143790578125e+13 5.780956483338290360e-07 9.520512539739863556e+00 4.819966488047707220e-01 -9.760292713412849208e-01 -1.548628431052052334e-01 1.830189010313152664e+01
1.000000000000000000e+00 -1.257752421109271950e+02 -2.884281230608934834e+02 -7.720582970373933204e+05 -7.283767368292189062e+13 4.851352473113981953e-07 -1.210481096798582712e+01 -6.103803939804125500e-01 -9.612740757125176616e-01 1.960724483818363784e-01 -3.605885204525039467e-01
1.000000000000000000e+00 -4.949758372804927120e+01 -2.911514871726527076e+02 -7.753026354213322047e+05 -7.345111588473289062e+13 4.243675581301388998e-07 -3.094545870854986447e+01 -1.554194233356225974e+00 -7.124837787617939178e-01 4.992748316916628681e-01 -5.756883078487298633e+00
1.000000000000000000e+00 2.807627724113256917e+01 -2.863114151112270065e+02 -7.785470157349501969e+05 -7.406713846250807812e+13 4.022817923781490334e-07 -4.237191072227143707e+01 -2.119625312854197308e+00 -2.902184748427962258e-01 6.809194392470713231e-01 7.049302963229460595e+00
1.000000000000000000e+00 1.049982823718551543e+02 -2.740104974232300492e+02 -7.817914386767232791e+05 -7.468574164943840625e+13 4.212110063875858067e-07 -4.353043403852795024e+01 -2.168970007805713696e+00 2.027154850644429795e-01 6.967730910722936821e-01 2.634539543645787418e+01
1.000000000000000000e+00 1.792073601599027484e+02 -2.545507758466369808e+02 -7.850359039160043467e+05 -7.530692548348792188e+13 4.791959398027353364e-07 -3.405580634003052865e+01 -1.690199558622201836e+00 6.462966491379571465e-01 5.429703705136137426e-01 3.448184975691495424e+01
1.000000000000000000e+00 2.487512815617446904e+02 -2.285036580269544402e+02 -7.882804094085685210e+05 -7.593068967145448438e+13 5.703836854377901198e-07 -1.618057681793360914e+01 -7.998965026869175876e-01 9.325167011786124061e-01 2.569579449111269454e-01 2.401631628627720616e+01
1.000000000000000000e+00 3.119191194219459931e+02 -1.965446515317643730e+02 -7.915249524349155836e+05 -7.655703378302682812e+13 6.856934529580177913e-07 5.790705024069646711e+00 2.851483655832367514e-01 9.916836516604623508e-01 -9.162408170118825634e-02 4.521316809168718365e+00
1.000000000000000000e+00 3.670519974320791903e+02 -1.595020502297242615e+02 -7.947695295854007127e+05 -7.718595724521915625e+13 8.133296212945272187e-07 2.651828016332514792e+01 1.300741682643526076e+00 8.093912413721221499e-01 -4.179008621874895080e-01 -6.171925262327574657e+00
1.000000000000000000e+00 4.127561526338984663e+02 -1.184044012455822923e+02 -7.980141360407386674e+05 -7.781745919931289062e+13 9.403585850857204092e-07 4.092494740620452376e+01 1.999616246753598947e+00 4.300244196514631523e-01 -6.424290415108289132e-01 1.717069320775399976e+00
1.000000000000000000e+00 4.480014542777489055e+02 -7.430192693558717565e+01 -8.012587664658605354e+05 -7.845153867030310938e+13 1.054324135959855193e-06 4.543938846647405683e+01 2.211619167204385672e+00 -5.404857862937556545e-02 -7.105384712251119339e-01 2.097286600595491279e+01
1.000000000000000000e+00 4.719097416196187851e+02 -2.831101045236251679e+01 -8.045034150085981237e+05 -7.908819456459459375e+13 1.143882405256057834e-06 3.888087780606446131e+01 1.885123201327883358e+00 -5.249637899746149028e-01 -6.056422033122855764e-01 3.398339605023734578e+01
1.000000000000000000e+00 4.839469075004463434e+02 1.834825215146307542e+01 -8.077480751993177691e+05 -7.972742564813845312e+13 1.200517234680350870e-06 2.276662848054642296e+01 1.099599746253461241e+00 -8.680556486313442122e-01 -3.532767509247340398e-01 2.884811381536253805e+01
1.000000000000000000e+00 4.839796376426588722e+02 6.453200095476343279e+01 -8.109927407501882408e+05 -8.036923070239820312e+13 1.219377824936168076e-06 9.621444334286547440e-01 4.629294312979526094e-02 -9.997760810736909809e-01 -1.488841951546600144e-02 1.026363303142676031e+01
1.000000000000000000e+00 4.720410225758023444e+02 1.091208820353591591e+02 -8.142374053586308146e+05 -8.101360848595862500e+13 1.198628549899669650e-06 -2.124540982355604868e+01 -1.018320710094105630e+00 -8.880426256023896681e-01 3.271247881841863880e-01 -4.770600023837893389e+00
1.000000000000000000e+00 4.485039670909484357e+02 1.509824683811439456e+02 -8.174820623586369911e+05 -8.166055766480554688e+13 1.140537920409682354e-06 -3.842913863491744308e+01 -1.834980033308183156e+00 -5.600580950362437083e-01 5.894771841275853186e-01 -2.501714161036338258e+00
1.000000000000000000e+00 4.141025285020086244e+02 1.891435899080511263e+02 -8.207267055587192299e+05 -8.231007697895975000e+13 1.051575870578333077e-06 -4.634894788729115334e+01 -2.204794137108770258e+00 -9.569095908553215679e-02 7.082803006450195671e-01 1.499491024578104614e+01
1.000000000000000000e+00 3.696834885315103634e+02 2.227239642066758734e+02 -8.239713295235156547e+05 -8.296216530106584375e+13 9.405314537255411011e-07 -4.299811112792789913e+01 -2.037704543148604497e+00 3.919760363320166086e-01 6.546051568395109266e-01 3.171362158688712896e+01
1.000000000000000000e+00 3.163707293799432136e+02 2.508954587747632274e+02 -8.272159289269265719e+05 -8.361682150861760938e+13 8.181817208831821203e-07 -2.911114999062717956e+01 -1.374424927178106604e+00 7.841901236958379595e-01 4.415276561019660928e-01 3.236095675434344088e+01
1.000000000000000000e+00 2.555628477836443722e+02 2.730434841035677209e+02 -8.304604994241790846e+05 -8.427404466138326562e+13 6.965514214631657616e-07 -8.004477943030273934e+00 -3.765048797607528641e-01 9.854517880718354217e-01 1.209399353389486870e-01 1.634554252239126981e+01
1.000000000000000000e+00 1.886799783398407158e+02 2.886839347994717286e+02 -8.337050372107791482e+05 -8.493383391543296875e+13 5.870925856461195429e-07 1.521589279040784604e+01 7.130451652495265469e-01 9.467675772411835444e-01 -2.290925500690949579e-01 -1.682953040375285259e+00
1.000000000000000000e+00 1.173277165483547861e+02 2.974209006326763074e+02 -8.369495388859341620e+05 -8.559618849734506250e+13 5.001564137559585467e-07 3.488989044302251585e+01 1.628948041951974401e+00 6.775707932633148189e-01 -5.233439130025465680e-01 -5.235291045700883217e+00
1.000000000000000000e+00 4.328017045848890376e+01 2.990975008483711122e+02 -8.401940024086876074e+05 -8.626110790213603125e+13 4.441311370341376933e-07 4.618291734758352618e+01 2.148240975485640192e+00 2.434137210740898172e-01 -6.901777673358379106e-01 8.936682458262790618e+00
1.000000000000000000e+00 -3.177227707632224707e+01 2.936971697537795762e+02 -8.434384266786258668e+05 -8.692859181222331250e+13 4.241595367196793387e-07 4.627325947025526176e+01 2.144527734124388463e+00 -2.499987010908327478e-01 -6.889829319865908852e-01 2.787149677645845713e+01
1.000000000000000000e+00 -1.060551029292274166e+02 2.813020799583688927e+02 -8.466828110928218812e+05 -8.759864000947635938e+13 4.419454991071357858e-07 3.505621638160055653e+01 1.618722678923218750e+00 -6.825429390094948090e-01 -5.200549088072108361e-01 3.425268604587709120e+01
1.000000000000000000e+00 -1.777368773929781014e+02 2.622344018501582923e+02 -8.499271560240109684e+05 -8.827125247651295312e+13 4.957662712969845984e-07 1.518969325964432571e+01 6.988244629625181004e-01 -9.489167092939149173e-01 -2.245215769866641675e-01 2.224457551883705264e+01
1.000000000000000000e+00 -2.451777165077689915e+02 2.369435197341655908e+02 -8.531714628800317878e+05 -8.894642941296135938e+13 5.804941829020347753e-07 -8.534791300814600135e+00 -3.912276066378373440e-01 -9.842714537718042500e-01 1.256683978060258722e-01 2.828988104199589682e+00
1.000000000000000000e+00 -3.067557215066675553e+02 2.059655754396379166e+02 -8.564157336641163565e+05 -8.962417114753207812e+13 6.878214172191383084e-07 -3.034732075731016110e+01 -1.386054145959874306e+00 -7.800001547536679070e-01 4.452597577764630388e-01 -6.237565886287973704e+00
1.000000000000000000e+00 -3.609032209234440529e+02 1.700549192159409415e+02 -8.596599716479787603e+05 -9.030447828178968750e+13 8.072231840468091654e-07 -4.490287836336240446e+01 -2.043445203504000496e+00 -3.858349005220055306e-01 6.564465324992178052e-01 3.336801802849380660e+00
1.000000000000000000e+00 -4.063483699338128190e+02 1.300582203758773687e+02 -8.629041808980408823e+05 -9.098735159526864062e+13 9.273773778199660071e-07 -4.859139701223109853e+01 -2.203346758457275456e+00 1.022606452868300986e-01 7.078161042738213560e-01 2.279552804813713252e+01
1.000000000000000000e+00 -4.419334285249767049e+02 8.687354518365246747e+01 -8.661483655519392341e+05 -9.167279189547512500e+13 1.036478495876800194e-06 -4.043314159174734357e+01 -1.826843045921453523e+00 5.654575839215726374e-01 5.868668179441284272e-01 3.434247845530831000e+01
1.000000000000000000e+00 -4.666579983790629740e+02 4.157073114870663488e+01 -8.693925308597543044e+05 -9.236080023940117188e+13 1.123308734106640421e-06 -2.233706429261294701e+01 -1.005624206384144514e+00 8.909955322391557297e-01 3.230491573575501318e-01 2.741805636382714795e+01
1.000000000000000000e+00 -4.799075273719462871e+02 -4.746914349331181171e+00 -8.726366827225874877e+05 -9.305137783952903125e+13 1.179203920089415660e-06 1.345600695654131318e+00 6.036389434001622478e-02 9.996340296938690528e-01 -1.940905354934632440e-02 8.355290531086039252e+00
1.000000000000000000e+00 -4.812573921412237610e+02 -5.098554941595166667e+01 -8.758808272096585715e+05 -9.374452596304278125e+13 1.198254318724922262e-06 2.486789622155300350e+01 1.111621715408126709e+00 8.649369695829935978e-01 -3.571423966094494640e-01 -5.413526906404017680e+00
1.000000000000000000e+00 -4.705171542827470148e+02 -9.595172873770104616e+01 -8.791249708952971268e+05 -9.444024600489742188e+13 1.177982068287917035e-06 4.248176474904103372e+01 1.892269186775107581e+00 5.196994282639957330e-01 -6.079414896499574228e-01 -1.298199687332699970e+00
1.000000000000000000e+00 -4.479356712723023293e+02 -1.385009391779405519e+02 -8.823691203314583981e+05 -9.513853937607257812e+13 1.120355245601146977e-06 4.984222160172086546e+01 2.212307917750641728e+00 4.795949283522668583e-02 -7.107601469527510263e-01 1.693800217275430242e+01
1.000000000000000000e+00 -4.139814846246397906e+02 -1.775806276712891076e+02 -8.856132816492882557e+05 -9.583940741724826562e+13 1.030627616119840279e-06 4.507843611483646384e+01 1.993839601888042878e+00 -4.354559115643376610e-01 -6.405701144906299493e-01 3.262009024295321780e+01
1.000000000000000000e+00 -3.693783379820951041e+02 -2.121285948036477009e+02 -8.888574613710078411e+05 -9.654285157350162500e+13 9.171375442031518562e-07 2.926821172856123354e+01 1.290018980296051998e+00 -8.128747580720868671e-01 -4.144522892330263497e-01 3.140805396035355557e+01
1.000000000000000000e+00 -3.152760844888965721e+02 -2.412257674541783388e+02 -8.921016656994598452e+05 -9.724887324096309375e+13 7.915136489697103402e-07 6.195901254789794699e+00 2.721374024311198903e-01 -9.924177982173315593e-01 -8.744317532013300143e-02 1.440950408319031872e+01
1.000000000000000000e+00 -2.529993938236058852e+02 -2.641313128886230288e+02 -8.953458996327614877e+05 -9.795747357182348438e+13 6.665511470709557660e-07 -1.855252553436913487e+01 -8.120371187322624751e-01 -9.303658806616779131e-01 2.608555375917640529e-01 -2.831222406840891104e+00
1.000000000000000000e+00 -1.840666392112577228e+02 -2.801792012948230308e+02 -8.985901678005238064e+05 -9.866865365319871875e+13 5.547915213952891191e-07 -3.894148104452693104e+01 -1.698555050215179829e+00 -6.418116128853482705e-01 5.456507240027729244e-01 -4.546652019814896306e+00
1.000000000000000000e+00 -1.103235379583255735e+02 -2.889255438792427526e+02 -9.018344738712253748e+05 -9.938241437505412500e+13 4.678648377272604027e-07 -4.995787819656829498e+01 -2.171554083009720859e+00 -1.969955139579275816e-01 6.976016880923247010e-01 1.083286238029601378e+01
1.000000000000000000e+00 -3.366260877361437309e+01 -2.901638256560581226e+02 -9.050788204075655667e+05 -1.000987563943995156e+14 4.148370179694668015e-07 -4.884414332451531493e+01 -2.115844822449570728e+00 2.957887956218190340e-01 6.797071547327117047e-01 2.924148952154811809e+01
1.000000000000000000e+00 4.397111223607684849e+01 -2.838084906088020603e+02 -9.083232092624156503e+05 -1.008176802188014688e+14 4.012141293553395064e-07 -3.578840655835035278e+01 -1.544982060614400021e+00 7.165615829547959947e-01 4.963193172801906861e-01 3.384211804587151562e+01
1.000000000000000000e+00 1.204719848961232600e+02 -2.700277908453341524e+02 -9.115676409258770291e+05 -1.015391860581075156e+14 4.285401378172110532e-07 -1.389891289353421122e+01 -5.979663580473836282e-01 9.628733022528516150e-01 1.920864048865335849e-01 2.042674035417256917e+01
1.000000000000000000e+00 1.938666736991767152e+02 -2.492304165269620455e+02 -9.148121142326211557e+05 -1.022632737536129219e+14 4.941515923306887754e-07 1.153594395444864773e+01 4.946168838077674712e-01 9.747518117903772872e-01 -1.589189445054688676e-01 1.265395577180254305e+00
1.000000000000000000e+00 2.623041983992081896e+02 -2.219310198091429811e+02 -9.180566274089419749e+05 -1.029899430064194062e+14 5.914493138579798041e-07 3.432550834926145455e+01 1.466755306512934620e+00 7.493039221924688853e-01 -4.712361031763920849e-01 -6.116686521340567673e+00
1.000000000000000000e+00 3.239508241164004403e+02 -1.888668869126303491e+02 -9.213011777228879509e+05 -1.037191932962475625e+14 7.105115091058182864e-07 4.888354838452619333e+01 2.081772565745979797e+00 3.414181258560724519e-01 -6.688234819761811334e-01 5.032271370406212974e+00
1.000000000000000000e+00 3.772719834237420855e+02 -1.509577538364060558e+02 -9.245457610475292895e+05 -1.044510237789571406e+14 8.394208073875785045e-07 5.159711833095230560e+01 2.189932945999879976e+00 -1.495983577343248938e-01 -7.035708590858010814e-01 2.451562509580345051e+01
1.000000000000000000e+00 4.209962707998898281e+02 -1.091590644218054962e+02 -9.277903728001118870e+05 -1.051854334939636562e+14 9.652973111926813421e-07 4.172258866133400090e+01 1.764884716904418616e+00 -6.041942305606583519e-01 -5.670127227088811450e-01 3.451357298852574473e+01
1.000000000000000000e+00 4.539942769628563042e+02 -6.456959033936259118e+01 -9.310350074551233556e+05 -1.059224212516352344e+14 1.075379971552856696e-06 2.158703472956861091e+01 9.100865492448224625e-01 -9.116779741720753005e-01 -2.923925885120831070e-01 2.588100093095840748e+01
1.000000000000000000e+00 4.755345617710528927e+02 -1.837555248419269560e+01 -9.342796586511854548e+05 -1.066619856539612812e+14 1.159189603216387201e-06 -3.959042206406486297e+00 -1.663524877897959164e-01 -9.971701293269683575e-01 5.342570424826350445e-02 6.513276918058593878e+00
1.000000000000000000e+00 4.852092405241406823e+02 2.829585562585060643e+01 -9.375243204683745280e+05 -1.074041253839013281e+14 1.209075011582547206e-06 -2.870956315403383385e+01 -1.202319911778616524e+00 -8.398426473747251375e-01 3.862349167208365408e-01 -5.873633109986047707e+00
1.000000000000000000e+00 4.827923073912445489e+02 7.426758824174439155e+01 -9.407689865320663666e+05 -1.081488390010950469e+14 1.220111246943219578e-06 -4.661054266932575274e+01 -1.945524463879976684e+00 -4.779993901818283542e-01 6.249895209127297457e-01 5.169424502131314547e-02
1.000000000000000000e+00 4.684697761251074439e+02 1.183721043770265311e+02 -9.440136500626174966e+05 -1.088961249515210938e+14 1.191644260669599652e-06 -5.324136976344448868e+01 -2.214958557096145420e+00 2.462361031446425041e-04 7.115459496779859005e-01 1.886909711717590099e+01
1.000000000000000000e+00 4.427283753666535517e+02 1.595868007133553590e+02 -9.472583047762850765e+05 -1.096459817744558125e+14 1.127117645206770196e-06 -4.690684431573736646e+01 -1.945007078238834675e+00 4.784308715973453197e-01 6.248265867605321544e-01 3.336454745309042380e+01
1.000000000000000000e+00 4.062014982978594162e+02 1.969168061294884637e+02 -9.505029446769694332e+05 -1.103984080560625156e+14 1.032956452156505325e-06 -2.906973328872790674e+01 -1.201432319810495919e+00 8.401092471172386666e-01 3.859533293865538006e-01 3.027817846997231399e+01
1.000000000000000000e+00 3.598828151321235396e+02 2.294511395468881574e+02 -9.537475640310087474e+05 -1.111534024246568125e+14 9.187347743589469685e-07 -4.013569683482979933e+00 -1.653358550180672737e-01 9.972154903953541760e-01 5.309968341405123249e-02 1.243392269300218089e+01
1.000000000000000000e+00 3.049874098868776287e+02 2.564826098580068106e+02 -9.569921580978577258e+05 -1.119109637226391875e+14 7.957729720908083566e-07 2.218647882647017511e+01 9.109766518005236735e-01 9.115058479350364173e-01 -2.926814709686245131e-01 -3.845582217624221144e+00
1.000000000000000000e+00 2.427967679609516836e+02 2.773800866865110493e+02 -9.602367224901759764e+05 -1.126710908602623438e+14 6.755714831033350946e-07 4.313690636341733153e+01 1.765448732333679382e+00 6.038622340817553225e-01 -5.671976789020585219e-01 -3.670518453193648778e+00
1.000000000000000000e+00 1.748649419603142121e+02 2.916407318162870297e+02 -9.634812531125542009e+05 -1.134337828026038281e+14 5.696962215244698596e-07 5.368579974844269742e+01 2.190066929610313018e+00 1.491982257809483792e-01 -7.036150565516914313e-01 1.279830204059269860e+01
1.000000000000000000e+00 1.028617048738298081e+02 2.989948807695460005e+02 -9.667257473375091795e+05 -1.141990388485637969e+14 4.884027671423582180e-07 5.118903994627450516e+01 2.081475756404001842e+00 -3.417855501579238342e-01 -6.687256213092597212e-01 3.049840697315891447e+01
1.000000000000000000e+00 2.842452203748747763e+01 2.992682886722753892e+02 -9.699702032420346513e+05 -1.149668584557077031e+14 4.391754373474768541e-07 3.617209275967733362e+01 1.466118111396080614e+00 -7.495519320031142074e-01 -4.710275222398517259e-01 3.324187521534879153e+01
1.000000000000000000e+00 -4.663844259222990019e+01 2.924322964588812397e+02 -9.732146195066187065e+05 -1.157372412190411250e+14 4.265251714002002516e-07 1.222221181910645171e+01 4.937994351525692993e-01 -9.748258796047204466e-01 -1.586546316988038940e-01 1.851968256007756963e+01
1.000000000000000000e+00 -1.205166918705965600e+02 2.786957124248561968e+02 -9.764589960374939255e+05 -1.165101870218951406e+14 4.516382964670035148e-07 -1.486776818569726366e+01 -5.987651350965830233e-01 -9.627619559849145414e-01 1.923409892585184189e-01 -2.035862212148083217e-01
1.000000000000000000e+00 -1.915349597957170147e+02 2.583577248092790342e+02 -9.797033332970009651e+05 -1.172856958804542344e+14 5.120668189447563595e-07 -3.850020873227521889e+01 -1.545568292447305314e+00 -7.162982259094279325e-01 4.965037472131124674e-01 -5.803788753583754456e+00
1.000000000000000000e+00 -2.579527853805884661e+02 2.318573422243097468e+02 -9.829476325917710783e+05 -1.180637680151890156e+14 6.018175623139478605e-07 -5.287963397275965605e+01 -2.116081405146904348e+00 -2.954426755017495743e-01 6.797809541284480783e-01 6.840906785608164675e+00
1.000000000000000000e+00 -3.181404567099006613e+02 1.998531777364507320e+02 -9.861918966526249424e+05 -1.188444039939688750e+14 7.121595332185357635e-07 -5.443434621679291752e+01 -2.171401584471447599e+00 1.973382711115748978e-01 6.975542057047069422e-01 2.616541992045209497e+01
1.000000000000000000e+00 -3.707044158410346313e+02 1.630669091163460678e+02 -9.894361287399446592e+05 -1.196276045213778906e+14 8.325968674795959259e-07 -4.270353085953171046e+01 -1.698081371134920303e+00 6.420715595179794510e-01 5.455023928017381785e-01 3.449592555646916026e+01
1.000000000000000000e+00 -4.142887329447938214e+02 1.223316573836928995e+02 -9.926803325427068630e+05 -1.204133704163192344e+14 9.512861441271176543e-07 -2.046927792206449581e+01 -8.113890515546977600e-01 9.304906107610102506e-01 2.606500012532196320e-01 2.421438759052202272e+01
1.000000000000000000e+00 -4.477547766754756822e+02 7.865880438582084366e+01 -9.959245129578445340e+05 -1.212017028034069688e+14 1.056435916915753164e-06 6.903363894296495218e+00 2.727869573240698231e-01 9.923922386493914116e-01 -8.765280491541675711e-02 4.724119279820749639e+00
1.000000000000000000e+00 -4.702909717660010642e+02 3.307173090875021870e+01 -9.991686751734260470e+05 -1.219926028938776094e+14 1.137658381889749707e-06 3.276135158728996544e+01 1.290521179979177591e+00 8.127194869667849764e-01 -4.146173226155784874e-01 -6.151615134365230553e+00
