1.000000000000000000e+00 -4.203819482255890989e+02 8.390432378061659335e+01 -1.345949206684636010e+05 -5.814519553376074219e+12 -6.000685208156311158e-06 1.113705595064583821e-06 1.027016282758597050e-06
1.000000000000000000e+00 -4.436304747990695319e+02 3.006138222905057233e+01 -1.358300323908143328e+05 -5.921723185620508789e+12 -6.390653802977093574e-06 4.026819277138170635e-07 1.110144804570366863e-06
1.000000000000000000e+00 -4.559318738877906299e+02 -2.451397066434250860e+01 -1.370651383035652398e+05 -6.029905568869250977e+12 -6.627581520095355330e-06 -3.313584574027747924e-07 1.170813011751575249e-06
1.000000000000000000e+00 -4.569282952517822878e+02 -7.852598830435165667e+01 -1.383002404694627621e+05 -6.139066872432108398e+12 -6.701917894428473368e-06 -1.071010516554736090e-06 1.202850689982296815e-06
1.000000000000000000e+00 -4.464333604782766542e+02 -1.305947408558894551e+02 -1.395353411308345967e+05 -6.249207288246081055e+12 -6.606462500094801729e-06 -1.797079522462081416e-06 1.202448527949193883e-06
1.000000000000000000e+00 -4.246654154862448536e+02 -1.793417971911153472e+02 -1.407704426076645905e+05 -6.360327022376841797e+12 -6.339959520933761478e-06 -2.489719281607978248e-06 1.169400411701971022e-06
1.000000000000000000e+00 -3.921325900703467937e+02 -2.235602735523151523e+02 -1.420055471155852138e+05 -6.472426278735215820e+12 -5.905631747482978941e-06 -3.130814458934833722e-06 1.106747184461995681e-06
1.000000000000000000e+00 -3.495286240756796587e+02 -2.620660443117352543e+02 -1.432406569236181385e+05 -6.585505273167840820e+12 -5.309787816277413694e-06 -3.701983225670217690e-06 1.020049983454914420e-06
1.000000000000000000e+00 -2.979406714031430283e+02 -2.937908435695987350e+02 -1.444757743371860124e+05 -6.699564232093328125e+12 -4.565127779497435980e-06 -4.185917610840152661e-06 9.179861396196909453e-07
1.000000000000000000e+00 -2.386951711637799463e+02 -3.179408620114751329e+02 -1.457109012273222033e+05 -6.814603348610849609e+12 -3.688618947371659790e-06 -4.568733025788786545e-06 8.111094819206491482e-07
1.000000000000000000e+00 -1.732359077057274135e+02 -3.338392121757347581e+02 -1.469460392709186417e+05 -6.930622803440487305e+12 -2.699752275684221950e-06 -4.837852472174161250e-06 7.099963788548580181e-07
1.000000000000000000e+00 -1.033038016197123312e+02 -3.410130429807016981e+02 -1.481811899507264607e+05 -7.047622764153766602e+12 -1.623444690768702838e-06 -4.983350765880163398e-06 6.249048235325478941e-07
1.000000000000000000e+00 -3.074761948587412519e+01 -3.393270845936153819e+02 -1.494163543005450047e+05 -7.165603359964046875e+12 -4.872341819285359153e-07 -5.000046582728114794e-06 5.646982113619910076e-07
1.000000000000000000e+00 4.260764105990459427e+01 -3.288039889401832738e+02 -1.506515331042189209e+05 -7.284564699191279297e+12 6.807523689059755529e-07 -4.885038854079682446e-06 5.354292461390862927e-07
1.000000000000000000e+00 1.147982544177526876e+02 -3.096958697196199068e+02 -1.518867267306158901e+05 -7.404506852181423828e+12 1.849197179732947190e-06 -4.638874521652499942e-06 5.399865201400915558e-07
1.000000000000000000e+00 1.839268321452122734e+02 -2.825859748183957549e+02 -1.531219349710340612e+05 -7.525429833679550781e+12 2.986830755361601969e-06 -4.267223607224711243e-06 5.779604158866065301e-07
1.000000000000000000e+00 2.482840768171228092e+02 -2.481821253743937632e+02 -1.543571573207074543e+05 -7.647333628433341797e+12 4.064468433335007412e-06 -3.777936555971864014e-06 6.454957838963779688e-07
1.000000000000000000e+00 3.061841183238083204e+02 -2.073741987049637032e+02 -1.555923930200597097e+05 -7.770218194139654297e+12 5.052416394859346341e-06 -3.182002161448472912e-06 7.355862595687902670e-07
1.000000000000000000e+00 3.561618619600349120e+02 -1.613093337757918562e+02 -1.568276408532836067e+05 -7.894083440156827148e+12 5.923769314297700110e-06 -2.494821603142526780e-06 8.391282778362289565e-07
1.000000000000000000e+00 3.970659798421687583e+02 -1.111665174128771696e+02 -1.580628992939464224e+05 -8.018929240469611328e+12 6.656113788871461523e-06 -1.732851446879790477e-06 9.458473037201522555e-07
1.000000000000000000e+00 4.278765038092868735e+02 -5.821133915445592066e+01 -1.592981666069136409e+05 -8.144755442880053711e+12 7.228652226339173223e-06 -9.144832535622478856e-07 1.044970254397616153e-06
1.000000000000000000e+00 4.478817949547267858e+02 -3.857590809925612430e+00 -1.605334407148780592e+05 -8.271561854425630859e+12 7.625301836173385909e-06 -6.107156672598171497e-08 1.126937835095076152e-06
1.000000000000000000e+00 4.567354331863867287e+02 5.056233046113203500e+01 -1.617687195914943877e+05 -8.399348280847150391e+12 7.835872636020127264e-06 8.066386360894616122e-07 1.184336364070736378e-06
1.000000000000000000e+00 4.542523557984389981e+02 1.037328780101567247e+02 -1.630040011473207851e+05 -8.528114514856002930e+12 7.852782489967075218e-06 1.667523953894841695e-06 1.211586057081400610e-06
1.000000000000000000e+00 4.405677285971881361e+02 1.542965039689960349e+02 -1.642392830599473382e+05 -8.657860317974432617e+12 7.673930079769431041e-06 2.499139596973901106e-06 1.206176925218239767e-06
1.000000000000000000e+00 4.161618874036275884e+02 2.010754052922303856e+02 -1.654745631040342851e+05 -8.788585454669407227e+12 7.303342413428361113e-06 3.281312439429204458e-06 1.169365231907020410e-06
1.000000000000000000e+00 3.816406531984457047e+02 2.429902633164134329e+02 -1.667098391974195547e+05 -8.920289697671740234e+12 6.747516858119141262e-06 3.994914540795129608e-06 1.104989012606769471e-06
1.000000000000000000e+00 3.378860002413042025e+02 2.789999454112863191e+02 -1.679451093186122598e+05 -9.052972819648878906e+12 6.018186947611728480e-06 4.620924457510676352e-06 1.019471299674308010e-06
1.000000000000000000e+00 2.860573131556990916e+02 3.083100943507729994e+02 -1.691803716669551795e+05 -9.186634610839421875e+12 5.132525845928116907e-06 5.143930686685834668e-06 9.214939043799819466e-07
1.000000000000000000e+00 2.273639904349421670e+02 3.302740484349295116e+02 -1.704156246456394438e+05 -9.321274878070654297e+12 4.109218255688117941e-06 5.550616851102467363e-06 8.203451246657500075e-07
1.000000000000000000e+00 1.632166549813820779e+02 3.443317539685849624e+02 -1.716508666966851160e+05 -9.456893427383759766e+12 2.971245854545515187e-06 5.828817589651404925e-06 7.256127718493083329e-07
1.000000000000000000e+00 9.521096800389219084e+01 3.502050043400886921e+02 -1.728860966503922537e+05 -9.593490102970111328e+12 1.745722321059666106e-06 5.970900112565133037e-06 6.466627001295152505e-07
1.000000000000000000e+00 2.489893062529589329e+01 3.477819327119137256e+02 -1.741213137423320150e+05 -9.731064790609914062e+12 4.597912958934392378e-07 5.971952447620021062e-06 5.909990213031179205e-07
1.000000000000000000e+00 -4.605551071374821248e+01 3.370566048701125510e+02 -1.753565173075711355e+05 -9.869617384859000000e+12 -8.565084054124928385e-07 5.828840110676206747e-06 5.637575459568379065e-07
1.000000000000000000e+00 -1.159072378820990963e+02 3.183123881637766885e+02 -1.765917070524721057e+05 -1.000914782025439844e+13 -2.170745835291061443e-06 5.543464041544035554e-06 5.676609157993461299e-07
1.000000000000000000e+00 -1.830556394456619671e+02 2.919909848189481067e+02 -1.778268829891685164e+05 -1.014965606530662109e+13 -3.452300921051006017e-06 5.120640042922480639e-06 6.024449749977025631e-07
1.000000000000000000e+00 -2.458844444079647076e+02 2.586323522130114725e+02 -1.790620453724700783e+05 -1.029114211645942188e+13 -4.669417543408636997e-06 4.567134270351821784e-06 6.646337151840617081e-07
1.000000000000000000e+00 -3.028055831359943113e+02 2.190469173633480011e+02 -1.802971949085646775e+05 -1.043360602320660352e+13 -5.790031994730888061e-06 3.894785143838335150e-06 7.481850452963862021e-07
1.000000000000000000e+00 -3.524778405573952114e+02 1.741686975678904048e+02 -1.815323326312522113e+05 -1.057704787545883789e+13 -6.786001050498923702e-06 3.118038558598166988e-06 8.452603901573544472e-07
1.000000000000000000e+00 -3.936417631537320290e+02 1.249933150278821756e+02 -1.827674596665499848e+05 -1.072146777722505273e+13 -7.630063618607975647e-06 2.252905892838711533e-06 9.463699744880196025e-07
1.000000000000000000e+00 -4.251731518674813515e+02 7.273835270776113759e+01 -1.840025774947821046e+05 -1.086686587793496875e+13 -8.296938183947565851e-06 1.319911330930966155e-06 1.041327057810674785e-06
1.000000000000000000e+00 -4.462888202083037186e+02 1.867956783997094306e+01 -1.852376879505800607e+05 -1.101324237384368164e+13 -8.767453567457173471e-06 3.412349964020696623e-07 1.120742450696718860e-06
1.000000000000000000e+00 -4.563722908426724416e+02 -3.591467389953389500e+01 -1.864727929292448680e+05 -1.116059747428704883e+13 -9.025325185718795543e-06 -6.604573719914368365e-07 1.176367844095149652e-06
1.000000000000000000e+00 -4.550289956153421258e+02 -8.963527621875580564e+01 -1.877078946318474482e+05 -1.130893143145549805e+13 -9.058363110421540951e-06 -1.659276982898633854e-06 1.202161733981887262e-06
1.000000000000000000e+00 -4.422701835634872509e+02 -1.411116386766925359e+02 -1.889429953177035786e+05 -1.145824451158432422e+13 -8.862302558862582787e-06 -2.629365863104471899e-06 1.195571837904272732e-06
1.000000000000000000e+00 -4.183196236624422113e+02 -1.890778079121419921e+02 -1.901780971781782864e+05 -1.160853697977851953e+13 -8.437170996451850267e-06 -3.546160969451021122e-06 1.156821139662343138e-06
1.000000000000000000e+00 -3.836588469875053988e+02 -2.322332583390339096e+02 -1.914132025550959224e+05 -1.175980912658021484e+13 -7.788345731795701495e-06 -4.383829897415988671e-06 1.089024953948665109e-06
1.000000000000000000e+00 -3.391797692580021817e+02 -2.694303854518719845e+02 -1.926483137854271627e+05 -1.191206124935817188e+13 -6.929840959817540264e-06 -5.118811931216422204e-06 9.989864790932666521e-07
1.000000000000000000e+00 -2.859617988325335318e+02 -2.997307938343642491e+02 -1.938834329246393754e+05 -1.206529361785700586e+13 -5.879993368721479061e-06 -5.730987401967933550e-06 8.957912802395005650e-07
1.000000000000000000e+00 -2.252984119746567444e+02 -3.222656499628648703e+02 -1.951185618971530057e+05 -1.221950649192630859e+13 -4.662134861186040565e-06 -6.201117954303242374e-06 7.896481527844941754e-07
1.000000000000000000e+00 -1.588154909078930643e+02 -3.364184117993901282e+02 -1.963537024017017975e+05 -1.237470010907237500e+13 -3.307197044637287835e-06 -6.514427272250265710e-06 6.915156582799372024e-07
1.000000000000000000e+00 -8.821706460221041368e+01 -3.418562412336941634e+02 -1.975888557002009184e+05 -1.253087465678409766e+13 -1.848600916182062860e-06 -6.661366802120171885e-06 6.114786747771509567e-07
1.000000000000000000e+00 -1.529675573529272725e+01 -3.383778310699110534e+02 -1.988240229065345193e+05 -1.268803030765955078e+13 -3.225494485892724528e-07 -6.634804770944941199e-06 5.575755783655475443e-07
1.000000000000000000e+00 5.796848984645449576e+01 -3.260788327070761738e+02 -2.000592047244624700e+05 -1.284616718516024609e+13 1.229925029953777650e-06 -6.433370077727351298e-06 5.354327891591680024e-07
1.000000000000000000e+00 1.296905634816033057e+02 -3.053482138504732006e+02 -2.012944012486287102e+05 -1.300528533627226367e+13 2.768650831092240091e-06 -6.061560841954102415e-06 5.474349498674989359e-07
1.000000000000000000e+00 1.980558261653125101e+02 -2.766972237601301572e+02 -2.025296123504146526e+05 -1.316538477925602930e+13 4.254066446673224434e-06 -5.526506971342741218e-06 5.922656745038213641e-07
1.000000000000000000e+00 2.612368039779999549e+02 -2.409043762725466422e+02 -2.037648374983609247e+05 -1.332646547927190430e+13 5.645361011313889555e-06 -4.840958070168947973e-06 6.652937005280957391e-07
1.000000000000000000e+00 3.176596228090650698e+02 -1.989796019784275529e+02 -2.050000757169080898e+05 -1.348852734135350000e+13 6.906279533057516534e-06 -4.022721515630543874e-06 7.592705205072936196e-07
1.000000000000000000e+00 3.659647601644817883e+02 -1.519793325372723700e+02 -2.062353258023826929e+05 -1.365157023724094531e+13 8.004430537913988458e-06 -3.091042518647506288e-06 8.647110774028218783e-07
1.000000000000000000e+00 4.049077468744230259e+02 -1.011394379921486291e+02 -2.074705862162192061e+05 -1.381559399025553711e+13 8.909241578574985469e-06 -2.069352419529898648e-06 9.707994128354316354e-07
1.000000000000000000e+00 4.336046006119004801e+02 -4.782080149787284995e+01 -2.087058550097278203e+05 -1.398059836389272656e+13 9.597467045136094272e-06 -9.842578172458750524e-07 1.067298152143097536e-06
1.000000000000000000e+00 4.514557906407601990e+02 6.677008237184255179e+00 -2.099411302536336880e+05 -1.414658311808374219e+13 1.005173137936092947e-05 1.382409889630016671e-07 1.145151254974172861e-06
1.000000000000000000e+00 4.580314511618532265e+02 6.098195432417475104e+01 -2.111764099046033225e+05 -1.431354799117875781e+13 1.025814462869041463e-05 1.270001195609359854e-06 1.196695363648790739e-06
1.000000000000000000e+00 4.532912962969499517e+02 1.137084992739032145e+02 -2.124116916742015746e+05 -1.448149268162651562e+13 1.021136765704401444e-05 2.381928575257018186e-06 1.217244652224629485e-06
1.000000000000000000e+00 4.374737597633251198e+02 1.636337914276579681e+02 -2.136469733977578871e+05 -1.465041689759102539e+13 9.912355483460612852e-06 3.447681409521244430e-06 1.205297905741411377e-06
1.000000000000000000e+00 4.109712862627853269e+02 2.095538979312173353e+02 -2.148822528644921258e+05 -1.482032033400997656e+13 9.365697864230100573e-06 4.440722972442332891e-06 1.162113873877041090e-06
1.000000000000000000e+00 3.745313853431762823e+02 2.503404475034686811e+02 -2.161175278951736691e+05 -1.499120268318574609e+13 8.584328395274352173e-06 5.335540298730094391e-06 1.092407770565164877e-06
1.000000000000000000e+00 3.291203014290244937e+02 2.851006840170863939e+02 -2.173527966284756258e+05 -1.516306367486407812e+13 7.586614553754503157e-06 6.111120972608781297e-06 1.003380766571097884e-06
1.000000000000000000e+00 2.757962881993618680e+02 3.130207031929530217e+02 -2.185880572855832870e+05 -1.533590304446492188e+13 6.393563198229040871e-06 6.747717344009419875e-06 9.033419621382248296e-07
1.000000000000000000e+00 2.159004622877181987e+02 3.334198748032242179e+02 -2.198233081580554717e+05 -1.550972053169676172e+13 5.033330252926735142e-06 7.228074372113987005e-06 8.019245527323773155e-07
1.000000000000000000e+00 1.509039626374772638e+02 3.458934902816682211e+02 -2.210585478917607688e+05 -1.568451592112734961e+13 3.537822765610200976e-06 7.540620607382244117e-06 7.090990553726928855e-07
1.000000000000000000e+00 8.228433696586608903e+01 3.501436179311476735e+02 -2.222937754043635214e+05 -1.586028903181403906e+13 1.939869840763255586e-06 7.675928237334649486e-06 6.335571543071282864e-07
1.000000000000000000e+00 1.171185754846060334e+01 3.460339755418968366e+02 -2.235289898052419594e+05 -1.603703970689055273e+13 2.776436543845258630e-07 7.627987748088408731e-06 5.823987611762335486e-07
1.000000000000000000e+00 -5.911468883040931388e+01 3.337155894935357310e+02 -2.247641906648590520e+05 -1.621476785319261133e+13 -1.409128646469366292e-06 7.397091741569718047e-06 5.605965351213127017e-07
1.000000000000000000e+00 -1.285862999562331765e+02 3.134464315465745017e+02 -2.259993777017115790e+05 -1.639347339767001367e+13 -3.081981718377913337e-06 6.985990043123218829e-06 5.701606204226106155e-07
1.000000000000000000e+00 -1.949996390929350980e+02 2.856480612640664276e+02 -2.272345508696901670e+05 -1.657315630071658984e+13 -4.699333739101218470e-06 6.401224165873949222e-06 6.100242231667517485e-07
1.000000000000000000e+00 -2.567304712433279974e+02 2.510141429144459835e+02 -2.284697106541475514e+05 -1.675381660052515234e+13 -6.220627054432116702e-06 5.655671970739204467e-06 6.763787743701919101e-07
1.000000000000000000e+00 -3.123446802669818680e+02 2.103191375250487454e+02 -2.297048578000985144e+05 -1.693545437511641016e+13 -7.609084526595830616e-06 4.764379649924456677e-06 7.629134306716787523e-07
1.000000000000000000e+00 -3.604148394435987939e+02 1.644752130887764849e+02 -2.309399932661153434e+05 -1.711806973653343164e+13 -8.827341493560475580e-06 3.745907040630260401e-06 8.611020160873391641e-07
1.000000000000000000e+00 -3.997008131207372799e+02 1.146224688465532608e+02 -2.321751183675010689e+05 -1.730166285302673047e+13 -9.841897157335775204e-06 2.624477314552765764e-06 9.613474592311496894e-07
1.000000000000000000e+00 -4.292485596316216174e+02 6.192652415533480337e+01 -2.334102346331157023e+05 -1.748623392901624805e+13 -1.062568303933207563e-05 1.425456565498492271e-06 1.053849447772297625e-06
1.000000000000000000e+00 -4.482035137734847012e+02 7.632729558052997909e+00 -2.346453437859596161e+05 -1.767178320301325000e+13 -1.115360635355509870e-05 1.766237919825456888e-07 1.128926246495679260e-06
1.000000000000000000e+00 -4.559930339423823966e+02 -4.686246456582367159e+01 -2.358804479809968034e+05 -1.785831098440066797e+13 -1.140717928212977375e-05 -1.090120377726882450e-06 1.178774701824239575e-06
1.000000000000000000e+00 -4.524034361870114935e+02 -1.002234898581166931e+02 -2.371155493634839659e+05 -1.804581758791816406e+13 -1.137664076544586800e-05 -2.343618647538614997e-06 1.198536099114961027e-06
1.000000000000000000e+00 -4.373821373398155288e+02 -1.511247088679275805e+02 -2.383506500738240138e+05 -1.823430333436620703e+13 -1.105619012777667203e-05 -3.552296492779756765e-06 1.185677293079706053e-06
1.000000000000000000e+00 -4.112121404767086119e+02 -1.981946492860417379e+02 -2.395857524756828207e+05 -1.842376858567047656e+13 -1.044852608944443573e-05 -4.682850603662466319e-06 1.140885027168100630e-06
1.000000000000000000e+00 -3.745553344051969020e+02 -2.402314549192170148e+02 -2.408208588744834415e+05 -1.861421370224899609e+13 -9.566172386797957959e-06 -5.705337779562162390e-06 1.068585836312357479e-06
1.000000000000000000e+00 -3.282337113696498250e+02 -2.761488951855726555e+02 -2.420559714955655509e+05 -1.880563903938768750e+13 -8.426109520529557703e-06 -6.591989398188499164e-06 9.757106773629365853e-07
1.000000000000000000e+00 -2.733856702279488218e+02 -3.049266662269268409e+02 -2.432910924938930839e+05 -1.899804494843902344e+13 -7.053912540134846468e-06 -7.316089392234043448e-06 8.715245674227337173e-07
1.000000000000000000e+00 -2.114686531670712100e+02 -3.258177393702985114e+02 -2.445262236943902099e+05 -1.919143173578416016e+13 -5.484026635090351822e-06 -7.857014526449272076e-06 7.669178865176988038e-07
1.000000000000000000e+00 -1.440159914583237821e+02 -3.382779005897855882e+02 -2.457613666016489442e+05 -1.938579966305614062e+13 -3.753638519209741890e-06 -8.198693084232927986e-06 6.724506154690836934e-07
1.000000000000000000e+00 -7.277315934997574232e+01 -3.419086593433753478e+02 -2.469965241811716987e+05 -1.958114922829328906e+13 -1.906295341618728773e-06 -8.328337779668976761e-06 5.976870732803347890e-07
1.000000000000000000e+00 3.331868167695301031e-01 -3.366440974492267060e+02 -2.482316943143956305e+05 -1.977748012880925781e+13 8.771485626985413096e-09 -8.241108364290793210e-06 5.505716389371142647e-07
1.000000000000000000e+00 7.345317794433260872e+01 -3.226507526543796303e+02 -2.494668790325197915e+05 -1.997479271974105859e+13 1.943352571008842922e-06 -7.937851417344610381e-06 5.360515313108771662e-07
1.000000000000000000e+00 1.446845836738239086e+02 -3.002540763438867089e+02 -2.507020785296854738e+05 -2.017308706702549219e+13 3.846877074176453077e-06 -7.423423475217100125e-06 5.555430178145523000e-07
1.000000000000000000e+00 2.121179861727183606e+02 -2.701000153283468990e+02 -2.519372925025466830e+05 -2.037236315675904688e+13 5.667585340615896641e-06 -6.710802470099988896e-06 6.071409710504538857e-07
1.000000000000000000e+00 2.740877479968701778e+02 -2.330223420458934527e+02 -2.531725203031594865e+05 -2.057262091807292969e+13 7.359262644516567714e-06 -5.817970528701888617e-06 6.858217667901577917e-07
1.000000000000000000e+00 3.290301997395642957e+02 -1.899555308925917245e+02 -2.544077610530354432e+05 -2.077386024039308594e+13 8.877572591805094361e-06 -4.765842527357135315e-06 7.835621620385003648e-07
1.000000000000000000e+00 3.755211776922179183e+02 -1.420774645416594808e+02 -2.556430133883347735e+05 -2.097608093071110156e+13 1.018114159804249156e-05 -3.581925225346535456e-06 8.903644718652021803e-07
1.000000000000000000e+00 4.125021539290070223e+02 -9.065426428953534810e+01 -2.568782755860575708e+05 -2.117928273246848828e+13 1.123781072060558042e-05 -2.296534658071746331e-06 9.958574182999703416e-07
1.000000000000000000e+00 4.391101014981223898e+02 -3.695213343761338365e+01 -2.581135458479732624e+05 -2.138346537117696094e+13 1.202021788841513361e-05 -9.406059109036867359e-07 1.089792939564870431e-06
1.000000000000000000e+00 4.546983374929861839e+02 1.762683709091109563e+01 -2.593488221841385530e+05 -2.158862853472775000e+13 1.250649925295286110e-05 4.508333756440933109e-07 1.162988244544965377e-06
1.000000000000000000e+00 4.590319028763016718e+02 7.170721443520203309e+01 -2.605841024153209000e+05 -2.179477187303678906e+13 1.268583044208541295e-05 1.842757375471843752e-06 1.208810284666005708e-06
1.000000000000000000e+00 4.520863638717268032e+02 1.240162309123634827e+02 -2.618193844205321802e+05 -2.200189503889696094e+13 1.255310959254912320e-05 3.202120822340145297e-06 1.223011828325091356e-06
1.000000000000000000e+00 4.340563318536515567e+02 1.732457602865121657e+02 -2.630546659016293124e+05 -2.220999764845894141e+13 1.210933295387285373e-05 4.494340928885102552e-06 1.204244449747339533e-06
1.000000000000000000e+00 4.055251303524958075e+02 2.182114649281963352e+02 -2.642899445920171565e+05 -2.241907931593630078e+13 1.136649401635081800e-05 5.687423836790715025e-06 1.155097094352472863e-06
1.000000000000000000e+00 3.672391815130215491e+02 2.579096612906870405e+02 -2.655252185721280403e+05 -2.262913970750353125e+13 1.034148487182694881e-05 6.753529094815423041e-06 1.080735119558232727e-06
1.000000000000000000e+00 3.201141381451326993e+02 2.913739523093392449e+02 -2.667604858884189161e+05 -2.284017847742866406e+13 9.056376530453110542e-06 7.665308068114829875e-06 9.881360216420880565e-07
1.000000000000000000e+00 2.653870332158215888e+02 3.178273331753290449e+02 -2.679957447062577121e+05 -2.305219529424022266e+13 7.542854197030387306e-06 8.399946715821116262e-06 8.864249918809730465e-07
1.000000000000000000e+00 2.043749684429544118e+02 3.367188581181168843e+02 -2.692309934919329826e+05 -2.326518987265500781e+13 5.835537603249769266e-06 8.940254518616251361e-06 7.854264652640830627e-07
1.000000000000000000e+00 1.384863463942477324e+02 3.475753616204556806e+02 -2.704662308937374037e+05 -2.347916195412497656e+13 3.972355625129812605e-06 9.270847158876585500e-06 6.945600886925986663e-07
1.000000000000000000e+00 6.936108872642093104e+01 3.501475300949631446e+02 -2.717014558244829532e+05 -2.369411132195061328e+13 1.998646475530543684e-06 9.382107866586052649e-06 6.225612821810929203e-07
1.000000000000000000e+00 -1.379732977158113716e+00 3.444279790650401196e+02 -2.729366676337975077e+05 -2.391003783251708203e+13 -3.993788338420195135e-08 9.270810358170819353e-06 5.762597228836176739e-07
1.000000000000000000e+00 -7.211457589764485476e+01 3.304986293084036788e+02 -2.741718657829395379e+05 -2.412694135979398828e+13 -2.096882312978418335e-06 8.936139487543013835e-06 5.598137152810942473e-07
1.000000000000000000e+00 -1.410910164990006876e+02 3.086725318966477403e+02 -2.754070499831248890e+05 -2.434482182023290234e+13 -4.120999206248249999e-06 8.383597638447540641e-06 5.746937952896596668e-07
1.000000000000000000e+00 -2.066809548526474316e+02 2.794944661031641999e+02 -2.766422204818825703e+05 -2.456367922461077344e+13 -6.063830265177891594e-06 7.625161814282495690e-06 6.194880596701459423e-07
1.000000000000000000e+00 -2.673526875648346959e+02 2.435830115067739143e+02 -2.778773777111772797e+05 -2.478351361738910547e+13 -7.878904949892839770e-06 6.675096928409890807e-06 6.897695096396175352e-07
1.000000000000000000e+00 -3.215492828380946548e+02 2.017683595020016583e+02 -2.791125224305841257e+05 -2.500432510309775391e+13 -9.518203418657799112e-06 5.553794085186314762e-06 7.785530679775720022e-07
1.000000000000000000e+00 -3.679448565754141214e+02 1.550748343842631414e+02 -2.803476557758282870e+05 -2.522611385636902734e+13 -1.093975965018578801e-05 4.287416194451787791e-06 8.773447758089175797e-07
1.000000000000000000e+00 -4.054062205766252305e+02 1.045558763097995865e+02 -2.815827789845568477e+05 -2.544888007386038672e+13 -1.210666747619574320e-05 2.903433785319279823e-06 9.764820920043054004e-07
1.000000000000000000e+00 -4.328766688242649820e+02 5.142651618996039531e+01 -2.828178936414455529e+05 -2.567262401915727734e+13 -1.298372108542123798e-05 1.434337580055920825e-06 1.065647613926586110e-06
1.000000000000000000e+00 -4.496275628307192846e+02 -2.973496161117450853e+00 -2.840530017121706624e+05 -2.589734603034324219e+13 -1.354504413490385967e-05 -8.329600149690151282e-08 1.135823084534452676e-06
1.000000000000000000e+00 -4.552032273642834639e+02 -5.735178738459823933e+01 -2.852881052060902002e+05 -2.612304645973551562e+13 -1.377263735423828799e-05 -1.613570744044117143e-06 1.180004130513441175e-06
1.000000000000000000e+00 -4.493020530133473471e+02 -1.103367679671622028e+02 -2.865232062369134510e+05 -2.634972568521686719e+13 -1.365294436655439532e-05 -3.117722445904626764e-06 1.193192439688749872e-06
1.000000000000000000e+00 -4.320145187207805293e+02 -1.605327646804153403e+02 -2.877583071537449723e+05 -2.657738413485578516e+13 -1.318421654488307652e-05 -4.555635243767155303e-06 1.173755284346318409e-06
1.000000000000000000e+00 -4.037405119659421189e+02 -2.066940038215520588e+02 -2.889934101892053732e+05 -2.680602222256135547e+13 -1.237423570979496486e-05 -5.890785468717582392e-06 1.123405819049819672e-06
1.000000000000000000e+00 -3.650564287386927163e+02 -2.475999152272538311e+02 -2.902285176487170393e+05 -2.703564038288657422e+13 -1.123642609678615109e-05 -7.086763902990206276e-06 1.046541934503726815e-06
1.000000000000000000e+00 -3.169303632284820651e+02 -2.821212910822432036e+02 -2.914636318571172305e+05 -2.726623906132838281e+13 -9.796621651687079476e-06 -8.109192760011516474e-06 9.509075155437019999e-07
1.000000000000000000e+00 -2.606021589267338641e+02 -3.093843218570838189e+02 -2.926987547630954068e+05 -2.749781864008184375e+13 -8.089599093058299169e-06 -8.930516265244680193e-06 8.464862772507261457e-07
1.000000000000000000e+00 -1.974292847803998541e+02 -3.286374440924330429e+02 -2.939338881454676739e+05 -2.773037947546982422e+13 -6.154451405541471652e-06 -9.526296463985689850e-06 7.436573288825906213e-07
1.000000000000000000e+00 -1.290766652534538252e+02 -3.393153770359319310e+02 -2.951690336350169964e+05 -2.796392190140786328e+13 -4.040607311218964643e-06 -9.877151697126227041e-06 6.529563405507213965e-07
1.000000000000000000e+00 -5.736035871078674830e+01 -3.411787775580024231e+02 -2.964041924402707373e+05 -2.819844617664120703e+13 -1.803118693738877943e-06 -9.972952258105045097e-06 5.839930348850295462e-07
1.000000000000000000e+00 1.592177534864284816e+01 -3.341603176834584019e+02 -2.976393654251555563e+05 -2.843395249790775391e+13 5.025855258054654097e-07 -9.808500852085984330e-06 5.438933395589367900e-07
1.000000000000000000e+00 8.881547296010943171e+01 -3.184144527339916522e+02 -2.988745531551066670e+05 -2.867044100741841016e+13 2.815176884560677961e-06 -9.385104244605774968e-06 5.368498658576861133e-07
1.000000000000000000e+00 1.593869510107300016e+02 -2.944248953708435010e+02 -3.001097555767364684e+05 -2.890791172996231250e+13 5.072954781609081638e-06 -8.713889163057324952e-06 5.638052723680019003e-07
1.000000000000000000e+00 2.258875985722220037e+02 -2.628247122194579219e+02 -3.013449723454434425e+05 -2.914636463382667188e+13 7.219123203832163753e-06 -7.810656464724957784e-06 6.221981240802910178e-07
1.000000000000000000e+00 2.865755949227431643e+02 -2.244296714374387989e+02 -3.025802028860858409e+05 -2.938579964142725781e+13 9.196187714424458633e-06 -6.696967209201111410e-06 7.060940374985887637e-07
1.000000000000000000e+00 3.398910034276324268e+02 -1.803185696555219977e+02 -3.038154460726468242e+05 -2.962621656592007812e+13 1.095160154435310261e-05 -5.402660686492410606e-06 8.070582787470991818e-07
1.000000000000000000e+00 3.845940072194489403e+02 -1.316339132599993889e+02 -3.050507004903243505e+05 -2.986761516033992578e+13 1.244235689759267521e-05 -3.960018438006508983e-06 9.151898066963919648e-07
1.000000000000000000e+00 4.195672171329318303e+02 -7.960827496948043347e+01 -3.062859645059079630e+05 -3.010999513029236328e+13 1.362877300754090580e-05 -2.404599199388123180e-06 1.019703156469451248e-06
1.000000000000000000e+00 4.439743185396163767e+02 -2.563108475197506664e+01 -3.075212361585752224e+05 -3.035335611153015234e+13 1.447975042071436978e-05 -7.773193654781407824e-07 1.110488890272619814e-06
1.000000000000000000e+00 4.573614123780834575e+02 2.895685081538380956e+01 -3.087565134341134108e+05 -3.059769772300491016e+13 1.497627353444029196e-05 8.817081310454175047e-07 1.179248948415968110e-06
1.000000000000000000e+00 4.594363592150381237e+02 8.283043848261191044e+01 -3.099917942649230245e+05 -3.084301956665595312e+13 1.510440683531452968e-05 2.532197334725439614e-06 1.219274712877685248e-06
1.000000000000000000e+00 4.502101332705935874e+02 1.346150203481617211e+02 -3.112270763528611860e+05 -3.108932119180537109e+13 1.486006653724946675e-05 4.131695272838618073e-06 1.226782653160298993e-06
1.000000000000000000e+00 4.300644874671532989e+02 1.830867947611174316e+02 -3.124623574240522576e+05 -3.133660214535334766e+13 1.425146145174007288e-05 5.641727633300863871e-06 1.201852145516758950e-06
1.000000000000000000e+00 3.995141324962374938e+02 2.271238134655238241e+02 -3.136976354133230634e+05 -3.158486200901440234e+13 1.329142383727592468e-05 7.026374694769848842e-06 1.147192181382240890e-06
1.000000000000000000e+00 3.593385768911989544e+02 2.656375296924039731e+02 -3.149329082142448169e+05 -3.183410034961224609e+13 1.200189995691216859e-05 8.250207385688763373e-06 1.068180430256870098e-06
1.000000000000000000e+00 3.106256774442997539e+02 2.977630456009254658e+02 -3.161681739679183811e+05 -3.208431677752735156e+13 1.041558384650338990e-05 9.284239559063288622e-06 9.728223041178936903e-07
1.000000000000000000e+00 2.545245744955741145e+02 3.227907579424330038e+02 -3.174034309731837711e+05 -3.233551092938360156e+13 8.567802606166572286e-06 1.010392462297107298e-05 8.701271736299637467e-07
1.000000000000000000e+00 1.923762894292689793e+02 3.400958147277804073e+02 -3.186386775919778738e+05 -3.258768244931530469e+13 6.500969821127053881e-06 1.068703342112682404e-05 7.697590512507252768e-07
1.000000000000000000e+00 1.257414560279220552e+02 3.493176465078118440e+02 -3.198739125599584077e+05 -3.284083105299982031e+13 4.265652006304406120e-06 1.101936927197492214e-05 6.815321492331890197e-07
1.000000000000000000e+00 5.614949999880235509e+01 3.502729554928749849e+02 -3.211091349889296689e+05 -3.309495652963932812e+13 1.912170743506888177e-06 1.109217356381043710e-05 6.136791949431691366e-07
1.000000000000000000e+00 -1.476726555363959648e+01 3.428854045140542439e+02 -3.223443441168897552e+05 -3.335005869173143359e+13 -5.048336022788691253e-07 1.089999860996587947e-05 5.723341111269564486e-07
1.000000000000000000e+00 -8.525765106432608320e+01 3.273551138576227686e+02 -3.235795394754735171e+05 -3.360613741035003516e+13 -2.925785821569197383e-06 1.044618159767080783e-05 5.614017994763358589e-07
1.000000000000000000e+00 -1.537031847908065174e+02 3.040545396101642268e+02 -3.248147209918775479e+05 -3.386319263756153516e+13 -5.294764950163348420e-06 9.739677679094489203e-06 5.818443378470505069e-07
1.000000000000000000e+00 -2.184787096931789847e+02 2.734587922068313333e+02 -3.260498887874406064e+05 -3.412122436583592578e+13 -7.554770813748671216e-06 8.792924351396025223e-06 6.314389078416767350e-07
1.000000000000000000e+00 -2.779470192599621896e+02 2.363047156361235182e+02 -3.272850434348780545e+05 -3.438023268285964844e+13 -9.647533496664093228e-06 7.627038461388065245e-06 7.052268861642208975e-07
1.000000000000000000e+00 -3.307083102329733606e+02 1.934703847686912184e+02 -3.285201858684926410e+05 -3.464021775438980078e+13 -1.152219665602341975e-05 6.268071535786864750e-06 7.961794389201756709e-07
1.000000000000000000e+00 -3.754536317785796200e+02 1.459039848778164696e+02 -3.297553170711229905e+05 -3.490117975942085547e+13 -1.313034785555905100e-05 4.744782938664014139e-06 8.953353553271868648e-07
1.000000000000000000e+00 -4.109685763779230001e+02 9.477086590484283590e+01 -3.309904384260228835e+05 -3.516311896514169531e+13 -1.442620765680606437e-05 3.093482659627896624e-06 9.925536526551266647e-07
1.000000000000000000e+00 -4.363748722407752894e+02 4.131675810764851775e+01 -3.322255516658993438e+05 -3.542603571765444531e+13 -1.537520379992180107e-05 1.353682011725270609e-06 1.078155964624717330e-06
1.000000000000000000e+00 -4.509716706657031864e+02 -1.320721324086674997e+01 -3.334606586520788842e+05 -3.568993039608850781e+13 -1.594857848202601804e-05 -4.343233542116192484e-07 1.143376331704227153e-06
1.000000000000000000e+00 -4.542428253166813192e+02 -6.741026108468030031e+01 -3.346957614812832326e+05 -3.595480343605119531e+13 -1.612376293583622270e-05 -2.225018420850736798e-06 1.181181097593650825e-06
1.000000000000000000e+00 -4.460807077262777511e+02 -1.199134736832430690e+02 -3.359308623812771984e+05 -3.622065530805799219e+13 -1.589247222651140009e-05 -3.972604020762304726e-06 1.187744446085992427e-06
1.000000000000000000e+00 -4.266062244359507076e+02 -1.694273686777007981e+02 -3.371659635094534606e+05 -3.648748647445839844e+13 -1.525453696454654214e-05 -5.633582799595440988e-06 1.161964545355507437e-06
1.000000000000000000e+00 -3.961696860427109073e+02 -2.146267906279640840e+02 -3.384010672173431376e+05 -3.675529744661642188e+13 -1.421808415681281196e-05 -7.162638694643367059e-06 1.105604815081580334e-06
1.000000000000000000e+00 -3.555452715678581512e+02 -2.543111381194574392e+02 -3.396361759244267596e+05 -3.702408875816810156e+13 -1.280669199838887760e-05 -8.517981900451410541e-06 1.024358232233640474e-06
1.000000000000000000e+00 -3.057202596028605512e+02 -2.874758328380884222e+02 -3.408712917080117040e+05 -3.729386087555014844e+13 -1.105204796938238801e-05 -9.663827212639003082e-06 9.264964396030076697e-07
1.000000000000000000e+00 -2.478797238876281028e+02 -3.131862320405769538e+02 -3.421064165628958726e+05 -3.756461425366760938e+13 -8.993533129534615598e-06 -1.056625945958271839e-05 8.216640953258168268e-07
1.000000000000000000e+00 -1.835659845690755674e+02 -3.307353421752464442e+02 -3.433415522824552609e+05 -3.783634930935855469e+13 -6.684157727623368775e-06 -1.119861621248756970e-05 7.207265662175348489e-07
1.000000000000000000e+00 -1.144357153638691784e+02 -3.396947562519260373e+02 -3.445767003178937011e+05 -3.810906638946264844e+13 -4.181918953855689804e-06 -1.154335733391179328e-05 6.341799992291251399e-07
1.000000000000000000e+00 -4.222853726259285168e+01 -3.397741928189460054e+02 -3.458118618995786528e+05 -3.838276579639964062e+13 -1.548724039943539171e-06 -1.158744443715956614e-05 5.708722135100544515e-07
1.000000000000000000e+00 3.110057289270644532e+01 -3.309648254170613200e+02 -3.470470378817302990e+05 -3.865744775269396875e+13 1.144681980473102086e-06 -1.132733046639385352e-05 5.375679308250621541e-07
1.000000000000000000e+00 1.036436651704370178e+02 -3.135576134674929563e+02 -3.482822285240120254e+05 -3.893311235065327344e+13 3.828266759687603199e-06 -1.076976071270078804e-05 5.379580357756255286e-07
1.000000000000000000e+00 1.735728881102018022e+02 -2.879808584537655065e+02 -3.495174338167164242e+05 -3.920975962297178906e+13 6.433967282069134241e-06 -9.926356169410580673e-06 5.721043536641357788e-07
1.000000000000000000e+00 2.390150910560697071e+02 -2.549249905129042304e+02 -3.507526534613524564e+05 -3.948738953729138281e+13 8.891077644127391315e-06 -8.818013635578740889e-06 6.366374498534532181e-07
1.000000000000000000e+00 2.983121380166124368e+02 -2.153280235444620700e+02 -3.519878866109800874e+05 -3.976600193638504688e+13 1.113593680564285986e-05 -7.474560491991587925e-06 7.252454444916857409e-07
1.000000000000000000e+00 3.500341983447787015e+02 -1.701958377870035690e+02 -3.532231321759836283e+05 -4.004559660531463281e+13 1.311256727732016768e-05 -5.928645208433779086e-06 8.291308131180461095e-07
1.000000000000000000e+00 3.928419243298571359e+02 -1.207150802612826936e+02 -3.544583887075864477e+05 -4.032617324396400000e+13 1.476764364319968960e-05 -4.219725258676105461e-06 9.377836621563626723e-07
1.000000000000000000e+00 4.257279500336948104e+02 -6.821740022245619173e+01 -3.556936543517441023e+05 -4.060773145508726562e+13 1.605966183151080564e-05 -2.392922706602494097e-06 1.040753288126683109e-06
1.000000000000000000e+00 4.479956941822920271e+02 -1.399597292673559323e+01 -3.569289272956647910e+05 -4.089027084501003906e+13 1.695835419762950461e-05 -4.926542453249523326e-07 1.128432718466845134e-06
1.000000000000000000e+00 4.591020052311014297e+02 4.058166370651002097e+01 -3.581642055299911299e+05 -4.117379096911465625e+13 1.743891599664768800e-05 1.433406658513912593e-06 1.192187114508124950e-06
1.000000000000000000e+00 4.588763548303334687e+02 9.411609241780574564e+01 -3.593994867808476556e+05 -4.145829131538352344e+13 1.749046064271137028e-05 3.335790205592379523e-06 1.226084707332835356e-06
1.000000000000000000e+00 4.474635132725729250e+02 1.453504441126261497e+02 -3.606347688253206434e+05 -4.174377137638445312e+13 1.711407134497309389e-05 5.169414383923261872e-06 1.227480770834952793e-06
1.000000000000000000e+00 4.251520062036696572e+02 1.930484864738553767e+02 -3.618700495011669118e+05 -4.203023065172792188e+13 1.631642420153886985e-05 6.889321146947920176e-06 1.196420578888298270e-06
1.000000000000000000e+00 3.925774210184013100e+02 2.360349550683358757e+02 -3.631053265854728525e+05 -4.231766862002458594e+13 1.511771148270505164e-05 8.452133198093869331e-06 1.136398858812338608e-06
1.000000000000000000e+00 3.506361199083125939e+02 2.733547198248371615e+02 -3.643405981562432135e+05 -4.260608482321336719e+13 1.354853488836411352e-05 9.821810100351740947e-06 1.053716342334753727e-06
1.000000000000000000e+00 3.003092948094990788e+02 3.041381416086627496e+02 -3.655758623618599959e+05 -4.289547881365269531e+13 1.164325482281544687e-05 1.096492814763882926e-05 9.560584318175800488e-07
1.000000000000000000e+00 2.428583934003346769e+02 3.276374992966773902e+02 -3.668111173555575660e+05 -4.318585013897060156e+13 9.447648407122298769e-06 1.185205017637155279e-05 8.528149437278817841e-07
1.000000000000000000e+00 1.797186037893713717e+02 3.433704851658821440e+02 -3.680463617346682004e+05 -4.347719844586012500e+13 7.014935465896009836e-06 1.246300818145752301e-05 7.541517176371070492e-07
1.000000000000000000e+00 1.123259075433086878e+02 3.509726907324230183e+02 -3.692815943319196231e+05 -4.376952343236653125e+13 4.399119033939323811e-06 1.278169283279840076e-05 6.692219897555499166e-07
1.000000000000000000e+00 4.230915549791258456e+01 3.502319877607773719e+02 -3.705168141426328220e+05 -4.406282483150516406e+13 1.662533454193587667e-06 1.279738157144098804e-05 6.058948572824485072e-07
1.000000000000000000e+00 -2.863038069576017008e+01 3.412179939827332191e+02 -3.717520205625438248e+05 -4.435710246865938281e+13 -1.128778102230124105e-06 1.250957779294717465e-05 5.701842662659659674e-07
1.000000000000000000e+00 -9.888561360738792416e+01 3.241221552522255251e+02 -3.729872131936646183e+05 -4.465235621668524219e+13 -3.911606611130780517e-06 1.192230013500109980e-05 5.652802886939665524e-07
1.000000000000000000e+00 -1.667538357596527590e+02 2.992917381767462643e+02 -3.742223918976695277e+05 -4.494858600955402344e+13 -6.618105988252042613e-06 1.104541118420873186e-05 5.913784812855496704e-07
1.000000000000000000e+00 -2.305673804248190208e+02 2.673458601442293912e+02 -3.754575570361458231e+05 -4.524579190128604688e+13 -9.180933265623126055e-06 9.899008622200480571e-06 6.458506585414450403e-07
1.000000000000000000e+00 -2.888524530531624350e+02 2.290028056648577035e+02 -3.766927092473316588e+05 -4.554397401394568750e+13 -1.153961687066449991e-05 8.507175788022244245e-06 7.234249489380189014e-07
1.000000000000000000e+00 -3.401409451891350386e+02 1.851132720785241190e+02 -3.779278492980833980e+05 -4.584313250282493750e+13 -1.363314096875665827e-05 6.899281142412815638e-06 8.163774631667442761e-07
1.000000000000000000e+00 -3.831080867396478311e+02 1.367615452119761414e+02 -3.791629784236230771e+05 -4.614326763964618750e+13 -1.540548447175513181e-05 5.113842100525186578e-06 9.154465976712712802e-07
1.000000000000000000e+00 -4.167205017226997370e+02 8.507932432573916515e+01 -3.803980980630190461e+05 -4.644437974982646094e+13 -1.681168791494811818e-05 3.191683056762242221e-06 1.010845187099320582e-06
