1.000000000000000000e+00 -2.557846562268530306e+02 -2.185848158459301942e+02 -4.260503617748266552e+05 -1.840546307837197266e+13 -4.094303532344634435e-06 -2.901393914178527042e-06 6.943046143329734940e-07
1.000000000000000000e+00 -2.991942678238346502e+02 -2.167173822031386123e+02 -4.299599766881512478e+05 -1.874480527314367969e+13 -4.833101414733296527e-06 -2.903003396863452706e-06 8.606216729203174074e-07
1.000000000000000000e+00 -3.352188585209617600e+02 -2.094984027524197927e+02 -4.338695584346064134e+05 -1.908724427231392188e+13 -5.464271018778256453e-06 -2.831820121234811268e-06 1.007120452987441926e-06
1.000000000000000000e+00 -3.629525942288729539e+02 -1.970770724555482616e+02 -4.377791146007536445e+05 -1.943278067052151562e+13 -5.969659388485350995e-06 -2.687923523865171753e-06 1.119278226142067567e-06
1.000000000000000000e+00 -3.815749258967821333e+02 -1.796902257140932875e+02 -4.416886537701026537e+05 -1.978141517576370312e+13 -6.331996708635568655e-06 -2.472671735743379957e-06 1.185348059773631252e-06
1.000000000000000000e+00 -3.905525451489065176e+02 -1.577659295128007955e+02 -4.455981852799559711e+05 -2.013314859137524609e+13 -6.538339910479615333e-06 -2.190193074062818803e-06 1.198447533357193356e-06
1.000000000000000000e+00 -3.896375435741891806e+02 -1.318410706307423084e+02 -4.495077181515140692e+05 -2.048798172148747266e+13 -6.580252495745176880e-06 -1.846348344928986602e-06 1.157030653174224319e-06
1.000000000000000000e+00 -3.787308796121819796e+02 -1.025212068693096938e+02 -4.534172618679737207e+05 -2.084591544132149609e+13 -6.451688271423592612e-06 -1.448229958688954998e-06 1.064436506885262084e-06
1.000000000000000000e+00 -3.580694973349909560e+02 -7.057155415287010669e+01 -4.573268263259051600e+05 -2.120695069451030859e+13 -6.152315700107215037e-06 -1.005500119151959675e-06 9.299263141910323325e-07
1.000000000000000000e+00 -3.281919174837603919e+02 -3.681671446597729869e+01 -4.612364201574517647e+05 -2.157108833780319531e+13 -5.687168330543980276e-06 -5.290471623967279097e-07 7.674193828541363315e-07
1.000000000000000000e+00 -2.897843829388652352e+02 -2.095042012234911155e+00 -4.651460513382256613e+05 -2.193832919339577344e+13 -5.064177555319987600e-06 -3.036042468202476635e-08 5.932355572793204568e-07
1.000000000000000000e+00 -2.438444995255733261e+02 3.266073285412911531e+01 -4.690557273332081386e+05 -2.230867406020619531e+13 -4.297164858838547708e-06 4.772831868706428916e-07 4.252772524176438797e-07
1.000000000000000000e+00 -1.916103625531130490e+02 6.653660743097819363e+01 -4.729654538323174347e+05 -2.268212359057412109e+13 -3.404811096851150810e-06 9.804283050271184390e-07 2.809110078705942726e-07
1.000000000000000000e+00 -1.343885467932636857e+02 9.868170895785958407e+01 -4.768752355771544972e+05 -2.305867836317678125e+13 -2.407751357287165447e-06 1.466112170890888211e-06 1.748859269598915292e-07
1.000000000000000000e+00 -7.369696016656185122e+01 1.282304456904968788e+02 -4.807850760692072217e+05 -2.343833885081989062e+13 -1.331205679116322415e-06 1.920736977551611015e-06 1.182209982026282701e-07
1.000000000000000000e+00 -1.116770110881120104e+01 1.544173736170116626e+02 -4.846949762811122346e+05 -2.382110528884754688e+13 -2.033653269253206949e-07 2.331795432270180437e-06 1.166887956853137155e-07
1.000000000000000000e+00 5.163148232363803913e+01 1.766104130832837882e+02 -4.886049359940264840e+05 -2.420697779763175391e+13 9.478007596810814620e-07 2.688437370047879590e-06 1.703233105201326999e-07
1.000000000000000000e+00 1.130605336085060202e+02 1.942270308826195730e+02 -4.925149537733105826e+05 -2.459595637542001953e+13 2.092064455214821288e-06 2.980264842838104183e-06 2.735421667343695402e-07
1.000000000000000000e+00 1.715113703047712761e+02 2.068406043057525778e+02 -4.964250262147405301e+05 -2.498804081762974219e+13 3.198830240172697506e-06 3.199007310957261831e-06 4.156661621011870488e-07
1.000000000000000000e+00 2.255754790854919065e+02 2.141955546004274140e+02 -5.003351486739806714e+05 -2.538323078305501562e+13 4.240309046567945620e-06 3.338852500589257508e-06 5.823830556163689041e-07
1.000000000000000000e+00 2.738965958140901762e+02 2.161132794809213920e+02 -5.042453154367943062e+05 -2.578152580635488672e+13 5.188873887316423795e-06 3.395072815429526669e-06 7.568309177231678511e-07
1.000000000000000000e+00 3.152667992349251449e+02 2.125869131462492305e+02 -5.081555190625188989e+05 -2.618292522615546484e+13 6.018932780628789817e-06 3.365572418503019532e-06 9.216087528216751940e-07
1.000000000000000000e+00 3.487707969757262276e+02 2.037780237752243977e+02 -5.120657519889099058e+05 -2.658742834485752734e+13 6.709813557960817060e-06 3.250939173479650813e-06 1.060994955799495448e-06
1.000000000000000000e+00 3.736188750598674346e+02 1.899139274949477851e+02 -5.159760061917221174e+05 -2.699503439253364453e+13 7.242740478793313909e-06 3.052896557238176908e-06 1.161389868851106219e-06
1.000000000000000000e+00 3.892308627556004126e+02 1.713747894193318757e+02 -5.198862726497580297e+05 -2.740574246869617188e+13 7.602566504931427393e-06 2.775754494250191146e-06 1.213016173583475661e-06
1.000000000000000000e+00 3.953543254428024625e+02 1.486760506943923872e+02 -5.237965423175069736e+05 -2.781955164166055469e+13 7.780253196054510715e-06 2.426215711901326577e-06 1.211574731294768629e-06
1.000000000000000000e+00 3.918782191725599091e+02 1.223616353089134634e+02 -5.277068064655589405e+05 -2.823646098487842969e+13 7.769416980087302701e-06 2.011702407212329657e-06 1.157512161156799454e-06
1.000000000000000000e+00 3.789094159898329508e+02 9.308956083479810673e+01 -5.316170562915618066e+05 -2.865646953624872656e+13 7.567961478664618076e-06 1.541791528324810217e-06 1.056298025442313072e-06
1.000000000000000000e+00 3.568682222735860137e+02 6.160477429210786937e+01 -5.355272837226387346e+05 -2.907957638497253906e+13 7.180159439886396498e-06 1.027831065752363739e-06 9.181741139027508404e-07
1.000000000000000000e+00 3.262879616524620019e+02 2.863227462416682911e+01 -5.394374813910711091e+05 -2.950578067178550391e+13 6.612821175008437161e-06 4.811968072647713875e-07 7.561625263670500485e-07
1.000000000000000000e+00 2.878904296523230641e+02 -5.034442097295674046e+00 -5.433476420020936057e+05 -2.993508152209292969e+13 5.876917894571848370e-06 -8.522262443578918110e-08 5.856346489349453947e-07
1.000000000000000000e+00 2.426630906501585230e+02 -3.856720516482120331e+01 -5.472577593794661807e+05 -3.036747816229766797e+13 4.989307388529690295e-06 -6.575607216467380190e-07 4.231675060494549740e-07
1.000000000000000000e+00 1.916499056896567197e+02 -7.120762920791753459e+01 -5.511678290247495752e+05 -3.080296998674744141e+13 3.968597724823822766e-06 -1.222745728248108261e-06 2.840764948712541463e-07
1.000000000000000000e+00 1.360291899426934776e+02 -1.021743651753236435e+02 -5.550778466583457775e+05 -3.124155640015754297e+13 2.836812392439275678e-06 -1.766939217802120544e-06 1.814486553244086871e-07
1.000000000000000000e+00 7.717513422968828252e+01 -1.307023453729227356e+02 -5.589878095811906969e+05 -3.168323697283939062e+13 1.620781008424212247e-06 -2.276205586753323205e-06 1.250910932462626912e-07
1.000000000000000000e+00 1.644343973931518121e+01 -1.561430262220401914e+02 -5.628977163586453535e+05 -3.212801141088257031e+13 3.477497020947409045e-07 -2.738279948479395875e-06 1.203719757353960193e-07
1.000000000000000000e+00 -4.474831857583708228e+01 -1.778675663634554382e+02 -5.668075663341833279e+05 -3.257587950526867969e+13 -9.529211563756793320e-07 -3.140929360677001734e-06 1.678567879309808876e-07
1.000000000000000000e+00 -1.048735355471872026e+02 -1.953106817812325176e+02 -5.707173606506485958e+05 -3.302684125315451562e+13 -2.248700423718952366e-06 -3.472744617434234590e-06 2.630112518943391111e-07
1.000000000000000000e+00 -1.625136522716468903e+02 -2.080643987111073727e+02 -5.746271020071065286e+05 -3.348089683667123828e+13 -3.508492599417325401e-06 -3.724857376384958767e-06 3.968441150516826120e-07
1.000000000000000000e+00 -2.162759065513062637e+02 -2.157769819088917416e+02 -5.785367936375708086e+05 -3.393804650927389453e+13 -4.700929457647488698e-06 -3.889214227988865236e-06 5.565924788646247881e-07
1.000000000000000000e+00 -2.647584980888485120e+02 -2.181994907027395243e+02 -5.824464402836430818e+05 -3.439829071274676562e+13 -5.793626752985343636e-06 -3.959455763067016925e-06 7.265229592616841688e-07
1.000000000000000000e+00 -3.067669345028672865e+02 -2.152695343135055168e+02 -5.863560482188222231e+05 -3.486163008607004688e+13 -6.757943624001173968e-06 -3.932509204466366148e-06 8.900089240933558699e-07
1.000000000000000000e+00 -3.412275485360590324e+02 -2.070038667700340227e+02 -5.902656241299810354e+05 -3.532806533760234375e+13 -7.567216969812082022e-06 -3.806726863083221037e-06 1.030747520985423670e-06
1.000000000000000000e+00 -3.671594338496625483e+02 -1.935440968739507070e+02 -5.941751762115746969e+05 -3.579759737856574219e+13 -8.196223715513678185e-06 -3.582780490923198979e-06 1.134234607790933686e-06
1.000000000000000000e+00 -3.838831444843754639e+02 -1.752262006959164182e+02 -5.980847133145895787e+05 -3.627022722579938281e+13 -8.625938443173784563e-06 -3.265032541314419332e-06 1.190152251175238159e-06
1.000000000000000000e+00 -3.909216092532886364e+02 -1.524627445921609024e+02 -6.019942442170655122e+05 -3.674595591530658594e+13 -8.841513728022782435e-06 -2.859445607033225765e-06 1.192544720551218369e-06
1.000000000000000000e+00 -3.879687011565771400e+02 -1.257835024283181582e+02 -6.059037784265143564e+05 -3.722478460056150000e+13 -8.831713262193210449e-06 -2.374395778637789780e-06 1.140295068617766555e-06
1.000000000000000000e+00 -3.750800676257701980e+02 -9.588786796481301167e+01 -6.098133257908748928e+05 -3.770671450728901562e+13 -8.593409445105352289e-06 -1.821739772637021001e-06 1.038559622004077784e-06
1.000000000000000000e+00 -3.525489065841230172e+02 -6.351373625257799205e+01 -6.137228953313472448e+05 -3.819174678954989062e+13 -8.128984698600054854e-06 -1.214411171637829513e-06 8.975779534591776795e-07
1.000000000000000000e+00 -3.208601691770741127e+02 -2.947150751980265682e+01 -6.176324959232294932e+05 -3.867988261173991406e+13 -7.445443197802743078e-06 -5.670981837590445567e-07 7.314502899698634097e-07
1.000000000000000000e+00 -2.808547856836140113e+02 5.318701452293212562e+00 -6.215421357123476919e+05 -3.917112307445597656e+13 -6.558386591409578468e-06 1.029916358734903253e-07 5.573909756209406168e-07
1.000000000000000000e+00 -2.335717057893818094e+02 3.996915876529882894e+01 -6.254518212153620552e+05 -3.966546909748971094e+13 -5.488563620255347416e-06 7.788335230595263137e-07 3.932191111674683409e-07
1.000000000000000000e+00 -1.801841971915261809e+02 7.359258566096737297e+01 -6.293615584139840212e+05 -4.016292155302519531e+13 -4.260509327510609850e-06 1.442979103364804699e-06 2.556847043515039438e-07
1.000000000000000000e+00 -1.221379181472763236e+02 1.052722989990859475e+02 -6.332713519525480224e+05 -4.066348116046821094e+13 -2.905928763311846020e-06 2.076967574754843241e-06 1.591992251215973407e-07
1.000000000000000000e+00 -6.096365996223939732e+01 1.342064842332854084e+02 -6.371812041410644306e+05 -4.116714835232294531e+13 -1.459414299249466285e-06 2.664171775291267995e-06 1.137238321148598969e-07
1.000000000000000000e+00 1.794517651894312893e+00 1.596685914002269726e+02 -6.410911162682751892e+05 -4.167392343564750781e+13 4.322272087092736229e-08 3.189077107646943179e-06 1.238425636775785093e-07
1.000000000000000000e+00 6.445533697778262194e+01 1.809750470648446878e+02 -6.450010879694429459e+05 -4.218380650531072656e+13 1.561938533588785672e-06 3.636678530849729151e-06 1.884270081274766318e-07
1.000000000000000000e+00 1.253996190871943526e+02 1.976212083519174882e+02 -6.489111168859254103e+05 -4.269679739263844531e+13 3.057215413181722911e-06 3.995255261352850968e-06 3.008077350478764670e-07
1.000000000000000000e+00 1.831321626958530544e+02 2.092251351670419695e+02 -6.528211997350761667e+05 -4.321289579915035156e+13 4.491624915796106968e-06 4.255336157752992301e-06 4.496116558544892547e-07
1.000000000000000000e+00 2.361558683557392158e+02 2.154876065462659085e+02 -6.567313317752958974e+05 -4.373210122165132812e+13 5.826813090206153950e-06 4.408956368874829778e-06 6.195700835715926213e-07
1.000000000000000000e+00 2.831643485353936853e+02 2.163141985621223569e+02 -6.606415063197140116e+05 -4.425441288129243750e+13 7.028279718879072415e-06 4.452220345042099993e-06 7.936887921117776646e-07
1.000000000000000000e+00 3.230791609849641759e+02 2.117397489097898244e+02 -6.645517164626156446e+05 -4.477982994852332031e+13 8.066448013729251285e-06 4.383862712476011254e-06 9.550951198179817804e-07
1.000000000000000000e+00 3.549120979348361971e+02 2.018822540495874591e+02 -6.684619545444941614e+05 -4.530835146970650000e+13 8.913373528924666667e-06 4.204366885109901655e-06 1.087834387521811153e-06
1.000000000000000000e+00 3.779417256707368438e+02 1.870524168577566968e+02 -6.723722117629954591e+05 -4.583997631107930469e+13 9.547270045982857774e-06 3.918310496495780446e-06 1.179129995073512010e-06
1.000000000000000000e+00 3.917217122857240952e+02 1.676621907649488321e+02 -6.762824796075558988e+05 -4.637470335097696875e+13 9.952917159211123935e-06 3.532555877531339739e-06 1.220612048756741022e-06
1.000000000000000000e+00 3.959304948558141746e+02 1.441777266034979164e+02 -6.801927490812942851e+05 -4.691253137365804688e+13 1.011802060495297574e-05 3.055314622353934508e-06 1.208346419432475194e-06
1.000000000000000000e+00 3.905329662460133022e+02 1.172213083695529434e+02 -6.841030109198548598e+05 -4.745345909773642969e+13 1.003745960998217234e-05 2.498353186519140026e-06 1.144094831516550097e-06
1.000000000000000000e+00 3.757636745167828849e+02 8.746949185212146460e+01 -6.880132569530953187e+05 -4.799748536511036719e+13 9.713063083292191040e-06 1.874904611634139618e-06 1.034645285363469950e-06
1.000000000000000000e+00 3.519679772176297092e+02 5.560951402982643543e+01 -6.919234792297190288e+05 -4.854460902247137500e+13 9.149678389581314579e-06 1.198761909810397778e-06 8.902502688996980550e-07
1.000000000000000000e+00 3.197549091040888811e+02 2.243802920630720976e+01 -6.958336699200083967e+05 -4.909482890844677344e+13 8.359249138118439448e-06 4.864250315714764764e-07 7.247856191953470365e-07
1.000000000000000000e+00 2.799609966339520497e+02 -1.124669807055226656e+01 -6.997438223857241683e+05 -4.964814400590501562e+13 7.360057592361242145e-06 -2.451827300515446341e-07 5.542812556847461037e-07
1.000000000000000000e+00 2.334869815504103769e+02 -4.468296771464178363e+01 -7.036539308639960364e+05 -5.020455340157232812e+13 6.172575314788014248e-06 -9.795506460584478350e-07 3.947726135689683192e-07
1.000000000000000000e+00 1.814471274415331550e+02 -7.704786575833635709e+01 -7.075639902484902414e+05 -5.076405625810360156e+13 4.823479402601042818e-06 -1.698447405189461182e-06 2.614129770671196937e-07
1.000000000000000000e+00 1.251173877623072315e+02 -1.075684382596477491e+02 -7.114739972808733582e+05 -5.132665198859338281e+13 3.344423832076701543e-06 -2.384348115723749767e-06 1.668276995080169933e-07
1.000000000000000000e+00 6.576998101683642517e+01 -1.355540018806967169e+02 -7.153839493593468796e+05 -5.189234009105051562e+13 1.767712028865835215e-06 -3.021184881192292655e-06 1.198488469392688007e-07
1.000000000000000000e+00 4.821505693399101844e+00 -1.602986471742757146e+02 -7.192938446602165932e+05 -5.246112016873438281e+13 1.302967660041550045e-07 -3.592212074263406980e-06 1.250113031379835936e-07
1.000000000000000000e+00 -5.623325422002947249e+01 -1.811943782513640997e+02 -7.232036834752757568e+05 -5.303299212938241406e+13 -1.527912398630362440e-06 -4.082546272410254070e-06 1.818444182126724810e-07
1.000000000000000000e+00 -1.159873732811158078e+02 -1.977566893409569673e+02 -7.271134672148444224e+05 -5.360795604659081250e+13 -3.168527717105821402e-06 -4.479805294263010307e-06 2.850053341385652701e-07
1.000000000000000000e+00 -1.729743645646590267e+02 -2.095266893190724886e+02 -7.310231982375646476e+05 -5.418601213901646875e+13 -4.750698966106979366e-06 -4.771954314288605602e-06 4.245989247403243104e-07
1.000000000000000000e+00 -2.257479293078025364e+02 -2.161847826677444289e+02 -7.349328806041912176e+05 -5.476716088648112500e+13 -6.233271765050929616e-06 -4.949924397165112256e-06 5.870530908849809148e-07
1.000000000000000000e+00 -2.730453987158874725e+02 -2.175667116121402671e+02 -7.388425192508510081e+05 -5.535140291284583594e+13 -7.579339339311951313e-06 -5.008066596529366705e-06 7.566966032707139058e-07
1.000000000000000000e+00 -3.136395178187433430e+02 -2.135632822206906098e+02 -7.427521200133577222e+05 -5.593873899314329688e+13 -8.752241373975186363e-06 -4.941926183781397072e-06 9.165610397273711801e-07
1.000000000000000000e+00 -3.464282113932564471e+02 -2.042320516159092563e+02 -7.466616906484860228e+05 -5.652917021178357031e+13 -9.718108190045454784e-06 -4.750874264913353443e-06 1.050427697899085160e-06
1.000000000000000000e+00 -3.705881701383757445e+02 -1.897990590349757554e+02 -7.505712393020548625e+05 -5.712269773699367969e+13 -1.045028367021763069e-05 -4.438249789872241710e-06 1.145115410419641138e-06
1.000000000000000000e+00 -3.854202628823727537e+02 -1.705525547227554171e+02 -7.544807743387377122e+05 -5.771932279631982031e+13 -1.092514801726956636e-05 -4.008964162531305105e-06 1.190697202155853959e-06
1.000000000000000000e+00 -3.904406126029555821e+02 -1.469491445751797301e+02 -7.583903052174140466e+05 -5.831904681212090625e+13 -1.112480396701684354e-05 -3.472047053720854124e-06 1.181912129442836151e-06
1.000000000000000000e+00 -3.855129837924227445e+02 -1.195965876971081343e+02 -7.622998414456001483e+05 -5.892187124427172656e+13 -1.104102638098179866e-05 -2.840340362343657596e-06 1.119485887859935148e-06
1.000000000000000000e+00 -3.706778204911366288e+02 -8.913843786451619167e+01 -7.662093923849161947e+05 -5.952779756012876562e+13 -1.067059608774206254e-05 -2.127836515652278247e-06 1.009250878648842613e-06
1.000000000000000000e+00 -3.462325085402289346e+02 -5.635234446947441000e+01 -7.701189675915084081e+05 -6.013682728711758594e+13 -1.001775188432164677e-05 -1.352058790983633901e-06 8.622113299245549837e-07
1.000000000000000000e+00 -3.128318527962703683e+02 -2.211343758070967525e+01 -7.740285756245718803e+05 -6.074896182648025781e+13 -9.097301117003182987e-06 -5.332600160015451506e-07 6.936982746359005721e-07
1.000000000000000000e+00 -2.712916796367699703e+02 1.272876793767173353e+01 -7.779382238275082782e+05 -6.136420241479889844e+13 -7.929141974779514292e-06 3.085014765798317424e-07 5.207686665848154776e-07
1.000000000000000000e+00 -2.226502749118847930e+02 4.725769015804969087e+01 -7.818479242123690201e+05 -6.198255105217849219e+13 -6.540186486374757842e-06 1.151119856049773463e-06 3.611016477309734091e-07
1.000000000000000000e+00 -1.682355586652496982e+02 8.053897384829909356e+01 -7.857576725481892936e+05 -6.260400718854749219e+13 -4.966506793206972694e-06 1.971607627316574043e-06 2.314529544859330013e-07
1.000000000000000000e+00 -1.094434666368969857e+02 1.117437621891970849e+02 -7.896674774914240697e+05 -6.322857232420540625e+13 -3.246973182050924804e-06 2.749117537216954415e-06 1.452442119066679822e-07
1.000000000000000000e+00 -4.778542716950077107e+01 1.400538730128713496e+02 -7.935773417654584628e+05 -6.385624703208322656e+13 -1.424719409093053440e-06 3.462662389556258126e-06 1.113915228324466915e-07
1.000000000000000000e+00 1.506663933716883363e+01 1.647129811103068278e+02 -7.974872659538715379e+05 -6.448703154769017969e+13 4.514241180102196220e-07 4.092393176211095652e-06 1.333745578530971697e-07
1.000000000000000000e+00 7.751324315755901750e+01 1.851388771441417589e+02 -8.013972490840278333e+05 -6.512092585547490625e+13 2.333825411416775320e-06 4.622439546128536488e-06 2.089390927319902875e-07
1.000000000000000000e+00 1.379781310459001418e+02 2.008183857017796754e+02 -8.053072892592863645e+05 -6.575792978590271875e+13 4.174615650370696808e-06 5.038379416306147977e-06 3.304175253485653193e-07
1.000000000000000000e+00 1.948668285080021576e+02 2.113515556832598463e+02 -8.092173825647904305e+05 -6.639804283222732031e+13 5.924445776150528354e-06 5.328395088081527408e-06 4.852896473355848880e-07
1.000000000000000000e+00 2.467933800833309306e+02 2.165464723423881424e+02 -8.131275234565138817e+05 -6.704126420664161719e+13 7.539399849734897599e-06 5.485744068440524927e-06 6.580524576088631763e-07
1.000000000000000000e+00 2.925120040442750451e+02 2.162996615773207907e+02 -8.170377058068515034e+05 -6.768759300706196094e+13 8.979050238368568011e-06 5.505841521495283066e-06 8.316502672524526921e-07
1.000000000000000000e+00 3.308665603995958122e+02 2.106323347369959436e+02 -8.209479223210358759e+05 -6.833702811765716406e+13 1.020500198452407804e-05 5.387241157957376742e-06 9.888246383849014847e-07
1.000000000000000000e+00 3.609995305853621517e+02 1.997681702082463175e+02 -8.248581647802935913e+05 -6.898956824489456250e+13 1.118743496141065757e-05 5.133710053334808847e-06 1.114543438614204240e-06
1.000000000000000000e+00 3.822561114658605561e+02 1.840007656648286911e+02 -8.287684250874305144e+05 -6.964521208960669531e+13 1.190233701253513632e-05 4.750929590667935971e-06 1.196801190080752308e-06
1.000000000000000000e+00 3.941228940542291639e+02 1.637267389696783653e+02 -8.326786941239874577e+05 -7.030395815448977344e+13 1.232973448538026139e-05 4.247396761198807724e-06 1.227557848088288670e-06
1.000000000000000000e+00 3.964173301436635484e+02 1.395112686469790617e+02 -8.365889625769758131e+05 -7.096580488031421875e+13 1.245975123470320552e-05 3.636195171120784326e-06 1.204607825142667648e-06
1.000000000000000000e+00 3.891656279500916185e+02 1.119470616780923109e+02 -8.404992221060423180e+05 -7.163075084409432812e+13 1.228899591775685094e-05 2.931404714953498164e-06 1.130720102044736577e-06
1.000000000000000000e+00 3.725359741159903706e+02 8.169006683403658542e+01 -8.444094642492588609e+05 -7.229879457557100000e+13 1.181859683818482384e-05 2.149057872789686234e-06 1.012881573013068914e-06
1.000000000000000000e+00 3.470124080976801793e+02 4.951765520838218748e+01 -8.483196807635322912e+05 -7.296993461529195312e+13 1.105984792817757599e-05 1.308715907742768549e-06 8.626728185965823379e-07
1.000000000000000000e+00 3.132522397193419579e+02 1.618330205823126988e+01 -8.522298644999943208e+05 -7.364416966677090625e+13 1.002987551004430976e-05 4.296844691667019392e-07 6.944954767430336917e-07
1.000000000000000000e+00 2.720194073402041113e+02 -1.754181523654123609e+01 -8.561400087474533357e+05 -7.432149848683639062e+13 8.749622010551621795e-06 -4.678914319298749854e-07 5.241699154912596514e-07
1.000000000000000000e+00 2.243471545360031030e+02 -5.081545202378701731e+01 -8.600501076700967969e+05 -7.500191996370854688e+13 7.249180757135728936e-06 -1.361586745181269395e-06 3.680701050719942504e-07
1.000000000000000000e+00 1.713803636284546599e+02 -8.287088509109645429e+01 -8.639601571342220996e+05 -7.568543326531837500e+13 5.562876053367375113e-06 -2.230598774853279261e-06 2.408680914834428064e-07
1.000000000000000000e+00 1.143116334375527998e+02 -1.129685715930200587e+02 -8.678701535410766955e+05 -7.637203764063782812e+13 3.727260890724568591e-06 -3.054486132417464663e-06 1.543418890148249436e-07
1.000000000000000000e+00 5.453518719253336400e+01 -1.403470860266771183e+02 -8.717800941672810586e+05 -7.706173248198503125e+13 1.786192926900266753e-06 -3.811852748589362553e-06 1.167202163967982139e-07
1.000000000000000000e+00 -6.522598635593808147e+00 -1.643686552419223688e+02 -8.756899783563044621e+05 -7.775451754008279688e+13 -2.145930456475970801e-07 -4.484305055725456416e-06 1.315616172120764407e-07
1.000000000000000000e+00 -6.746433012140877850e+01 -1.844640005776436169e+02 -8.795998061810954241e+05 -7.845039269369628125e+13 -2.229481876005064733e-06 -5.055015777795714442e-06 1.974548143773514348e-07
1.000000000000000000e+00 -1.267754799134784349e+02 -2.000874612162131143e+02 -8.835095790762935067e+05 -7.914935806579851562e+13 -4.208149250612321948e-06 -5.507530406861370431e-06 3.079983589834901978e-07
1.000000000000000000e+00 -1.830035603351043676e+02 -2.108589532074093142e+02 -8.874193002759084338e+05 -7.985141410773493750e+13 -6.101449451615788359e-06 -5.829706403147761400e-06 4.525509541848142037e-07
1.000000000000000000e+00 -2.348160269804061500e+02 -2.165008301705132965e+02 -8.913289735489083687e+05 -8.055656137780615625e+13 -7.863400003243970133e-06 -6.012060706267382867e-06 6.172541866602933531e-07
1.000000000000000000e+00 -2.808600469062302523e+02 -2.167956854284770145e+02 -8.952386039529963164e+05 -8.126480068023568750e+13 -9.446553187215570753e-06 -6.046655185676441801e-06 7.856607658884539481e-07
1.000000000000000000e+00 -3.199480633223423638e+02 -2.117214454037770963e+02 -8.991481983452583663e+05 -8.197613316339093750e+13 -1.080824978346497617e-05 -5.930917676432852047e-06 9.409580636258686125e-07
1.000000000000000000e+00 -3.511080887024225490e+02 -2.013770163447004222e+02 -9.030577640934076626e+05 -8.269056009090006250e+13 -1.191244680552237870e-05 -5.665669019681131570e-06 1.067823694933290701e-06
1.000000000000000000e+00 -3.734437728614980756e+02 -1.859390926397431656e+02 -9.069673091730576707e+05 -8.340808286156684375e+13 -1.272510763167171553e-05 -5.253976285043937569e-06 1.153092332674812461e-06
1.000000000000000000e+00 -3.863194271740196086e+02 -1.657866453337943824e+02 -9.108768428728819126e+05 -8.412870314203756250e+13 -1.322058943386203749e-05 -4.704732897658110973e-06 1.187863840926624825e-06
1.000000000000000000e+00 -3.893926140315555244e+02 -1.414110955639164331e+02 -9.147863741654471960e+05 -8.485242256977396875e+13 -1.338295462542164672e-05 -4.030221739355686235e-06 1.168399889759765288e-06
1.000000000000000000e+00 -3.824645123141759768e+02 -1.133677156000949964e+02 -9.186959124853169778e+05 -8.557924289676542188e+13 -1.320102147036631683e-05 -3.244792629998328796e-06 1.095858492840405500e-06
1.000000000000000000e+00 -3.656540358078422628e+02 -8.238726083883138074e+01 -9.226054678506437922e+05 -8.630916601411015625e+13 -1.267450491393370293e-05 -2.368109910627281246e-06 9.774511205762743069e-07
1.000000000000000000e+00 -3.394000075587092056e+02 -4.926874780507635876e+01 -9.265150490394639783e+05 -8.704219361167001562e+13 -1.181432555886398830e-05 -1.422164290476585386e-06 8.254923839395480868e-07
1.000000000000000000e+00 -3.042916553379749303e+02 -1.482421025063422171e+01 -9.304246643921305658e+05 -8.777832732456145312e+13 -1.063691934061763189e-05 -4.297130545918761984e-07 6.551978700063764573e-07
1.000000000000000000e+00 -2.612233500589200048e+02 2.002033221693794829e+01 -9.343343217383606825e+05 -8.851756871759810938e+13 -9.169779783442862599e-06 5.827729020447484480e-07 4.840669920706899421e-07
1.000000000000000000e+00 -2.113596828745570519e+02 5.434542393898590262e+01 -9.382440274732350372e+05 -8.925991910745734375e+13 -7.450451054218298787e-06 1.588563416206232388e-06 3.299627036236516012e-07
1.000000000000000000e+00 -1.559443038293958921e+02 8.729452673278680663e+01 -9.421537867274089949e+05 -9.000537958951459375e+13 -5.519959898813492657e-06 2.562327160151047855e-06 2.087921015521646882e-07
1.000000000000000000e+00 -9.643647827836765885e+01 1.179762656571194697e+02 -9.460636036345828325e+05 -9.075395108414715625e+13 -3.427727477110278034e-06 3.477288684787595132e-06 1.332796131173763056e-07
1.000000000000000000e+00 -3.444617667624433466e+01 1.455885456012737791e+02 -9.499734798968711402e+05 -9.150563405640234375e+13 -1.229411057621935018e-06 4.308880563757744086e-06 1.113262695121615786e-07
1.000000000000000000e+00 2.846735530907010414e+01 1.694652622536659123e+02 -9.538834158546943218e+05 -9.226042871331946875e+13 1.020204016410973768e-06 5.036185908860042817e-06 1.452155836126390694e-07
1.000000000000000000e+00 9.066452952860495884e+01 1.889729551918473760e+02 -9.577934108272093581e+05 -9.301833506465500000e+13 3.262525133455999452e-06 5.638937316715742595e-06 2.315458996459517247e-07
1.000000000000000000e+00 1.505021255932814483e+02 2.036287688387890285e+02 -9.617034620180850616e+05 -9.377935270542957812e+13 5.437865003416151794e-06 6.101071044423382973e-06 3.614737217525167412e-07
1.000000000000000000e+00 2.065264539149741267e+02 2.131283150988807904e+02 -9.656135651963605778e+05 -9.454348094086657812e+13 7.492446580537016799e-06 6.411656940076017851e-06 5.219986920646026294e-07
1.000000000000000000e+00 2.573317633038736858e+02 2.172323261280390909e+02 -9.695237151341157733e+05 -9.531071886675584375e+13 9.373384694518797168e-06 6.561583450445392679e-06 6.969947244074540621e-07
1.000000000000000000e+00 3.016315809406384574e+02 2.158747236767319464e+02 -9.734339049499521498e+05 -9.608106523589940625e+13 1.103133028692206282e-05 6.546874724295601955e-06 8.690330286879249212e-07
1.000000000000000000e+00 3.384297873216318635e+02 2.091694195308179474e+02 -9.773441272275211522e+05 -9.685451867324675000e+13 1.242683973660421603e-05 6.369003185854263579e-06 1.021643967168955358e-06
1.000000000000000000e+00 3.668590331220235612e+02 1.972886842797295230e+02 -9.812543742100511445e+05 -9.763107771248276562e+13 1.352463121166601936e-05 6.031280813936979300e-06 1.139922596038809249e-06
1.000000000000000000e+00 3.862399963579763948e+02 1.805640262458064456e+02 -9.851646370465597138e+05 -9.841074064408184375e+13 1.429587253779979689e-05 5.541990942344270625e-06 1.212317389214591453e-06
1.000000000000000000e+00 3.962270924548887479e+02 1.594759857688118245e+02 -9.890749065942685120e+05 -9.919350567191614062e+13 1.472373390495331728e-05 4.914170791853292442e-06 1.232581006146277282e-06
1.000000000000000000e+00 3.966263423696267978e+02 1.345290007331563515e+02 -9.929851742453498300e+05 -9.997937107858151562e+13 1.479683830686426941e-05 4.161831068134063453e-06 1.199140587886272848e-06
1.000000000000000000e+00 3.874456218294780001e+02 1.063500855851611817e+02 -9.968954310029232875e+05 -1.007683350407179219e+14 1.451125493839488517e-05 3.303035311041997852e-06 1.115395273481152884e-06
1.000000000000000000e+00 3.690191148669827612e+02 7.566759698800879619e+01 -1.000805668623899110e+06 -1.015603958594153906e+14 1.387532703887419389e-05 2.359312485051478728e-06 9.898881039106008436e-07
1.000000000000000000e+00 3.418087650366642833e+02 4.318677077302274370e+01 -1.004715879448772408e+06 -1.023555519285236406e+14 1.290241688967438908e-05 1.351822793985204043e-06 8.344792440139636582e-07
1.000000000000000000e+00 3.064519646642401653e+02 9.689743174571177065e+00 -1.008626055866666371e+06 -1.031538016275442500e+14 1.161280682730768927e-05 3.044866223776835447e-07 6.638689930201808526e-07
1.000000000000000000e+00 2.638701579120249789e+02 -2.399221603259152857e+01 -1.012536191409552819e+06 -1.039551435465071094e+14 1.003795954462155539e-05 -7.568445463269872418e-07 4.946142293159021500e-07
1.000000000000000000e+00 2.150581695947574872e+02 -5.710020354797985931e+01 -1.016446281044042204e+06 -1.047595765506485000e+14 8.212681585781365616e-06 -1.808205787204650605e-06 3.425551060914499121e-07
1.000000000000000000e+00 1.611340194773983683e+02 -8.884500313203432142e+01 -1.020356320223063231e+06 -1.055670995898710469e+14 6.177086861166282938e-06 -2.824298745823363252e-06 2.218002824069145532e-07
1.000000000000000000e+00 1.034347681410286555e+02 -1.184393225146965136e+02 -1.024266305615333025e+06 -1.063777118521942500e+14 3.980375463286093502e-06 -3.779501901091831920e-06 1.437584748801805839e-07
1.000000000000000000e+00 4.329650774526753310e+01 -1.452150540775489276e+02 -1.028176235324217705e+06 -1.071914128142090781e+14 1.672495809810370627e-06 -4.651627932948039680e-06 1.156990463186844640e-07
1.000000000000000000e+00 -1.789204251306380300e+01 -1.685175818375596180e+02 -1.032086108206868637e+06 -1.080082021042607031e+14 -6.937779020183226153e-07 -5.418597824872274353e-06 1.402246960417160640e-07
1.000000000000000000e+00 -7.860580362984245539e+01 -1.877419552736834589e+02 -1.035995924822549801e+06 -1.088280797046746875e+14 -3.059547978077550387e-06 -6.059616659863979480e-06 2.148659865231706033e-07
1.000000000000000000e+00 -1.374104932590947783e+02 -2.024441856372795883e+02 -1.039905687456956250e+06 -1.096510459636332656e+14 -5.368568030104639072e-06 -6.558809676229083179e-06 3.324508621109133455e-07
1.000000000000000000e+00 -1.929048731319424803e+02 -2.122314040604099716e+02 -1.043815398760521552e+06 -1.104771013137771875e+14 -7.565044849353199131e-06 -6.901748252316540914e-06 4.816877037342608332e-07
1.000000000000000000e+00 -2.436486447063990681e+02 -2.168012633648966130e+02 -1.047725062988524791e+06 -1.113062465371397969e+14 -9.590824448342811489e-06 -7.076767195364339637e-06 6.477697278248297241e-07
1.000000000000000000e+00 -2.883928733603947876e+02 -2.160440729667159303e+02 -1.051634685879519675e+06 -1.121384827455818281e+14 -1.139446752024098410e-05 -7.078366171546240603e-06 8.143639026646827555e-07
1.000000000000000000e+00 -3.260157640952290876e+02 -2.099258253086982791e+02 -1.055544273925849469e+06 -1.129738112305190000e+14 -1.292884304766901179e-05 -6.903480312684763247e-06 9.649252199380468161e-07
1.000000000000000000e+00 -3.554584957644734686e+02 -1.985285010386984084e+02 -1.059453834859968396e+06 -1.138122335703962031e+14 -1.414866763660345981e-05 -6.552856659597223435e-06 1.083985332592957012e-06
1.000000000000000000e+00 -3.759512104627791018e+02 -1.821385370534967763e+02 -1.063363377265388845e+06 -1.146537515517064062e+14 -1.501958023304077778e-05 -6.034055635631613480e-06 1.159608195303606528e-06
1.000000000000000000e+00 -3.869353067572636178e+02 -1.611185170567321165e+02 -1.067272909676989075e+06 -1.154983669776377500e+14 -1.551523844616831395e-05 -5.357309157595116467e-06 1.183860017590282778e-06
1.000000000000000000e+00 -3.879982491343463948e+02 -1.359446801924786712e+02 -1.071182441505020019e+06 -1.163460818686017656e+14 -1.561485011457024744e-05 -4.536818757591579332e-06 1.153367383191269139e-06
1.000000000000000000e+00 -3.790838234444092905e+02 -1.072778528989509113e+02 -1.075091982767631765e+06 -1.171968984073885312e+14 -1.531177308106004760e-05 -3.593200597960009047e-06 1.071092942940529737e-06
1.000000000000000000e+00 -3.603899420888642453e+02 -7.582122766442759598e+01 -1.079001542583284900e+06 -1.180508186116932500e+14 -1.460963400707306344e-05 -2.548816940018376055e-06 9.453831636134500577e-07
1.000000000000000000e+00 -3.322905654553962336e+02 -4.235258997119095881e+01 -1.082911129948859103e+06 -1.189078445014290938e+14 -1.351933833623371633e-05 -1.428889215147817986e-06 7.887097452782511184e-07
1.000000000000000000e+00 -2.955204613223352226e+02 -7.778040736576772751e+00 -1.086820753277657088e+06 -1.197679779964211094e+14 -1.206674368195857742e-05 -2.633624802039772269e-07 6.172925424802784281e-07
1.000000000000000000e+00 -2.510402112867689937e+02 2.702101753040807708e+01 -1.090730419742865721e+06 -1.206312207688715000e+14 -1.028739287960841706e-05 9.182160758040225487e-07 4.488114437460861548e-07
1.000000000000000000e+00 -1.999388591736847047e+02 6.115830183268696629e+01 -1.094640135763882194e+06 -1.214975743464015781e+14 -8.222676158131136980e-06 2.085703418908119381e-06 3.005749727478819514e-07
1.000000000000000000e+00 -1.435928308163635734e+02 9.369942968979820819e+01 -1.098549906592938583e+06 -1.223670400169729062e+14 -5.926484564548182193e-06 3.206878502137262429e-06 1.882747965909158179e-07
1.000000000000000000e+00 -8.350080839986281944e+01 1.238163274310874300e+02 -1.102459735172261251e+06 -1.232396185687534375e+14 -3.458581591970283909e-06 4.252716401726387134e-06 1.237001587069099478e-07
1.000000000000000000e+00 -2.117373526245266646e+01 1.507521478168947056e+02 -1.106369623252592282e+06 -1.241153105319170781e+14 -8.801208929150394512e-07 5.196243794080179874e-06 1.135497902341036809e-07
1.000000000000000000e+00 4.171990210379134822e+01 1.737783063323743420e+02 -1.110279571368880803e+06 -1.249941161684472188e+14 1.740284445522583218e-06 6.011096174923932340e-06 1.589862535164819755e-07
1.000000000000000000e+00 1.035344084395411954e+02 1.923395604852859719e+02 -1.114189577770383563e+06 -1.258760352255718750e+14 4.333995009672481828e-06 6.676571100611316743e-06 2.554524578598650664e-07
1.000000000000000000e+00 1.627519879948652317e+02 2.060043814796737536e+02 -1.118099639758036006e+06 -1.267610672299425000e+14 6.836777063115247977e-06 7.176004993258263941e-06 3.933096007168063938e-07
1.000000000000000000e+00 2.178338003508949328e+02 2.144151020944728714e+02 -1.122009753003610065e+06 -1.276492113289571094e+14 9.182617813639876747e-06 7.495105847654192518e-06 5.585411709977318410e-07
1.000000000000000000e+00 2.673978656227519082e+02 2.174184235903167348e+02 -1.125919911306549562e+06 -1.285404662287791406e+14 1.131123550374747857e-05 7.626576120078008080e-06 7.346773348349841968e-07
1.000000000000000000e+00 3.103022896335424434e+02 2.149970888293464668e+02 -1.129830108198827831e+06 -1.294348305546228281e+14 1.317172736022659377e-05 7.567832138882288256e-06 9.046993623952189125e-07
1.000000000000000000e+00 3.454815696686485467e+02 2.072129373535712205e+02 -1.133740336361361435e+06 -1.303323027155164219e+14 1.471577338089568672e-05 7.319075593279044653e-06 1.051802891009019458e-06
1.000000000000000000e+00 3.721122321116529292e+02 1.943248812679003663e+02 -1.137650587210638681e+06 -1.312328808055592500e+14 1.590477210218437491e-05 6.887523182007644622e-06 1.161716090117401473e-06
1.000000000000000000e+00 3.896667768001512968e+02 1.767037851917085618e+02 -1.141560852065882878e+06 -1.321365628691079844e+14 1.671233201365017660e-05 6.284499368002355562e-06 1.224355125830116466e-06
1.000000000000000000e+00 3.977344617202937229e+02 1.547730857960132482e+02 -1.145471122173374984e+06 -1.330433469060405625e+14 1.711677633469052675e-05 5.523385476148784477e-06 1.233818740989380594e-06
1.000000000000000000e+00 3.961746432395885336e+02 1.291197044352139187e+02 -1.149381388244441478e+06 -1.339532307637779375e+14 1.710785043052410513e-05 4.623623377484552471e-06 1.189706113930807112e-06
1.000000000000000000e+00 3.851434145752278937e+02 1.003969784371699490e+02 -1.153291641890097875e+06 -1.348662124706978594e+14 1.668807449748571544e-05 3.607327348139493897e-06 1.096902071397806513e-06
1.000000000000000000e+00 3.649040954451346579e+02 6.926805941227418373e+01 -1.157201875061782310e+06 -1.357822901084571875e+14 1.586472232129454288e-05 2.497283896801132050e-06 9.640565492648189680e-07
1.000000000000000000e+00 3.359730498844024282e+02 3.651400895660221124e+01 -1.161112079443461495e+06 -1.367014616702032969e+14 1.465626111585486488e-05 1.320868028401619178e-06 8.039152287395943509e-07
1.000000000000000000e+00 2.991248398270495841e+02 2.929365525886602484e+00 -1.165022248153733322e+06 -1.376237254616519844e+14 1.309276301157320075e-05 1.063245498252588530e-07 6.320793188062582572e-07
1.000000000000000000e+00 2.551976831691856944e+02 -3.072835352395846797e+01 -1.168932375162258744e+06 -1.385490799684393750e+14 1.120755098559672162e-05 -1.119062763875660894e-06 4.646162863870471140e-07
1.000000000000000000e+00 2.052360579289054670e+02 -6.363206624747951423e+01 -1.172842454997959314e+06 -1.394775237900930000e+14 9.043529330849324371e-06 -2.325099117877957758e-06 3.172503301290928947e-07
1.000000000000000000e+00 1.504794085822281886e+02 -9.499378990686312818e+01 -1.176752483745978214e+06 -1.404090558801627500e+14 6.652835852336386531e-06 -3.482620127746913835e-06 2.038447645818795277e-07
1.000000000000000000e+00 9.216515766752755212e+01 -1.241075286662610466e+02 -1.180662458342509810e+06 -1.413436753835513750e+14 4.088247061856266053e-06 -4.565093206815631583e-06 1.348567258713867686e-07
1.000000000000000000e+00 3.166996319816429306e+01 -1.502447017648363783e+02 -1.184572376599124400e+06 -1.422813816457321875e+14 1.409463288271996717e-06 -5.544808277992479623e-06 1.167533003941873255e-07
1.000000000000000000e+00 -2.951527345373387945e+01 -1.727650057259223502e+02 -1.188482238199718064e+06 -1.432221744565016562e+14 -1.317905030230420435e-06 -6.396968935864813421e-06 1.511507362226418127e-07
1.000000000000000000e+00 -8.998412597716684047e+01 -1.911506702718315012e+02 -1.192392044141238555e+06 -1.441660539221646875e+14 -4.031155777933896633e-06 -7.101018795243319490e-06 2.346815511385656922e-07
1.000000000000000000e+00 -1.482742300650458276e+02 -2.049039971534085112e+02 -1.196301796125800349e+06 -1.451130203232650625e+14 -6.664246324630935766e-06 -7.636897338711407698e-06 3.592505747181517576e-07
1.000000000000000000e+00 -2.029044313247322009e+02 -2.136584979613936923e+02 -1.200211497703525005e+06 -1.460630743955433750e+14 -9.149427571682520701e-06 -7.989207868686116855e-06 5.126292114198850863e-07
1.000000000000000000e+00 -2.525736088662389136e+02 -2.172026106283138063e+02 -1.204121153421482770e+06 -1.470162171294444062e+14 -1.142622480592477793e-05 -8.148187124240390978e-06 6.799172152697182912e-07
