5.400000347184640850e+04 3.383276393226812226e-08 9.999999999999999547e-08
5.400918000126098923e+04 7.409872833691913379e-08 9.999999999999999547e-08
5.401835648275270796e+04 -1.043572018400335308e-07 9.999999999999999547e-08
5.402753293166280491e+04 9.557547285488253270e-08 9.999999999999999547e-08
5.403670936535158398e+04 1.665446519766732635e-07 9.999999999999999547e-08
5.404588580188591004e+04 -8.074635822622067805e-08 9.999999999999999547e-08
5.405506225831304619e+04 4.574124131727348822e-08 9.999999999999999547e-08
5.406423875217660679e+04 2.116847182673099120e-09 9.999999999999999547e-08
5.407341530127615988e+04 -1.139917325438607706e-07 9.999999999999999547e-08
5.408259192049808189e+04 1.560197655429878351e-07 9.999999999999999547e-08
5.409176862328385323e+04 3.124479130123256943e-09 9.999999999999999547e-08
5.410094542171552894e+04 2.286689457996203641e-07 9.999999999999999547e-08
5.411012232397659682e+04 4.147368027529448448e-08 9.999999999999999547e-08
5.411929933653149783e+04 -6.419411678058021770e-08 9.999999999999999547e-08
5.412847646306469687e+04 5.928323502032226692e-08 9.999999999999999547e-08
5.413765370259111660e+04 -2.251728599404693092e-08 9.999999999999999547e-08
5.414683105194076052e+04 1.744820598414836267e-07 9.999999999999999547e-08
5.415600850559963146e+04 1.678749528099312339e-07 9.999999999999999547e-08
5.416518605453001510e+04 1.331812829534592461e-07 9.999999999999999547e-08
5.417436368758620665e+04 3.086296841870132909e-08 9.999999999999999547e-08
5.418354139201339422e+04 1.622748948016171862e-07 9.999999999999999547e-08
5.419271915203478420e+04 -6.100757438744335801e-09 9.999999999999999547e-08
5.420189695206400938e+04 6.979701878122910034e-08 9.999999999999999547e-08
5.421107477606739121e+04 9.041458120389036093e-09 9.999999999999999547e-08
5.422025260631596757e+04 2.804198125567282322e-08 9.999999999999999547e-08
5.422943042578447057e+04 3.348749581359060318e-07 9.999999999999999547e-08
5.423860821838889387e+04 -2.388605786638853014e-07 9.999999999999999547e-08
5.424778596800583182e+04 1.950799790738442600e-08 9.999999999999999547e-08
5.425696366046064213e+04 -2.833867896995127799e-08 9.999999999999999547e-08
5.426614128335649002e+04 -2.963458727471187385e-08 9.999999999999999547e-08
5.427531882429180405e+04 1.399284815851266593e-07 9.999999999999999547e-08
5.428449627394517302e+04 6.504675582273221857e-08 9.999999999999999547e-08
5.429367362569743273e+04 8.567107535373675534e-08 9.999999999999999547e-08
5.430285087375733565e+04 1.373256165283349264e-07 9.999999999999999547e-08
5.431202801561769593e+04 3.534215806232496599e-08 9.999999999999999547e-08
5.432120505100250011e+04 -1.381664054668613676e-08 9.999999999999999547e-08
5.433038198116583226e+04 2.196050978991647493e-07 9.999999999999999547e-08
5.433955881098406826e+04 1.130023521568283401e-08 9.999999999999999547e-08
5.434873554781877465e+04 1.047799546105339313e-07 9.999999999999999547e-08
5.435791220000985777e+04 1.814095929240479325e-08 9.999999999999999547e-08
5.436708877884292451e+04 9.428304853901583492e-08 9.999999999999999547e-08
5.437626529792354268e+04 1.932071173957400052e-07 9.999999999999999547e-08
5.438544177135529753e+04 4.940406593680897118e-08 9.999999999999999547e-08
5.439461821600434632e+04 1.291266519253187168e-07 9.999999999999999547e-08
5.440379464921547333e+04 -1.323264538108179166e-08 9.999999999999999547e-08
5.441297108800394926e+04 2.675342517742844399e-07 9.999999999999999547e-08
5.442214755050024542e+04 2.598494805516014149e-07 9.999999999999999547e-08
5.443132405459439906e+04 1.101743623794687560e-07 9.999999999999999547e-08
5.444050061626574461e+04 -3.819374481512467569e-08 9.999999999999999547e-08
5.444967725105286809e+04 -7.254005962323715664e-08 9.999999999999999547e-08
5.445885397251055838e+04 -2.849098486576048343e-08 9.999999999999999547e-08
5.446803079071351385e+04 1.444423017394462375e-08 9.999999999999999547e-08
5.447720771469739702e+04 -2.550940147911683638e-07 9.999999999999999547e-08
5.448638475035032025e+04 1.420355167976771266e-10 9.999999999999999547e-08
5.449556189919197641e+04 8.950869589855607188e-08 9.999999999999999547e-08
5.450473916105554235e+04 -3.001240953482101741e-09 9.999999999999999547e-08
5.451391653220564331e+04 -2.520950648654025489e-11 9.999999999999999547e-08
5.452309400548800477e+04 -4.433441758258206371e-08 9.999999999999999547e-08
5.453227157218059438e+04 -2.233123075204802460e-09 9.999999999999999547e-08
5.454144922103574936e+04 -1.981211577918433954e-07 9.999999999999999547e-08
5.455062693750295875e+04 -8.223753861815168124e-09 9.999999999999999547e-08
5.455980470693452662e+04 5.699424076065296843e-08 9.999999999999999547e-08
5.456898251354078093e+04 -1.299567930752974112e-07 9.999999999999999547e-08
5.457816033983654052e+04 -1.283945019621121627e-07 9.999999999999999547e-08
5.458733816941553232e+04 -9.369433860104802840e-08 9.999999999999999547e-08
5.459651598520180414e+04 -1.210862997802647306e-07 9.999999999999999547e-08
5.460569377016249928e+04 -9.798386097379792035e-08 9.999999999999999547e-08
5.461487150965812907e+04 -1.943221458087743826e-07 9.999999999999999547e-08
5.462404918959827046e+04 -5.242246390882828541e-08 9.999999999999999547e-08
5.463322679671972583e+04 -1.574128759178143072e-07 9.999999999999999547e-08
5.464240432033925026e+04 -2.418246533863500130e-07 9.999999999999999547e-08
5.465158175146083522e+04 7.628341379921595366e-09 9.999999999999999547e-08
5.466075908250916109e+04 -3.978775995855116164e-07 9.999999999999999547e-08
5.466993630984466290e+04 -1.807256961392399963e-07 9.999999999999999547e-08
5.467911343089701404e+04 -2.914906773979065307e-07 9.999999999999999547e-08
5.468829044479707954e+04 -4.537379118356358850e-07 9.999999999999999547e-08
5.469746735481554788e+04 3.764484426278352191e-08 9.999999999999999547e-08
5.470664416579224780e+04 6.298146889663154737e-08 9.999999999999999547e-08
5.471582088473442127e+04 1.600628058687770533e-07 9.999999999999999547e-08
5.472499752163384983e+04 -3.286111827555776637e-07 9.999999999999999547e-08
5.473417408789499314e+04 -2.410701521431876469e-08 9.999999999999999547e-08
5.474335059626009752e+04 -1.101606868418956945e-07 9.999999999999999547e-08
5.475252706297404802e+04 -3.749096867407927274e-08 9.999999999999999547e-08
5.476170350437268644e+04 -1.652447473875312355e-07 9.999999999999999547e-08
5.477087993708949944e+04 -2.924923370156790375e-08 9.999999999999999547e-08
5.478005637946665229e+04 4.655429858536898853e-08 9.999999999999999547e-08
5.478923284904068714e+04 -2.420125447718342604e-07 9.999999999999999547e-08
5.479840936310440156e+04 -7.049672047153035357e-08 9.999999999999999547e-08
5.480758593858520180e+04 -4.467487243503888804e-08 9.999999999999999547e-08
5.481676259004168242e+04 1.565669897815286881e-08 9.999999999999999547e-08
5.482593932964062697e+04 -3.466538589924131191e-08 9.999999999999999547e-08
5.483511618013163388e+04 2.563506474248655394e-07 9.999999999999999547e-08
5.484429312633521477e+04 -6.939468191451941182e-08 9.999999999999999547e-08
5.485347018423749250e+04 2.768342863989554772e-08 9.999999999999999547e-08
5.486264735616320104e+04 8.295337422721651713e-08 9.999999999999999547e-08
5.487182464032951975e+04 1.175749512707011287e-07 9.999999999999999547e-08
5.488100203213805071e+04 1.335597845236208160e-08 9.999999999999999547e-08
5.489017952525970031e+04 1.979769150935213669e-07 9.999999999999999547e-08
5.489935710973560344e+04 2.694631479911962735e-07 9.999999999999999547e-08
5.490853477291627496e+04 6.681672459926177795e-09 9.999999999999999547e-08
5.491771250143166253e+04 5.867921708586076383e-08 9.999999999999999547e-08
5.492689027983784763e+04 -2.687383109477908121e-08 9.999999999999999547e-08
5.493606809152406640e+04 -3.168513841899281458e-08 9.999999999999999547e-08
5.494524592035370006e+04 1.871979685981215917e-07 9.999999999999999547e-08
5.495442374880827265e+04 1.825264275209744333e-07 9.999999999999999547e-08
5.496360155934162322e+04 1.160937815175979783e-07 9.999999999999999547e-08
5.497277933689275960e+04 1.141101582066601554e-07 9.999999999999999547e-08
5.498195706591910857e+04 1.255641038265932498e-07 9.999999999999999547e-08
5.499113473218205036e+04 3.076801955405979259e-08 9.999999999999999547e-08
5.500031232383906172e+04 2.128049751716149043e-07 9.999999999999999547e-08
5.500948982982174493e+04 3.246975758707272980e-07 9.999999999999999547e-08
5.501866724124176108e+04 8.377683676027489323e-09 9.999999999999999547e-08
5.502784455250000610e+04 7.414362705760627625e-08 9.999999999999999547e-08
5.503702175901048031e+04 2.397592220170522367e-08 9.999999999999999547e-08
5.504619885823566437e+04 6.604081783678629717e-08 9.999999999999999547e-08
5.505537585158387083e+04 1.005729770174531463e-07 9.999999999999999547e-08
5.506455274150500190e+04 2.234183651582700416e-08 9.999999999999999547e-08
5.507372953336284991e+04 -2.939553412235766231e-08 9.999999999999999547e-08
5.508290623562636029e+04 -4.182120084701741475e-08 9.999999999999999547e-08
5.509208285751203221e+04 -8.819191362002528702e-08 9.999999999999999547e-08
5.510125941079995391e+04 1.290321504211187898e-07 9.999999999999999547e-08
5.511043591013547848e+04 2.167470008996473006e-08 9.999999999999999547e-08
5.511961237066538888e+04 3.561634934391259667e-08 9.999999999999999547e-08
5.512878880872288573e+04 -2.700603770276104305e-07 9.999999999999999547e-08
5.513796524240268627e+04 -8.511343663189664633e-08 9.999999999999999547e-08
5.514714168893606256e+04 -5.639164909261764328e-08 9.999999999999999547e-08
5.515631816595559940e+04 6.154324574592479413e-08 9.999999999999999547e-08
5.516549469159325236e+04 -7.032695396212059090e-08 9.999999999999999547e-08
5.517467128117736866e+04 -1.266979484909300895e-07 9.999999999999999547e-08
5.518384794911043718e+04 -9.084116859897626482e-08 9.999999999999999547e-08
5.519302470826036006e+04 -4.376025079031654396e-08 9.999999999999999547e-08
5.520220156820303964e+04 -1.165053966398670490e-07 9.999999999999999547e-08
5.521137853617629298e+04 -2.661489284535452872e-07 9.999999999999999547e-08
5.522055561727660825e+04 -2.455249131954229404e-08 9.999999999999999547e-08
5.522973281184984080e+04 -5.154285838594618971e-08 9.999999999999999547e-08
5.523891011777510721e+04 -6.570612729140174415e-08 9.999999999999999547e-08
5.524808753095923748e+04 -1.046029518426351601e-07 9.999999999999999547e-08
5.525726504310705059e+04 -4.098081392285147991e-08 9.999999999999999547e-08
5.526644264422448032e+04 3.235815546564219224e-08 9.999999999999999547e-08
5.527562032208177698e+04 -1.954134944169050336e-08 9.999999999999999547e-08
5.528479806186325732e+04 4.332439686593737784e-08 9.999999999999999547e-08
5.529397584815319715e+04 -1.396838731650338194e-07 9.999999999999999547e-08
5.530315366512557375e+04 -3.346743597482048106e-08 9.999999999999999547e-08
5.531233149528767535e+04 -2.964226018410466431e-08 9.999999999999999547e-08
5.532150932139927318e+04 6.590763998895098594e-08 9.999999999999999547e-08
5.533068712720650365e+04 -4.943901712360329506e-08 9.999999999999999547e-08
5.533986489617448387e+04 -1.194166557174655027e-07 9.999999999999999547e-08
5.534904261376462819e+04 7.707283477837798679e-08 9.999999999999999547e-08
5.535822026670078048e+04 6.709648002801500747e-08 9.999999999999999547e-08
5.536739784207486809e+04 1.176037932084099179e-08 9.999999999999999547e-08
5.537657532972651825e+04 -3.984554868576681403e-08 9.999999999999999547e-08
5.538575272207249509e+04 1.484833824231554816e-07 9.999999999999999547e-08
5.539493001268622902e+04 1.630302425727425320e-07 9.999999999999999547e-08
5.540410719785762194e+04 -5.847998185965072272e-08 9.999999999999999547e-08
5.541328427646580531e+04 2.566379959159509359e-08 9.999999999999999547e-08
5.542246124876012618e+04 -4.850427781538465410e-08 9.999999999999999547e-08
5.543163811851540231e+04 -4.209563614339138694e-08 9.999999999999999547e-08
5.544081489236198104e+04 3.214076540376445040e-08 9.999999999999999547e-08
5.544999157771022874e+04 1.522660996410475677e-07 9.999999999999999547e-08
5.545916818490022706e+04 1.575512430112087213e-07 9.999999999999999547e-08
5.546834472664581699e+04 -1.139598886142429883e-07 9.999999999999999547e-08
5.547752121689039632e+04 1.630050277114870704e-07 9.999999999999999547e-08
5.548669767160754418e+04 6.383172486326736945e-08 9.999999999999999547e-08
5.549587410795176402e+04 7.250714941678492731e-09 9.999999999999999547e-08
5.550505054263304191e+04 1.471085488913898910e-07 9.999999999999999547e-08
5.551422699371101044e+04 5.726420245261065312e-08 9.999999999999999547e-08
5.552340347959410428e+04 6.854874758531350040e-08 9.999999999999999547e-08
5.553258001665298798e+04 1.126466117436817933e-07 9.999999999999999547e-08
5.554175662085545628e+04 3.927922818895615331e-08 9.999999999999999547e-08
5.555093330638089537e+04 7.076596835245609166e-09 9.999999999999999547e-08
5.556011008471538662e+04 4.945952507519396517e-08 9.999999999999999547e-08
5.556928696575071081e+04 -7.765189826958656580e-08 9.999999999999999547e-08
5.557846395663352450e+04 3.412536477384763937e-08 9.999999999999999547e-08
5.558764106021431508e+04 7.162164686989953872e-09 9.999999999999999547e-08
5.559681827712976519e+04 -2.376139538221767531e-08 9.999999999999999547e-08
5.560599560533985641e+04 5.539049424654342520e-08 9.999999999999999547e-08
5.561517303882723354e+04 -1.754707563770773216e-07 9.999999999999999547e-08
5.562435056981413800e+04 1.486308215796148405e-07 9.999999999999999547e-08
5.563352818771789316e+04 1.709172282388311909e-08 9.999999999999999547e-08
5.564270587877387152e+04 -7.408017250361920239e-08 9.999999999999999547e-08
5.565188362915682956e+04 -8.535989156610326667e-08 9.999999999999999547e-08
5.566106142337477650e+04 1.639232824652505235e-07 9.999999999999999547e-08
5.567023924427344900e+04 -4.471185423154690183e-08 9.999999999999999547e-08
5.567941707497626339e+04 -1.138502988624208486e-07 9.999999999999999547e-08
5.568859489871162077e+04 -7.550397166917766706e-08 9.999999999999999547e-08
5.569777269821352820e+04 -1.256555715491800608e-07 9.999999999999999547e-08
5.570695045827793365e+04 -6.922585079512397481e-08 9.999999999999999547e-08
5.571612816442848271e+04 -6.674649788935294721e-08 9.999999999999999547e-08
5.572530580243164150e+04 -8.553769700708533208e-08 9.999999999999999547e-08
5.573448336110734817e+04 -1.505512072385978976e-07 9.999999999999999547e-08
5.574366083073941263e+04 -9.126152473758345992e-08 9.999999999999999547e-08
5.575283820303991524e+04 -4.131722897495661945e-08 9.999999999999999547e-08
5.576201547306760040e+04 -9.429392360022429760e-08 9.999999999999999547e-08
5.577119263725374913e+04 -1.195510265264784879e-07 9.999999999999999547e-08
5.578036969417504588e+04 -1.525791991480995268e-09 9.999999999999999547e-08
5.578954664580620738e+04 -1.419830347074674071e-07 9.999999999999999547e-08
5.579872349638266314e+04 -1.194126430298678779e-07 9.999999999999999547e-08
5.580790025158919889e+04 -8.007024747877179210e-08 9.999999999999999547e-08
5.581707692058280372e+04 -4.914359655560380732e-08 9.999999999999999547e-08
5.582625351396332553e+04 -1.399810831747998050e-07 9.999999999999999547e-08
