1.000000000000000000e+00 7.439217953761999524e+01 4.568874358158545590e+01 -4.203779582503614947e+05 -1.816044852462772656e+13 9.910138472814528059e-07 6.064524357497343515e-07 3.723032046727688827e-08
1.000000000000000000e+00 2.658338324969718780e+00 1.496570330086518474e+01 -4.242358294004526106e+05 -1.849530028200277734e+13 3.573798816337849579e-08 2.004712362028819185e-07 1.121886533861946211e-09
1.000000000000000000e+00 -6.913582796875753900e+01 -1.611861741710152529e+01 -4.280936402800193173e+05 -1.883320568464314453e+13 -9.378954907895027863e-07 -2.178783893453908617e-07 2.466310336530758562e-08
1.000000000000000000e+00 -1.392701901221802530e+02 -4.682983687600979295e+01 -4.319513912678234046e+05 -1.917416462280980078e+13 -1.906362775246045111e-06 -6.387120578190013750e-07 1.055772339701686988e-07
1.000000000000000000e+00 -2.059449048437875263e+02 -7.638055257882894011e+01 -4.358090840209518210e+05 -1.951817710246950391e+13 -2.844198046384932982e-06 -1.051057964009528448e-06 2.358474080443460710e-07
1.000000000000000000e+00 -2.673947291057964435e+02 -1.039863411081478262e+02 -4.396667220429532463e+05 -1.986524330170213281e+13 -3.725537517189372625e-06 -1.443602035132096383e-06 4.023299278206874466e-07
1.000000000000000000e+00 -3.220858563146924212e+02 -1.289674295974300833e+02 -4.435243100210076664e+05 -2.021536351759811328e+13 -4.526907146989050831e-06 -1.806113612804651433e-06 5.883978388771783671e-07
1.000000000000000000e+00 -3.685447630905308074e+02 -1.506518360089143869e+02 -4.473818536602234235e+05 -2.056853815571373828e+13 -5.224937652479135561e-06 -2.128140938894899690e-06 7.749170731463419650e-07
1.000000000000000000e+00 -4.054787034597079582e+02 -1.684359914290716347e+02 -4.512393607962401002e+05 -2.092476783729265234e+13 -5.798124386769307262e-06 -2.399879662601683301e-06 9.423369564964314805e-07
1.000000000000000000e+00 -4.319568724110033600e+02 -1.818787885295584488e+02 -4.550968400932439836e+05 -2.128405328592821094e+13 -6.229550510903566339e-06 -2.613565963339071249e-06 1.073611133911471849e-06
1.000000000000000000e+00 -4.472255150875196819e+02 -1.906000272035217051e+02 -4.589543004758184543e+05 -2.164639527725435547e+13 -6.504419154377662935e-06 -2.762103796139642695e-06 1.155047277885275458e-06
1.000000000000000000e+00 -4.508167106710563985e+02 -1.943381420451399606e+02 -4.628117519574894104e+05 -2.201179471879030469e+13 -6.611757060530836861e-06 -2.839945576336016549e-06 1.177907053250650861e-06
1.000000000000000000e+00 -4.426966919135029457e+02 -1.930288571187441562e+02 -4.666692046227974934e+05 -2.238025255662266797e+13 -6.546782653915939301e-06 -2.844323405260656296e-06 1.140020645485096746e-06
1.000000000000000000e+00 -4.230508700120701064e+02 -1.866912401190995183e+02 -4.705266684142504819e+05 -2.275176975508346094e+13 -6.307965935179343333e-06 -2.773676306836136754e-06 1.045064596199858335e-06
1.000000000000000000e+00 -3.923690781125579861e+02 -1.754772383516243224e+02 -4.743841535584274097e+05 -2.312634733773263281e+13 -5.898443869220796854e-06 -2.628442961505621062e-06 9.028262764494004068e-07
1.000000000000000000e+00 -3.515534653985856153e+02 -1.597312835710533534e+02 -4.782416692166386056e+05 -2.350398625585334766e+13 -5.327841548784816252e-06 -2.412042678730789075e-06 7.286083969060919645e-07
1.000000000000000000e+00 -3.016693119156626608e+02 -1.398611479101901125e+02 -4.820992232008530409e+05 -2.388468735608187891e+13 -4.608717286504380003e-06 -2.129026724556853675e-06 5.403216008263326705e-07
1.000000000000000000e+00 -2.440103989310393899e+02 -1.163802054323553250e+02 -4.859568228732607677e+05 -2.426845146490653516e+13 -3.757669004689943320e-06 -1.785765368265072252e-06 3.571819137282180778e-07
1.000000000000000000e+00 -1.801748762426412043e+02 -8.995137819593229267e+01 -4.898144743650744786e+05 -2.465527930824058203e+13 -2.796651498429022055e-06 -1.391191864585667634e-06 1.981662993361214159e-07
1.000000000000000000e+00 -1.117939885533578632e+02 -6.124741067654862547e+01 -4.936721818900232902e+05 -2.504517143688664844e+13 -1.748918655197138142e-06 -9.547155176921652604e-07 7.936209643727829438e-08
1.000000000000000000e+00 -4.059396018957943397e+01 -3.099220722548928109e+01 -4.975299486675860826e+05 -2.543812831334334766e+13 -6.400194217286555934e-07 -4.868770775300881614e-07 1.272391043682732317e-08
1.000000000000000000e+00 3.154265777077604582e+01 3.424084556739988728e-03 -5.013877758813922410e+05 -2.583415020052672266e+13 5.011693799106193443e-07 5.420830341496906335e-11 4.866533871401261969e-09
1.000000000000000000e+00 1.028511718437106737e+02 3.098353085074141688e+01 -5.052456630579922348e+05 -2.623323719303214453e+13 1.646737373122879480e-06 4.942891700684999460e-07 5.640047516321501485e-08
1.000000000000000000e+00 1.716093534943229031e+02 6.119964582643114426e+01 -5.091036090374250198e+05 -2.663538931212150781e+13 2.768596301948971329e-06 9.837906199443699160e-07 1.622744742078987179e-07
1.000000000000000000e+00 2.360763954112450449e+02 8.987720507987731366e+01 -5.129616108369396534e+05 -2.704060638320423438e+13 3.837513651179525846e-06 1.455733968194593823e-06 3.119654849523610542e-07
1.000000000000000000e+00 2.947555109845637844e+02 1.163522228230417142e+02 -5.168196637456801836e+05 -2.744888803866790625e+13 4.827402004528937141e-06 1.898721668165682146e-06 4.909071658782909837e-07
1.000000000000000000e+00 3.462962775090530272e+02 1.400140640404077317e+02 -5.206777624373045401e+05 -2.786023383009354297e+13 5.713856859991216525e-06 2.301909706808473244e-06 6.819695678145412157e-07
1.000000000000000000e+00 3.894287071382294130e+02 1.602719089449674073e+02 -5.245359004255115287e+05 -2.827464316711616016e+13 6.473150195259847670e-06 2.654484661477609166e-06 8.667333889396745165e-07
1.000000000000000000e+00 4.232086123883415780e+02 1.766831465039021225e+02 -5.283940701113843825e+05 -2.869211531796681250e+13 7.086388134062642298e-06 2.947817907856421268e-06 1.027962864774422439e-06
1.000000000000000000e+00 4.468970059686452601e+02 1.888856704951905385e+02 -5.322522640380418161e+05 -2.911264954231221094e+13 7.537676004904485120e-06 3.174418068437178214e-06 1.150579699122507848e-06
1.000000000000000000e+00 4.598904484897068414e+02 1.965649617271796785e+02 -5.361104735886442941e+05 -2.953624494835444531e+13 7.813060460616456105e-06 3.327422820279556751e-06 1.222606289383368170e-06
1.000000000000000000e+00 4.619495163739467216e+02 1.995740931968518623e+02 -5.399686894835202256e+05 -2.996290054340271094e+13 7.904521734158244118e-06 3.402673941186018458e-06 1.237580150206282602e-06
1.000000000000000000e+00 4.530578024582478633e+02 1.978562860754446433e+02 -5.438269032241934910e+05 -3.039261539264845703e+13 7.807766306995311551e-06 3.397489584498150232e-06 1.194399046485439329e-06
1.000000000000000000e+00 4.333507706515360383e+02 1.914134620501794188e+02 -5.476851059570967918e+05 -3.082538849435539844e+13 7.521128476518215856e-06 3.310175361657230617e-06 1.096813658130596831e-06
1.000000000000000000e+00 4.033291945586215093e+02 1.804188244385167650e+02 -5.515432888996833935e+05 -3.126121882675536328e+13 7.049393717352258747e-06 3.142020730486481695e-06 9.541397211907688528e-07
1.000000000000000000e+00 3.636993908388353134e+02 1.651302381835275526e+02 -5.554014440979474457e+05 -3.170010543480261328e+13 6.401210099732745451e-06 2.895884289313071592e-06 7.797296001303581981e-07
1.000000000000000000e+00 3.153005772048166477e+02 1.458598795511893513e+02 -5.592595637635911116e+05 -3.214204735727001562e+13 5.587926549545537457e-06 2.575709400666978275e-06 5.897434257998014590e-07
1.000000000000000000e+00 2.593040272757786511e+02 1.230799273193870675e+02 -5.631176406764618587e+05 -3.258704367398376172e+13 4.627227986713809081e-06 2.188436535242519249e-06 4.025251521904333172e-07
1.000000000000000000e+00 1.970339572946899125e+02 9.732665100134607883e+01 -5.669756694155258592e+05 -3.303509365152304688e+13 3.540120181593082345e-06 1.742383681113997321e-06 2.359585842325762439e-07
1.000000000000000000e+00 1.298911341987569870e+02 6.916965486356779991e+01 -5.708336450332002714e+05 -3.348619659482114453e+13 2.349641342740358636e-06 1.246731016522747787e-06 1.058126052750025399e-07
1.000000000000000000e+00 5.953698399553821474e+01 3.931034274295341646e+01 -5.746915635051402496e+05 -3.394035190217049609e+13 1.084261796234908123e-06 7.133279563312126390e-07 2.485624579124098777e-08
1.000000000000000000e+00 -1.230624170805870499e+01 8.476400515423032189e+00 -5.785494227481518174e+05 -3.439755918992309766e+13 -2.256204229223011686e-07 1.548458344097955348e-07 1.090882043748351006e-09
1.000000000000000000e+00 -8.393704610092616747e+01 -2.261045111591444368e+01 -5.824072216259485576e+05 -3.485781818117319141e+13 -1.549148091999779228e-06 -4.157991254933756814e-07 3.697389515804556850e-08
1.000000000000000000e+00 -1.535051269810410020e+02 -5.314351699891754066e+01 -5.862649606119845994e+05 -3.532112878937980469e+13 -2.851867389528177067e-06 -9.837660334553432436e-07 1.290217369786127632e-07
1.000000000000000000e+00 -2.192297216772681452e+02 -8.234521447663463789e+01 -5.901226422392284730e+05 -3.578749117930083594e+13 -4.099720167232710335e-06 -1.534363420058039705e-06 2.680675881942889529e-07
1.000000000000000000e+00 -2.794818339595254884e+02 -1.094990001060423594e+02 -5.939802698928711470e+05 -3.625690562776982812e+13 -5.260634239634668534e-06 -2.053665775521809531e-06 4.404057068442507074e-07
1.000000000000000000e+00 -3.326234174724319246e+02 -1.338642170244986858e+02 -5.978378482364208903e+05 -3.672937257943016406e+13 -6.301569507155767213e-06 -2.526943322380203577e-06 6.284419807652638975e-07
1.000000000000000000e+00 -3.772342792128821429e+02 -1.547945757869808574e+02 -6.016953840402491624e+05 -3.720489275426584375e+13 -7.192838900220807149e-06 -2.940898331477432302e-06 8.127743083678767337e-07
1.000000000000000000e+00 -4.121810630822920416e+02 -1.717635684685272963e+02 -6.055528849742915481e+05 -3.768346700569296094e+13 -7.909565303802299093e-06 -3.284208528703617834e-06 9.746081141755259304e-07
1.000000000000000000e+00 -4.364519346181853052e+02 -1.842799174931082860e+02 -6.094103594660077943e+05 -3.816509630633428125e+13 -8.428664339870085585e-06 -3.545973082695896426e-06 1.096954432649375608e-06
1.000000000000000000e+00 -4.493746681384419617e+02 -1.920031208975045729e+02 -6.132678173868834274e+05 -3.864978183755196875e+13 -8.733156949225252412e-06 -3.717971492538618668e-06 1.167114114669452670e-06
1.000000000000000000e+00 -4.506532087751951963e+02 -1.947536368460678489e+02 -6.171252682769946987e+05 -3.913752476997861719e+13 -8.813091928851961724e-06 -3.794953845462867351e-06 1.178017596643914735e-06
1.000000000000000000e+00 -4.401824860002709556e+02 -1.924220668707436630e+02 -6.209827221025185427e+05 -3.962832635888497656e+13 -8.662131632253890516e-06 -3.772958122661070723e-06 1.128019337640607831e-06
1.000000000000000000e+00 -4.182418806219098997e+02 -1.850748087614519761e+02 -6.248401895161411958e+05 -4.012218797931165625e+13 -8.281499455958622407e-06 -3.651437383679341674e-06 1.022304082281547319e-06
1.000000000000000000e+00 -3.854872483364435993e+02 -1.729432995256912875e+02 -6.286976800342627103e+05 -4.061911089325531250e+13 -7.680055840289551716e-06 -3.433153258400686044e-06 8.723244709551959121e-07
1.000000000000000000e+00 -3.427394532355519914e+02 -1.563232864152315358e+02 -6.325552024631026434e+05 -4.111909630056222656e+13 -6.870289457389795538e-06 -3.122264574372442269e-06 6.934605406654566290e-07
1.000000000000000000e+00 -2.911507442315555636e+02 -1.356688805566079168e+02 -6.364127651354310801e+05 -4.162214536707860156e+13 -5.871773440722040160e-06 -2.726256515340312393e-06 5.042283452933040983e-07
1.000000000000000000e+00 -2.321572336058241035e+02 -1.115628020520491930e+02 -6.402703747269291198e+05 -4.212825906701293750e+13 -4.710403717550596479e-06 -2.255435511116704835e-06 3.242251600940485079e-07
1.000000000000000000e+00 -1.672496729537696183e+02 -8.460857141344160937e+01 -6.441280368480123580e+05 -4.263743825471804688e+13 -3.413893618127187477e-06 -1.720814900999875968e-06 1.716441326975973572e-07
1.000000000000000000e+00 -9.812553835059520679e+01 -5.551760318753457568e+01 -6.479857561621901114e+05 -4.314968367623164062e+13 -2.014930242823558046e-06 -1.135909575867668475e-06 6.206957401057741902e-08
1.000000000000000000e+00 -2.662030087704447112e+01 -2.506857062750375675e+01 -6.518435349420350976e+05 -4.366499577206081250e+13 -5.498811418305164476e-07 -5.159653380195200431e-07 6.519167632821438962e-09
1.000000000000000000e+00 4.552244104662775470e+01 6.000318145026179550e+00 -6.557013739687437192e+05 -4.418337478893438281e+13 9.458976344478910245e-07 1.242304231243782854e-07 1.030753281758065886e-08
1.000000000000000000e+00 1.164953729181442270e+02 3.690411520627359465e+01 -6.595592731712989043e+05 -4.470482086053534375e+13 2.434865691038282002e-06 7.685572450908247553e-07 7.299643875594388566e-08
1.000000000000000000e+00 1.844992988080120995e+02 6.685449884726365610e+01 -6.634172305375261931e+05 -4.522933385564172656e+13 3.878769486714793831e-06 1.400441517721883733e-06 1.882708647852447411e-07
1.000000000000000000e+00 2.479591721097945083e+02 9.516072221337486781e+01 -6.672752427295836387e+05 -4.575691345484231250e+13 5.243215321346643187e-06 2.004981335947824385e-06 3.448690571407777337e-07
1.000000000000000000e+00 3.053531963435739272e+02 1.211372882119830905e+02 -6.711333053917072248e+05 -4.628755918773036719e+13 6.494171679217962627e-06 2.567049431568313793e-06 5.275207495147847157e-07
1.000000000000000000e+00 3.552792445586854342e+02 1.441462322128559208e+02 -6.749914124400297878e+05 -4.682127033034285938e+13 7.599422455036090660e-06 3.072197528289857137e-06 7.184765959144837644e-07
1.000000000000000000e+00 3.966504371531770516e+02 1.636877877661633249e+02 -6.788495571041752119e+05 -4.735804604363638281e+13 8.532847418031390746e-06 3.508628696712263309e-06 8.998963771534089342e-07
1.000000000000000000e+00 4.285057133561948035e+02 1.793012467984217153e+02 -6.827077324243909679e+05 -4.789788544052089062e+13 9.270516732259128273e-06 3.865144404423988470e-06 1.054612293854095983e-06
1.000000000000000000e+00 4.500712862488491623e+02 1.906064155540274498e+02 -6.865659301625989610e+05 -4.844078743144644531e+13 9.792104927248503798e-06 4.132067006760729356e-06 1.167698920891332089e-06
1.000000000000000000e+00 4.609349360809744667e+02 1.973832816002969537e+02 -6.904241414889062289e+05 -4.898675081675256250e+13 1.008481877628361365e-05 4.303025566912356043e-06 1.228836769750209316e-06
1.000000000000000000e+00 4.608396393787967327e+02 1.994662907074066140e+02 -6.942823578101448948e+05 -4.953577440255094531e+13 1.013907793450781641e-05 4.372735759246693568e-06 1.232319696206084514e-06
1.000000000000000000e+00 4.497437536744384943e+02 1.967866123620148073e+02 -6.981405699650086462e+05 -5.008785688617467188e+13 9.949941332545878667e-06 4.337964749271498348e-06 1.177727132222454487e-06
1.000000000000000000e+00 4.279747000014996274e+02 1.894411816959793384e+02 -7.019987692656356376e+05 -5.064299700420753125e+13 9.520657685617765574e-06 4.199120501201314209e-06 1.070555293001941926e-06
1.000000000000000000e+00 3.960077003501956483e+02 1.775809243442777188e+02 -7.058569475686437218e+05 -5.120119354466674219e+13 8.857941914083669631e-06 3.957861556684667457e-06 9.205786921334474156e-07
1.000000000000000000e+00 3.545267277055349950e+02 1.614545424183934585e+02 -7.097150962571873097e+05 -5.176244520067650781e+13 7.973436296485134016e-06 3.618111147145640985e-06 7.416286360453074015e-07
1.000000000000000000e+00 3.045571466613362190e+02 1.414670099839693478e+02 -7.135732077323560370e+05 -5.232675078732157812e+13 6.886837472830240784e-06 3.187434747122246458e-06 5.510039302764381617e-07
1.000000000000000000e+00 2.472300731434723957e+02 1.180619149331687083e+02 -7.174312756262093317e+05 -5.289410927709648438e+13 5.620747891061246843e-06 2.674469941913857590e-06 3.667362943451638252e-07
1.000000000000000000e+00 1.838427303916610072e+02 9.176573470871366567e+01 -7.212892941152779385e+05 -5.346451970301525000e+13 4.202120006598332122e-06 2.089958319882349137e-06 2.062881309260553201e-07
1.000000000000000000e+00 1.159685279865023375e+02 6.323522130121061480e+01 -7.251472584887082921e+05 -5.403798124544688281e+13 2.664887363792062731e-06 1.447880919844688218e-06 8.524724801440829043e-08
1.000000000000000000e+00 4.520673824149262288e+01 3.313398428801027507e+01 -7.290051655506935203e+05 -5.461449329682451562e+13 1.044350507392563816e-06 7.626966879440812903e-07 1.533240211892614921e-08
1.000000000000000000e+00 -2.676066813697281432e+01 2.175359546282738421e+00 -7.328630126498987665e+05 -5.519405532145871094e+13 -6.214873015056549444e-07 5.033863609949695155e-08 3.531609443292000535e-09
1.000000000000000000e+00 -9.808167823141666020e+01 -2.884166408449573993e+01 -7.367207993602163624e+05 -5.577666711219420312e+13 -2.289830432389267057e-06 -6.709201546121630504e-07 5.112648267741938279e-08
1.000000000000000000e+00 -1.669971876531939472e+02 -5.916042000454528704e+01 -7.405785269599725725e+05 -5.636232871996124219e+13 -3.919158037309907997e-06 -1.383406962085303221e-06 1.534450546476597806e-07
1.000000000000000000e+00 -2.317873741783949413e+02 -8.802553669758293609e+01 -7.444361975086787716e+05 -5.695104031927130469e+13 -5.468015805160711419e-06 -2.069110843232503203e-06 3.004766282782398396e-07
1.000000000000000000e+00 -2.907017055301292885e+02 -1.146567052929844692e+02 -7.482938147466175724e+05 -5.754280234966780469e+13 -6.893380300357885018e-06 -2.709063633059751117e-06 4.773525375466945072e-07
1.000000000000000000e+00 -3.422261228579122871e+02 -1.383775016253966612e+02 -7.521513842131852871e+05 -5.813761554068336719e+13 -8.157008590991729922e-06 -3.286384224400765957e-06 6.661445474211998235e-07
1.000000000000000000e+00 -3.850236737569263141e+02 -1.585725603327972806e+02 -7.560089123473360669e+05 -5.873548077919582031e+13 -9.224160528037143761e-06 -3.785319539513119681e-06 8.475561009930887853e-07
1.000000000000000000e+00 -4.178683871348712842e+02 -1.746656819468989568e+02 -7.598664072214399930e+05 -5.933639922760452344e+13 -1.006211474700098171e-05 -4.190756448674934652e-06 1.002546172557360727e-06
1.000000000000000000e+00 -4.399010695785938765e+02 -1.862428996823668115e+02 -7.637238779257910792e+05 -5.994037223369208594e+13 -1.064642724359641885e-05 -4.491213354329350376e-06 1.115275441870428101e-06
1.000000000000000000e+00 -4.505467648489893691e+02 -1.930001057361067183e+02 -7.675813335506790318e+05 -6.054740117406906250e+13 -1.095914779556234314e-05 -4.677669618691426881e-06 1.174186832919279144e-06
1.000000000000000000e+00 -4.494350011223640422e+02 -1.947177861622525938e+02 -7.714387888678272720e+05 -6.115748835499028125e+13 -1.098704407845852267e-05 -4.743017073444754706e-06 1.172613769203275284e-06
1.000000000000000000e+00 -4.366282052061566219e+02 -1.913715167632662144e+02 -7.752962448241454549e+05 -6.177063392661115625e+13 -1.072733814785914740e-05 -4.684816366802998131e-06 1.110782603277035165e-06
1.000000000000000000e+00 -4.124997767780810136e+02 -1.830625433639621349e+02 -7.791537160493193660e+05 -6.238684023324991406e+13 -1.018496093760513216e-05 -4.503708062003779028e-06 9.953221095877422610e-07
1.000000000000000000e+00 -3.776306164857751924e+02 -1.699838300698970954e+02 -7.830112121544387192e+05 -6.300610885796327344e+13 -9.370174568568795067e-06 -4.202649623808951529e-06 8.380615506431254743e-07
1.000000000000000000e+00 -3.330049880175189401e+02 -1.525155844429138483e+02 -7.868687421587791760e+05 -6.362844131857667188e+13 -8.303583091349408046e-06 -3.789344672126426579e-06 6.555984066467043173e-07
1.000000000000000000e+00 -2.798470192345396867e+02 -1.311373369092432597e+02 -7.907263135192216141e+05 -6.425383890760149219e+13 -7.012282117530613631e-06 -3.274161851778864717e-06 4.667887247706294007e-07
1.000000000000000000e+00 -2.194994643766875413e+02 -1.063867881814841354e+02 -7.945839330771557288e+05 -6.488230284068207031e+13 -5.526952694670971545e-06 -2.669162838295525856e-06 2.907538596704873545e-07
1.000000000000000000e+00 -1.535969963209205389e+02 -7.894414244714498352e+01 -7.984416065850321902e+05 -6.551383417646150781e+13 -3.886318466750872078e-06 -1.990263892773351793e-06 1.456949687074904350e-07
1.000000000000000000e+00 -8.387516367125932959e+01 -4.953166693849996705e+01 -8.022993374990583397e+05 -6.614843361318447656e+13 -2.132466992983996511e-06 -1.254778216063925580e-06 4.632797220383236490e-08
1.000000000000000000e+00 -1.204911109470078578e+01 -1.887248320807582758e+01 -8.061571280918037519e+05 -6.678610166394200781e+13 -3.078131792749063883e-07 -4.803926331670315599e-07 2.441787802875069523e-09
1.000000000000000000e+00 6.001888731552697465e+01 1.222964733404286797e+01 -8.100149793575222138e+05 -6.742683863621720312e+13 1.540612770675123659e-06 3.127912362539501331e-07 1.833982227080687585e-08
1.000000000000000000e+00 1.305183787158514974e+02 4.299448032260488617e+01 -8.138728902546151076e+05 -6.807064450009974219e+13 3.366206517137797738e-06 1.104884495695967987e-06 9.231628838857999430e-08
1.000000000000000000e+00 1.977950581824485141e+02 7.269891446188044881e+01 -8.177308588419279549e+05 -6.871751907119075000e+13 5.125524660260684107e-06 1.877093500667242713e-06 2.171226659755824596e-07
1.000000000000000000e+00 2.601768905482053356e+02 1.005968432129043180e+02 -8.215888817579466850e+05 -6.936746191909219531e+13 6.773853128786550423e-06 2.609675442854475656e-06 3.804119010935672995e-07
1.000000000000000000e+00 3.161675838308631796e+02 1.260208514786069003e+02 -8.254469535816356074e+05 -7.002047225333852344e+13 8.270257139948923274e-06 3.284574913456594186e-06 5.662372386490589604e-07
1.000000000000000000e+00 3.645258392934302947e+02 1.484041660758796297e+02 -8.293050685842192033e+05 -7.067654921381776562e+13 9.579771313559476032e-06 3.886046610994249845e-06 7.570760713783769648e-07
1.000000000000000000e+00 4.040815158867997070e+02 1.671985550653275538e+02 -8.331632202320498182e+05 -7.133569178442160938e+13 1.066870184332574943e-05 4.398556781073316145e-06 9.346862649825599798e-07
1.000000000000000000e+00 4.339194181255974172e+02 1.819715954019482069e+02 -8.370214006421376253e+05 -7.199789869618656250e+13 1.150954488689952111e-05 4.809365210980565858e-06 1.082184310650181892e-06
1.000000000000000000e+00 4.534330034390271180e+02 1.924163129270626200e+02 -8.408796017184440279e+05 -7.266316861832528125e+13 1.208257357133505077e-05 5.108851729818153395e-06 1.185915852336597826e-06
1.000000000000000000e+00 4.621319531692709006e+02 1.982673380844562132e+02 -8.447378149861640995e+05 -7.333150012860953125e+13 1.237087553526244584e-05 5.288356261487346015e-06 1.235891268454410708e-06
1.000000000000000000e+00 4.598178670654645543e+02 1.993944109869701151e+02 -8.485960310472610872e+05 -7.400289161690657812e+13 1.236514866715362809e-05 5.342709611750545657e-06 1.227560591054740128e-06
1.000000000000000000e+00 4.466147593788864469e+02 1.958007727944419401e+02 -8.524542413559153210e+05 -7.467734159258703125e+13 1.206470342784912990e-05 5.270272491391656619e-06 1.162163764538989214e-06
1.000000000000000000e+00 4.227694939139049666e+02 1.875377295972274965e+02 -8.563124374373207102e+05 -7.535484855041303125e+13 1.147224458653871527e-05 5.070706792891268050e-06 1.045439789829451718e-06
1.000000000000000000e+00 3.888219508668642561e+02 1.747953916932084155e+02 -8.601706103195489850e+05 -7.603541087037854688e+13 1.059858478291410156e-05 4.747469369480011904e-06 8.882013815146142907e-07
1.000000000000000000e+00 3.456134132354079611e+02 1.578907339196327939e+02 -8.640287521196152084e+05 -7.671902709739925000e+13 9.463053322007571578e-06 4.307570865835634993e-06 7.055268985468525332e-07
1.000000000000000000e+00 2.940791232273120954e+02 1.371798458857045659e+02 -8.678868556173616089e+05 -7.740569586962087500e+13 8.087975170197023075e-06 3.759248320469356086e-06 5.145028156564416952e-07
1.000000000000000000e+00 2.354136656673968560e+02 1.131459052291878749e+02 -8.717449140187442536e+05 -7.809541587863581250e+13 6.503297109649022533e-06 3.114410511391169451e-06 3.333336760975763177e-07
1.000000000000000000e+00 1.710560884340912366e+02 8.637685243398441060e+01 -8.756029220684365137e+05 -7.878818607140082812e+13 4.746333411655860949e-06 2.388098134805252475e-06 1.794346109499592358e-07
1.000000000000000000e+00 1.024725504522791226e+02 5.747426794084501722e+01 -8.794608754580193199e+05 -7.948400554936495312e+13 2.855857758997495987e-06 1.596017191047206465e-06 6.743782371372951384e-08
1.000000000000000000e+00 3.131594409185666095e+01 2.713766447266482373e+01 -8.833187705182350473e+05 -8.018287351635314062e+13 8.765879005776848828e-07 7.568982841617985696e-07 8.372162063465585510e-09
1.000000000000000000e+00 -4.061377772207831782e+01 -3.868831825423610038e+00 -8.871766055919986684e+05 -8.088478953145828125e+13 -1.141815600111895875e-06 -1.083770999885281402e-07 8.151717837173177615e-09
1.000000000000000000e+00 -1.115966101982546235e+02 -3.481083044073751864e+01 -8.910343806319637224e+05 -8.158975344331923438e+13 -3.151069398224778773e-06 -9.793917431650749757e-07 6.682918447139517127e-08
1.000000000000000000e+00 -1.798383601298895371e+02 -6.490346225372407218e+01 -8.948920964666731888e+05 -8.229776526152720312e+13 -5.099945202573949038e-06 -1.833944252560962116e-06 1.786833034597246969e-07
1.000000000000000000e+00 -2.435327077182903963e+02 -9.335508652385058781e+01 -8.987497560552075738e+05 -8.300882539185773438e+13 -6.935992047335872081e-06 -2.649258669177645344e-06 3.324991322412384451e-07
1.000000000000000000e+00 -3.010906972495247373e+02 -1.194616911631373313e+02 -9.026073635166045278e+05 -8.372293446466068750e+13 -8.612093041213828967e-06 -3.404670780816691463e-06 5.129325303223386465e-07
1.000000000000000000e+00 -3.509860103420571136e+02 -1.425284287751410659e+02 -9.064649240351717453e+05 -8.444009332181754688e+13 -1.008215369676580880e-05 -4.079435716717885652e-06 7.015279064227988085e-07
1.000000000000000000e+00 -3.918288155146486247e+02 -1.619197319629726053e+02 -9.103224449494255241e+05 -8.516030322470340625e+13 -1.130327062482157877e-05 -4.654174045349869527e-06 8.785960064558178202e-07
1.000000000000000000e+00 -4.225817922281615324e+02 -1.771469157385303674e+02 -9.141799345211163163e+05 -8.588356563143587500e+13 -1.224207311185277460e-05 -5.113436567201194268e-06 1.026138003223803797e-06
1.000000000000000000e+00 -4.423911346865909877e+02 -1.877854111013306806e+02 -9.180374013434103690e+05 -8.660988208886714062e+13 -1.287002213345343129e-05 -5.443394586422211937e-06 1.128852471517066568e-06
1.000000000000000000e+00 -4.506546468752352439e+02 -1.935239106710170347e+02 -9.218948551694339840e+05 -8.733925439088801562e+13 -1.316551185348508994e-05 -5.633309541401386586e-06 1.175694481077862674e-06
1.000000000000000000e+00 -4.472054200366517307e+02 -1.942370625337539138e+02 -9.257523061784198508e+05 -8.807168444339500000e+13 -1.311941181259212874e-05 -5.677726873775875661e-06 1.161926399285951113e-06
1.000000000000000000e+00 -4.321133745232835963e+02 -1.898913179746832043e+02 -9.296097642181842821e+05 -8.880717412124454688e+13 -1.272948661581205905e-05 -5.573825631453298380e-06 1.088804641956001469e-06
1.000000000000000000e+00 -4.057329426191861899e+02 -1.805861479953925937e+02 -9.334672397757084109e+05 -8.954572545315126562e+13 -1.200195116045082767e-05 -5.322689203672263573e-06 9.638290772031560968e-07
1.000000000000000000e+00 -3.688450878738013898e+02 -1.666076599226006465e+02 -9.373247422253513942e+05 -9.028734028674187500e+13 -1.095586289402685759e-05 -4.930973158830469353e-06 8.004770900078824992e-07
1.000000000000000000e+00 -3.224240941936657237e+02 -1.483202528276022747e+02 -9.411822797341734404e+05 -9.103202026583067188e+13 -9.616426880768722259e-06 -4.407799098819888374e-06 6.155682995162358461e-07
1.000000000000000000e+00 -2.676643914299133939e+02 -1.261984673107001953e+02 -9.450398602561809821e+05 -9.177976701875093750e+13 -8.015917322748177990e-06 -3.765752733215583830e-06 4.279753384620380772e-07
1.000000000000000000e+00 -2.060888534187177754e+02 -1.008646568524154361e+02 -9.488974903723674361e+05 -9.253058193128690625e+13 -6.197068612332966525e-06 -3.022079648616660010e-06 2.572446968736829669e-07
1.000000000000000000e+00 -1.392906006923893187e+02 -7.297049560991099781e+01 -9.527551749592946144e+05 -9.328446607633298438e+13 -4.205480573382716117e-06 -2.195210670991442029e-06 1.207771135352313940e-07
1.000000000000000000e+00 -6.895324648225279418e+01 -4.322459635786091070e+01 -9.566129177335668355e+05 -9.404142031418814062e+13 -2.090275177492420250e-06 -1.305613945994180695e-06 3.233474515658609676e-08
1.000000000000000000e+00 3.055744377505430265e+00 -1.242207102463648027e+01 -9.604707206126662204e+05 -9.480144516178279688e+13 9.300657573237574895e-08 -3.767261185873397519e-07 7.955387076700542787e-10
1.000000000000000000e+00 7.495070514659741434e+01 1.867632307835892291e+01 -9.643285836912870873e+05 -9.556454078085609375e+13 2.290410186403800954e-06 5.686748357310176358e-07 2.916614177207657632e-08
1.000000000000000000e+00 1.449959981865272880e+02 4.931317576531851898e+01 -9.681865063776087482e+05 -9.633070719683867188e+13 4.448642895809248842e-06 1.507542590116330536e-06 1.146804759742121197e-07
1.000000000000000000e+00 2.114116633855325631e+02 7.870623504795990755e+01 -9.720444863753871759e+05 -9.709994409276818750e+13 6.512197870977677817e-06 2.415699293265614592e-06 2.488174885182011192e-07
1.000000000000000000e+00 2.726323966786446817e+02 1.061651968042972101e+02 -9.759025193288603332e+05 -9.787225073130740625e+13 8.431336140059459468e-06 3.271419222039278385e-06 4.184575497385356558e-07
1.000000000000000000e+00 3.272526259178018790e+02 1.310518054056262542e+02 -9.797606003614614019e+05 -9.864762625643053125e+13 1.016051250151050834e-05 4.054250435945001804e-06 6.073848894015307044e-07
1.000000000000000000e+00 3.739255038520032031e+02 1.527504993935630750e+02 -9.836187233893247321e+05 -9.942606955257350000e+13 1.165532473344368164e-05 4.744134778796758768e-06 7.974016222903032192e-07
1.000000000000000000e+00 4.116090854905576748e+02 1.707783812619458104e+02 -9.874768812869868707e+05 -1.002075792734770312e+14 1.288025296941071370e-05 5.324850540084270659e-06 9.706513351884087662e-07
1.000000000000000000e+00 4.394850695989903215e+02 1.847344590441218770e+02 -9.913350666685865726e+05 -1.009921539972255469e+14 1.380629338453262024e-05 5.782504439197265311e-06 1.110912569360796848e-06
1.000000000000000000e+00 4.568533351714977471e+02 1.942697330337043127e+02 -9.951932711303344695e+05 -1.017797920702670156e+14 1.440776891277069689e-05 6.104641533792960652e-06 1.204594914289085198e-06
1.000000000000000000e+00 4.633647834633487719e+02 1.991902777874153116e+02 -9.990514854635798838e+05 -1.025704916471267188e+14 1.466977311272511739e-05 6.283528655648993610e-06 1.243211540426194528e-06
1.000000000000000000e+00 4.589152476928470605e+02 1.993959854140416326e+02 -1.002909701169843669e+06 -1.033642509995077188e+14 1.458501309468666798e-05 6.314309062423557017e-06 1.223517472606785050e-06
1.000000000000000000e+00 4.435394002426887141e+02 1.948512731705974943e+02 -1.006767909561269917e+06 -1.041610683329703594e+14 1.415057451029969355e-05 6.194128414745212456e-06 1.147016384356315549e-06
1.000000000000000000e+00 4.176311301886908041e+02 1.856818183031275566e+02 -1.010626101571238367e+06 -1.049609417468428594e+14 1.337506427118393718e-05 5.925260980778479350e-06 1.020962211295596583e-06
1.000000000000000000e+00 3.818146015415425722e+02 1.721038009238187385e+02 -1.014484269056362798e+06 -1.057638695041964844e+14 1.227468493406730287e-05 5.512941344695553204e-06 8.572093239180398948e-07
1.000000000000000000e+00 3.368386567503571314e+02 1.543952878845884129e+02 -1.018342403944274294e+06 -1.065698498571367969e+14 1.086996782422097847e-05 4.964499401724945340e-06 6.708934355470204557e-07
1.000000000000000000e+00 2.837844260987856728e+02 1.329863682244924235e+02 -1.022200498730746913e+06 -1.073788811515288281e+14 9.192574325757883383e-06 4.292307302797033426e-06 4.799027618254148790e-07
1.000000000000000000e+00 2.239141164032594133e+02 1.083795584654972259e+02 -1.026058547687004670e+06 -1.081909620838547188e+14 7.280582378508244795e-06 3.511293341031307649e-06 3.023853567660865995e-07
1.000000000000000000e+00 1.585636437114809496e+02 8.112059324628346246e+01 -1.029916545415685163e+06 -1.090060914025808125e+14 5.175092963327558442e-06 2.638036170703737108e-06 1.550134944472456567e-07
1.000000000000000000e+00 8.933599214540835476e+01 5.188087079182724892e+01 -1.033774487276951084e+06 -1.098242680000090781e+14 2.926609502471263316e-06 1.693482291438958513e-06 5.212800256918570849e-08
1.000000000000000000e+00 1.792773886958142526e+01 2.136933481697929693e+01 -1.037632370548449573e+06 -1.106454911626600000e+14 5.894969101071524659e-07 7.001355151942173005e-07 3.786798451957537514e-09
1.000000000000000000e+00 -5.398286667669614047e+01 -9.698667813466922638e+00 -1.041490193809824646e+06 -1.114697604471249062e+14 -1.781655086519080156e-06 -3.189443129462012294e-07 1.472466627353806770e-08
1.000000000000000000e+00 -1.245568252688300959e+02 -4.052723317527172497e+01 -1.045347956824346329e+06 -1.122970756597958125e+14 -4.126111013629277937e-06 -1.337689822069844906e-06 8.388379511632963498e-08
1.000000000000000000e+00 -1.919875498893726729e+02 -7.033554287073106082e+01 -1.049205661438483512e+06 -1.131274370555454531e+14 -6.383313807301050063e-06 -2.330145616562732925e-06 2.043487318144849147e-07
1.000000000000000000e+00 -2.546151513441234329e+02 -9.839006409070226766e+01 -1.053063310445605777e+06 -1.139608451000490000e+14 -8.496718477250231644e-06 -3.271548162333209996e-06 3.642244378845177715e-07
1.000000000000000000e+00 -3.107559469491374102e+02 -1.239366508728434297e+02 -1.056920907822717447e+06 -1.147973005249632656e+14 -1.040817153513398824e-05 -4.136088645198277160e-06 5.471852848393224167e-07
1.000000000000000000e+00 -3.589063249695161630e+02 -1.463002761587325153e+02 -1.060778460032444913e+06 -1.156368046164810625e+14 -1.206474946644151714e-05 -4.900240904049932851e-06 7.343159538644313852e-07
1.000000000000000000e+00 -3.978475575590580888e+02 -1.649132573736642087e+02 -1.064635974247598322e+06 -1.164793588366913281e+14 -1.342240493409009881e-05 -5.543758458260895515e-06 9.065610839969768345e-07
1.000000000000000000e+00 -4.264702759154685623e+02 -1.792476660871211607e+02 -1.068493458469528472e+06 -1.173249648523857812e+14 -1.444019767167229339e-05 -6.047459521596329120e-06 1.045920997175340110e-06
1.000000000000000000e+00 -4.439736634081287434e+02 -1.889128965466459533e+02 -1.072350922048929380e+06 -1.181736246531282188e+14 -1.508713031297927744e-05 -6.396554866030889018e-06 1.137822748107141908e-06
1.000000000000000000e+00 -4.499416067420510785e+02 -1.936718344475075355e+02 -1.076208374620558694e+06 -1.190253403209700156e+14 -1.534493402694308374e-05 -6.581280879527853760e-06 1.172864973869111412e-06
1.000000000000000000e+00 -4.441454580739473386e+02 -1.933656967831469160e+02 -1.080065826079582097e+06 -1.198801140263245000e+14 -1.520155285124649805e-05 -6.594429812458543042e-06 1.146915742862403116e-06
1.000000000000000000e+00 -4.267236916449306818e+02 -1.880027758603437746e+02 -1.083923287126028677e+06 -1.207379481502924219e+14 -1.465742922531358015e-05 -6.434434752411936295e-06 1.062642688517772660e-06
1.000000000000000000e+00 -3.982141378122646529e+02 -1.777559898791010653e+02 -1.087780767489352496e+06 -1.215988448909142188e+14 -1.372683945246823132e-05 -6.105387216170120028e-06 9.293230611072972095e-07
1.000000000000000000e+00 -3.593268985620780995e+02 -1.628756817451935603e+02 -1.091638276094136294e+06 -1.224628062965003594e+14 -1.243028217083642951e-05 -5.614131673164521089e-06 7.606290175644788332e-07
1.000000000000000000e+00 -3.111009538136850665e+02 -1.437671783509830732e+02 -1.095495821770274546e+06 -1.233298344223450469e+14 -1.080002029595758893e-05 -4.972995514067549291e-06 5.740289241472730099e-07
1.000000000000000000e+00 -2.548933444703970110e+02 -1.209698848348386520e+02 -1.099353411856284598e+06 -1.241999310147680000e+14 -8.879905168757563821e-06 -4.199157735632702336e-06 3.890257697543187207e-07
1.000000000000000000e+00 -1.921300664573730046e+02 -9.506083919336666099e+01 -1.103211052436031634e+06 -1.250730975588791406e+14 -6.716862231180427244e-06 -3.311370998811181648e-06 2.245018102501931838e-07
1.000000000000000000e+00 -1.244503639436770044e+02 -6.672476412711168337e+01 -1.107068748646478634e+06 -1.259493353436294688e+14 -4.365995319451836874e-06 -2.332433290101179520e-06 9.738978257079762668e-08
1.000000000000000000e+00 -5.366921843525042846e+01 -3.672146466936206366e+01 -1.110926503375687869e+06 -1.268286451607733906e+14 -1.889396481375353874e-06 -1.288109893226718315e-06 2.064587845651932161e-08
1.000000000000000000e+00 1.847554116234240595e+01 -5.788082968779574067e+00 -1.114784318115036003e+06 -1.277110274912149844e+14 6.526803268569143376e-07 -2.037385408501672813e-07 1.829799832769384867e-09
1.000000000000000000e+00 9.017496496831769548e+01 2.529174811398345568e+01 -1.118642193456335925e+06 -1.285964826137671250e+14 3.196610208093646475e-06 8.933417622042215131e-07 4.288245602298730907e-08
1.000000000000000000e+00 1.595938285123432081e+02 5.572404601613555286e+01 -1.122500128026577877e+06 -1.294850103558212031e+14 5.676949042298549085e-06 1.975043358595776387e-06 1.397236553451729473e-07
1.000000000000000000e+00 2.251109953213444896e+02 8.479606581752476302e+01 -1.126358118795663351e+06 -1.303766101567978906e+14 8.034996751225156509e-06 3.015780924782612531e-06 2.829154294424993128e-07
1.000000000000000000e+00 2.851558025744550378e+02 1.118028542740679967e+02 -1.130216161999643547e+06 -1.312712812760403281e+14 1.021306815900763675e-05 3.989899873881411026e-06 4.585765030689888627e-07
1.000000000000000000e+00 3.382488989599959268e+02 1.360820589418069346e+02 -1.134074252051774645e+06 -1.321690225360848750e+14 1.215599143656951617e-05 4.872927554443695519e-06 6.496980415143288762e-07
1.000000000000000000e+00 3.832226337540265604e+02 1.570958494821768454e+02 -1.137932382536774734e+06 -1.330698325479707656e+14 1.381911119194817038e-05 5.644542668328256715e-06 8.384110732760107971e-07
1.000000000000000000e+00 4.190384827223187472e+02 1.743510228564623787e+02 -1.141790546826304868e+06 -1.339737098523912344e+14 1.516187302026811008e-05 6.285770717644044463e-06 1.006878710092688175e-06
1.000000000000000000e+00 4.448222079948045575e+02 1.874315421606735299e+02 -1.145648736800651066e+06 -1.348806526178478125e+14 1.614917889799022334e-05 6.780188247571955755e-06 1.138876645825915884e-06
1.000000000000000000e+00 4.600640436907609683e+02 1.960707629648508146e+02 -1.149506943771956023e+06 -1.357906588528587656e+14 1.675877980811051491e-05 7.116591387001695724e-06 1.222364769219391416e-06
1.000000000000000000e+00 4.644178208875362088e+02 2.000649538999934407e+02 -1.153365159336434212e+06 -1.367037266057251719e+14 1.697415673623315748e-05 7.285937465030723415e-06 1.249664453209918046e-06
1.000000000000000000e+00 4.577336753655865778e+02 1.993044715326747962e+02 -1.157223374403794995e+06 -1.376198537348101875e+14 1.678582013894329260e-05 7.282522458085740157e-06 1.218076915780255667e-06
1.000000000000000000e+00 4.402400433268059601e+02 1.938374999658927891e+02 -1.161081580120468279e+06 -1.385390381261337500e+14 1.619812631567175200e-05 7.106375109274413764e-06 1.130877699004200162e-06
1.000000000000000000e+00 4.123253189986877487e+02 1.837772853444046177e+02 -1.164939768153691199e+06 -1.394612777623303438e+14 1.522144835201291950e-05 6.759940855139856930e-06 9.959879848092320964e-07
1.000000000000000000e+00 3.745710595590931007e+02 1.693326201142314176e+02 -1.168797929815603187e+06 -1.403865705143010312e+14 1.387350377594347788e-05 6.249246489108582637e-06 8.257634601573651774e-07
1.000000000000000000e+00 3.279163855967875065e+02 1.508636358974040377e+02 -1.172656057104854146e+06 -1.413149143908508125e+14 1.218558190328480208e-05 5.586024218076804649e-06 6.366228505713663468e-07
1.000000000000000000e+00 2.734215224837813025e+02 1.287826690766622733e+02 -1.176514143535144394e+06 -1.422463077417603125e+14 1.019394657519847337e-05 4.784121129732243419e-06 4.463289273332531214e-07
1.000000000000000000e+00 2.123016548980223490e+02 1.035836345682228909e+02 -1.180372182738531614e+06 -1.431807489249512812e+14 7.941176508138089453e-06 3.860625763438988699e-06 2.726813162268817849e-07
1.000000000000000000e+00 1.460720827763187515e+02 7.588910902445654472e+01 -1.184230169530710205e+06 -1.441182365662414062e+14 5.481707349258726896e-06 2.837678357253700455e-06 1.323976483546248346e-07
1.000000000000000000e+00 7.629259010164895471e+01 4.634457027138284957e+01 -1.188088100171403261e+06 -1.450587696276216875e+14 2.872390679321229181e-06 1.738581677573161033e-06 3.890690605642459229e-08
