1.000000000000000000e+00 2.147199150124129687e+02 2.792776245602523773e+02 -2.007158994286463130e+05 -8.670964866996429688e+12 7.914537390339611181e-07 -2.443437415337705716e+03 9.860686302028984773e-01 -1.022263196225065007e+00 9.373131171143227469e-01 3.254910922978190291e-01
1.000000000000000000e+00 1.686749554427190674e+02 2.806240367550909127e+02 -2.025579989241278090e+05 -8.830853309453960938e+12 6.371638518384572309e-07 2.772366956665867974e+02 -9.998225592724641064e-01 1.157686784717894685e-01 9.915157219612523720e-01 3.737517603238684621e-02
1.000000000000000000e+00 1.184717606254347686e+02 2.750509049094603711e+02 -2.044000784925987828e+05 -8.992200695272898438e+12 4.930833005761914875e-07 1.898765173174076835e+03 9.916741534702848693e-01 7.913926887915199160e-01 9.593131787202761052e-01 -2.534138035178731818e-01
1.000000000000000000e+00 6.528944733103482179e+01 2.626456814488579994e+02 -2.062421358588160947e+05 -9.155006775055978516e+12 3.732019340281701001e-07 -4.036530235209082093e+03 -9.619462531893886448e-01 -1.679232977339535582e+00 8.440628036493266206e-01 -5.215920955837366479e-01
1.000000000000000000e+00 1.043241703756231331e+01 2.436283345887490839e+02 -2.080841690537170507e+05 -9.319271319615289062e+12 2.892648737706097494e-07 6.089319917127976623e+03 9.114454632547656088e-01 2.528453976017095428e+00 6.563193961965702039e-01 -7.441405652536118298e-01
1.000000000000000000e+00 -4.466932134432524748e+01 2.184676667117536795e+02 -2.099261768049079401e+05 -9.484994156472900391e+12 2.496820998530165340e-07 -8.012845774771644756e+03 -8.414289644954602299e-01 -3.320917643649875295e+00 4.127688410873321945e-01 -9.022872128691706850e-01
1.000000000000000000e+00 -9.865363567986022986e+01 1.877634160951838567e+02 -2.117681585482616210e+05 -9.652175173680224609e+12 2.583491001097358165e-07 9.766212182886985829e+03 7.535606988713861032e-01 4.040025212138083965e+00 1.346516362555071622e-01 -9.830408269922008557e-01
1.000000000000000000e+00 -1.501347049091170618e+02 1.522308301278718830e+02 -2.136101140671291505e+05 -9.820814289451253906e+12 3.142959937118604370e-07 -1.131266240559837570e+04 -6.498645497929428361e-01 -4.671010859459119757e+00 -1.541434787649670068e-01 -9.801735145544535621e-01
1.000000000000000000e+00 -1.977169743907293196e+02 1.127989361244142970e+02 -2.154520441726408317e+05 -9.990911516633826172e+12 4.116218281079046815e-07 1.262036097175108080e+04 5.326618422793168994e-01 5.201247057344915881e+00 -4.291774980734067713e-01 -8.945987960126295935e-01
1.000000000000000000e+00 -2.401913917766293594e+02 7.047226927818081776e+01 -2.172939504315689846e+05 -1.016246694132930078e+13 5.403039421874721545e-07 -1.366283081959751871e+04 -4.045136700513176087e-01 -5.620404499276336452e+00 -6.675034176269175612e-01 -7.341250017103220227e-01
1.000000000000000000e+00 -2.764400264964695566e+02 2.630620718060357177e+01 -2.191358347806879610e+05 -1.033548068951088086e+13 6.870580593158238173e-07 1.441927381487215825e+04 2.681665835942806386e-01 5.920562363269855410e+00 -8.495122527873002483e-01 -5.126687654266071092e-01
1.000000000000000000e+00 -3.054516027808325020e+02 -1.851128139656632499e+01 -2.209776998864191410e+05 -1.050995296270049023e+13 8.364577166292095181e-07 -1.487484984334278670e+04 -1.264889888496026071e-01 -6.096300368739826503e+00 -9.604699266170735328e-01 -2.489936761124444953e-01
1.000000000000000000e+00 -3.265058661139835863e+02 -6.281246261209836490e+01 -2.228195490402236464e+05 -1.068588403082764648e+13 9.731076008545680323e-07 1.502076562518526771e+04 -1.758490019490089457e-02 6.144711976660762076e+00 -9.916062545954246188e-01 3.489077997164094502e-02
1.000000000000000000e+00 -3.390588610628569768e+02 -1.054753849167799444e+02 -2.246613857794534997e+05 -1.086327419804031836e+13 1.082759883693281527e-06 -1.485428286462260439e+04 1.611036380880614127e-01 -6.065384509913554822e+00 -9.407149913133689978e-01 3.155243822560841460e-01
1.000000000000000000e+00 -3.427469861846547019e+02 -1.453498523238951634e+02 -2.265032141779904487e+05 -1.104212383201701953e+13 1.153754445394206906e-06 1.437865935686695957e+04 -3.011544657008100034e-01 5.860352166220995862e+00 -8.122430928443060694e-01 5.698784860007540809e-01
1.000000000000000000e+00 -3.375464148583295696e+02 -1.814113507645974437e+02 -2.283450385864073469e+05 -1.122243334055302539e+13 1.179262609837701477e-06 -1.360300591755072310e+04 4.349077474128107967e-01 -5.534015308959433277e+00 -6.168735328270367191e-01 7.771533794414627883e-01
1.000000000000000000e+00 -3.236285466956211394e+02 -2.127740888732516282e+02 -2.301868630685914832e+05 -1.140420311683411914e+13 1.157022391801089362e-06 1.254215983461181531e+04 -5.596552120002212805e-01 5.093067358615215312e+00 -3.706656593013430978e-01 9.203843217344025440e-01
1.000000000000000000e+00 -3.013480710607365154e+02 -2.386130203890873531e+02 -2.320286918435423577e+05 -1.158743358242653711e+13 1.089188663210997543e-06 -1.121642521942809981e+04 6.728612648732757995e-01 -4.546368532256790829e+00 -9.378009695349209807e-02 9.877781249325119362e-01
1.000000000000000000e+00 -2.713750341455813668e+02 -2.583059262609595521e+02 -2.338705291872206726e+05 -1.177212517801083594e+13 9.831565114253747250e-07 9.651263833875811542e+03 -7.722036314966060910e-01 3.904800935066559564e+00 1.910984739450423964e-01 9.736435199474556823e-01
1.000000000000000000e+00 -2.345226174689977370e+02 -2.714241836079875725e+02 -2.357123787595875619e+05 -1.195827829532583789e+13 8.500302523737915730e-07 -7.877048598033168673e+03 8.556073871174731948e-01 -3.181150554279488230e+00 4.605170396826127055e-01 8.788767756868754999e-01
1.000000000000000000e+00 -1.917258751063538114e+02 -2.776437918933355604e+02 -2.375542440722594911e+05 -1.214589332254824219e+13 7.033329750978148130e-07 5.928567190797441981e+03 -9.212908435227399329e-01 2.389889795926920080e+00 6.921265999230751254e-01 7.109578752350373954e-01
1.000000000000000000e+00 -1.441550577060695275e+02 -2.768709974100082150e+02 -2.393961281526013918e+05 -1.233497060908931836e+13 5.582952445877238913e-07 -3.844567411362642360e+03 9.678003962539166727e-01 -1.546979201608128962e+00 8.664810458047124131e-01 4.834365810951499198e-01
1.000000000000000000e+00 -9.302760632298956978e+01 -2.692099955645246609e+02 -2.412380332988708979e+05 -1.252551043824873242e+13 4.295162862073618956e-07 1.667213340946787184e+03 -9.940460611661787738e-01 6.696354961821410212e-01 9.686597811545814007e-01 2.149385006306546442e-01
1.000000000000000000e+00 -3.958914824755576944e+01 -2.548634966103000750e+02 -2.430799614766390878e+05 -1.271751306580441406e+13 3.296076577227000736e-07 5.587110390053820765e+02 9.993355390580779263e-01 2.239990936410574673e-01 9.895836110330987756e-01 -7.228144612892149767e-02
1.000000000000000000e+00 1.478021321486000339e+01 -2.342457807415595425e+02 -2.449219141638302535e+05 -1.291097870235647656e+13 2.685484146519191957e-07 -2.786580451542999072e+03 -9.833987785449952446e-01 -1.115176814796818405e+00 9.268785638807197635e-01 -3.541136237116696561e-01
1.000000000000000000e+00 6.875705618686396292e+01 -2.079331203149873488e+02 -2.467638919091891148e+05 -1.310590746449357227e+13 2.523565926320315703e-07 4.968731367040485566e+03 9.464088629606717262e-01 1.984870659059767783e+00 7.852224606412597785e-01 -6.065690545884125928e-01
1.000000000000000000e+00 1.210825889643565034e+02 -1.765589273589854713e+02 -2.486058948232354014e+05 -1.330229942364882227e+13 2.826034726763128192e-07 -7.057576892891605894e+03 -8.889934221392976621e-01 -2.814221453000027573e+00 5.761013385841032841e-01 -8.078413076597407150e-01
1.000000000000000000e+00 1.704557081364514488e+02 -1.409211085008253121e+02 -2.504479225142029754e+05 -1.350015459745622461e+13 3.564029843709740803e-07 9.006654098145763783e+03 8.122347815957452477e-01 3.584953224480747824e+00 3.169653227420698993e-01 -9.402304583764615753e-01
1.000000000000000000e+00 2.157198952713186486e+02 -1.019218163993736397e+02 -2.522899737614505575e+05 -1.369947291229134570e+13 4.668193730494048337e-07 -1.077166759130576065e+04 -7.176627800613810670e-01 -4.279782602327951047e+00 2.984570846068074559e-02 -9.917709233317316686e-01
1.000000000000000000e+00 2.558565408222705457e+02 -6.046247994105645773e+01 -2.541320471280030906e+05 -1.390025426699334180e+13 6.035398131562930635e-07 1.231172869801945853e+04 6.072273808852991506e-01 4.882901380923519774e+00 -2.605071520801645057e-01 -9.574112775578098589e-01
1.000000000000000000e+00 2.898749559597590064e+02 -1.755051731854565134e+01 -2.559741406283590186e+05 -1.410249849540385156e+13 7.534202766058919064e-07 -1.359036859507413283e+04 -4.832661387527078523e-01 -5.380364411276196357e+00 -5.287616034367554896e-01 -8.395900770082902476e-01
1.000000000000000000e+00 3.169929172381408762e+02 2.576765936950930680e+01 -2.578162515009244671e+05 -1.430620533893685352e+13 9.023330348092829139e-07 1.457654784407705665e+04 3.484611743534892780e-01 5.760471907674319603e+00 -7.512589204544628529e-01 -6.481592127844753026e-01
1.000000000000000000e+00 3.366149034555133426e+02 6.850802487705415444e+01 -2.596583769451834378e+05 -1.451137452589701758e+13 1.036570128149889056e-06 -1.524566265691058470e+04 -2.057708255883865245e-01 -6.014146364483410778e+00 -9.081954792797592990e-01 -3.996014290459979357e-01
1.000000000000000000e+00 3.482193151246480056e+02 1.096408464822635977e+02 -2.615005138147717516e+05 -1.471800573677582812e+13 1.143285286685782771e-06 1.558024798717294834e+04 5.836429698032764152e-02 6.135186063837135606e+00 -9.854601221659888832e-01 -1.156230007411578609e-01
1.000000000000000000e+00 3.515330226952905264e+02 1.481631444515494991e+02 -2.633426585085048573e+05 -1.492609859052724023e+13 1.212380878655573765e-06 -1.557056224471040150e+04 9.045327860818605514e-02 -6.120469344854377880e+00 -9.759836195128875902e-01 1.787632655841754903e-01
1.000000000000000000e+00 3.464941373405695799e+02 1.831940442649433578e+02 -2.651848074257167755e+05 -1.513565269474196680e+13 1.237353662834642597e-06 1.521496247233947724e+04 -2.373304012053315815e-01 5.970074473763990142e+00 -8.804449011090921262e-01 4.575118651912719048e-01
1.000000000000000000e+00 3.331363753861200507e+02 2.138649267946206294e+02 -2.670269568148947437e+05 -1.534666762825077148e+13 1.215213502900612954e-06 -1.452001752627865426e+04 3.789522316366936705e-01 -5.687295621960099190e+00 -7.072448318485738961e-01 6.959203104546367591e-01
1.000000000000000000e+00 3.117576136316965858e+02 2.393967307822200326e+02 -2.688691026119322050e+05 -1.555914292180618359e+13 1.147970126982077431e-06 1.350042413491142543e+04 -5.121236027110175337e-01 5.278581600766977466e+00 -4.717597140142066325e-01 8.728935232392490695e-01
1.000000000000000000e+00 2.828652488968207308e+02 2.591868358963388914e+02 -2.707112411509734811e+05 -1.577307813967824805e+13 1.042180181946663028e-06 -1.217858644776883921e+04 6.338610040970669157e-01 -4.753343899904966641e+00 -1.949121286580511314e-01 9.728872456671342484e-01
1.000000000000000000e+00 2.470558464289220808e+02 2.726964332149511847e+02 -2.725533688708764967e+05 -1.598847284679480859e+13 9.073772703355550794e-07 1.058403164428863238e+04 -7.414627213944582351e-01 4.123702889074908562e+00 9.875955050835469318e-02 9.872927032360683253e-01
1.000000000000000000e+00 2.051758258941535189e+02 2.795304259594573750e+02 -2.743954821189934155e+05 -1.620532658598008398e+13 7.562972643564357960e-07 -8.752666542918248524e+03 8.325731858238076821e-01 -3.404174859116336549e+00 3.833503296231494106e-01 9.151736750243737450e-01
1.000000000000000000e+00 1.582461523027622263e+02 2.795122278417439929e+02 -2.762375778111955733e+05 -1.642363895607523242e+13 6.036121348702481105e-07 6.725700382806243397e+03 -9.052448109535478071e-01 2.611232751979458477e+00 6.339653471657356043e-01 7.632747010564571166e-01
1.000000000000000000e+00 1.073345642096940082e+02 2.725651452591583279e+02 -2.780796531798068900e+05 -1.664340958401970117e+13 4.639451381396690764e-07 -4.548580228320516653e+03 9.579758416097511331e-01 -1.762876409782645259e+00 8.289356553610288669e-01 5.453127634220357178e-01
1.000000000000000000e+00 5.370579051299498019e+01 2.587897628818702174e+02 -2.799217057612857898e+05 -1.686463812462182227e+13 3.510962176552054510e-07 2.269815729042185922e+03 -9.897383206498302499e-01 8.781645299519618142e-01 9.517014961202154844e-01 2.806503036918701621e-01
1.000000000000000000e+00 -1.276101848279991957e+00 2.385216712913407662e+02 -2.817637339304107009e+05 -1.708732432655525977e+13 2.763530430520858395e-07 6.037408249303144459e+01 9.999928024100060986e-01 2.331720321055999467e-02 9.921913340994286123e-01 -7.529091432004614282e-03
1.000000000000000000e+00 -5.628310864898892873e+01 2.122016180851059630e+02 -2.836057365867134067e+05 -1.731146799740227734e+13 2.470777430925052935e-07 -2.391207961180887196e+03 -9.886846722669802023e-01 -9.219029851345770243e-01 9.475648079490782694e-01 -2.943149085864014136e-01
1.000000000000000000e+00 -1.098834887145202117e+02 1.804437650083268352e+02 -2.854477129672119045e+05 -1.753706898272398047e+13 2.662268419237000677e-07 4.672464411630686300e+03 9.562320109526040168e-01 1.798279388703951209e+00 8.223114874767956106e-01 -5.552514279526846730e-01
1.000000000000000000e+00 -1.606577035028150817e+02 1.440723143552455099e+02 -2.872896633137169993e+05 -1.776412724992220312e+13 3.318178335147291538e-07 -6.855734645357814770e+03 -9.034995340678354525e-01 -2.633963678866078517e+00 6.277009475806205607e-01 -7.684346758743950678e-01
1.000000000000000000e+00 -2.073348215820660130e+02 1.039766377828087514e+02 -2.891315885757983779e+05 -1.799264285525416797e+13 4.371640632570615820e-07 8.895324073625050005e+03 8.317635044947961909e-01 3.411642350944626312e+00 3.806761335862657303e-01 -9.162892621861326026e-01
1.000000000000000000e+00 -2.486562971949533676e+02 6.116710860914727732e+01 -2.909734901557657868e+05 -1.822261591469644922e+13 5.713508805501225479e-07 -1.074905311439554498e+04 -7.426731831469206568e-01 -4.115467604100230936e+00 1.023245762656966040e-01 -9.869295880516710806e-01
1.000000000000000000e+00 -2.834980542871826401e+02 1.679181972874294715e+01 -2.928153704158965847e+05 -1.845404666967344531e+13 7.204376695957349735e-07 1.237908417230903797e+04 6.382007899805652862e-01 4.731360742010827458e+00 -1.839570767280783725e-01 -9.750180124497471734e-01
1.000000000000000000e+00 -3.109939170817652325e+02 -2.802059447298253048e+01 -2.946572321088183089e+05 -1.868693541861341406e+13 8.692221906947106953e-07 -1.375239898191808606e+04 -5.205977903619782854e-01 -5.247179034585004231e+00 -4.543929389550649955e-01 -8.820586078643380956e-01
1.000000000000000000e+00 -3.303898957360202076e+02 -7.211244497146171284e+01 -2.964990783602322917e+05 -1.892128251629068359e+13 1.002055148082542980e-06 1.484129422567055008e+04 3.923464413094166492e-01 5.652887816324263071e+00 -6.867437109821863395e-01 -7.161587855400581848e-01
1.000000000000000000e+00 -3.411567151700236309e+02 -1.142913330709269104e+02 -2.983409130908068037e+05 -1.915708842948564453e+13 1.104906392519958480e-06 -1.562379712189582460e+04 -2.561035913392261665e-01 -5.940700377971972479e+00 -8.620623800511679757e-01 -4.912726163550246716e-01
1.000000000000000000e+00 -3.430859580942745879e+02 -1.534888933095419645e+02 -3.001827403881311766e+05 -1.939435365898176172e+13 1.167602891863628074e-06 1.608385581388654828e+04 1.146591613006541915e-01 6.105130943016914280e+00 -9.661310194582299893e-01 -2.260335902479910786e-01
1.000000000000000000e+00 -3.361231858885929569e+02 -1.887068080975791986e+02 -3.020245643514247495e+05 -1.963307872003774609e+13 1.183803383171192442e-06 -1.621155809962916101e+04 2.910985967220544243e-02 -6.143057838179585950e+00 -9.905383179672709870e-01 5.774228362617037785e-02
1.000000000000000000e+00 -3.204618185311708771e+02 -2.190096220693215798e+02 -3.038663893295486923e+05 -1.987326417356617578e+13 1.151899165444414232e-06 1.600328157107030893e+04 -1.722915090169870045e-01 6.053760067411887213e+00 -9.333130668263233121e-01 3.367893257973573196e-01
1.000000000000000000e+00 -2.966073031568686247e+02 -2.436720299063019866e+02 -3.057082195464521646e+05 -2.011491057783344141e+13 1.075705448613794584e-06 -1.546175812815857353e+04 3.119814354863327810e-01 -5.838921179766535907e+00 -7.990695799783188447e-01 5.882075628832637015e-01
1.000000000000000000e+00 -2.651873311844255454e+02 -2.621069727290033597e+02 -3.075500588915244443e+05 -2.035801846020974609e+13 9.630359381947799463e-07 1.459611691156023153e+04 -4.453284362487013870e-01 5.502624960519064246e+00 -5.986709266151309938e-01 7.912606727909431426e-01
1.000000000000000000e+00 -2.270306717974442279e+02 -2.738485931914448770e+02 -3.093919113555031363e+05 -2.060258837389775000e+13 8.254737381729077999e-07 -1.342178821678876920e+04 5.695897670100545929e-01 -5.051298842413413759e+00 -3.484031293911742377e-01 9.290401445094997879e-01
1.000000000000000000e+00 -1.832068858208008351e+02 -2.786810235246416596e+02 -3.112337802404981339e+05 -2.084862079249817578e+13 6.775501350358768636e-07 1.196044410265394436e+04 -6.821695236597627998e-01 4.493671685567147023e+00 -6.875040290614685412e-02 9.898351947572070486e-01
1.000000000000000000e+00 -1.348222273312068182e+02 -2.765442510742199147e+02 -3.130756682347800233e+05 -2.109611611735922656e+13 5.341425832680846474e-07 -1.023980215264675280e+04 7.806714191986965368e-01 -3.840680652653331251e+00 2.171926989221112103e-01 9.681568376119257247e-01
1.000000000000000000e+00 -8.309533872901887719e+01 -2.675072467508872478e+02 -3.149175778235805919e+05 -2.134507473083135547e+13 4.094444690425829444e-07 8.293214062460414425e+03 -8.629537203690673675e-01 3.105298458322034882e+00 4.855708354766541945e-01 8.652868278289572723e-01
1.000000000000000000e+00 -2.938500537492404874e+01 -2.518796373780363069e+02 -3.167595108245861484e+05 -2.159549693212583594e+13 3.159679435760458182e-07 -6.159279123896106285e+03 9.271729359491862610e-01 -2.302371679307593677e+00 7.137030860425700451e-01 6.892954632471530729e-01
1.000000000000000000e+00 2.501645779813386383e+01 -2.300994776954072165e+02 -3.186014683736065635e+05 -2.184738293270313281e+13 2.628321393966445207e-07 3.881262451450670596e+03 -9.718315766068691408e-01 1.448387832842327860e+00 8.819973931104815312e-01 4.545117481717169117e-01
1.000000000000000000e+00 7.879954548204484865e+01 -2.027020119579710240e+02 -3.204434511632439680e+05 -2.210073288649141016e+13 2.551643848118191251e-07 -1.506298686102857573e+03 9.958224496021885752e-01 -5.611648887536058172e-01 9.756743381059755915e-01 1.804436661156659516e-01
1.000000000000000000e+00 1.306127590328992198e+02 -1.704199216782316455e+02 -3.222854591051078751e+05 -2.235554684126812500e+13 2.937020766290985725e-07 -9.154092929407356678e+02 -9.984643467831376684e-01 -3.404579412836994390e-01 9.861297574044743941e-01 -1.097653508225061858e-01
1.000000000000000000e+00 1.792631677247238429e+02 -1.340603764347837625e+02 -3.241274914631096763e+05 -2.261182475416161328e+13 3.748022353795471543e-07 3.331639979289327130e+03 9.795330916287693368e-01 1.237018501270959137e+00 9.118204758223998896e-01 -3.912591858995871363e-01
1.000000000000000000e+00 2.236193560291826259e+02 -9.447504573088426127e+01 -3.259695472551984130e+05 -2.286956654545361328e+13 4.907985950766919641e-07 -5.689392434393180338e+03 -9.392798887908154759e-01 -2.108896253961641598e+00 7.585455840036495756e-01 -6.396162346816705035e-01
1.000000000000000000e+00 2.625866619657879255e+02 -5.265406479449130472e+01 -3.278116248493122985e+05 -2.312877204058865625e+13 6.304925290748167710e-07 7.936005811304385134e+03 8.784393958719668438e-01 2.936727893654460075e+00 5.390845264910782975e-01 -8.329995221953524487e-01
1.000000000000000000e+00 2.952976857723211879e+02 -9.598229795844352097e+00 -3.296537219149992452e+05 -2.338944096073165234e+13 7.807430634776278322e-07 -1.002043745823941572e+04 -7.982274640347795103e-01 -3.701877376268523534e+00 2.721998215131103960e-01 -9.541528115810519184e-01
1.000000000000000000e+00 3.210011320358611897e+02 3.370657194351890240e+01 -3.314958359553574119e+05 -2.365157299590458984e+13 9.274612350249399335e-07 1.189468498947953049e+04 7.003196430633179537e-01 4.386954338495244521e+00 -1.895615787010525299e-02 -9.920388070829685434e-01
1.000000000000000000e+00 3.390377816850732984e+02 7.619893107567253310e+01 -3.333379639323028387e+05 -2.391516775055641797e+13 1.056613952926314357e-06 -1.351497191931547059e+04 -5.868221238368133141e-01 -4.976240280150538986e+00 -3.088578037270564014e-01 -9.429248049323416536e-01
1.000000000000000000e+00 3.490195319915910090e+02 1.168716319697224151e+02 -3.351801025350501877e+05 -2.418022478015411719e+13 1.156278051880490483e-06 1.484299998302795757e+04 4.602244259642145896e-01 5.456135004457706827e+00 -5.719026075496221884e-01 -8.108191772261792440e-01
1.000000000000000000e+00 3.507048720261097401e+02 1.547915733553290636e+02 -3.370222484139962471e+05 -2.444674362403194531e+13 1.216972900784888372e-06 -1.584703769130876208e+04 -3.233382502882052312e-01 -5.815538510286193841e+00 -7.847514340301029456e-01 -6.071783242734315467e-01
1.000000000000000000e+00 3.439762628257142865e+02 1.890116918402741533e+02 -3.388643977719838731e+05 -2.471472374561592188e+13 1.232299078894531465e-06 1.650276958764476149e+04 1.792347890915967912e-01 6.046141416947325098e+00 -9.284695542305981819e-01 -3.499208732651281073e-01
1.000000000000000000e+00 3.290065764023182169e+02 2.187014030890506149e+02 -3.407065466279065004e+05 -2.498416456930972656e+13 1.200857673957150086e-06 -1.679404863508128255e+04 -3.116475911790938039e-02 -6.142677069440401816e+00 -9.902925286653170289e-01 -6.181454804047242790e-02
1.000000000000000000e+00 3.061208547669805284e+02 2.431597287327547861e+02 -3.425486912741462584e+05 -2.525506554721637891e+13 1.125611149242632553e-06 1.671336464622358471e+04 -1.175317367310664829e-01 6.103067452709758811e+00 -9.648074261535573015e-01 2.316181364201504445e-01
1.000000000000000000e+00 2.757734974777656589e+02 2.617280852727691354e+02 -3.443908279778687283e+05 -2.552742611594048047e+13 1.013196773220305581e-06 -1.626201749970242054e+04 2.635064318587507226e-01 -5.928460043296742477e+00 -8.544290534920040425e-01 5.044316834107007708e-01
1.000000000000000000e+00 2.387001617136414211e+02 2.739199871644773339e+02 -3.462329529855112778e+05 -2.580124569715731250e+13 8.743447556713036504e-07 1.545007919838509042e+04 -4.034883495683606602e-01 5.623187442735719799e+00 -6.691474486503165009e-01 7.326267962916505061e-01
1.000000000000000000e+00 1.957637225105630421e+02 2.794245160076935690e+02 -3.480750630275206058e+05 -2.607652377315698828e+13 7.222400243747988129e-07 -1.429604023131967369e+04 5.343732105845844238e-01 -5.194612695756027243e+00 -4.255537324570656810e-01 8.963282610024385644e-01
1.000000000000000000e+00 1.479275717614930272e+02 2.780166143647596755e+02 -3.499171548734947573e+05 -2.635325982175662891e+13 5.712653982035643460e-07 1.282628782930558737e+04 -6.532925446909658707e-01 4.652915154793006991e+00 -1.452785577916807236e-01 9.815266024544443413e-01
1.000000000000000000e+00 9.639085414518787331e+01 2.696825839179786612e+02 -3.517592257468173630e+05 -2.663145337923915234e+13 4.363870149840451585e-07 -1.107429743654609774e+04 7.576864343624236664e-01 -4.010774582224647666e+00 1.470246301873549266e-01 9.812665737698736956e-01
1.000000000000000000e+00 4.241660354563369850e+01 2.546086838028064392e+02 -3.536012736373113003e+05 -2.691110408974219141e+13 3.309631152678034595e-07 9.079605218104314190e+03 -8.453615795996594073e-01 3.282979183492142461e+00 4.259326184796955461e-01 8.961482774601676748e-01
1.000000000000000000e+00 -1.270162669261264021e+01 2.330836689768579220e+02 -3.554432968469292973e+05 -2.719221163878553906e+13 2.653364107812198830e-07 -6.886806247360576890e+03 9.145289028997594105e-01 -2.486046755534312425e+00 6.674923513932566888e-01 7.341350635348353748e-01
1.000000000000000000e+00 -6.752077296875577872e+01 2.056146740397020665e+02 -3.572852941798121901e+05 -2.747477578373934375e+13 2.461723309724609723e-07 4.544365857638716989e+03 -9.638365735111721344e-01 1.637782204499050653e+00 8.512868519590395255e-01 5.097166137781501405e-01
1.000000000000000000e+00 -1.206360252343617816e+02 1.728952456918028417e+02 -3.591272653471530066e+05 -2.775879641840323438e+13 2.754591042433976556e-07 -2.103310917326770323e+03 9.923889185802491353e-01 -7.567961814875358018e-01 9.621273903136512429e-01 2.425102379035543598e-01
1.000000000000000000e+00 -1.707176762057734720e+02 1.356956850860398163e+02 -3.609692106167005841e+05 -2.804427352214112500e+13 3.502510198328734616e-07 -3.838892507141930537e+02 -9.997482104897583710e-01 -1.379034605039662353e-01 9.912207039231013539e-01 -4.451793789010236729e-02
1.000000000000000000e+00 -2.164019112678264207e+02 9.496519501997880752e+01 -3.628111309152427712e+05 -2.833120717809314844e+13 4.628021395108977873e-07 2.864503800403808782e+03 9.859289674602638165e-01 1.027338416222820294e+00 9.367665734343544326e-01 -3.270607245999644364e-01
1.000000000000000000e+00 -2.564851542224259902e+02 5.177785142238236205e+01 -3.646530281367416028e+05 -2.861959762415584375e+13 6.015705552087071259e-07 -5.286706680393506758e+03 -9.513803871236136134e-01 -1.892977297573381623e+00 8.039454618635341054e-01 -5.815256013528762313e-01
1.000000000000000000e+00 -2.899523723186302391e+02 7.211973760545508760e+00 -3.664949044717637007e+05 -2.890944515102594531e+13 7.524679488988886038e-07 7.600393932515328743e+03 8.969636110069253432e-01 2.717024186265246222e+00 6.043486779796124475e-01 -7.869326566511839482e-01
1.000000000000000000e+00 -3.158649941592632899e+02 -3.755931847518993294e+01 -3.683367649894661154e+05 -2.920075051276188672e+13 8.996245148855241571e-07 -9.758662096073341672e+03 -8.239025526338416006e-01 -3.482940339247571515e+00 3.548484289638347833e-01 -9.265974979146521795e-01
1.000000000000000000e+00 -3.335469633342037241e+02 -8.133706678772500709e+01 -3.701786086782633793e+05 -2.949351351054784766e+13 1.027683341747349608e-06 1.171658219802159874e+04 7.338232061744894841e-01 4.174997212840528604e+00 7.639398266155819628e-02 -9.892746282468286578e-01
1.000000000000000000e+00 -3.425885352005007007e+02 -1.230189591061089374e+02 -3.720204416142210830e+05 -2.978773507737884766e+13 1.123678925393339686e-06 -1.343492112548570731e+04 -6.286129912473936709e-01 -4.779593818087783497e+00 -2.080599943727710066e-01 -9.701604864255182203e-01
1.000000000000000000e+00 -3.427187497241927190e+02 -1.615099532302508294e+02 -3.738622678304013680e+05 -3.008341583673255469e+13 1.177593910421491318e-06 1.487862554001625722e+04 5.104498659160265905e-01 5.284701160209260173e+00 -4.751561201200458218e-01 -8.710493626610722462e-01
1.000000000000000000e+00 -3.339719671809586998e+02 -1.957933158178133226e+02 -3.757040916874315590e+05 -3.038055647785264062e+13 1.184170945733792248e-06 -1.601791368819666059e+04 -3.817450903587733535e-01 -5.680236803191533568e+00 -7.030288495042760211e-01 -7.001790966920460324e-01
1.000000000000000000e+00 -3.166572878709212659e+02 -2.250409169085203303e+02 -3.775459173610848957e+05 -3.067915767376961328e+13 1.143268753969681381e-06 1.682868180815921733e+04 2.451082890570364381e-01 5.958193177919936190e+00 -8.729985804291361395e-01 -4.715652757026418396e-01
1.000000000000000000e+00 -2.912127018974517796e+02 -2.485132796830999666e+02 -3.793877489706916967e+05 -3.097922010153894531e+13 1.058911666326148030e-06 -1.729296130672923027e+04 -1.033029241599586617e-01 -6.112782604329139780e+00 -9.710429626600668440e-01 -2.039016805917881481e-01
1.000000000000000000e+00 -2.583515206510794542e+02 -2.656208180156211824e+02 -3.812295907208951539e+05 -3.128074446528018750e+13 9.399839440279097259e-07 1.739927303927103640e+04 -4.080143223911131961e-02 6.140544610213422239e+00 -9.889162905678819948e-01 8.090056198356036787e-02
1.000000000000000000e+00 -2.190014340303142717e+02 -2.760135697105457666e+02 -3.830714462051579030e+05 -3.158373138166544531e+13 7.991846707649718526e-07 -1.714290862979013400e+04 1.842659555004758920e-01 -6.040426520464155402e+00 -9.248403457608113110e-01 3.594032074603933924e-01
1.000000000000000000e+00 -1.741479896184940515e+02 -2.794639779717029455e+02 -3.849133185567588662e+05 -3.188818140251530859e+13 6.507182496925088265e-07 1.652620998469116239e+04 -3.241352154532420315e-01 5.813862636369719006e+00 -7.837274357126550184e-01 6.084994964591686761e-01
1.000000000000000000e+00 -1.249703530080503668e+02 -2.759154041699073332e+02 -3.867552107251459383e+05 -3.219409505898292578e+13 5.095803192715072329e-07 -1.555869563954328805e+04 4.574946698134773060e-01 -5.464798860419686655e+00 -5.768739256192871867e-01 8.072897897411986934e-01
1.000000000000000000e+00 -7.276277864933307171e+01 -2.655514973069699636e+02 -3.885971248408957617e+05 -3.250147275459845703e+13 3.899826241890931089e-07 1.425715360763471836e+04 -5.815173194631276798e-01 4.999705342760262461e+00 -3.211569889118918719e-01 9.388069658629736303e-01
1.000000000000000000e+00 -1.877936273480348106e+01 -2.486633367829665247e+02 -3.904390625821796129e+05 -3.281031482361452734e+13 3.035718214319818791e-07 -1.264553859247036780e+04 6.935274836140028487e-01 -4.427520503518050710e+00 -3.774330971942157359e-02 9.915017767262039872e-01
1.000000000000000000e+00 3.562997727539011095e+01 -2.256898390229414986e+02 -3.922810252060808707e+05 -3.312062153450119531e+13 2.588149026970179267e-07 1.075471407399167583e+04 -7.910596570369032854e-01 3.759541358676629308e+00 2.495936719911329982e-01 9.603141827453024471e-01
1.000000000000000000e+00 8.910351080604546326e+01 -1.972725431029022616e+02 -3.941230129935778677e+05 -3.343239299411549609e+13 2.600782153161035046e-07 -8.622165717094543652e+03 8.719116435457160419e-01 -3.009304875769204912e+00 5.164105989808451813e-01 8.472428364642810017e-01
1.000000000000000000e+00 1.404129610100276011e+02 -1.641130649795275929e+02 -3.959650257606353844e+05 -3.374562923094604688e+13 3.072104333050026860e-07 6.291333607925393153e+03 -9.342078071741870549e-01 2.192337618971674118e+00 7.396884795215734609e-01 6.613329599701336381e-01
1.000000000000000000e+00 1.883208198642654736e+02 -1.270121175058125971e+02 -3.978070629640280968e+05 -3.406033021139067188e+13 3.956713826264997990e-07 -3.810801625091832193e+03 9.764511008866653130e-01 -1.325858053536272285e+00 8.998576274172910283e-01 4.180389707416274914e-01
1.000000000000000000e+00 2.316635396914951741e+02 -8.691557386102449811e+01 -3.996491232634935295e+05 -3.437649576300804688e+13 5.169390388533070524e-07 1.233458959748478492e+03 -9.975666409162661230e-01 4.284719819418140729e-01 9.825739414715164433e-01 1.380173185543196457e-01
1.000000000000000000e+00 2.694831922090631338e+02 -4.476794096452113081e+01 -4.014912048316618893e+05 -3.469412562492163281e+13 6.595978513966744662e-07 1.384691169199006708e+03 9.969420198728317084e-01 4.802515183048260416e-01 9.801017023940657991e-01 -1.545994296368835841e-01
1.000000000000000000e+00 3.008763051077273758e+02 -1.554584046873210168e+00 -4.033333055757682305e+05 -3.501321948438176172e+13 8.100270868354284624e-07 -3.985857020931458010e+03 -9.744536367216846129e-01 -1.380246648902514695e+00 8.921245387659229031e-01 -4.342972921991166135e-01
1.000000000000000000e+00 3.250753552781281996e+02 4.165780628824120413e+01 -4.051754226140889805e+05 -3.533377688439740625e+13 9.538884989996061116e-07 6.511690969919514828e+03 9.304824030803895418e-01 2.251380958024861823e+00 7.259031228538458391e-01 -6.764355009243896433e-01
1.000000000000000000e+00 3.415661058783640556e+02 8.386814413997255713e+01 -4.070175529135218821e+05 -3.565579733231523438e+13 1.077991743281630305e-06 -8.904910577498076236e+03 -8.659141134216711277e-01 -3.074015465838308092e+00 4.957274530280882940e-01 -8.595083612124317929e-01
1.000000000000000000e+00 3.499279540373943291e+02 1.240936105680537054e+02 -4.088596933498072904e+05 -3.597928030981801562e+13 1.170464794301411843e-06 1.111076863400592265e+04 7.821233391868577245e-01 3.829507493327530820e+00 2.216954979002861703e-01 -9.671356869077573082e-01
1.000000000000000000e+00 3.499148888901291343e+02 1.613338750224359330e+02 -4.107018401943090721e+05 -3.630422518183055469e+13 1.222084130231779073e-06 -1.307836740825284869e+04 -6.809494938326792202e-01 -4.500655182352771178e+00 -7.205061729959293115e-02 -9.896004442331981510e-01
1.000000000000000000e+00 3.415577600650410091e+02 1.947163840331581355e+02 -4.125439896822453011e+05 -3.663063129503196875e+13 1.228056956567951548e-06 1.476215295876052551e+04 5.646506085536679986e-01 5.072199734105349300e+00 -3.595203440377178761e-01 -9.247948166500483680e-01
1.000000000000000000e+00 3.249953777423771726e+02 2.234431669452490894e+02 -4.143861380764584173e+05 -3.695849798908745312e+13 1.187526329508496713e-06 -1.612312752931789692e+04 -4.358461407312512748e-01 -5.531226255693454164e+00 -6.152520279544344550e-01 -7.784377128439701199e-01
1.000000000000000000e+00 3.005551166467121220e+02 2.467590179941272766e+02 -4.162282814304144122e+05 -3.728782455429437500e+13 1.103974155020342227e-06 1.712984595933348828e+04 2.974534933313592866e-01 5.867486898980518006e+00 -8.166394833214615234e-01 -5.635603649656814040e-01
1.000000000000000000e+00 2.688378205686387332e+02 2.640929744983966998e+02 -4.180704160208710819e+05 -3.761861030861640625e+13 9.854835096082163796e-07 -1.775928590274449016e+04 -1.526069945407537432e-01 -6.073677838530832318e+00 -9.460044906428175526e-01 -2.992922223570450568e-01
1.000000000000000000e+00 2.305374211610421753e+02 2.749976559412852453e+02 -4.199125383808306069e+05 -3.795085460452544531e+13 8.429660760252970529e-07 1.799737904161642655e+04 4.575650159732274833e-03 6.145597922856729234e+00 -9.921783529932314272e-01 -9.080007237570795683e-03
1.000000000000000000e+00 1.865191739339025787e+02 2.791188128664599049e+02 -4.217546449998465832e+05 -3.828455677560862500e+13 6.897683675560690507e-07 -1.783929123680870180e+04 1.433162254308043282e-01 -6.082220260870201400e+00 -9.514604187639296162e-01 2.814665205763612899e-01
1.000000000000000000e+00 1.378838693660773060e+02 2.763292501659264531e+02 -4.235967327855057083e+05 -3.861971622054385938e+13 5.410090465558636565e-07 1.728945720125694424e+04 -2.877799623923933958e-01 5.885679578173933280e+00 -8.278739406517461319e-01 5.469232753042647666e-01
1.000000000000000000e+00 8.577378281532429583e+01 2.666569229943467576e+02 -4.254387993170848349e+05 -3.895633245121085156e+13 4.111931594931724291e-07 -1.636127687458488253e+04 4.256467459889345384e-01 -5.561144705677919298e+00 -6.326887170965559415e-01 7.643332505775931596e-01
1.000000000000000000e+00 3.144571553052575652e+01 2.502505957090451432e+02 -4.272808423555465997e+05 -3.929440500522895312e+13 3.130354765691404456e-07 1.507664114817343216e+04 -5.539344440524145430e-01 5.116634333866787898e+00 -3.833077077051257886e-01 9.151915274376382081e-01
1.000000000000000000e+00 -2.368698759491897476e+01 2.275009272858191878e+02 -4.291228604083536775e+05 -3.963393355101062500e+13 2.564368342382058764e-07 -1.346516591396248987e+04 6.699215582910692524e-01 -4.562735622344257003e+00 -1.016134498247962398e-01 9.870030585031128734e-01
1.000000000000000000e+00 -7.826074097189244583e+01 1.989520943974123668e+02 -4.309648526189502445e+05 -3.997491787021846094e+13 2.471007786512825204e-07 1.156329431166930772e+04 -7.712005836163901007e-01 3.912280805447079679e+00 1.880263461665207803e-01 9.742414607411569172e-01
1.000000000000000000e+00 -1.308934872719697182e+02 1.652575545502602949e+02 -4.328068185409420403e+05 -4.031735781821500781e+13 2.859997206468930214e-07 -9.413331279879121212e+03 8.557202365885672180e-01 -3.180003895694471172e+00 4.609002794937250291e-01 8.786758577782831647e-01
1.000000000000000000e+00 -1.801602573246653378e+02 1.272841302442562181e+02 -4.346487586601886433e+05 -4.066125342337199219e+13 3.691290013376424733e-07 7.062232800062916795e+03 -9.218236196822258144e-01 2.382117786050777397e+00 6.940752552043488732e-01 7.090556189699180889e-01
1.000000000000000000e+00 -2.248031898365726136e+02 8.600412047601790277e+01 -4.364906742943433928e+05 -4.100660487189053125e+13 4.880634970122132329e-07 -4.560465170171816681e+03 9.682667033253884448e-01 -1.535918806842979212e+00 8.682726015878788894e-01 4.802114326123565480e-01
1.000000000000000000e+00 -2.636603755447649178e+02 4.243935888412033108e+01 -4.383325671166609391e+05 -4.135341242124815625e+13 6.306965785375608083e-07 1.960994311512876720e+03 -9.942265303528626808e-01 6.594386195337487155e-01 9.693718416887258105e-01 2.117039518308603263e-01
1.000000000000000000e+00 -2.956465497428062008e+02 -2.250211323834743204e+00 -4.401744395303191850e+05 -4.170167647253410938e+13 7.821177891175357127e-07 6.819162040620353764e+02 9.993057411917281030e-01 2.289649445455321786e-01 9.894654272330896116e-01 -7.388165530248277935e-02
1.000000000000000000e+00 -3.199520734602909329e+02 -4.689000468118634046e+01 -4.420162946544374572e+05 -4.205139757068244531e+13 9.267300739229716621e-07 -3.313764517375839660e+03 -9.835249742623837221e-01 -1.110965510789007737e+00 9.273711362772966149e-01 -3.528216352203352169e-01
1.000000000000000000e+00 -3.359549933242669226e+02 -9.035164425878754457e+01 -4.438581358342004241e+05 -4.240257631371244531e+13 1.049598185654965641e-06 5.880666574756370210e+03 9.473107216933071006e-01 1.968554495769252677e+00 7.886116209711037106e-01 -6.021561607665604221e-01
1.000000000000000000e+00 -3.431918661134745889e+02 -1.314706102041508018e+02 -4.456999670618452365e+05 -4.275521343439370312e+13 1.137780927051403348e-06 -8.330400882664727760e+03 -8.914772007708516854e-01 -2.784387904563232929e+00 5.848771165690117568e-01 -8.015105047307329311e-01
1.000000000000000000e+00 -3.415326531077352570e+02 -1.691738731370334676e+02 -4.475417925761783263e+05 -4.310930972565817969e+13 1.182640771711185484e-06 1.061315647157683816e+04 8.172054275634788034e-01 3.542030938293820874e+00 3.330380357352375476e-01 -9.346582249321995217e-01
1.000000000000000000e+00 -3.310644989214715110e+02 -2.025322320738053179e+02 -4.493836164291015011e+05 -4.346486595772532031e+13 1.179956763464697412e-06 -1.268224439202385474e+04 -7.260232915904505369e-01 -4.226188240277618746e+00 5.379780566333677849e-02 -9.907603780862481724e-01
1.000000000000000000e+00 -3.120452084855284625e+02 -2.306716206019384856e+02 -4.512254428934235475e+05 -4.382188295657239844e+13 1.129822595029205780e-06 1.449497371093567017e+04 6.197756782913848017e-01 4.822986797491955357e+00 -2.299531307360226928e-01 -9.652056197228118251e-01
1.000000000000000000e+00 -2.850517180374739610e+02 -2.528925234172120611e+02 -4.530672762890360900e+05 -4.418036157090966406e+13 1.037790643515392318e-06 -1.601332317792377762e+04 -5.005945429733057450e-01 -5.320188408097118682e+00 -4.949294139804392700e-01 -8.599681423499212496e-01
1.000000000000000000e+00 -2.508348568552809752e+02 -2.687021683841372806e+02 -4.549091204645557445e+05 -4.454030257086195312e+13 9.136945824273445027e-07 1.720454707805323778e+04 3.708719026916433847e-01 5.707378406499753254e+00 -7.192682066266373742e-01 -6.834863404749919047e-01
1.000000000000000000e+00 -2.102605450546782606e+02 -2.777118643893379613e+02 -4.567509790253752144e+05 -4.490170669093846094e+13 7.701702122838879579e-07 -1.804189067061416063e+04 -2.332203210486870903e-01 -5.976188988929427737e+00 -8.842828100377069234e-01 -4.500491557059210224e-01
1.000000000000000000e+00 -1.644406795375870729e+02 -2.797424785972206678e+02 -4.585928552201243001e+05 -4.526457460665547656e+13 6.220900745316406903e-07 1.850518585769335914e+04 9.043253468359395419e-02 6.120480922431355886e+00 -9.759910656899785097e-01 -1.787226073364404921e-01
1.000000000000000000e+00 -1.145683443339230507e+02 -2.748334642019407283e+02 -4.604347515333703486e+05 -4.562890685239582812e+13 4.844138633173549410e-07 -1.858140150054748665e+04 5.455883067767583472e-02 -6.136508648905054208e+00 -9.863128858710981106e-01 1.081074550825321251e-01
1.000000000000000000e+00 -6.185918331281334304e+01 -2.631271398336137395e+02 -4.622766701798682334e+05 -4.599470391673200000e+13 3.706243048700018486e-07 1.826514970547861594e+04 -1.987405902470689434e-01 6.023069386818224125e+00 -9.138388499255909458e-01 3.865215220999587142e-01
1.000000000000000000e+00 -7.676547178606717203e+00 -2.449624926702624919e+02 -4.641186129217555281e+05 -4.636196620483500000e+13 2.920579926125868845e-07 -1.755901870308012076e+04 3.390729196120597644e-01 -5.781593805655169227e+00 -7.640679737677699146e-01 6.330090537600627787e-01
1.000000000000000000e+00 4.664085149822715692e+01 -2.208657995514365666e+02 -4.659605804956831271e+05 -4.673069392177529688e+13 2.564405737170341945e-07 1.647386370143434760e+04 -4.725420518669771197e-01 5.416222074380241835e+00 -5.491024489123151886e-01 8.264301732622628682e-01
1.000000000000000000e+00 9.982633258662488629e+01 -1.914278350638529105e+02 -4.678025732631864958e+05 -4.710088719942320312e+13 2.671553483854028274e-07 -1.502884991153171177e+04 5.962352143893753231e-01 -4.933797865605920485e+00 -2.867586339132678352e-01 9.498788430931557336e-01
1.000000000000000000e+00 1.505585906251642143e+02 -1.573918281293771031e+02 -4.696445910415761173e+05 -4.747254606077396094e+13 3.231303254779148585e-07 1.325132704288082277e+04 -7.074047985342399869e-01 4.343807171136337963e+00 8.365385922622118817e-04 9.922195477226697369e-01
1.000000000000000000e+00 1.976333248918925847e+02 -1.196326830915263884e+02 -4.714866329126315541e+05 -4.784567037896328906e+13 4.190160262798253675e-07 -1.117653925403809080e+04 8.035335311982815254e-01 -3.658263800902945118e+00 2.890656774205646595e-01 9.491793112037291147e-01
1.000000000000000000e+00 2.399939952997721946e+02 -7.903295180045513746e+01 -4.733286976020243601e+05 -4.822025995165850781e+13 5.457643441688325854e-07 8.846998043733461600e+03 -8.824041900638210922e-01 2.891485732218088689e+00 5.529386596339678217e-01 8.238684175048747171e-01
1.000000000000000000e+00 2.766022290230030762e+02 -3.656983145503934907e+01 -4.751707833104900783e+05 -4.859631446511407812e+13 6.911268840923784138e-07 -6.311727435998279361e+03 9.421582382968927138e-01 -2.059831764332673121e+00 7.692921917401486231e-01 6.266497063012428370e-01
1.000000000000000000e+00 3.066052093708082680e+02 6.711990880768353485e+00 -4.770128874613725930e+05 -4.897383344025203125e+13 8.413291761613626938e-07 3.625342683775569185e+03 -9.813497221430675932e-01 1.181386249803513033e+00 9.188894463964131232e-01 3.743561352256551400e-01
1.000000000000000000e+00 3.293488792524014457e+02 4.982232061647143695e+01 -4.788550073425680748e+05 -4.935281636190264844e+13 9.825258780738667526e-07 -8.466753366192399426e+02 9.989947107674607141e-01 -2.754990003617215910e-01 9.882320339237834483e-01 8.886944247972738964e-02
1.000000000000000000e+00 3.442465548247766947e+02 9.173687717651692708e+01 -4.806971400376622914e+05 -4.973326266401799219e+13 1.101192473533471356e-06 -1.962594675709570765e+03 -9.946024564455233641e-01 -6.376684676820781883e-01 9.708555134835284983e-01 -2.047923402337835375e-01
1.000000000000000000e+00 3.509412057999030026e+02 1.314286231999970482e+02 -4.825392820025261608e+05 -5.011517164091446875e+13 1.185967430443647660e-06 4.739317547240560998e+03 9.681962170046585214e-01 1.537596127433205950e+00 8.680017371710293528e-01 -4.807008580685818711e-01
1.000000000000000000e+00 3.493015002783960767e+02 1.679863526294629708e+02 -4.843814296832109685e+05 -5.049854257361962500e+13 1.228876689429858881e-06 -7.420640180472527391e+03 -9.203197080293008536e-01 -2.403980371472802524e+00 6.885775218705166845e-01 -7.143957776012214156e-01
1.000000000000000000e+00 3.392888031389704793e+02 2.005233145484889121e+02 -4.862235793510047952e+05 -5.088337469531036719e+13 1.225331818710406273e-06 9.945570066532131023e+03 8.520272612552408642e-01 3.217238320458872813e+00 4.483850737559161859e-01 -8.851277627058690145e-01
1.000000000000000000e+00 3.211136977397663941e+02 2.282118917368648567e+02 -4.880657269509831676e+05 -5.126966715880142969e+13 1.175526066973209849e-06 -1.225652587467335979e+04 -7.648614989372118922e-01 -3.959003416647842055e+00 1.687034041409695706e-01 -9.777727200689556586e-01
1.000000000000000000e+00 2.952142205696856081e+02 2.503974319540635065e+02 -4.899078688467757893e+05 -5.165741919231310156e+13 1.084322746982467659e-06 1.430101290467675790e+04 6.608080928376046659e-01 4.612656948019314029e+00 -1.256798600016295897e-01 -9.842280749245909677e-01
1.000000000000000000e+00 2.621188219609365433e+02 2.665023270063546192e+02 -4.917500014034264605e+05 -5.204663001283092188e+13 9.598126850454118339e-07 -1.603284231273395017e+04 -5.422457448902201493e-01 -5.163707990198797226e+00 -4.087341770218070325e-01 -9.041220621210953601e-01
1.000000000000000000e+00 2.225954075674636101e+02 2.760624863641002662e+02 -4.935921208498938358e+05 -5.243729879689660938e+13 8.136146530235528449e-07 1.741327383322119204e+04 4.118858103310348850e-01 5.600145427343838911e+00 -6.555598454337570047e-01 -7.448097876200769907e-01
1.000000000000000000e+00 1.776096188914537493e+02 2.788331606688209376e+02 -4.954342239074112149e+05 -5.282942481407595312e+13 6.599351853934909249e-07 -1.841204149922804572e+04 -2.726924800678693916e-01 -5.912749327685335565e+00 -8.446545979075412713e-01 -5.206332114967746616e-01
1.000000000000000000e+00 1.281797494209556874e+02 2.746848226253337657e+02 -4.972763077411899576e+05 -5.322300741857246094e+13 5.134860415879665566e-07 1.900795667748422420e+04 1.278044325980909057e-01 6.095264069100825743e+00 -9.598061142559212167e-01 -2.515403620032875542e-01
1.000000000000000000e+00 7.551622689313978753e+01 2.636376663498832045e+02 -4.991183696879802155e+05 -5.361804599245407812e+13 3.886175800482331840e-07 -1.918925734191781885e+04 1.954163727710824319e-02 -6.144488706510093046e+00 -9.914620912500279326e-01 3.877179766166330421e-02
1.000000000000000000e+00 2.095818289193015360e+01 2.459537733365067993e+02 -5.009604078885803465e+05 -5.401454008273027344e+13 2.977759960360936532e-07 1.895372232358577094e+04 -1.661008974083292566e-01 6.060291404982911523e+00 -9.374701823691468094e-01 3.250384405705794566e-01
1.000000000000000000e+00 -3.418142572194379625e+01 2.220195964824289092e+02 -5.028024209466365865e+05 -5.441248933069171875e+13 2.499151041632576380e-07 -1.830846142623077685e+04 3.086922304082066471e-01 -5.845520264332972893e+00 -8.031208594214712670e-01 5.826638961201499045e-01
1.000000000000000000e+00 -8.848530104678266639e+01 1.923731206606914839e+02 -5.046444078263198026e+05 -5.481189345151781250e+13 2.498569811090241476e-07 1.726953515426786907e+04 -4.442683133858742472e-01 5.505860593027323446e+00 -6.005424157795387075e-01 7.898412103261459594e-01
1.000000000000000000e+00 -1.405144292863364228e+02 1.577766270504234853e+02 -5.064863685458581313e+05 -5.521275238691189062e+13 2.976151999014721674e-07 -1.586126428275764010e+04 5.699897033971400573e-01 -5.049594671604591412e+00 -3.474987025042595157e-01 9.293788153587597689e-01
1.000000000000000000e+00 -1.889672948746579948e+02 1.190820730797113782e+02 -5.083283037875594455e+05 -5.561506622394702344e+13 3.883738986708193707e-07 1.411544604990748121e+04 -6.832732232592024779e-01 4.487333910938859916e+00 -6.575977550160649887e-02 9.900383743096899947e-01
1.000000000000000000e+00 -2.325515919308961088e+02 7.724748971957593824e+01 -5.101702146743191988e+05 -5.601883514861776562e+13 5.128127513551382278e-07 -1.207050407928302047e+04 7.818347864750267995e-01 -3.831732281182684385e+00 2.207999512581304002e-01 9.673405358012259203e-01
1.000000000000000000e+00 -2.700764381670325065e+02 3.338939475147569169e+01 -5.120121032174559659e+05 -5.642405954629032031e+13 6.580295631265811064e-07 9.770419264671278142e+03 -8.637303328914358591e-01 3.097132772087917818e+00 4.882318987183457137e-01 8.637881359185680674e-01
1.000000000000000000e+00 -3.006017657923806041e+02 -1.136641919732010031e+01 -5.138539720122712315e+05 -5.683073993788393750e+13 8.091984234478638170e-07 -7.263755241222876066e+03 9.273782236439440663e-01 -2.299246834140713514e+00 7.144585950821877862e-01 6.885123430941394451e-01
1.000000000000000000e+00 -3.232995032790202572e+02 -5.587569114692869476e+01 -5.156958239901164197e+05 -5.723887692714791406e+13 9.504839222048772170e-07 4.602696977101330958e+03 -9.715763454553915102e-01 1.454840716001499334e+00 8.810130747696872655e-01 4.564167971981933913e-01
1.000000000000000000e+00 -3.375410276930196574e+02 -9.893590737740136376e+01 -5.175376629104222520e+05 -5.764847131160772656e+13 1.067003501872550456e-06 -1.841885558756937826e+03 9.955156653805224964e-01 -5.813601592558699238e-01 9.744620217772833604e-01 1.868799047343638331e-01
1.000000000000000000e+00 -3.430203407670717866e+02 -1.394396780741710700e+02 -5.193794927809010842e+05 -5.805952395622062500e+13 1.147181780522268847e-06 -9.624257334496602425e+02 -9.987811283461064393e-01 -3.033404300833310585e-01 9.873852937000324737e-01 -9.782950712692117801e-02
1.000000000000000000e+00 -3.395930844836902338e+02 -1.763617798547711573e+02 -5.212213175356077263e+05 -5.847203572212760938e+13 1.182910463250073648e-06 3.753244177474578464e+03 9.813532496394108406e-01 1.181275572908350169e+00 9.189031855216123201e-01 -3.743224095856790279e-01
1.000000000000000000e+00 -3.273490246951753875e+02 -2.087185545517792491e+02 -5.230631415789452731e+05 -5.888600758884878125e+13 1.170476991502628001e-06 -6.473957207839762305e+03 -9.436040779185353999e-01 -2.034681522298900536e+00 7.747027864507695094e-01 -6.199483231247656656e-01
1.000000000000000000e+00 -3.067015760629540750e+02 -2.357123321940660787e+02 -5.249049691975844325e+05 -5.930144052327030469e+13 1.111668200546125058e-06 9.069094376733535682e+03 8.862892327819633653e-01 2.846253824308929925e+00 5.665746375165290338e-01 -8.145511100003542948e-01
1.000000000000000000e+00 -2.782025696722959083e+02 -2.567026470971906633e+02 -5.267468043954060413e+05 -5.971833544175196094e+13 1.012666048225868256e-06 -1.148521884315921488e+04 -8.105386120451796295e-01 -3.599423454191890137e+00 3.115031545366424570e-01 -9.420541998173546094e-01
1.000000000000000000e+00 -2.426006676920001155e+02 -2.711542281850536824e+02 -5.285886512073273771e+05 -6.013669328041325781e+13 8.837383748913423810e-07 1.367194158816464733e+04 7.178385637423985166e-01 4.278669014854574293e+00 3.034645745626354460e-02 -9.917557275860072741e-01
1.000000000000000000e+00 -2.009034358822167121e+02 -2.787650163846795408e+02 -5.304305131255300948e+05 -6.055651486424739844e+13 7.386025693149156378e-07 -1.558270417015845487e+04 -6.100163814412875585e-01 -4.869753957166709668e+00 -2.537701902401875431e-01 -9.592189641709835124e-01
1.000000000000000000e+00 -1.541762670578716836e+02 -2.794159586791835181e+02 -5.322723930596142309e+05 -6.097780089584033594e+13 5.919703160681081270e-07 1.717572738306213432e+04 4.892170377367355272e-01 5.360013564302835043e+00 -5.172773543367803484e-01 -8.467139241621909340e-01
1.000000000000000000e+00 -1.035964983915144728e+02 -2.731058993739812308e+02 -5.341142937032672344e+05 -6.140055203736440625e+13 4.584112845501447616e-07 -1.841499490760896879e+04 -3.578671789749220955e-01 -5.738650412077283214e+00 -7.380748426709278220e-01 -6.631333631299819453e-01
1.000000000000000000e+00 -5.050150237437566147e+01 -2.600644233020381080e+02 -5.359562171755675226e+05 -6.182476882696832031e+13 3.514140893530523367e-07 1.927105335580600149e+04 2.186410084318970715e-01 5.996970199659985568e+00 -8.973559572916435245e-01 -4.233823527179580437e-01
1.000000000000000000e+00 3.816393082086129152e+00 -2.406824898435894511e+02 -5.377981647400399670e+05 -6.225045161146043750e+13 2.815492200320684616e-07 -1.972182771751139444e+04 -7.441973671719716299e-02 -6.128620377162931732e+00 -9.812294829468711788e-01 -1.472719677182708908e-01
1.000000000000000000e+00 5.804940352836364781e+01 -2.154397437858701778e+02 -5.396401373811099911e+05 -6.267760067682403125e+13 2.556126758236738560e-07 1.975339596985566823e+04 -7.176952513996387450e-02 6.129814085946033941e+00 -9.819983193688500700e-01 1.420550296066608598e-01
1.000000000000000000e+00 1.108291019548403114e+02 -1.850081230443149423e+02 -5.414821352587408619e+05 -6.310621611999401562e+13 2.761482273578110378e-07 -1.936055353736968391e+04 2.168051177012261244e-01 -5.999487097724356843e+00 -8.989423809914453001e-01 4.200034837203457383e-01
1.000000000000000000e+00 1.609271286622046659e+02 -1.501692556980105451e+02 -5.433241578690453898e+05 -6.353629788315206250e+13 3.412515044353707706e-07 1.854727887903105147e+04 -3.575390580992757195e-01 5.739422834675134588e+00 -7.385406695159965063e-01 6.626145260637282819e-01
1.000000000000000000e+00 2.071818626437784587e+02 -1.117412400850646748e+02 -5.451662044806566555e+05 -6.396784585349932031e+13 4.447613907083476935e-07 -1.732691609924923614e+04 4.908739922182815407e-01 -5.354288894138798938e+00 -5.140546911260267526e-01 8.486743222291579514e-01
1.000000000000000000e+00 2.484518612653016589e+02 -7.067835125172636879e+01 -5.470082736108112149e+05 -6.440085973898976562e+13 5.766601724054197921e-07 1.572220882702819290e+04 -6.138286205447655020e-01 4.851627373913386165e+00 -2.445116082004381575e-01 9.616207174011128789e-01
1.000000000000000000e+00 2.838087402126531060e+02 -2.798050530194480956e+01 -5.488503631253022468e+05 -6.483533908896595312e+13 7.245354877662004761e-07 -1.376507283039275353e+04 7.236142062136599051e-01 -4.241764764168320490e+00 4.686754555977806769e-02 9.911123870949235526e-01
1.000000000000000000e+00 3.124487440402266429e+02 1.537579797024396555e+01 -5.506924706913657719e+05 -6.527128339893340625e+13 8.745890706115176727e-07 1.149599069621535455e+04 -8.177127176552966281e-01 3.537606289866709108e+00 3.346838860037778529e-01 9.340701403691297200e-01
1.000000000000000000e+00 3.336455718899206317e+02 5.833913749331657073e+01 -5.525345934805049328e+05 -6.570869203909166406e+13 1.012501653609788768e-06 -8.963274535508011468e+03 8.939410104229483789e-01 -2.754391415253202524e+00 5.936065295754968663e-01 7.950670529742319692e-01
1.000000000000000000e+00 3.469346000142124922e+02 9.987842377798997973e+01 -5.543767282412451459e+05 -6.614756426973062500e+13 1.125445505212561921e-06 6.222021734766718509e+03 -9.505133500360548604e-01 1.909357187673982326e+00 8.006730960117557361e-01 5.860229722483114578e-01
1.000000000000000000e+00 3.520087326169454514e+02 1.390458647548044553e+02 -5.562188716901370790e+05 -6.658789933317140625e+13 1.202712304575184811e-06 -3.332731866241097123e+03 9.860950407084499991e-01 -1.021300545240529933e+00 9.374164783274380186e-01 3.251932915051898854e-01
1.000000000000000000e+00 3.486724595913956932e+02 1.748794307543033142e+02 -5.580610201487251325e+05 -6.702969636643076562e+13 1.236391385589703190e-06 3.599439754023822502e+02 -9.998393649037478070e-01 1.101504979366135090e-01 9.915824102136950868e-01 3.556198018382662057e-02
1.000000000000000000e+00 3.370164792837882146e+02 2.065008776348754793e+02 -5.599031696241719183e+05 -6.747295441908657031e+13 1.223353226462056852e-06 2.629391185009435503e+03 9.914155467284309076e-01 8.035371429306604751e-01 9.582954778862222689e-01 -2.572355102675606964e-01
1.000000000000000000e+00 3.172967957168509088e+02 2.331717789237991667e+02 -5.617453164617671864e+05 -6.791767260981431250e+13 1.164844151823774709e-06 -5.567819651362935474e+03 -9.610190248916447020e-01 -1.699166520219157706e+00 8.405244922747013847e-01 -5.272749838235747388e-01
1.000000000000000000e+00 2.898898792386419814e+02 2.541960640972712326e+02 -5.635874568640210200e+05 -6.836385001105832812e+13 1.065804380646733618e-06 8.388964770730957753e+03 9.093654931832848565e-01 2.556583679194047498e+00 6.488038616953366589e-01 -7.507022577087496540e-01
1.000000000000000000e+00 2.554552209546862684e+02 2.690185160852638546e+02 -5.654295870228084968e+05 -6.881148568062940625e+13 9.355231837933932170e-07 -1.102926693644857733e+04 -8.376715330395108072e-01 -3.356602988449417513e+00 4.002488019644965256e-01 -9.079103629796174690e-01
1.000000000000000000e+00 2.147957404321518027e+02 2.772719987332052369e+02 -5.672717035254418151e+05 -6.926057876082067188e+13 7.863202462922093816e-07 1.342969542215390902e+04 7.476168120476262002e-01 4.081520736241849967e+00 1.169448188017880863e-01 -9.853041358053929999e-01
