1.000000000000000000e+00 3.209011743807990342e+02 -1.222041010199318123e+02 -4.974449915248284233e+05 -2.148967277600638672e+13 6.275310279808430686e-06 -1.622076811649014170e-06 1.158377306193500490e-06 -1.330812814173675563e-06 7.085434218997713742e+02 2.043960338643783903e+00 -8.320298526929279515e-01 -3.259726094643148470e-02 1.437876919869647274e+00 7.050530933419157518e+05 -1.430665152251133621e+08 -1.776136035025440152e-01
1.000000000000000000e+00 2.999871637070550037e+02 -1.912121742726091611e+02 -5.020102244182478171e+05 -2.188591974571777734e+13 5.920168523412632035e-06 -2.561348512150641579e-06 1.126569428338124751e-06 7.765443940588545547e-06 4.008739020982132217e+01 1.151106939531119089e-01 9.995113852799055731e-01 -1.836838224366396698e-03 -1.936378354758004350e-01 4.007386592712691345e+04 1.726572983260080218e+08 -1.005458486556219319e-02
1.000000000000000000e+00 2.716732886707000034e+02 -2.554936377393126463e+02 -5.065754374940776615e+05 -2.228578486321702734e+13 5.410157436586057507e-06 -3.453542388164697589e-06 1.095335383267833347e-06 -1.293229080025840637e-06 -7.805641988841121020e+02 -2.231143845160922012e+00 -7.958307533603279360e-01 3.557933275034085019e-02 -1.742662142013477355e+00 -7.838826127969624940e+05 -1.381041912964002788e+08 1.956500517234992520e-01
1.000000000000000000e+00 2.365954371806797667e+02 -3.134865742570065663e+02 -5.111406280512647354e+05 -2.268926784156599219e+13 4.754070330305720117e-06 -4.275628083748547261e-06 1.067560479538711104e-06 9.292654436297125054e-07 1.236637912579921704e+03 3.518695053999361111e+00 2.966635575623840504e-01 -5.611604713488674290e-02 -1.122675556237755501e+00 1.247569730860451935e+06 5.171662923430047184e+07 -3.099910226052123297e-01
1.000000000000000000e+00 1.955455568394451120e+02 -3.636297125979998555e+02 -5.157057938948760275e+05 -2.309636843059405469e+13 3.964320864938596126e-06 -5.003823082326872488e-06 1.045450097826055451e-06 9.925711042244254371e-07 -1.235686942978045408e+03 -3.500069418266345878e+00 3.125773099356546347e-01 5.581472136353983482e-02 8.308687348456007538e-01 -1.252280457782282494e+06 5.473868160193038732e+07 3.097288639264154653e-01
1.000000000000000000e+00 1.495704006386155243e+02 -4.045668865945051493e+02 -5.202709335102029145e+05 -2.350708643463765234e+13 3.059102687170979287e-06 -5.616431539616808841e-06 1.030988287172819420e-06 -1.303626895330658945e-06 7.739235428832113257e+02 2.182248983984118151e+00 -8.057447990604041932e-01 -3.480264895135134345e-02 1.486468696260755395e+00 7.878674571504481137e+05 -1.417412809269639552e+08 -1.940024300383068334e-01
1.000000000000000000e+00 9.979382388047751817e+01 -4.352665182364578982e+02 -5.248360460706689628e+05 -2.392142171595799609e+13 2.058951678607031611e-06 -6.095642512108050674e-06 1.025425040516804816e-06 7.774589762156884889e-06 -1.948436997489156042e+01 -5.469397474775190837e-02 9.998893200540575066e-01 8.710977124689746982e-04 -3.875262402519433214e-02 -1.992482864583166520e+04 1.766867146452358961e+08 4.877697678499509464e-03
1.000000000000000000e+00 4.743389988537413160e+01 -4.548186558383513329e+02 -5.294011309910929995e+05 -2.433937415639151953e+13 9.871713270459666922e-07 -6.424860580463894362e-06 1.028689162150452387e-06 -1.321608138614337812e-06 -7.488954936258926409e+02 -2.092810801639434448e+00 -8.230446908956340346e-01 3.337333491556525311e-02 -1.690523729845430312e+00 -7.692611721965759061e+05 -1.460897517271396816e+08 1.877119694943509276e-01
1.000000000000000000e+00 -6.118615108819071224e+00 -4.626341751742948532e+02 -5.339661888485377422e+05 -2.476094374370965625e+13 -1.284356913978405395e-07 -6.591618168757682371e-06 1.040138300817569140e-06 1.109451618203084373e-06 1.245057902836322455e+03 3.463878183387661291e+00 3.408869836428060629e-01 -5.524182979950811867e-02 -1.245669677005664111e+00 1.284629331807832001e+06 6.077744533913370222e+07 -3.121016851775745837e-01
1.000000000000000000e+00 -5.949637540361774768e+01 -4.585329718422533460e+02 -5.385312210009281989e+05 -2.518613054055343750e+13 -1.259563973225524689e-06 -6.589038256976576266e-06 1.058652884265395857e-06 8.182369002253058716e-07 -1.281788455048859305e+03 -3.550277722037111339e+00 2.676430788314850262e-01 5.661538311551291003e-02 6.967500063677382061e-01 -1.328408757212737575e+06 4.793084986750417203e+07 3.212843692850313460e-01
1.000000000000000000e+00 -1.113432891492127652e+02 -4.425225105730452810e+02 -5.430962293545509456e+05 -2.561493466559757812e+13 -2.377166871161365788e-06 -6.412874309509051473e-06 1.081955485845870357e-06 -1.273034842945091093e-06 8.413286205206857176e+02 2.320027156494506304e+00 -7.768737490414442393e-01 -3.699989912970274436e-02 1.522322399396037307e+00 8.757892371469403151e+05 -1.397423767222520411e+08 -2.108988666317449245e-01
1.000000000000000000e+00 -1.602489404251822691e+02 -4.149761314010983142e+02 -5.476612165499653202e+05 -2.604735631340854297e+13 -3.450054761790290546e-06 -6.064230177329705020e-06 1.107316161747581157e-06 7.730467903059272050e-06 -8.364741219099731495e+01 -2.296517694005395238e-01 9.980552907858364353e-01 3.661207388931216316e-03 1.201012066418126745e-01 -8.745740146700444166e+04 1.803193773741112649e+08 2.096081514408261459e-02
1.000000000000000000e+00 -2.049516101927188458e+02 -3.766775381680752162e+02 -5.522261856426099548e+05 -2.648339572672088281e+13 -4.449253657594376398e-06 -5.550438468148332024e-06 1.132234744664420027e-06 -1.348288942342207437e-06 -7.117607353665171104e+02 -1.945582114310935751e+00 -8.492320347145660975e-01 3.102547459553079909e-02 -1.622779134189658024e+00 -7.474460193291037576e+05 -1.541047103224378526e+08 1.784037607777641810e-01
1.000000000000000000e+00 -2.443172987224199062e+02 -3.285707752360706309e+02 -5.567911402256668080e+05 -2.692305320996369531e+13 -5.347679477957195135e-06 -4.881595852371916681e-06 1.153895479158673505e-06 1.306540733653011961e-06 1.249131288833389135e+03 3.399618436854984438e+00 3.856057183113328346e-01 -5.421701872221865171e-02 -1.362056820325735718e+00 1.317490049749558326e+06 7.027914361498723924e+07 -3.131227796612062741e-01
1.000000000000000000e+00 -2.772737901646490855e+02 -2.719127578042280788e+02 -5.613560845195457805e+05 -2.736632914011730469e+13 -6.118797611058758346e-06 -4.072945433111554619e-06 1.169780247020462443e-06 6.501823711522187432e-07 -1.326176717338956223e+03 -3.593670558007705296e+00 2.209095746847556385e-01 5.730735989408675818e-02 5.514946350306749734e-01 -1.404836823779615341e+06 4.043735689579394460e+07 3.324104412690537802e-01
1.000000000000000000e+00 -3.030036870043509794e+02 -2.082764668355722790e+02 -5.659210230516294250e+05 -2.781322393772054688e+13 -6.740972816651624975e-06 -3.145115523108627582e-06 1.178684796065501849e-06 -1.238925265395741383e-06 9.101418247469747485e+02 2.455663522699764290e+00 -7.455330499755744578e-01 -3.916299530022224890e-02 1.543705970508042702e+00 9.683015603983268375e+05 -1.370604641466660798e+08 -2.281482938168825914e-01
1.000000000000000000e+00 -3.208993570026597126e+02 -1.392772202584485228e+02 -5.704859600681132870e+05 -2.826373800980911328e+13 -7.196687464961918047e-06 -2.120145292205415877e-06 1.179941138803744338e-06 7.630877616529422886e-06 -1.516947708432345507e+02 -4.075317033758169560e-01 9.938641915366320800e-01 6.497912184903718857e-03 2.797312000633694340e-01 -1.620843809609210293e+05 1.835022264848289788e+08 3.801755404889960166e-02
1.000000000000000000e+00 -3.304854085033798583e+02 -6.671086210330550159e+01 -5.750508998929656809e+05 -2.871787178465332422e+13 -7.470977215932048965e-06 -1.023630961154755044e-06 1.173266064407190747e-06 -1.372823612200164163e-06 -6.697112272146783880e+02 -1.791502339508671104e+00 -8.738455247848371243e-01 2.856835581368890806e-02 -1.540041526565614882e+00 -7.186528058659109520e+05 -1.620354167662732601e+08 1.678636092307667915e-01
1.000000000000000000e+00 -3.315902080353180850e+02 7.466904170189181400e+00 -5.796158470943694701e+05 -2.917562572882265234e+13 -7.555457782599236292e-06 1.154838891814615736e-07 1.159677417437761046e-06 1.518505488703286534e-06 1.248916980589975083e+03 3.326674570876737569e+00 4.299218038425837718e-01 -5.305371482063313965e-02 -1.468216881140652408e+00 1.345916658151459647e+06 8.006040953640817106e+07 -3.130690752516918085e-01
1.000000000000000000e+00 -3.242702044837795938e+02 8.141983443525923292e+01 -5.841808056182373548e+05 -2.963700026023585547e+13 -7.446859564852762358e-06 1.269164953300915533e-06 1.140922302924319371e-06 4.915670672420999647e-07 -1.368186878316662842e+03 -3.628916584683131497e+00 1.733543594953068923e-01 5.786942123192673898e-02 3.988694325032489663e-01 -1.480727705429228023e+06 3.241964741420738399e+07 3.429404331550069962e-01
1.000000000000000000e+00 -3.087186847086252328e+02 1.532872953976607278e+02 -5.887457793932767818e+05 -3.010199580756685938e+13 -7.145120496096957551e-06 2.408100130018071572e-06 1.118969150849367695e-06 -1.201792907513542391e-06 9.790314867491415498e+02 2.585775646041394538e+00 -7.123921078065531542e-01 -4.123799491458882832e-02 1.549392894256722997e+00 1.064054380674113519e+06 -1.337919557595653981e+08 -2.454169029439391692e-01
1.000000000000000000e+00 -2.854161717265282050e+02 2.212087807414845031e+02 -5.933107716620503925e+05 -3.057061274124185547e+13 -6.657016676686082177e-06 3.502072784521281710e-06 1.096539391621906266e-06 7.479775731091202683e-06 -2.220146492378182472e+02 -5.839103361612308918e-01 9.873631054817814112e-01 9.310670112242595484e-03 4.350013334759689765e-01 -2.423139660801304562e+05 1.862161946819921136e+08 5.564389614554107744e-02
1.000000000000000000e+00 -2.550289627477796444e+02 2.835896378837626344e+02 -5.978757850997276837e+05 -3.104285138305079688e+13 -5.994035404874457984e-06 4.524201037654362680e-06 1.076429145813214872e-06 -1.394698614160213122e-06 -6.240628625706330013e+02 -1.634447171666767895e+00 -8.962348305175814600e-01 2.606378411584017382e-02 -1.444843459515613215e+00 -6.839858790082882624e+05 -1.697400606317752004e+08 1.564213504550262257e-01
1.000000000000000000e+00 -2.183103297841460630e+02 3.389362417148456643e+02 -6.024408218716054689e+05 -3.151871200991692969e+13 -5.170202021924812264e-06 5.448450060609812172e-06 1.060619841007199287e-06 1.740936795167724903e-06 1.244925927683753116e+03 3.246920694154535880e+00 4.727057466351254345e-01 -5.178180654028507329e-02 -1.560739798578913096e+00 1.370177049208428944e+06 8.990167780668778718e+07 -3.120686546772859504e-01
1.000000000000000000e+00 -1.762385773295031015e+02 3.858738764427724277e+02 -6.070058837648747722e+05 -3.199819486576757031e+13 -4.205452327682579150e-06 6.249983221904274054e-06 1.050856323358753635e-06 3.452500008618021292e-07 -1.407333075153563641e+03 -3.655259567065141990e+00 1.261705552630239535e-01 5.828950773472217628e-02 2.438042601920357433e-01 -1.555381441103496356e+06 2.409582334328813851e+07 3.527525623299109792e-01
1.000000000000000000e+00 -1.298999814602320839e+02 4.233883409587706410e+02 -6.115709717535276432e+05 -3.248130011381857031e+13 -3.123020159399984168e-06 6.909177191764934080e-06 1.048688296068993919e-06 -1.162384966611725684e-06 1.046730297356624305e+03 2.707427010468779205e+00 -6.782855840596848651e-01 -4.317806661202331503e-02 1.539623013296691267e+00 1.161647008717231918e+06 -1.300755612803429514e+08 -2.623870167099484063e-01
1.000000000000000000e+00 -8.039068580756313054e+01 4.506355542848399978e+02 -6.161360861419343855e+05 -3.296802784871539453e+13 -1.947158093958970142e-06 7.408711305842747525e-06 1.054543830556279347e-06 7.286460459357417686e-06 -2.930763134883456473e+02 -7.549370348024833088e-01 9.787851393216524531e-01 1.203807438945742395e-02 5.815867988853326009e-01 -3.265968976555647096e+05 1.884787704949514270e+08 7.345614540000301729e-02
1.000000000000000000e+00 -2.895172923116003716e+01 4.669531650674063030e+02 -6.207012266843025573e+05 -3.345837810675707812e+13 -7.064410823229013199e-07 7.733863451040759497e-06 1.067985167702146758e-06 -1.413722742787713989e-06 -5.760386111637543536e+02 -1.477736523259421952e+00 -9.160563585484710059e-01 2.356470232770466883e-02 -1.340359816258702930e+00 -6.445661996814165032e+05 -1.771258163943291306e+08 1.443835300427745438e-01
1.000000000000000000e+00 2.315517552952803726e+01 4.720766936595671268e+02 -6.252663923141495325e+05 -3.395235083433550391e+13 5.691568917145295657e-07 7.876226900983159437e-06 1.088234784820656329e-06 1.970168736695282217e-06 1.237710070431380473e+03 3.162183239886416253e+00 5.132786874851384962e-01 -5.043042191487699666e-02 -1.638154775415887165e+00 1.390631819800019031e+06 9.965296108387751877e+07 -3.102598755064267522e-01
1.000000000000000000e+00 7.473924189856730038e+01 4.659264963089005391e+02 -6.298315818055380369e+05 -3.444994595701694922e+13 1.850512219804412864e-06 7.830372368905832444e-06 1.113511164113089338e-06 2.118260784755844082e-07 -1.443472695314226257e+03 -3.672878914647506932e+00 8.005895971871380967e-02 5.857048048653579198e-02 8.984471300913768332e-02 -1.628440448984461837e+06 1.560691226167586818e+07 3.618110829564141206e-01
1.000000000000000000e+00 1.245433188243288356e+02 4.486180999269816994e+02 -6.343967933107664576e+05 -3.495116332796934766e+13 3.105991399455567169e-06 7.594135528441150829e-06 1.141255547003142264e-06 -1.121140449513337786e-06 1.112672348527826216e+03 2.819696982702601051e+00 -6.437106290821047461e-01 -4.496852778746439350e-02 1.515680525862353134e+00 1.260356765719481744e+06 -1.259971205591035187e+08 -2.789167767810583620e-01
1.000000000000000000e+00 1.713712412406897840e+02 4.206558324726639739e+02 -6.389620241720557678e+05 -3.545600270459817188e+13 4.304590319823128380e-06 7.172037222805955058e-06 1.169210871470004297e-06 7.060539701284800759e-06 -3.642666911235709222e+02 -9.193880001575350791e-01 9.683696407873196854e-01 1.466060930750394398e-02 7.178074174299863275e-01 -4.142871247389366035e+05 1.903123093744848967e+08 9.130062975487585053e-02
1.000000000000000000e+00 2.141699078820019793e+02 3.827019094979808642e+02 -6.435272714837122476e+05 -3.596446380816927344e+13 5.418065378338061264e-06 6.571555168186447945e-06 1.195010939563507061e-06 -1.430098041728679854e-06 -5.260316613005803674e+02 -1.322338200839856537e+00 -9.333855218648536844e-01 2.108654424250884854e-02 -1.228645392170127026e+00 -6.006791684928344330e+05 -1.841770381022272706e+08 1.318487030314569597e-01
1.000000000000000000e+00 2.518882731558742023e+02 3.355889968326679877e+02 -6.480925320701143937e+05 -3.647654632034798438e+13 6.417469323391089264e-06 5.803437381629286360e-06 1.215995378608248270e-06 2.205772271877172938e-06 1.227411028880016602e+03 3.073116174882083218e+00 5.516909795550872797e-01 -4.900999053031867420e-02 -1.700934493796353086e+00 1.407221332503757672e+06 1.092979483979736120e+08 -3.076782394775737783e-01
1.000000000000000000e+00 2.836068535567401341e+02 2.804942713366245925e+02 -6.526578023156616837e+05 -3.699224986285204688e+13 7.276475828927688807e-06 4.884837296784725194e-06 1.230293171209363889e-06 8.950738343597693217e-08 -1.476670916783123175e+03 -3.682459078959120724e+00 3.492413659479393084e-02 5.872325433405824191e-02 -6.217842974632950548e-02 -1.699772737815150293e+06 6.946668175712359138e+06 3.701323324966575012e-01
1.000000000000000000e+00 3.086082100124602334e+02 2.186938363673236267e+02 -6.572230785574848996e+05 -3.751157404053577344e+13 7.973318563470622582e-06 3.835216819384258464e-06 1.236599411588331115e-06 -1.077828615486588680e-06 1.177078129103857236e+03 2.923692196635679696e+00 -6.085783305017815614e-01 -4.662702635326449602e-02 1.478688163611938888e+00 1.360317477431856561e+06 -1.215332775503014773e+08 -2.950614508702212313e-01
1.000000000000000000e+00 3.262321040413640389e+02 1.515773384530768624e+02 -6.617883568979906850e+05 -3.803451841965554688e+13 8.487204260924148969e-06 2.676664703168967087e-06 1.233787526869965105e-06 6.807560762214967239e-06 -4.360691897363673206e+02 -1.078849234556573888e+00 9.561747659807851019e-01 1.720356766706793508e-02 8.444832893411741148e-01 -5.059544196516069933e+05 1.917065746480389535e+08 1.092985216913118091e-01
1.000000000000000000e+00 3.360065349993817563e+02 8.080389124806926304e+01 -6.663536330243215198e+05 -3.856108250604400781e+13 8.801796616821150752e-06 1.436738131134452805e-06 1.222042437200826855e-06 -1.444239042819175767e-06 -4.734137851821204777e+02 -1.166627058545079976e+00 -9.485537968060336889e-01 1.860339348795139042e-02 -1.109738836879492263e+00 -5.514562973398272879e+05 -1.909307618716192245e+08 1.186593970430968314e-01
1.000000000000000000e+00 3.377036311424240012e+02 8.043274706149041720e+00 -6.709189030060517834e+05 -3.909126583641949219e+13 8.906859337785416801e-06 1.439937037581125337e-07 1.202676608159742365e-06 2.451100132173158284e-06 1.213559025044732834e+03 2.978822201180466145e+00 5.885557683963198450e-01 -4.750620258972864524e-02 -1.750316337752994222e+00 1.419183563708819682e+06 1.189348220292847604e+08 -3.042059886918854206e-01
1.000000000000000000e+00 3.311895775401507649e+02 -6.500943185512900868e+01 -6.754841630483951885e+05 -3.962506795094781250e+13 8.794490166187419954e-06 -1.171742317208704071e-06 1.177042554325274956e-06 -2.478816434507797290e-08 -1.506948770631912566e+03 -3.684523992925602620e+00 -9.973575746615209042e-03 5.875618435626280001e-02 -2.137585394102790859e-01 -1.769200013916084543e+06 -2.023359599112579832e+06 3.777215827638193413e-01
1.000000000000000000e+00 3.165544692809179423e+02 -1.364951063000843021e+02 -6.800494093400257407e+05 -4.016248837580517969e+13 8.462676749887150683e-06 -2.476840963035208819e-06 1.147154807794111247e-06 -1.031533414040792759e-06 1.240621635251029147e+03 3.021538368224804483e+00 -5.722922359994311314e-01 -4.818746250734800424e-02 1.428700118956281129e+00 1.462217353239004966e+06 -1.165558767006525695e+08 -3.109899881065083527e-01
1.000000000000000000e+00 2.941489589568170686e+02 -2.046608517894018178e+02 -6.846146385051702382e+05 -4.070352667687077344e+13 7.916483881673816201e-06 -3.738707860933056361e-06 1.115838151705579485e-06 6.528247333929740727e-06 -5.096828524506973395e+02 -1.236520261865915016e+00 9.420091379188567648e-01 1.971797315597187059e-02 9.635181403182353499e-01 -6.030594870841094526e+05 1.926011984574943781e+08 1.277503736576183768e-01
1.000000000000000000e+00 2.644253416902328695e+02 -2.678448778520992164e+02 -6.891798473234868143e+05 -4.124818242792238281e+13 7.163981882959359325e-06 -4.925569913662092120e-06 1.085721223364820108e-06 -1.456534244698672661e-06 -4.168586156778771397e+02 -1.007416333119222296e+00 -9.618984892365448625e-01 1.606443009269898151e-02 -9.820222310780248876e-01 -4.951421773893109057e+05 -1.974304434294231236e+08 1.044831428328253237e-01
1.000000000000000000e+00 2.280611405333623622e+02 -3.243512581154985241e+02 -6.937450330064264126e+05 -4.179645524455307812e+13 6.219708252940184342e-06 -6.004212389921707358e-06 1.059396273558481542e-06 2.711919800596413331e-06 1.195200769089557980e+03 2.877309309834096052e+00 6.246492740888797135e-01 -4.588729009418012622e-02 -1.787019774960485918e+00 1.425136695908747613e+06 1.287050645411261171e+08 -2.996041637238957001e-01
1.000000000000000000e+00 1.859716106287469586e+02 -3.727257144801366735e+02 -6.983101936780523974e+05 -4.234834484420077344e+13 5.105213032766609392e-06 -6.945096915058104486e-06 1.039500690280976842e-06 -1.340112164874165440e-07 -1.534099972552413419e+03 -3.679012565728082329e+00 -5.557635163538394985e-02 5.866829638084070098e-02 -3.671262734694579755e-01 -1.836273636636648560e+06 -1.149522585977552831e+07 3.845271281054265522e-01
1.000000000000000000e+00 1.391377083898378260e+02 -4.117319336167423103e+02 -7.028753280285123037e+05 -4.290385100746200781e+13 3.844518725436753320e-06 -7.722064482332866004e-06 1.027679839111605008e-06 -9.809761941777452562e-07 1.303918923933529186e+03 3.115060682838551642e+00 -5.340827608066809340e-01 -4.967894377442116927e-02 1.364669585884041414e+00 1.566736680605703034e+06 -1.108913628777559847e+08 -3.268568147135517132e-01
1.000000000000000000e+00 8.871851740425010746e+01 -4.402302801198352995e+02 -7.074404349767834647e+05 -4.346297353889649219e+13 2.467305857547733473e-06 -8.310178701144197404e-06 1.024533380176595843e-06 6.221383853201247440e-06 -5.862911024197838969e+02 -1.395320207684401570e+00 9.255259247871208128e-01 2.225037758040109351e-02 1.076111477225176971e+00 -7.071541081902841106e+05 1.929003838068707287e+08 1.469528208389583313e-01
1.000000000000000000e+00 3.603832997208170497e+01 -4.574467402857661682e+02 -7.120055144118136959e+05 -4.402571235958880469e+13 1.008711215885552933e-06 -8.690894284137043259e-06 1.030283914944554810e-06 -1.467161279278581669e-06 -3.550680620270107397e+02 -8.418275670126390553e-01 -9.735517715149010209e-01 1.342375036213747791e-02 -8.436975610550075944e-01 -4.298940380086168880e+05 -2.036819770803071856e+08 8.899455668101360906e-02
1.000000000000000000e+00 -1.759855458230297742e+01 -4.629243591371503612e+02 -7.165705670293766307e+05 -4.459206749068905469e+13 -4.957409563769870392e-07 -8.851351192061775438e-06 1.044280083069424264e-06 2.993394546139473628e-06 1.171357583332963031e+03 2.766675521077662570e+00 6.604400087789890073e-01 -4.412292098109109328e-02 -1.810540838102787875e+00 1.423580745575063629e+06 1.386978485766087472e+08 -2.936274423874868367e-01
1.000000000000000000e+00 -7.080567822019713731e+01 -4.563914834085667849e+02 -7.211355941358137643e+05 -4.516203903202956250e+13 -2.007261036247251394e-06 -8.782032430609985752e-06 1.064659960383440347e-06 -2.396777129151839457e-07 -1.557686294360095189e+03 -3.665321996296546203e+00 -1.024427049726648054e-01 5.844997767479043205e-02 -5.231073536093482357e-01 -1.900243300949888537e+06 -2.159503871609001234e+07 3.904391251183649825e-01
1.000000000000000000e+00 -1.221459254395411591e+02 -4.380084276258352816e+02 -7.257005980524114566e+05 -4.573562721551533594e+13 -3.484619001015599230e-06 -8.481653386978933485e-06 1.089264941132182540e-06 -9.251410854186857417e-07 1.367022691041634289e+03 3.204626434561967052e+00 -4.935087551589433241e-01 -5.110732750861754492e-02 1.285431736912636014e+00 1.673922635018958943e+06 -1.044235031069469154e+08 -3.426751391823641413e-01
1.000000000000000000e+00 -1.703213163701748556e+02 -4.082772735722786592e+02 -7.302655813621574780e+05 -4.631283231360754688e+13 -4.889547531011503650e-06 -7.955667260720343230e-06 1.115671825679066671e-06 5.888809895220401630e-06 -6.662118059713318416e+02 -1.555928623707614200e+00 9.064691518843344120e-01 2.481161774055353625e-02 1.181378993307393266e+00 -8.188348623438542709e+05 1.925221785560077429e+08 1.669855371522443177e-01
1.000000000000000000e+00 -2.140709090522283589e+02 -3.678885516563510691e+02 -7.348305471786484122e+05 -4.689365467468178906e+13 -6.183917546026655393e-06 -7.213466974204013286e-06 1.140746128545145512e-06 -1.476028506179837161e-06 -2.876777870335642433e+02 -6.693686872279306366e-01 -9.833611428374402497e-01 1.067350655883078474e-02 -6.948333190961739625e-01 -3.549021350750105339e+05 -2.096327175265756845e+08 7.210230831985846300e-02
1.000000000000000000e+00 -2.522063160832143751e+02 -3.179370688305605199e+02 -7.393954993366259150e+05 -4.747809474960114844e+13 -7.330803801807742367e-06 -6.272758123036542830e-06 1.161765151248953087e-06 3.296365565552139937e-06 1.141677530777114271e+03 2.646611814427664910e+00 6.957408059338908712e-01 -4.220816756960080879e-02 -1.819456030247289746e+00 1.413702437400097493e+06 1.488695127810658514e+08 -2.861876088404474716e-01
1.000000000000000000e+00 -2.837908479450742334e+02 -2.597860021447808094e+02 -7.439604421267727157e+05 -4.806615306030601562e+13 -8.299789246730231219e-06 -5.157107248897872887e-06 1.176967177474997191e-06 -3.412551208353121348e-07 -1.577255088996464110e+03 -3.642859544468739497e+00 -1.502844491710280395e-01 5.809177587981731450e-02 -6.795362358988605855e-01 -1.960301146273671649e+06 -3.227592061017115787e+07 3.953441158236188357e-01
1.000000000000000000e+00 -3.080220509839128340e+02 -1.948944465126415082e+02 -7.485253798765655374e+05 -4.865783014712835938e+13 -9.063734465477973190e-06 -3.892660850090083738e-06 1.184806453098236847e-06 -8.639318763693602674e-07 1.429218295283324323e+03 3.288809162993195478e+00 -4.508722621816145804e-01 -5.244986447589279621e-02 1.191243915059847280e+00 1.782870528678115923e+06 -9.718930923652029037e+07 -3.582658206799508860e-01
1.000000000000000000e+00 -3.242570718563878813e+02 -1.250087126046370116e+02 -7.530903170931024943e+05 -4.925312658761971094e+13 -9.599649033622345443e-06 -2.512047916039594564e-06 1.184509505843856906e-06 5.538967149951029093e-06 -7.484491945001623208e+02 -1.715963024972325446e+00 8.849405576852412691e-01 2.736369984897835464e-02 1.276367934592621989e+00 -9.370830254243453965e+05 1.914580289391729534e+08 1.875989225235918101e-01
1.000000000000000000e+00 -3.321684576754365139e+02 -5.199499765892674930e+01 -7.576552580854422413e+05 -4.985204294756473438e+13 -9.893475136705983994e-06 -1.051171983616332832e-06 1.176576417104752979e-06 -1.482899494933348240e-06 -2.157288977625837845e+02 -4.927938164179536118e-01 -9.910166297960408821e-01 7.857618885093549041e-03 -5.385385069298930238e-01 -2.710895304335092660e+05 -2.151934762256129980e+08 5.406735771395282386e-02
1.000000000000000000e+00 -3.316008989116280077e+02 2.233579051873311272e+01 -7.622202070407773135e+05 -5.045457979028062500e+13 -9.936078005737272070e-06 4.542786836604505967e-07 1.161886352279971797e-06 3.615655624256983787e-06 1.106810564538275230e+03 2.519111168901115860e+00 7.297737931355020580e-01 -4.017481402471880653e-02 -1.812665957081744939e+00 1.395920239672705531e+06 1.590447397779847682e+08 -2.774475911540920658e-01
1.000000000000000000e+00 -3.225819047636075538e+02 9.604391069483975230e+01 -7.667851683336317074e+05 -5.106073771731335938e+13 -9.723722158441732639e-06 1.965097539679115978e-06 1.141963420137469326e-06 -4.368519926901653279e-07 -1.592642037832296637e+03 -3.611728272098770898e+00 -1.980392717613977394e-01 5.759533435830634790e-02 -8.317270668049371318e-01 -2.015963323361739516e+06 -4.331711366550262272e+07 3.992009122415141054e-01
1.000000000000000000e+00 -3.054519870009676197e+02 1.672365445265617723e+02 -7.713501456126471749e+05 -5.167051724683333594e+13 -9.262182960986630796e-06 3.442098738283330317e-06 1.119511605564169361e-06 -7.982806863078621440e-07 1.489377321997640138e+03 3.365349615935603111e+00 -4.071484691526223720e-01 -5.367052409716676492e-02 1.084540024481345233e+00 1.892084949088951806e+06 -8.937837175118370354e+07 -3.733459967159943882e-01
1.000000000000000000e+00 -2.806963080791128391e+02 2.342264363833520520e+02 -7.759151418559285812e+05 -5.228391881821654688e+13 -8.561892344382852432e-06 4.849430179002641044e-06 1.097196145771977513e-06 5.185018756297429873e-06 -8.311777918359422301e+02 -1.871343871390781732e+00 8.614319850149121383e-01 2.984156735010556546e-02 1.357764692658121275e+00 -1.059730925764839398e+06 1.897869772449281216e+08 2.083354057734168041e-01
1.000000000000000000e+00 -2.489467181698519482e+02 2.953387833072706599e+02 -7.804801597409754759e+05 -5.290094283953421875e+13 -7.638131096260649736e-06 6.150677012203840467e-06 1.077194613256247879e-06 -1.487618327422024050e-06 -1.411271834924215796e+02 -3.165994652310017976e-01 -9.963022072973439780e-01 5.047794270490974650e-03 -3.798502382359563168e-01 -1.805811928996735369e+05 -2.202909591878623962e+08 3.536740978077732023e-02
1.000000000000000000e+00 -2.110931779409234252e+02 3.490788085422856284e+02 -7.850452013706839643e+05 -5.352158964900084375e+13 -6.514599123931457307e-06 7.312379476568958967e-06 1.061851232292408550e-06 3.942681612635133430e-06 1.068042876090491291e+03 2.387446240719068857e+00 7.616792234929917749e-01 -3.807505234543515082e-02 -1.790467278705607290e+00 1.371529395093966508e+06 1.690177359703124762e+08 -2.677298019483638214e-01
1.000000000000000000e+00 -1.680990160417608195e+02 3.942626426959566857e+02 -7.896102683455821825e+05 -5.414585952260301562e+13 -5.217912521653619375e-06 8.306900122669425653e-06 1.053064914252232137e-06 -5.248171198241097891e-07 -1.604051379108919491e+03 -3.572844671530352123e+00 -2.445309398678854329e-01 5.697526802412618968e-02 -9.749720243387435259e-01 -2.067206015719928779e+06 -5.445566180023800582e+07 4.020607061424126272e-01
1.000000000000000000e+00 -1.210040927946352554e+02 4.298081952855621921e+02 -7.941753616029625991e+05 -5.477375264991800000e+13 -3.777768182732183805e-06 9.108181458169789201e-06 1.051727672729616427e-06 -7.294557358529056472e-07 1.546610470854243431e+03 3.432679455877035046e+00 -3.633936673440432696e-01 -5.474429437332115761e-02 9.688984116411346603e-01 2.000276290927713271e+06 -8.121385657945375144e+07 -3.876927433601140005e-01
1.000000000000000000e+00 -7.102628446952597585e+01 4.548905434219092285e+02 -7.987404812857114011e+05 -5.540526911328689844e+13 -2.230199053774947589e-06 9.695119733601200316e-06 1.058306033225597340e-06 4.838633292319018648e-06 -9.128407985499202368e+02 -2.018874156223307903e+00 8.365364484416369928e-01 3.219423787106932139e-02 1.423792941217178143e+00 -1.184792187414879678e+06 1.876185373291717470e+08 2.288047644174604767e-01
1.000000000000000000e+00 -1.937002301677599547e+01 4.690434845048977763e+02 -8.033056267865053378e+05 -5.604040889083177344e+13 -6.116877468541584229e-07 1.005389833507828701e-05 1.072635792480258295e-06 -1.490226604432218136e-06 -6.545497754048287220e+01 -1.442527847228796956e-01 -9.992338739832835603e-01 2.299324616946869619e-03 -2.230917337179268989e-01 -8.525551782699888281e+04 -2.249006469421994686e+08 1.639909463806849335e-02
1.000000000000000000e+00 3.276245456194985195e+01 4.719351711617604224e+02 -8.078707972595806932e+05 -5.667917192529142969e+13 1.040488240952191601e-06 1.017336969765294420e-05 1.093283149840915829e-06 4.270466423833161815e-06 1.026433436158442873e+03 2.254161464525216818e+00 7.910277045187718015e-01 -3.594946076356920345e-02 -1.754318831534298573e+00 1.341645895553512964e+06 1.786662606268002391e+08 -2.572996949644111297e-01
1.000000000000000000e+00 8.407395674959263943e+01 4.635156815638446801e+02 -8.124359913497653324e+05 -5.732155808483977344e+13 2.685155719956570956e-06 1.004833623990995972e-05 1.118261972082925441e-06 -6.048860402555123527e-07 -1.611798094209502096e+03 -3.527304200101049503e+00 -2.891549674324778718e-01 5.624904571716108498e-02 -1.106822166471403079e+00 -2.114169028278088663e+06 -6.553955133828744292e+07 4.040024474532004639e-01
1.000000000000000000e+00 1.333640640864916236e+02 4.440924195650432011e+02 -8.170012068710376043e+05 -5.796756711545260938e+13 4.283318359899313865e-06 9.681365824877324408e-06 1.145584243564612473e-06 -6.581096746514985051e-07 1.600634313170521409e+03 3.490661655610968417e+00 -3.201337240174245702e-01 -5.566898971821867409e-02 8.470884399411952037e-01 2.106870469775231555e+06 -7.281500406968234479e+07 -4.012350113030185295e-01
1.000000000000000000e+00 1.795071484661888803e+02 4.140938427290300865e+02 -8.215664412643245887e+05 -5.861719870293955469e+13 5.797533601467439573e-06 9.077829820855674273e-06 1.172664147012783502e-06 4.505174803144242776e-06 -9.929222287671760796e+02 -2.157841259758991104e+00 8.105816889168633299e-01 3.441034783942023556e-02 1.474612935358163845e+00 -1.311512154916962376e+06 1.850110267747403681e+08 2.488776655192641574e-01
1.000000000000000000e+00 2.213576318283450917e+02 3.742148459418714310e+02 -8.261316914388672449e+05 -5.927045244870270312e+13 7.188902898976578202e-06 8.249181673703219936e-06 1.196812214630894245e-06 -1.490888926109531789e-06 1.088141196059377513e+01 2.356586444217674547e-02 -9.999800686047639608e-01 -3.769397691477822661e-04 -6.999928697214466422e-02 1.442276329640160475e+04 -2.290331284721173048e+08 -2.735740807075223019e-03
1.000000000000000000e+00 2.579388583129558015e+02 3.254689659104042789e+02 -8.306969541034024442e+05 -5.992732791541210938e+13 8.423221601351757530e-06 7.214276358603178629e-06 1.216065409043219941e-06 4.596937262329354199e-06 9.821515021997961412e+02 2.119706209329025093e+00 8.179503896495164961e-01 -3.380520578289207545e-02 -1.705636828808267502e+00 1.306299150457643671e+06 1.879900489421913326e+08 -2.461996995109347053e-01
1.000000000000000000e+00 2.884099484468142691e+02 2.689426404659923833e+02 -8.352622258981408086e+05 -6.058782464535750781e+13 9.470042177596151917e-06 5.994087500974188579e-06 1.228467256772838777e-06 -6.782028848880179112e-07 -1.615942544893607646e+03 -3.475580346508609253e+00 -3.320976334065200430e-01 5.542421790965617462e-02 -1.227463830397251821e+00 -2.156680659959681332e+06 -7.658953757587197423e+07 4.050412648718249020e-01
1.000000000000000000e+00 3.119729235946618360e+02 2.059410243536435701e+02 -8.398275029509399319e+05 -6.125194209543648438e+13 1.029972978213385712e-05 4.615019435487488799e-06 1.232294159115722837e-06 -5.837259566170403620e-07 1.651662959518168464e+03 3.540235964509456768e+00 -2.771485099842275202e-01 -5.645959694308080173e-02 7.198028975750393466e-01 2.211933137481421232e+06 -6.413673562454895675e+07 -4.140264704355485770e-01
1.000000000000000000e+00 3.280570666182497348e+02 1.380178050276632575e+02 -8.443927810999689391e+05 -6.191967966777926562e+13 1.088962047947175940e-05 3.109712224232267801e-06 1.227250327946278742e-06 4.183351037553652701e-06 -1.071979133190446191e+03 -2.289873933201663547e+00 7.834475583066664583e-01 3.651587150404488752e-02 1.511342368588825202e+00 -1.440530426649376284e+06 1.819239067359518409e+08 2.686937405806517076e-01
1.000000000000000000e+00 3.362735419817152547e+02 6.672127866262383122e+01 -8.489580562228324125e+05 -6.259103675713080469e+13 1.122271069098116967e-05 1.511440890214858522e-06 1.213818065397012940e-06 -1.489737440252026794e-06 8.873595516788249427e+01 1.889054104162768699e-01 -9.986854316211098981e-01 -3.013673579326680077e-03 8.032924918530844061e-02 1.196509651732070779e+05 -2.326960603377653062e+08 -2.225115471497891156e-02
1.000000000000000000e+00 3.363226855048521315e+02 -6.260129850229442461e+00 -8.535233245511107380e+05 -6.326601279763662500e+13 1.128470969341641415e-05 -1.425736631675457492e-07 1.192771859124771685e-06 4.924859303564252191e-06 9.343536971901065726e+02 1.982351368408343362e+00 8.429382580561060045e-01 -3.161471222022935873e-02 -1.644748728048906372e+00 1.264163735754161142e+06 1.970749944412623048e+08 -2.342184096512811009e-01
1.000000000000000000e+00 3.281716851580150660e+02 -7.909066948925746487e+01 -8.580885820863075787e+05 -6.394460717719935156e+13 1.107011329206235903e-05 -1.810914506747210109e-06 1.165969255697022038e-06 -7.466414226168548052e-07 -1.616079771430368737e+03 -3.417131391606870405e+00 -3.741142604974641572e-01 5.449214577309510060e-02 -1.338566449691069193e+00 -2.193942576202013064e+06 -8.776279849529582262e+07 4.050756524320925367e-01
1.000000000000000000e+00 3.119934974515406338e+02 -1.500471977110072999e+02 -8.626538253281192156e+05 -6.462681934568497656e+13 1.058037182164223024e-05 -3.453862262200540753e-06 1.135800023831541109e-06 -5.046563157502469861e-07 1.700052306846265083e+03 3.582578304777297884e+00 -2.336572924616484581e-01 -5.713486938380667873e-02 5.857289798240724599e-01 2.315742264893620741e+06 -5.499852170082367957e+07 -4.261563327952575531e-01
1.000000000000000000e+00 2.880701941972040458e+02 -2.173749941475342951e+02 -8.672190505964229815e+05 -6.531264871477237500e+13 9.820779725607686099e-06 -5.030127179958406704e-06 1.104548095774678810e-06 3.868122870578968644e-06 -1.151149008401159563e+03 -2.417711128305627177e+00 7.546291348668340282e-01 3.855448726966927142e-02 1.534791563299316985e+00 -1.573330725035408745e+06 1.782238359546875656e+08 2.885381127069185925e-01
1.000000000000000000e+00 2.569602994233802633e+02 -2.793010874101245804e+02 -8.717842548751931172e+05 -6.600209478502478125e+13 8.806308304994190015e-06 -6.497139930600938345e-06 1.075095252379174319e-06 -1.486760254853752594e-06 1.696918939396365431e+02 3.552043884287148234e-01 -9.953430416516985124e-01 -5.665712395829198243e-03 2.300993470584964118e-01 2.327047332543697848e+05 -2.358634479532353580e+08 -4.254400883960963997e-02
1.000000000000000000e+00 2.194166139983756523e+02 -3.342939322472124104e+02 -8.763494357529866975e+05 -6.669515713946413281e+13 7.559022800650686136e-06 -7.817112784523424729e-06 1.050428401235522950e-06 5.258959562182195538e-06 8.815733645057249532e+02 1.839182881704583883e+00 8.665132361162131147e-01 -2.933150782361075223e-02 -1.570700784810125761e+00 1.212979189949860098e+06 2.060221092490977645e+08 -2.209881847355617546e-01
1.000000000000000000e+00 1.762803620552423638e+02 -3.809170177672770592e+02 -8.809145913469180232e+05 -6.739183543433584375e+13 6.104591007528312295e-06 -8.953745625023699288e-06 1.032511230891267060e-06 -8.119457703989152714e-07 -1.611405147222665391e+03 -3.350620727766259410e+00 -4.160704916722817726e-01 5.343151450305800437e-02 -1.441599551822159375e+00 -2.224567398391254712e+06 -9.925479024576473236e+07 4.039039256280652634e-01
1.000000000000000000e+00 1.286343224005079833e+02 -4.178542174502847502e+02 -8.854797202202382032e+05 -6.809212938852835938e+13 4.477693034399735451e-06 -9.872882806423564380e-06 1.022725796160198438e-06 -4.187114728074694292e-07 1.745936368680851047e+03 3.618326981805146225e+00 -1.887697596884719276e-01 -5.770498653892960211e-02 4.428214542333114290e-01 2.418301016851870343e+06 -4.518123604446922243e+07 -4.376581907020841156e-01
1.000000000000000000e+00 7.769578905913910205e+01 -4.441568308721286371e+02 -8.900448216322159860e+05 -6.879603882397103906e+13 2.718492846589666208e-06 -1.054845358476893489e-05 1.022054612038621974e-06 3.554988610682204391e-06 -1.231397363802462905e+03 -2.543555793047796332e+00 7.235190459737461666e-01 4.056132568480747685e-02 1.544692968614684414e+00 -1.711262039548404748e+06 1.737448751258970499e+08 3.086527938034657192e-01
1.000000000000000000e+00 2.469955609864295454e+01 -4.590834057702269888e+02 -8.946098956199418753e+05 -6.950356368110457812e+13 8.686437137539261299e-07 -1.095887227769085906e-05 1.030277206313169271e-06 -1.481794624938399348e-06 2.551270907160794934e+02 5.252523675883610244e-01 -9.897877893924992287e-01 -8.377542821439112886e-03 3.807830853938582449e-01 3.557185232266230159e+05 -2.384710884246451855e+08 -6.395968638416019147e-02
1.000000000000000000e+00 -2.896316035076777951e+01 -4.621217491489742883e+02 -8.991749429385488620e+05 -7.021470401262857812e+13 -1.023785513120420887e-06 -1.108769261119198355e-05 1.046226220347180877e-06 5.601255644271981100e-06 8.225322343806051322e+02 1.687864090819713780e+00 8.889078977853926977e-01 -2.691832882955259160e-02 -1.482114802613551552e+00 1.150614189443117008e+06 2.148707510495522618e+08 -2.061886088450574361e-01
1.000000000000000000e+00 -8.187333125038502146e+01 -4.532075185646823456e+02 -9.037399653480303241e+05 -7.092946003136962500e+13 -2.908739205169075413e-06 -1.092901864791020157e-05 1.068413540995029508e-06 -8.749597409784926237e-07 -1.601096410748999460e+03 -3.274762561270491368e+00 -4.584013472213545048e-01 5.222181951212186146e-02 -1.536372924993667066e+00 -2.247069459495356306e+06 -1.111702639233151525e+08 4.013199788101436960e-01
1.000000000000000000e+00 -1.327057218634788569e+02 -4.325342968141004008e+02 -9.083049649454228347e+05 -7.164783200890909375e+13 -4.738492220782640419e-06 -1.048317439016567320e-05 1.094525803333978067e-06 -3.242271714689403033e-07 1.789017011796705674e+03 3.647197134365169013e+00 -1.420683534772893553e-01 -5.816540532624742826e-02 2.903524703604497548e-01 2.519016710972901434e+06 -3.456667955480730534e+07 -4.484573095269426268e-01
1.000000000000000000e+00 -1.800965220088893943e+02 -4.005570292288483643e+02 -9.128699501065530349e+05 -7.236982121900990625e+13 -6.462983872724302681e-06 -9.756944651977331179e-06 1.121484345251795413e-06 3.244010172390004288e-06 -1.312755114950299230e+03 -2.667568240500038712e+00 6.898419647199817151e-01 4.253894338568061512e-02 1.539859823255075977e+00 -1.854441962701546727e+06 1.683925505661133528e+08 3.290455331004341621e-01
1.000000000000000000e+00 -2.227806128171657178e+02 -3.581723944772724622e+02 -9.174349128602714045e+05 -7.309542635715142188e+13 -8.034733797480350702e-06 -8.768149502702015144e-06 1.146582134687005288e-06 -1.474646712859244062e-06 3.451703007991782215e+02 6.991282968941671117e-01 -9.818345018200942409e-01 -1.115042420046017009e-02 5.312151117789831734e-01 4.891829453890446457e+05 -2.404473051187695861e+08 -8.653046583146743742e-02
1.000000000000000000e+00 -2.597030731455184309e+02 -3.064899339324735479e+02 -9.219998628432474798e+05 -7.382464891325332812e+13 -9.412972293901489219e-06 -7.540282978310120277e-06 1.167459552385000472e-06 5.946682622775362126e-06 7.570974770231780440e+02 1.528521158685719916e+00 9.098942986596458837e-01 -2.437718785278050054e-02 -1.378820477005693546e+00 1.076449075103257317e+06 2.235508738963039815e+08 -1.897863920098249169e-01
1.000000000000000000e+00 -2.898795005780237375e+02 -2.468139392080272216e+02 -9.265648042377106613e+05 -7.455748952999801562e+13 -1.055874104773458736e-05 -6.102194634626951353e-06 1.181843577460845062e-06 -9.352776969060625158e-07 -1.584890551043755295e+03 -3.189478319333885814e+00 -5.007359350531389586e-01 5.086180743882461053e-02 -1.620631090289898379e+00 -2.260685995671762619e+06 -1.234222517002385110e+08 3.972578839196153622e-01
1.000000000000000000e+00 -3.125262559201670456e+02 -1.807901324522846664e+02 -9.311297415447719395e+05 -7.529394891490334375e+13 -1.143972390731817219e-05 -4.491852580148790304e-06 1.188562540182786745e-06 -2.211519618689081139e-07 1.828660364033441738e+03 3.668247644068328928e+00 -9.402307768936772614e-02 -5.850111673879164476e-02 1.306107646450307969e-01 2.616789581978386734e+06 -2.324951788335641846e+07 -4.583947944380476480e-01
1.000000000000000000e+00 -3.271460637495123365e+02 -1.101456887407180290e+02 -9.356946791352898581e+05 -7.603402776859396875e+13 -1.203357569579098552e-05 -2.750060419849384980e-06 1.187423620766642721e-06 2.940575048655937200e-06 -1.394130319621751823e+03 -2.787652598808420645e+00 6.539364613276641425e-01 4.445391783977443306e-02 1.519287837149899456e+00 -2.001379468848533230e+06 1.622203592704887986e+08 3.494426292181069815e-01
1.000000000000000000e+00 -3.333707550219803011e+02 -3.666273107766331663e+01 -9.402596212727790698e+05 -7.677772678802626562e+13 -1.232236644686832101e-05 -9.198418655684985493e-07 1.178422892825240955e-06 -1.465263868455535783e-06 4.384095904335989644e+02 8.738350123493812127e-01 -9.714717908067109775e-01 -1.393655953507772806e-02 6.775063633769770055e-01 6.313817087393983966e+05 -2.417607991315071583e+08 -1.099024287384863935e-01
1.000000000000000000e+00 -3.310748652061231496e+02 3.769090600489636955e+01 -9.448245724520399235e+05 -7.752504672163328125e+13 -1.229691654621467419e-05 9.502291071089867195e-07 1.162647308976968622e-06 6.283355733412900706e-06 6.865407750571419001e+02 1.364062454534999302e+00 9.289496590563794953e-01 -2.175446698561948888e-02 -1.262896655433429993e+00 9.918814372419697465e+05 2.319152698141726851e+08 -1.721003086305933905e-01
1.000000000000000000e+00 -3.204304771917944095e+02 1.110332087469806908e+02 -9.493895366748759989e+05 -7.827598825080953125e+13 -1.195906131884147393e-05 2.812793853963018469e-06 1.142410183391896362e-06 -9.917686781809733156e-07 -1.563336330031246007e+03 -3.096301475945325787e+00 -5.421016602960819775e-01 4.937593193060946239e-02 -1.691385383257283603e+00 -2.265807171849207953e+06 -1.357672440069583952e+08 3.918551870125245307e-01
1.000000000000000000e+00 -3.017308769618101110e+02 1.815816021413623673e+02 -9.539545173537645023e+05 -7.903055197199571875e+13 -1.131530485306391078e-05 4.622107961542303259e-06 1.119999578472328046e-06 -1.110399904120066562e-07 1.864290925442388243e+03 3.680711286226177492e+00 -4.575596044137115320e-02 -5.869988505941599322e-02 -3.166266264621336868e-02 2.710547138053278904e+06 -1.149568070563337952e+07 -4.673263831673556412e-01
1.000000000000000000e+00 -2.754899764566054614e+02 2.475206616117189924e+02 -9.585195177269314881e+05 -7.978873846344543750e+13 -1.038067507996751354e-05 6.330718322518953774e-06 1.097819587156235760e-06 2.652604340047932208e-06 -1.473816543606274308e+03 -2.900634858979096897e+00 6.166831221060903312e-01 4.625563374014771828e-02 1.483322956923540881e+00 -2.149587551601595245e+06 1.554237960243158042e+08 3.694163563561722041e-01
1.000000000000000000e+00 -2.424724288984014322e+02 3.072662453131736129e+02 -9.630845401531151729e+05 -8.055054816656531250e+13 -9.180061897436454638e-06 7.896230869784912347e-06 1.078595278774364674e-06 -1.453821608925924525e-06 5.325583106589874660e+02 1.044846904065256599e+00 -9.589521117518865490e-01 -1.666377652862714373e-02 8.148137921558168406e-01 7.791893686565835960e+05 -2.424468299883313477e+08 -1.335023930329848896e-01
1.000000000000000000e+00 -2.035050119105160604e+02 3.594508995002477150e+02 -9.676495866806975100e+05 -8.131598147808181250e+13 -7.741267237504380542e-06 9.281074588927756562e-06 1.064365989759980727e-06 6.597390949643055369e-06 6.129065190050148431e+02 1.198725814604712836e+00 9.455992306440632600e-01 -1.911774976102339693e-02 -1.138194501023979566e+00 8.995596550181296188e+05 2.398206506561506689e+08 -1.536428225052572094e-01
1.000000000000000000e+00 -1.595709918667609202e+02 4.027823731620140961e+02 -9.722146589083266445e+05 -8.208503872527531250e+13 -6.098667338337875137e-06 1.044896306897383854e-05 1.056549972164176769e-06 -1.043453463958334670e-06 -1.537503299888880974e+03 -2.997685274447542181e+00 -5.814956295151201271e-01 4.780331414039140636e-02 -1.746677269478643657e+00 -2.263640338446028531e+06 -1.479386192709986269e+08 3.853799731600687228e-01
1.000000000000000000e+00 -1.118257195334127942e+02 4.362914652852505810e+02 -9.767797574203776894e+05 -8.285772006842048438e+13 -4.293952018491703580e-06 1.137140011711879762e-05 1.056450214317270797e-06 3.999890281192544981e-09 1.895692010583473348e+03 3.684565904599565567e+00 1.596880893013121958e-03 -5.876135693340609617e-02 -1.915075149681339239e-01 2.799694063624924980e+06 4.075295072023905232e+05 -4.751977585896222656e-01
1.000000000000000000e+00 -6.140436335893691222e+01 4.592852190835064334e+02 -9.813448821738410043e+05 -8.363402556270932812e+13 -2.368861829485996392e-06 1.202665086921515564e-05 1.064400764897899546e-06 2.385270062701869166e-06 -1.550551653259167551e+03 -3.004398548646414202e+00 5.789378757815174525e-01 4.791034037809130397e-02 1.433625055349160737e+00 -2.297080839207660872e+06 1.482059850535726547e+08 3.886503566424904244e-01
1.000000000000000000e+00 -9.519738553542413939e+00 4.711978198572298311e+02 -9.859100327660925686e+05 -8.441395520161728125e+13 -3.689615775211128733e-07 1.239598754620592718e-05 1.079510181915481234e-06 -1.440588228006379947e-06 6.259167278090206992e+02 1.209051438694341618e+00 -9.446313827367611715e-01 -1.928243751683615670e-02 9.400371387875031681e-01 9.301429195928921690e+05 -2.425711984996463358e+08 -1.569042924025402241e-01
1.000000000000000000e+00 4.252895000392673097e+01 4.718223590399341560e+02 -9.904752081370151136e+05 -8.519750886423214062e+13 1.655949564224495821e-06 1.246989222489689904e-05 1.100541082020425393e-06 6.879414324071831378e-06 5.376571111838956085e+02 1.035367819121204347e+00 9.597081408425437443e-01 -1.651259162775623596e-02 -1.008189819020215650e+00 8.014519172707630787e+05 2.472037159979108274e+08 -1.347805095543554432e-01
1.000000000000000000e+00 9.354592333540182381e+01 4.612351319371339855e+02 -9.950404065641418565e+05 -8.598468631180821875e+13 3.659185430475622477e-06 1.224626546416050855e-05 1.125741647971133716e-06 -1.090218266241764102e-06 -1.508187813923372687e+03 -2.895408548409090344e+00 -6.184899732574210551e-01 4.617232064643945338e-02 -1.786418636406077010e+00 -2.255082051907967776e+06 -1.598024092341708839e+08 3.780318497667765065e-01
1.000000000000000000e+00 1.423331857675492245e+02 4.396431909984936510e+02 -9.996056261508223834e+05 -8.677548726989525000e+13 5.593114331261953695e-06 1.172653262028316697e-05 1.152516592025109258e-06 1.229790312603884751e-07 1.922965256619180309e+03 3.680400689784555812e+00 4.756464783925839351e-02 -5.869492876448964558e-02 -3.462656177915638955e-01 2.884092052698771004e+06 1.232723581570322067e+07 -4.820343984150480265e-01
1.000000000000000000e+00 1.876856866172549871e+02 4.076038693268948805e+02 -1.004170863905695849e+06 -8.756991126709665625e+13 7.408966050773071732e-06 1.092160554177094933e-05 1.178400109022583052e-06 2.138680640271019656e-06 -1.624036692941756655e+03 -3.098794696113110980e+00 5.410513580739658712e-01 4.941566258555538105e-02 1.371973892910528736e+00 -2.443206733479152434e+06 1.406522257144003808e+08 4.070696984218397652e-01
1.000000000000000000e+00 2.285754061466067810e+02 3.659251545254648477e+02 -1.008736116808723425e+06 -8.836795781750375000e+13 9.064125412580263761e-06 9.849414357486585249e-06 1.201272140498107667e-06 -1.425703979251965510e-06 7.181673328709566704e+02 1.366154919040684534e+00 -9.287240934035684292e-01 -2.178785817576365039e-02 1.052701376249188803e+00 1.083709021911294200e+06 -2.421684113875840008e+08 -1.800285352171937525e-01
1.000000000000000000e+00 2.640366240325051308e+02 3.155121319321638111e+02 -1.013301381665707799e+06 -8.916962639497767188e+13 1.051772087777477546e-05 8.530908243424107989e-06 1.218669527760414482e-06 7.126238061779793307e-06 4.609073281496311552e+02 8.741163957878982371e-01 9.714521618206400921e-01 -1.394103253954931398e-02 -8.743413184140571559e-01 6.976206154372188030e+05 2.540802160244369805e+08 -1.155421405667222678e-01
1.000000000000000000e+00 2.931648730881126426e+02 2.575772516434612953e+02 -1.017866654801283730e+06 -8.997491637818235938e+13 1.173063857884210061e-05 6.995825447687725199e-06 1.228570148688898358e-06 -1.132770270214472684e-06 -1.475365524651623673e+03 -2.789591576552999719e+00 -6.533279267897612597e-01 4.448486934324330511e-02 -1.811622466965119083e+00 -2.239855413837888278e+06 -1.713938817119899690e+08 3.698047118816412682e-01
1.000000000000000000e+00 3.152930044051773848e+02 1.935199145814721930e+02 -1.022431932319148327e+06 -9.078382709488945312e+13 1.267265392124720556e-05 5.279595393135989384e-06 1.230110836559872483e-06 2.468618863642369131e-07 1.946219460878797690e+03 3.668783702545564740e+00 9.247362401311531865e-02 -5.850965998439700694e-02 -4.961110000878347082e-01 2.963622337951327674e+06 2.433283239181337506e+07 -4.878635752690895777e-01
1.000000000000000000e+00 3.298666519930856111e+02 1.247711561717458721e+02 -1.026997210227604955e+06 -9.159635784349651562e+13 1.331761671439252909e-05 3.419196309528154553e-06 1.222846387314024751e-06 1.908805281372399556e-06 -1.694792282360162062e+03 -3.185224325999930883e+00 5.027266995439705344e-01 5.079394270279669749e-02 1.299062394383740715e+00 -2.588536406222546473e+06 1.326824520417989641e+08 4.248048803415797603e-01
1.000000000000000000e+00 3.364466577889497216e+02 5.299552053230343773e+01 -1.031562484335271409e+06 -9.241250787396293750e+13 1.364365072451794021e-05 1.458731208371357695e-06 1.207066720445870978e-06 -1.409029998691619082e-06 8.103020417262536057e+02 1.518335161262814870e+00 -9.111505832139359384e-01 -2.421476893159442423e-02 1.154134070112225796e+00 1.241330890450271079e+06 -2.411984570842837691e+08 -2.031237589999216331e-01
1.000000000000000000e+00 3.348740013952231038e+02 -2.004907017828233506e+01 -1.036127750762869837e+06 -9.323227647912126562e+13 1.363997493681394910e-05 -5.543041299905303636e-07 1.184331704763961731e-06 7.338218499278403401e-06 3.814516279589685723e+02 7.126253344656668931e-01 9.811185059701258426e-01 -1.136565619582342000e-02 -7.358124802595250591e-01 5.861098681658623973e+05 2.604982238266630471e+08 -9.562552907568808158e-02
1.000000000000000000e+00 3.251331960360845983e+02 -9.266933140153248871e+01 -1.040693005761611857e+06 -9.405566296308685938e+13 1.330156631818193659e-05 -2.573352250572765803e-06 1.156405036228880911e-06 -1.172210028562759725e-06 -1.438106063607130409e+03 -2.678660342965968333e+00 -6.866698485348575742e-01 4.271585935069640433e-02 -1.823162829999185330e+00 -2.216284620375013445e+06 -1.828632067848588824e+08 3.604653550128159023e-01
1.000000000000000000e+00 3.073554198249181582e+02 -1.630427383087450721e+02 -1.045258245677608531e+06 -9.488266663531390625e+13 1.262941729223704915e-05 -4.547425949589688958e-06 1.125258715760311494e-06 3.784493691205972073e-07 1.965288397820466571e+03 3.649739107018202144e+00 1.371795145418965300e-01 -5.820593598699972532e-02 -6.430180822911136795e-01 3.037750531031183433e+06 3.664028262494708598e+07 -4.926436212221357303e-01
1.000000000000000000e+00 2.819676506516311179e+02 -2.293759377749003079e+02 -1.049823466927624540e+06 -9.571328680655065625e+13 1.163682216293555958e-05 -6.425467131419090752e-06 1.093867522993854195e-06 1.690039608118959867e-06 -1.763638094515892135e+03 -3.265559751285362022e+00 4.632122951323965343e-01 5.207503851794774430e-02 1.214120894149022023e+00 -2.734151991387938615e+06 1.240900612395361215e+08 4.420613594052368311e-01
1.000000000000000000e+00 2.495398617896534574e+02 -2.900623532164355538e+02 -1.054388666768880095e+06 -9.654752293009715625e+13 1.034330889044066676e-05 -8.160798748920585031e-06 1.065211685339504270e-06 -1.390147461963896116e-06 9.039369345575493071e+02 1.668794036893158639e+00 -8.915570612051516575e-01 -2.661423171433912813e-02 1.245902222276171756e+00 1.405513011690483894e+06 -2.395463847027533650e+08 -2.265950605197136203e-01
1.000000000000000000e+00 2.107835522187268680e+02 -3.434927143301227943e+02 -1.058953842704981565e+06 -9.738537449587164062e+13 8.774706217853574613e-06 -9.705884821638903823e-06 1.041582890805193426e-06 7.514986899884614167e-06 2.974272237085897359e+02 5.474765948075009936e-01 9.888992982593038938e-01 -8.731953598854071130e-03 -5.905039905541664691e-01 4.638282786083056708e+05 2.664847204180409312e+08 -7.456374292606579579e-02
1.000000000000000000e+00 1.666803386750977154e+02 -3.882260404644501364e+02 -1.063518993003127165e+06 -9.822684112692584375e+13 6.968646901969236359e-06 -1.101718102768789075e-05 1.025144279584414978e-06 -1.209513897248097575e-06 -1.394972669747197870e+03 -2.560203807653101293e+00 -7.191822826096274657e-01 4.082684168313924222e-02 -1.820941468789694984e+00 -2.181816414796160534e+06 -1.943726804614319801e+08 3.496536430153894814e-01
1.000000000000000000e+00 1.183093226203273787e+02 -4.231359686422908908e+02 -1.068084116520951502e+06 -9.907192255034987500e+13 4.967561581891249720e-06 -1.205940758053046886e-05 1.017431922727486274e-06 5.213533795044634634e-07 1.979656019810982571e+03 3.622649529041797489e+00 1.825648669954022807e-01 -5.777391096494161743e-02 -7.888776026248685014e-01 3.105378166177965235e+06 4.948638203014393896e+07 -4.962451778895072829e-01
1.000000000000000000e+00 6.683649760104491122e+01 -4.472157665504510078e+02 -1.072649212411276065e+06 -9.992061854460617188e+13 2.818319574764598262e-06 -1.280015996650112810e-05 1.018728436328614593e-06 1.478075150821731379e-06 -1.831081426999704490e+03 -3.340994129291089187e+00 4.217348729972512644e-01 5.327797733953100467e-02 1.115614621229179093e+00 -2.880719341187049169e+06 1.146506557787203938e+08 4.589662936238016466e-01
1.000000000000000000e+00 1.362195964022060046e+01 -4.597493990798909067e+02 -1.077214280923989136e+06 -1.007729290907309375e+14 5.768468516873323421e-07 -1.321489891371779527e-05 1.028740382481556807e-06 -1.368530777217283485e-06 1.000297316570354724e+03 1.819836327327382319e+00 -8.695178057302580532e-01 -2.902300227568048799e-02 1.328339855074258669e+00 1.578291520890170708e+06 -2.370720403861630559e+08 -2.507495844134389751e-01
1.000000000000000000e+00 -3.997094494394401920e+01 -4.604291556129619494e+02 -1.081779323158313986e+06 -1.016288543301365000e+14 -1.699816054537101490e-06 -1.329052282092529058e-05 1.046629301939751028e-06 7.652208144122049063e-06 2.074197414344478432e+02 3.762635654091531778e-01 9.947718750283722766e-01 -6.001545810075524512e-03 -4.370116202719703802e-01 3.282232614072604920e+05 2.720110232699049115e+08 -5.200225406799872246e-02
1.000000000000000000e+00 -9.259323104850953712e+01 -4.491405831605771368e+02 -1.086344340860001510e+06 -1.024883945297119688e+14 -3.954263268417804655e-06 -1.301938223595554915e-05 1.070328708301007876e-06 -1.245097722711762362e-06 -1.344835025834538328e+03 -2.432504204285241389e+00 -7.511206368697064262e-01 3.879042273922445050e-02 -1.803925089689782046e+00 -2.134252356850857846e+06 -2.059824362597148418e+08 3.370862498329597057e-01
1.000000000000000000e+00 -1.428171964438402881e+02 -4.261182935564763170e+02 -1.090909336154160090e+06 -1.033515500337631719e+14 -6.124744792582265538e-06 -1.240393296416108585e-05 1.097175521720960444e-06 6.781998354394736828e-07 1.988675776502569079e+03 3.586697237710676944e+00 2.289591918876631160e-01 -5.720054389104644449e-02 -9.335128863223294271e-01 3.165152176150330342e+06 6.296981727895657718e+07 -4.985061740363653793e-01
1.000000000000000000e+00 -1.893352762697868741e+02 -3.920199208341477970e+02 -1.095474312025421532e+06 -1.042183213568783438e+14 -8.153659496528789958e-06 -1.145911050635882762e-05 1.124613761393152507e-06 1.272126859343444740e-06 -1.896857730441052581e+03 -3.411263402176671011e+00 3.780399674542743171e-01 5.439854848288724204e-02 1.002839743429662533e+00 -3.027719296031478792e+06 1.042707038382330686e+08 4.754533739540262038e-01
1.000000000000000000e+00 -2.309728716722248123e+02 -3.476809635154654643e+02 -1.100039271844097879e+06 -1.050887090968010938e+14 -9.988217688030529752e-06 -1.020539162727848491e-05 1.149769859018057918e-06 -1.343861205072432694e-06 1.099254567782780441e+03 1.971206532895969366e+00 -8.448622901136921826e-01 -3.143700601514450022e-02 1.399896320859469689e+00 1.759647893790841103e+06 -2.336991642658684552e+08 -2.755550914035259646e-01
1.000000000000000000e+00 -2.665951193093830511e+02 -2.942475734202386661e+02 -1.104604219731417019e+06 -1.059627140060323281e+14 -1.157651202960882902e-05 -8.672816561850309734e-06 1.169934188640048952e-06 7.741871847277263943e-06 1.115703431642983929e+02 1.994984592847140192e-01 9.985326410766713900e-01 -3.182601798313330118e-03 -2.766103582582803977e-01 1.791097953571075632e+05 2.769979615478941798e+08 -2.797645276752415769e-02
1.000000000000000000e+00 -2.952983525145236854e+02 -2.332063666516157525e+02 -1.109169160087700235e+06 -1.068403369039105469e+14 -1.287590147606830950e-05 -6.902060491008482499e-06 1.183543742629065791e-06 -1.278667581392866759e-06 -1.287746558986190166e+03 -2.296051639614943962e+00 -7.821159084656372773e-01 3.661441764379654018e-02 -1.771146237254941802e+00 -2.073196613183341455e+06 -2.175829949806603789e+08 3.227765612200621526e-01
1.000000000000000000e+00 -3.164020927143377548e+02 -1.661135778177382178e+02 -1.113734097091563512e+06 -1.077215785808428906e+14 -1.385286807364857279e-05 -4.936591839349044519e-06 1.189575989369269569e-06 8.489085952774914692e-07 1.992010258694599770e+03 3.541659692138852122e+00 2.758090694578292923e-01 -5.648228588209687484e-02 -1.073850719344082494e+00 3.216160091191215441e+06 7.694818297692634165e+07 -4.993420322694051561e-01
1.000000000000000000e+00 -3.293426443345368284e+02 -9.471230220405253419e+01 -1.118299035177104874e+06 -1.086064398901124844e+14 -1.447853944135838280e-05 -2.826213172738122370e-06 1.187308558817954060e-06 1.075111517947846432e-06 -1.959956836027697818e+03 -3.474795714489784970e+00 3.327048175127677032e-01 5.541168607411330743e-02 8.774352696406809704e-01 -3.173401939161594491e+06 9.308536442420969903e+07 4.912693989268285266e-01
1.000000000000000000e+00 -3.338461602429590016e+02 -2.093466281279184216e+01 -1.122863978762284853e+06 -1.094949216959179688e+14 -1.473643288992978662e-05 -6.272399232720164608e-07 1.177351496531135998e-06 -1.316284393516930052e-06 1.199136769167874263e+03 2.119934724170932761e+00 -8.179079623603775495e-01 -3.380887934759765900e-02 1.457944584060039128e+00 1.947046382065610960e+06 -2.294857650692238510e+08 -3.005924856483743191e-01
1.000000000000000000e+00 -3.298900906284147254e+02 5.337690558575378219e+01 -1.127428932254688349e+06 -1.103870248744378125e+14 -1.462100686181386279e-05 1.605769265376170871e-06 1.161278047022014270e-06 7.776858600849714429e-06 1.178673543912392496e+01 2.077886244687825179e-02 9.999835603490921931e-01 -3.324940287543982410e-04 -1.135933515563535418e-01 1.919228344933333210e+04 2.813647660353407264e+08 -2.964536070258338898e-03
1.000000000000000000e+00 -3.175804233951656670e+02 1.263498974659997458e+02 -1.131993899462369736e+06 -1.112827501979532500e+14 -1.413242355239037831e-05 3.816449788910510632e-06 1.140873997154094528e-06 -1.309537101116179176e-06 -1.225132332112559652e+03 -2.153719512241928147e+00 -8.113899147832769332e-01 3.434464790384309657e-02 -1.722950714546375828e+00 -2.000498388972561806e+06 -2.289436213595474064e+08 3.070817731937335315e-01
1.000000000000000000e+00 -2.973060653976112349e+02 1.960853843687167171e+02 -1.136558883938220330e+06 -1.121820984004520938e+14 -1.328356195166122940e-05 5.946723386021603664e-06 1.118688621970126628e-06 1.030635215222866309e-06 1.989927215146899243e+03 3.488387057404183089e+00 3.219584068676102917e-01 -5.563269556767394541e-02 -1.205291365737592102e+00 3.258450011417021509e+06 9.109979065541778505e+07 -4.988198719616357413e-01
1.000000000000000000e+00 -2.696716546085474420e+02 2.609253582803330573e+02 -1.141123888459881302e+06 -1.130850700735362344e+14 -1.209725769402008511e-05 7.944922374452711162e-06 1.097529077654482872e-06 8.911840635637868617e-07 -2.019222311195826705e+03 -3.529850803471951348e+00 2.868612324156901150e-01 5.628963871164645999e-02 7.432527682655535317e-01 -3.315685034682564903e+06 8.139631257311579585e+07 5.061245058454378887e-01
1.000000000000000000e+00 -2.353652183696922862e+02 3.193141542494937539e+02 -1.145688915430105058e+06 -1.139916657430171094e+14 -1.060053613619589605e-05 9.761699941595565553e-06 1.079469400642971022e-06 -1.286336930953559196e-06 1.297688294497336756e+03 2.262198571320224172e+00 -7.893372016030277827e-01 -3.607766454537382483e-02 1.500535183851891219e+00 2.136837007602165453e+06 -2.245987418822593987e+08 -3.252963516200177430e-01
1.000000000000000000e+00 -1.953014175231659522e+02 3.697946070249402624e+02 -1.150253967100570910e+06 -1.149018859121448750e+14 -8.831164415496639580e-06 1.134997450003687981e-05 1.066481725736976436e-06 7.755802336931744219e-06 -8.938037841624995394e+01 -1.553796056204467257e-01 9.991099333263474547e-01 2.476765275509943982e-03 4.678538014341301898e-02 -1.475882248528143391e+05 2.850798588839125633e+08 2.239412744727341947e-02
1.000000000000000000e+00 -1.505350918029317597e+02 4.112537489139497211e+02 -1.154819044519487768e+06 -1.158157308499212812e+14 -6.833929972678880603e-06 1.267256069873265381e-05 1.060468526119775984e-06 -1.337195450785224207e-06 -1.158915831247016740e+03 -2.009086138548518363e+00 -8.382715622989134197e-01 3.203817663157747936e-02 -1.661184741650196139e+00 -1.918962905643031467e+06 -2.398518958768889308e+08 2.904840173509086187e-01
1.000000000000000000e+00 -1.021291632742060074e+02 4.427582425386322598e+02 -1.159384148252832936e+06 -1.167332007315656094e+14 -4.654745782730972426e-06 1.369728795245669861e-05 1.062185752157905953e-06 1.219846607324517521e-06 1.983095313899174243e+03 3.428375747322454092e+00 3.663775385310037991e-01 -5.467563790434695759e-02 -1.324261091824864511e+00 3.292760234742812812e+06 1.051209068432149142e+08 -4.971073117402644015e-01
1.000000000000000000e+00 -5.129487190258304707e+01 4.635419145984433271e+02 -1.163949278224174399e+06 -1.176542956042203594e+14 -2.347074311106977753e-06 1.439672265718571036e-05 1.071498455823728781e-06 7.226424834271320586e-07 -2.074000620514211278e+03 -3.575651484225242704e+00 2.414962913212947704e-01 5.702001300267594414e-02 6.043942932278359992e-01 -3.453217459641026799e+06 6.948151027467213571e+07 5.198548852977943335e-01
1.000000000000000000e+00 7.043901678786356202e-01 4.732291057500796683e+02 -1.168514433836691780e+06 -1.185790154091697812e+14 3.235684747635410832e-08 1.475523402295976853e-05 1.087911602820676399e-06 -1.254547515524557452e-06 1.393395843229511911e+03 2.395662177007865878e+00 -7.597781742346281231e-01 -3.820610881803912506e-02 1.527415204400992765e+00 2.326402152144518215e+06 -2.192001424827319384e+08 -3.492873488062789855e-01
1.000000000000000000e+00 5.267797148121506723e+01 4.716447283574349285e+02 -1.173079613921611803e+06 -1.195073599692701719e+14 2.429267642992437498e-06 1.476328640216536643e-05 1.109919764749636301e-06 7.683125406586213942e-06 -1.902745896442751246e+02 -3.262420214387193873e-01 9.960720110547170991e-01 5.201561707859486683e-03 2.009983044978548850e-01 -3.185539792933686986e+05 2.881620038893321157e+08 4.768433941636328333e-02
1.000000000000000000e+00 1.033662941594911615e+02 4.587985273988650761e+02 -1.177644816925357562e+06 -1.204393290249624375e+14 4.785332359540988843e-06 1.441706687753241486e-05 1.135210545014213825e-06 -1.361636734422944164e-06 -1.090295151051990388e+03 -1.864294345425357324e+00 -8.625583547926772843e-01 2.972917545337179848e-02 -1.588042192040987954e+00 -1.830353714247923810e+06 -2.502206618648094237e+08 2.732836030360965007e-01
1.000000000000000000e+00 1.515408680649642861e+02 4.350895427579881698e+02 -1.182210040289651603e+06 -1.213749221054594531e+14 7.042765842365404201e-06 1.372504766858150294e-05 1.161661102974334973e-06 1.414880814708430050e-06 1.972026217562509146e+03 3.362773543098221296e+00 4.087165791856562924e-01 -5.362941782747366465e-02 -1.429647518831548281e+00 3.319625507512991317e+06 1.188891991059231609e+08 -4.943326130482700309e-01
1.000000000000000000e+00 1.961190570223713223e+02 4.010943347149222973e+02 -1.186775281214202987e+06 -1.223141386819744531e+14 9.149705665287193664e-06 1.270151696446397964e-05 1.186954194391134078e-06 5.686915583965262246e-07 -2.124286126234751009e+03 -3.612565319805431496e+00 1.969199867996599684e-01 5.760867057738577879e-02 4.631613038341636512e-01 -3.585681107477840036e+06 5.743705795882912725e+07 5.324591257306909853e-01
1.000000000000000000e+00 2.360197340807680462e+02 3.575529381391448851e+02 -1.191340536861911416e+06 -1.232569782092224688e+14 1.105358286398846767e-05 1.136624055933245786e-05 1.208355366111127997e-06 -1.221032203006455946e-06 1.486112671029148032e+03 2.520434391005505592e+00 -7.294388768942791090e-01 -4.019594750071613792e-02 1.539533060873953918e+00 2.515297871510673314e+06 -2.133390370659341812e+08 -3.725286888176499445e-01
1.000000000000000000e+00 2.702648480598088554e+02 3.055571263522806476e+02 -1.195905803673362127e+06 -1.242034399828849844e+14 1.270589820477109181e-05 9.750569075096346636e-06 1.223760338647744468e-06 7.564814363577969211e-06 -2.909052291423250267e+02 -4.920387891704593453e-01 9.910432534335140708e-01 7.845570045215698868e-03 3.483963205314208333e-01 -4.937021979947669897e+05 2.906363162673692107e+08 7.290844100637031144e-02
1.000000000000000000e+00 2.980830625607844695e+02 2.463198801769906936e+02 -1.200471078015926760e+06 -1.251535232720885156e+14 1.406720563862967761e-05 7.890267712286835270e-06 1.231662392509583439e-06 -1.383288409859833885e-06 -1.019079855329429734e+03 -1.719029605924565995e+00 -8.845033683763643406e-01 2.741262858279281539e-02 -1.504680798043415813e+00 -1.734180997521259822e+06 -2.600934621110129654e+08 2.554327944634745551e-01
1.000000000000000000e+00 3.187620918957096023e+02 1.811644868908494743e+02 -1.205036356028642273e+06 -1.261072272866474375e+14 1.510030269874386383e-05 5.825239569000196095e-06 1.230763815109321738e-06 1.617266162949971408e-06 1.956610312037300673e+03 3.291622036386766759e+00 4.493608380225624921e-01 -5.249469881184945508e-02 -1.522367352063660917e+00 3.338566728589408565e+06 1.324935332842954546e+08 -4.904683006437546289e-01
1.000000000000000000e+00 3.317509110040872429e+02 1.116967875878673624e+02 -1.209601633395587327e+06 -1.270645511285464531e+14 1.577514369443853040e-05 3.605152333821103580e-06 1.220944199911909912e-06 4.262070449932542599e-07 -2.170410577720853325e+03 -3.641506964752755149e+00 1.526919323057008837e-01 5.807019737501827039e-02 3.193523086485747231e-01 -3.713333842773810960e+06 4.514211757830736786e+07 5.440203826460914271e-01
1.000000000000000000e+00 3.367506020124644692e+02 3.955797719383011213e+01 -1.214166906255345559e+06 -1.280254939819302344e+14 1.607332060294704965e-05 1.281601597099212874e-06 1.203212687175176729e-06 -1.185327828111666944e-06 1.576810007122040588e+03 2.638489467653307941e+00 -6.980114632086085180e-01 -4.207866507355570440e-02 1.537834867055523524e+00 2.704984096293018200e+06 -2.069148410129227042e+08 -3.952638255383091326e-01
1.000000000000000000e+00 3.335609752962863581e+02 -3.358435751347654730e+01 -1.218732170830584131e+06 -1.289900550364946406e+14 1.598094090220426633e-05 -1.092159059348933669e-06 1.178656192113262226e-06 7.404364323795769734e-06 -3.927341227972644333e+02 -6.554121580977307904e-01 9.840523815105691741e-01 1.045092730919786397e-02 4.905452612491428832e-01 -6.755291993833988672e+05 2.924875900120041966e+08 9.843285710512374165e-02
1.000000000000000000e+00 3.221816126552803325e+02 -1.058808095067397517e+02 -1.223297423141499748e+06 -1.299582334269357500e+14 1.549357529513199658e-05 -3.456128542824834143e-06 1.149014300316720572e-06 -1.402736004708818012e-06 -9.438102694068136316e+02 -1.570881801691850876e+00 -9.045688803060295546e-01 2.505010158066757475e-02 -1.410628921285913107e+00 -1.627748239953191252e+06 -2.695801538265998363e+08 2.365657097068568082e-01
1.000000000000000000e+00 3.028860728688540007e+02 -1.755611885753547199e+02 -1.227862659519649344e+06 -1.309300283417289844e+14 1.462001882114851979e-05 -5.752000001078096914e-06 1.117053739526917039e-06 1.831394036103034907e-06 1.936012576978432435e+03 3.213756855334825246e+00 4.891187183919260550e-01 -5.125291176011624594e-02 -1.603949299489900060e+00 3.347839880406196229e+06 1.461552855472146273e+08 -4.853050609699229856e-01
1.000000000000000000e+00 2.760580068866289594e+02 -2.409416140544972222e+02 -1.232427876774719451e+06 -1.319054390600621719e+14 1.337459674234970694e-05 -7.923442330788316886e-06 1.085480869122947446e-06 2.913587936789001882e-07 -2.212616816675286373e+03 -3.663195906870607033e+00 1.079177860824883234e-01 5.841606702384870980e-02 1.710157633468270544e-01 -3.836309333458696958e+06 3.233286395903756842e+07 5.545995262973359985e-01
1.000000000000000000e+00 2.422873349145013719e+02 -3.002838364701714795e+02 -1.236993071987405419e+06 -1.328844649092310625e+14 1.178194023177385327e-05 -9.911509370816432818e-06 1.056919092876372692e-06 -1.146508199575913946e-06 1.666840560442776905e+03 2.752327683576830886e+00 -6.648434442013164691e-01 -4.389413509845093569e-02 1.522363438620520038e+00 2.897672688157178927e+06 -1.997185463087424934e+08 -4.178318397491055936e-01
1.000000000000000000e+00 2.024224522397336159e+02 -3.520635486596883084e+02 -1.241558242994319880e+06 -1.338671053702812188e+14 9.879719502169838843e-06 -1.166349567354852169e-05 1.034154182053356096e-06 7.201843407928504637e-06 -4.977888175523140717e+02 -8.197971208804660792e-01 9.749346457144524303e-01 1.307241228095465738e-02 6.295236817235788651e-01 -8.676513158917035908e+05 2.936427857952194810e+08 1.247658140354247908e-01
1.000000000000000000e+00 1.573908196905707939e+02 -3.949697134198600565e+02 -1.246123388186109951e+06 -1.348533600373104219e+14 7.710087017187604994e-06 -1.313304447231782100e-05 1.019089083102552619e-06 -1.420435368141155882e-06 -8.625099927894431175e+02 -1.416718542610113651e+00 -9.231297533220285123e-01 2.259164159817342310e-02 -1.304293197187631703e+00 -1.507322002218047390e+06 -2.787715117402514815e+08 2.161869424035680609e-01
1.000000000000000000e+00 1.082864506871662229e+02 -4.277696960761481932e+02 -1.250688506093346281e+06 -1.358432285297080000e+14 5.324049845865598691e-06 -1.427577671550591763e-05 1.012631941483040426e-06 2.062690821619828446e-06 1.908998202205182906e+03 3.127419598295016367e+00 5.287385367503115718e-01 -4.987601414666653632e-02 -1.675083618112288564e+00 3.344923820866192691e+06 1.600904461413536668e+08 -4.785333656786028289e-01
1.000000000000000000e+00 5.639690217041736986e+01 -4.495725335533816178e+02 -1.255253596485234099e+06 -1.368367107322532188e+14 2.782950994014036369e-06 -1.505815688174357365e-05 1.015398067089851061e-06 1.613295771255727703e-07 -2.250758951152630743e+03 -3.677678801021327715e+00 6.177363907395639481e-02 5.864702361412661713e-02 1.625104291010980723e-02 -3.954080634539943188e+06 1.875268506039095670e+07 5.641599892841743236e-01
1.000000000000000000e+00 3.007971424374151326e+00 -4.598065356861944792e+02 -1.259818659759890521e+06 -1.378338066666094062e+14 1.489706037549394027e-07 -1.545694812574568901e-05 1.027108478938783055e-06 -1.103576396942955235e-06 1.757030808792214657e+03 2.863461399839945631e+00 -6.293217242746478313e-01 -4.566647621400165419e-02 1.492184781210298627e+00 3.094772765344301704e+06 -1.915428087915715575e+08 -4.404399033491214754e-01
1.000000000000000000e+00 -5.051714033406953774e+01 -4.580746064998346014e+02 -1.264383696964085568e+06 -1.388345164981523750e+14 -2.510940840974327480e-06 -1.545452556757696168e-05 1.046191080560621329e-06 6.956652974758264439e-06 -6.073965509654684638e+02 -9.873119137290663483e-01 9.634318549639570017e-01 1.574380480393957130e-02 7.659406818647814807e-01 -1.072634129332986195e+06 2.939977655811360478e+08 1.522399950151318293e-01
1.000000000000000000e+00 -1.027320237996937209e+02 -4.443975947894336400e+02 -1.268948709951583063e+06 -1.398388405734404219e+14 -5.124703546460098327e-06 -1.504722243935249052e-05 1.070655650944817001e-06 -1.436509857607338294e-06 -7.738910313837624244e+02 -1.254685582304239100e+00 -9.402395391614982723e-01 2.000767821035266333e-02 -1.184480186819659497e+00 -1.370206633611587575e+06 -2.876659774809985757e+08 1.939736385651954220e-01
1.000000000000000000e+00 -1.523093802557352205e+02 -4.191540340979534562e+02 -1.273513701206461992e+06 -1.408467793843336250e+14 -7.625162578605065125e-06 -1.424353689381767053e-05 1.098145750300926518e-06 2.314611993197223180e-06 1.874650842265638857e+03 3.031457228641021739e+00 5.684178635183727568e-01 -4.834561787324052201e-02 -1.734811494711925750e+00 3.327749934089576360e+06 1.743579476180932224e+08 -4.699235177626461812e-01
1.000000000000000000e+00 -1.979616295147264111e+02 -3.829116097538437202e+02 -1.278078673521481687e+06 -1.418583334990934062e+14 -9.946205849973744094e-06 -1.305860228426007048e-05 1.125542227208639710e-06 3.557873780666189721e-08 -2.284289140343873896e+03 -3.684350977680316053e+00 1.408317154521943233e-02 5.875342468183603756e-02 -1.446477322981220281e-01 -4.065392681428167503e+06 4.331074292945083231e+06 5.725644540194950727e-01
1.000000000000000000e+00 -2.384433513733234236e+02 -3.366419371160613423e+02 -1.282643630658822367e+06 -1.428735037108061875e+14 -1.202292287872552850e-05 -1.152165319858633230e-05 1.150003331885321286e-06 -1.056037446349580051e-06 1.846971468071329127e+03 2.971336674143899792e+00 -5.913395151720439724e-01 -4.738685406847100573e-02 1.446291976973530291e+00 3.295564801370407920e+06 -1.823267153688793182e+08 -4.629854200607447789e-01
1.000000000000000000e+00 -2.727443398815826185e+02 -2.816157798499616547e+02 -1.287208576824553078e+06 -1.438922909237316250e+14 -1.380141155620780821e-05 -9.672672503653740496e-06 1.169536814078925801e-06 6.672383051199988171e-06 -7.210832749839503322e+02 -1.157075587309702280e+00 9.494144283030995224e-01 1.845105598904034708e-02 8.976911300132717209e-01 -1.289942822402323363e+06 2.934841174312270284e+08 1.807365712309824124e-01
1.000000000000000000e+00 -2.999961178614224195e+02 -2.192099710049887165e+02 -1.291773516097806161e+06 -1.449146960269888750e+14 -1.523424186197192954e-05 -7.555918307568051176e-06 1.182291988480122037e-06 -1.450739429206176845e-06 -6.784413899990645405e+02 -1.085865746629779638e+00 -9.555907885271558433e-01 1.731547881092746627e-02 -1.052177967405999892e+00 -1.216773892708504340e+06 -2.961510252154194713e+08 1.700481138736014419e-01
1.000000000000000000e+00 -3.194673483538384176e+02 -1.510993328865532419e+02 -1.296338452952785650e+06 -1.459407200115877812e+14 -1.628034919456152794e-05 -5.226627188237874818e-06 1.187040673999302657e-06 2.585951084040853146e-06 1.833124284190390426e+03 2.926483248311910312e+00 6.075917240245217732e-01 -4.667150745670965717e-02 -1.780964065045242073e+00 3.296090480499271769e+06 1.887829646945829093e+08 -4.595140722686195667e-01
1.000000000000000000e+00 -3.307335540360648451e+02 -7.911779103044881367e+01 -1.300903391878613038e+06 -1.469703638860986562e+14 -1.691383692314762170e-05 -2.746374588812571215e-06 1.183836615854428545e-06 -8.418003821822543488e-08 -2.312593368664755417e+03 -3.682532333031753868e+00 -3.442806757240467197e-02 5.872442477430766389e-02 -3.081854668033194855e-01 -4.168821780739562586e+06 -1.072433663796455413e+07 5.796590154641533266e-01
1.000000000000000000e+00 -3.335590896338500784e+02 -5.056545320611322225e+00 -1.305468337104509585e+06 -1.480036286143983438e+14 -1.711819455111148234e-05 -1.761411468677291806e-07 1.173287574877967524e-06 -1.004274520754986476e-06 1.935078513016256238e+03 3.073561138713963636e+00 -5.515121026456064612e-01 -4.901711531293605206e-02 1.384939542437167770e+00 3.497169407902312465e+06 -1.722331979586734772e+08 -4.850713199188199098e-01
1.000000000000000000e+00 -3.278779149320214970e+02 6.914987740672070515e+01 -1.310033293054099660e+06 -1.490405152180104688e+14 -1.688547696472313768e-05 2.417209654570524540e-06 1.156663642534040415e-06 6.359431102412084073e-06 -8.365713503158166304e+02 -1.325394070402551749e+00 9.330656829800727525e-01 2.113525581058770669e-02 1.020643654494600483e+00 -1.515731574129082030e+06 2.921293989170303941e+08 2.096846278190520330e-01
1.000000000000000000e+00 -3.139370411937752010e+02 1.415758080767894853e+02 -1.314598263515698723e+06 -1.500810245874283438e+14 -1.622386971992216960e-05 4.966182511366607474e-06 1.136431138909178820e-06 -1.462788227496629775e-06 -5.783973229316568450e+02 -9.140498083145397468e-01 -9.687429551956973084e-01 1.457549511224353125e-02 -9.110021819789115849e-01 -1.050616053127974272e+06 -3.040675351728134751e+08 1.449709018972280272e-01
1.000000000000000000e+00 -2.921533601872538384e+02 2.104933646405874583e+02 -1.319163251708212309e+06 -1.511251574946954375e+14 -1.515054533793230340e-05 7.409305935761627015e-06 1.115164370946163183e-06 2.871052179510597588e-06 1.785719791545880753e+03 2.814888641501402500e+00 6.452610040153362592e-01 -4.489181439327206979e-02 -1.811696253778682930e+00 3.251821898849696387e+06 2.030451391646842957e+08 -4.476312226138047246e-01
1.000000000000000000e+00 -2.630832970666729125e+02 2.741760001025739371e+02 -1.323728260505637387e+06 -1.521729146427640938e+14 -1.369023653887415664e-05 9.684313721260919903e-06 1.094998001595030851e-06 -1.955564224910458873e-07 -2.335420531648016095e+03 -3.672147115215236735e+00 -8.252879276676088061e-02 5.855881583733466705e-02 -4.690876951474381440e-01 -4.263550997555010952e+06 -2.603488109597398713e+07 5.853807329107699742e-01
1.000000000000000000e+00 -2.275475025602949017e+02 3.310467353683994247e+02 -1.328293292444249149e+06 -1.532242966657868438e+14 -1.188187250509749541e-05 1.173339960668265670e-05 1.078366514355651553e-06 -9.492926890412168474e-07 2.019546148754652449e+03 3.167514187499532063e+00 -5.108561875401900210e-01 -5.051546654649471946e-02 1.310091777182199158e+00 3.696156406753160525e+06 -1.615619011353944540e+08 -5.062449403142679216e-01
1.000000000000000000e+00 -1.864697491000769958e+02 3.798398349150116928e+02 -1.332858349083730485e+06 -1.542793039798777500e+14 -9.770374674660434037e-06 1.350905836629315633e-05 1.067471584691993722e-06 6.031805562593670205e-06 -9.511456608333975282e+02 -1.488073392168313136e+00 9.148226794921990868e-01 2.372952269525444718e-02 1.130975866380280470e+00 -1.745143148926769150e+06 2.900445347335367799e+08 2.384035964101811622e-01
1.000000000000000000e+00 -1.408448502436126830e+02 4.193869388879249414e+02 -1.337423431799263461e+06 -1.553379369632394375e+14 -7.405062618104081050e-06 1.496664306949761264e-05 1.063492062701493700e-06 -1.472487740367726522e-06 -4.763738803302359202e+02 -7.434307225238441230e-01 -9.794347625265654722e-01 1.185459295716380021e-02 -7.655234189876618522e-01 -8.762271858458524803e+05 -3.113063896117176414e+08 1.193974895343521414e-01
1.000000000000000000e+00 -9.185470491757084233e+01 4.487550295067251795e+02 -1.341988540848416276e+06 -1.564001957379348438e+14 -4.845839759235949669e-06 1.606936477160822476e-05 1.067155959275242232e-06 3.163401169952761263e-06 1.734046394741991207e+03 2.699424691723256053e+00 6.806327603165741591e-01 -4.305041600056686013e-02 -1.826678651263454523e+00 3.197507381511006970e+06 2.168739700948557854e+08 -4.346783087145807967e-01
1.000000000000000000e+00 -4.069787295788293591e+01 4.673778603759606085e+02 -1.346553675973991398e+06 -1.574660803064506562e+14 -2.154339859066252083e-06 1.679315817711320914e-05 1.078601786331042979e-06 -2.973308159352960779e-07 -2.352962870832291628e+03 -3.653812019591340832e+00 -1.292449644302486600e-01 5.826643207530799590e-02 -6.230927144242298654e-01 -4.349559680290900171e+06 -4.128455326420015097e+07 5.897777914843989056e-01
1.000000000000000000e+00 1.143579848688695222e+01 4.748257779862649954e+02 -1.351118836597961374e+06 -1.585355905951682188e+14 6.074057205871565650e-07 1.711860653735607760e-05 1.096660127960933585e-06 -8.919646440701446636e-07 2.099359735738306426e+03 3.251930701382977684e+00 -4.701674463168166174e-01 -5.186173141116981467e-02 1.224371283318625325e+00 3.890395826826213393e+06 -1.505577865568110347e+08 -5.262519371639249322e-01
1.000000000000000000e+00 6.325154630292436764e+01 4.709355802651217573e+02 -1.355684021510462277e+06 -1.596087263798596875e+14 3.370920107336061145e-06 1.703572236905706667e-05 1.119583298638008320e-06 5.700779384951170864e-06 -1.063229587295131068e+03 -1.642885974967469132e+00 8.950975037990867023e-01 2.619833373888916933e-02 1.227012882665847071e+00 -1.975186146550472127e+06 2.873393212194147110e+08 2.664982869435274515e-01
1.000000000000000000e+00 1.135234302585819108e+02 4.559155428385466848e+02 -1.360249228721116902e+06 -1.606854872480572812e+14 6.070477152496272228e-06 1.654792177754386387e-05 1.145589902299357635e-06 -1.479927278366184483e-06 -3.738001571355169403e+02 -5.761670823700428823e-01 -9.876992111736637714e-01 9.187196136252838777e-03 -6.189035463252939850e-01 -6.961324242364803795e+05 -3.178489844132761955e+08 9.368609509805732316e-02
1.000000000000000000e+00 1.611083643824416640e+02 4.301025731763273257e+02 -1.364814455846694764e+06 -1.617658726878537812e+14 8.643915994206718967e-06 1.566340680403225877e-05 1.172217734712672064e-06 3.459607352624771367e-06 1.678963028134872729e+03 2.581554642588757442e+00 7.135204949049824830e-01 -4.117064799506529177e-02 -1.826850517219555048e+00 3.134456806498296093e+06 2.301819935378254354e+08 -4.208706422835759575e-01
1.000000000000000000e+00 2.048334909709192004e+02 3.940883276142628233e+02 -1.369379700076269219e+06 -1.628498820780582812e+14 1.102665247972813061e-05 1.439985205400042512e-05 1.196753188597731818e-06 -3.901373051816171941e-07 -2.365518000749056682e+03 -3.628275802851987475e+00 -1.743574474892314874e-01 5.785921364331998024e-02 -7.686878875795581934e-01 -4.427041242676042020e+06 -5.638603432271678001e+07 5.929247883619870318e-01
1.000000000000000000e+00 2.436700275062505909e+02 3.488025895670983800e+02 -1.373944958159635076e+06 -1.639375146837360312e+14 1.316104221608644448e-05 1.278761663925211097e-05 1.217069533415682774e-06 -8.323697619210140372e-07 2.174576703225414349e+03 3.327248362527196246e+00 -4.296010151330230675e-01 -5.306288963922663193e-02 1.129492768543662429e+00 4.079675195448709186e+06 -1.392707434785236418e+08 -5.451067029410989750e-01
1.000000000000000000e+00 2.767341258461161715e+02 2.952599219697173112e+02 -1.378510226803100202e+06 -1.650287697492316562e+14 1.499655641363726342e-05 1.086063118519557375e-05 1.231035381585799374e-06 5.371011484537670740e-06 -1.172997103184236948e+03 -1.790385195299250443e+00 8.740142310217399180e-01 2.855051427507587086e-02 1.309232521524107407e+00 -2.206016452603244223e+06 2.840364327810941339e+08 2.940123118276359304e-01
1.000000000000000000e+00 3.031760281847269312e+02 2.346845344849997446e+02 -1.383075502325630747e+06 -1.661236464153944062e+14 1.648388527355924005e-05 8.661057715207002143e-06 1.236726811220591636e-06 -1.485337230964055997e-06 -2.702696096348196306e+02 -4.115175735390454448e-01 -9.937443012487772176e-01 6.561482977718116096e-03 -4.717111363632615628e-01 -5.095272184133665869e+05 -3.237341864303050637e+08 6.773481470237149860e-02
1.000000000000000000e+00 3.223518204400498917e+02 1.685743939413321471e+02 -1.387640780451217433e+06 -1.672221436679996250e+14 1.758433775104830012e-05 6.241791167298796736e-06 1.233591736766410467e-06 3.761051279507259504e-06 1.620045781595837525e+03 2.460722640662589722e+00 7.443047600513433837e-01 -3.924364588599131565e-02 -1.813268300238581210e+00 3.061633886657861061e+06 2.430639229940320253e+08 -4.061019643181510985e-01
1.000000000000000000e+00 3.338098242888739264e+02 9.843763361417092028e+01 -1.392206057273999788e+06 -1.683242605687656250e+14 1.826928152794972315e-05 3.656834088365699555e-06 1.221857007868421065e-06 -4.759545172853133049e-07 -2.373066931446929175e+03 -3.595771877526434235e+00 -2.183915979160144516e-01 5.734088263367125710e-02 -9.068844451985055288e-01 -4.495615805959555320e+06 -7.149223364833605289e+07 5.948169627580189855e-01
1.000000000000000000e+00 3.371811734833805758e+02 2.591626255836119341e+01 -1.396771328838735586e+06 -1.694299961550422188e+14 1.851430716675040499e-05 9.659135439097055894e-07 1.201981939354275673e-06 -7.695825822352569778e-07 2.245937018212579915e+03 3.394916000599653039e+00 -3.886531676245815192e-01 -5.414204671524287110e-02 1.025407241170587236e+00 4.265082729522655718e+06 -1.275368939758019745e+08 -5.629947233153325126e-01
1.000000000000000000e+00 3.323464645927142556e+02 -4.716890020590317789e+01 -1.401336591243440751e+06 -1.705393494645971562e+14 1.830848298169588173e-05 -1.763757142201065843e-06 1.175497110156838642e-06 5.041066476930802650e-06 -1.281964178035502982e+03 -1.933121732414313287e+00 8.513256671383474528e-01 3.082674061467844534e-02 1.379030589028483966e+00 -2.440360137914517894e+06 2.800383422511764169e+08 3.213256646093405888e-01
1.000000000000000000e+00 3.194051220969574842e+02 -1.190914136745268905e+02 -1.405901840742083965e+06 -1.716523195609040312e+14 1.765288577459060755e-05 -4.467617906141530477e-06 1.144653666908652139e-06 -1.488915484883932770e-06 -1.638995615531520684e+02 -2.465559487341424383e-01 -9.977592777691979276e-01 3.930787877158714409e-03 -3.223411676648857971e-01 -3.127529711504264269e+05 -3.289979299134557843e+08 4.107173288296814273e-02
