5.399999775114303338e+04 -3.765250333777356851e-08 9.999999999999999547e-08
5.400917543692707113e+04 5.977467975852577760e-08 9.999999999999999547e-08
5.401835318740334333e+04 1.492815159990210061e-07 9.999999999999999547e-08
5.402753098810687516e+04 2.250116284047783088e-07 9.999999999999999547e-08
5.403670882280189835e+04 1.679320626397217768e-07 9.999999999999999547e-08
5.404588667343879933e+04 3.486411696498864217e-08 9.999999999999999547e-08
5.405506452262272069e+04 -1.500107221310438616e-07 9.999999999999999547e-08
5.406424235204162687e+04 2.366665816841822602e-07 9.999999999999999547e-08
5.407342014295201079e+04 8.951313838823755126e-08 9.999999999999999547e-08
5.408259787856107141e+04 -7.933076953327759029e-08 9.999999999999999547e-08
5.409177554327535472e+04 1.973394532086996735e-07 9.999999999999999547e-08
5.410095312259913044e+04 5.412826283589681733e-08 9.999999999999999547e-08
5.411013060543299071e+04 -8.171684960853964867e-08 9.999999999999999547e-08
5.411930798274047265e+04 -5.892278016648071957e-08 9.999999999999999547e-08
5.412848524741759320e+04 1.111326953670721025e-07 9.999999999999999547e-08
5.413766239730881352e+04 -1.154217005449726303e-07 9.999999999999999547e-08
5.414683943273289333e+04 1.742798686159549614e-08 9.999999999999999547e-08
5.415601635605113552e+04 1.576419166473628130e-07 9.999999999999999547e-08
5.416519317401883745e+04 1.243510776496575558e-07 9.999999999999999547e-08
5.417436989520279894e+04 1.347765475923396039e-07 9.999999999999999547e-08
5.418354653029928886e+04 8.680583720871162560e-08 9.999999999999999547e-08
5.419272309342544759e+04 4.811798547985700874e-09 9.999999999999999547e-08
5.420189959933845239e+04 -1.179756961800445716e-08 9.999999999999999547e-08
5.421107606323267100e+04 -2.143486239640283191e-08 9.999999999999999547e-08
5.422025250244485505e+04 4.479933275743985337e-08 9.999999999999999547e-08
5.422942893427736999e+04 -6.441616773744444281e-08 9.999999999999999547e-08
5.423860537519157515e+04 -1.279499163406825448e-07 9.999999999999999547e-08
5.424778184278608387e+04 -7.914694798391853742e-09 9.999999999999999547e-08
5.425695835244474438e+04 1.050830121164651964e-07 9.999999999999999547e-08
5.426613491815565794e+04 3.156137128373737249e-08 9.999999999999999547e-08
5.427531155434544780e+04 -1.939546582884705389e-07 9.999999999999999547e-08
5.428448827253621130e+04 2.181002791021354516e-07 9.999999999999999547e-08
5.429366508216736111e+04 5.832409878852080278e-08 9.999999999999999547e-08
5.430284199138256372e+04 2.320561888641715379e-07 9.999999999999999547e-08
5.431201900542710791e+04 1.768173241366013658e-08 9.999999999999999547e-08
5.432119612708584464e+04 3.475289415763727133e-08 9.999999999999999547e-08
5.433037335823932517e+04 -2.932270473570405083e-08 9.999999999999999547e-08
5.433955069661951711e+04 1.149565075681685649e-07 9.999999999999999547e-08
5.434872813727570610e+04 3.227111696172994550e-08 9.999999999999999547e-08
5.435790567417177954e+04 -1.889125003276303638e-07 9.999999999999999547e-08
5.436708329805772519e+04 7.610363910876700293e-08 9.999999999999999547e-08
5.437626099738865742e+04 2.624143354892423334e-08 9.999999999999999547e-08
5.438543875938958809e+04 -1.173601551873821968e-07 9.999999999999999547e-08
5.439461656832332665e+04 3.520474517763512877e-08 9.999999999999999547e-08
5.440379440700612759e+04 -6.049480374623164591e-08 9.999999999999999547e-08
5.441297225906142558e+04 -1.576860231730238212e-07 9.999999999999999547e-08
5.442215010593615443e+04 1.786091844611996068e-07 9.999999999999999547e-08
5.443132792878491455e+04 8.158264821125414996e-08 9.999999999999999547e-08
5.444050571021986980e+04 -6.354447308605215334e-08 9.999999999999999547e-08
5.444968343279427791e+04 1.610340869379879726e-08 9.999999999999999547e-08
5.445886108112915826e+04 -1.539740456290011119e-07 9.999999999999999547e-08
5.446803864239517861e+04 -2.093319140759628051e-07 9.999999999999999547e-08
5.447721610489045270e+04 -1.942703918655365879e-07 9.999999999999999547e-08
5.448639345961304934e+04 2.895104828521301445e-08 9.999999999999999547e-08
5.449557070166007179e+04 -9.825652426708683734e-08 9.999999999999999547e-08
5.450474782866627356e+04 -1.259191488714047702e-07 9.999999999999999547e-08
5.451392484098177374e+04 -6.584172022974218059e-08 9.999999999999999547e-08
5.452310174300559447e+04 -1.089175850333514588e-07 9.999999999999999547e-08
5.453227854074214702e+04 -8.016974934482490122e-08 9.999999999999999547e-08
5.454145524324906000e+04 -1.450360492825548337e-07 9.999999999999999547e-08
5.455063186324334674e+04 -1.876197192250950303e-07 9.999999999999999547e-08
5.455980841378789046e+04 -8.313418037019254639e-08 9.999999999999999547e-08
5.456898490960190975e+04 -1.915349455987799120e-07 9.999999999999999547e-08
5.457816136733444000e+04 -4.333997155271529944e-08 9.999999999999999547e-08
5.458733780359807861e+04 -2.318300490155667428e-07 9.999999999999999547e-08
5.459651423551656626e+04 -9.220837064078594987e-08 9.999999999999999547e-08
5.460569068093016540e+04 -2.273584026802637992e-07 9.999999999999999547e-08
5.461486715555701812e+04 -1.380868704587937705e-07 9.999999999999999547e-08
5.462404367469994031e+04 -1.254302618228974310e-07 9.999999999999999547e-08
5.463322025369191397e+04 -1.152632888277805935e-07 9.999999999999999547e-08
5.464239690530765802e+04 -8.865021594103724816e-08 9.999999999999999547e-08
5.465157364071733173e+04 1.912336508147490057e-08 9.999999999999999547e-08
5.466075046978094906e+04 -1.067287882529581453e-07 9.999999999999999547e-08
5.466992739926678769e+04 -1.332139654274145156e-07 9.999999999999999547e-08
5.467910443417491479e+04 -9.701963181263263910e-08 9.999999999999999547e-08
5.468828157808047399e+04 6.112313918580018300e-08 9.999999999999999547e-08
5.469745883062989742e+04 -1.397166277959449788e-07 9.999999999999999547e-08
5.470663618931600649e+04 1.048699545709406562e-07 9.999999999999999547e-08
5.471581364995901822e+04 5.668013506562743976e-08 9.999999999999999547e-08
5.472499120475356176e+04 2.231980187345788716e-08 9.999999999999999547e-08
5.473416884437794215e+04 5.657055660440504620e-08 9.999999999999999547e-08
5.474334655753248808e+04 -1.332274261213074952e-07 9.999999999999999547e-08
5.475252432984146435e+04 -1.438581047247938344e-07 9.999999999999999547e-08
5.476170214563027548e+04 9.839193827404092540e-08 9.999999999999999547e-08
5.477087998874214099e+04 2.547517983016824165e-07 9.999999999999999547e-08
5.478005784102444159e+04 1.022502435032381033e-07 9.999999999999999547e-08
5.478923568409257859e+04 1.888131552442182511e-07 9.999999999999999547e-08
5.479841350034478091e+04 1.440009756502397532e-07 9.999999999999999547e-08
5.480759127109098335e+04 1.482904819713035440e-07 9.999999999999999547e-08
5.481676897972925508e+04 1.576354539846698692e-07 9.999999999999999547e-08
5.482594661203552096e+04 -1.011823333303442053e-08 9.999999999999999547e-08
5.483512416570867208e+04 1.210951193518666134e-07 9.999999999999999547e-08
5.484430160694388178e+04 1.869277976855313684e-07 9.999999999999999547e-08
5.485347893982230744e+04 2.078661364796805883e-07 9.999999999999999547e-08
5.486265615885134321e+04 2.569294479449456323e-07 9.999999999999999547e-08
5.487183326245310309e+04 3.890566173105659284e-07 9.999999999999999547e-08
5.488101025276695145e+04 2.189376910487691021e-07 9.999999999999999547e-08
5.489018713311565079e+04 2.299651350769327947e-07 9.999999999999999547e-08
5.489936391069274396e+04 1.733219233256237977e-07 9.999999999999999547e-08
5.490854059606787632e+04 2.089583647153930764e-07 9.999999999999999547e-08
5.491771720070794981e+04 2.293244710566607972e-07 9.999999999999999547e-08
5.492689373879427148e+04 1.569954782953355840e-07 9.999999999999999547e-08
5.493607022595867602e+04 2.956406434615374488e-08 9.999999999999999547e-08
5.494524667775342095e+04 8.518898607664243772e-08 9.999999999999999547e-08
5.495442311144035193e+04 2.872388388468788303e-07 9.999999999999999547e-08
5.496359954491028475e+04 2.462152518543506985e-07 9.999999999999999547e-08
5.497277599443306826e+04 2.306467154957741205e-08 9.999999999999999547e-08
5.498195247641878814e+04 4.781064676778695686e-08 9.999999999999999547e-08
5.499112900661648018e+04 1.432915741377160430e-07 9.999999999999999547e-08
5.500030559860936773e+04 -2.787107214898868987e-08 9.999999999999999547e-08
5.500948226586418605e+04 2.461865905189166574e-07 9.999999999999999547e-08
5.501865901949114050e+04 2.293416410894958447e-07 9.999999999999999547e-08
5.502783586777489836e+04 -8.247961694065629110e-09 9.999999999999999547e-08
5.503701281761091377e+04 1.414756041616109037e-07 9.999999999999999547e-08
5.504618987423968792e+04 7.688192151582111262e-08 9.999999999999999547e-08
5.505536703951589152e+04 9.753287057569330253e-10 9.999999999999999547e-08
5.506454431335021945e+04 1.221918026183703776e-07 9.999999999999999547e-08
5.507372169312580809e+04 1.963594218642169397e-08 9.999999999999999547e-08
5.508289917269173748e+04 5.194223744794144848e-09 9.999999999999999547e-08
5.509207674495123501e+04 -1.141884791888528847e-07 9.999999999999999547e-08
5.510125440057924425e+04 -1.423829552159901399e-08 9.999999999999999547e-08
5.511043212634731026e+04 -6.011125045149751388e-08 9.999999999999999547e-08
5.511960990840427985e+04 -1.726125177978362746e-07 9.999999999999999547e-08
5.512878773102168634e+04 -9.766480822460740871e-08 9.999999999999999547e-08
5.513796557695128286e+04 1.452763763965979758e-07 9.999999999999999547e-08
5.514714342869034590e+04 -1.991927611229116893e-07 9.999999999999999547e-08
5.515632126814168441e+04 -1.936505880967378916e-07 9.999999999999999547e-08
5.516549907614907715e+04 -3.021638773649534450e-08 9.999999999999999547e-08
5.517467683542642771e+04 -4.409820632120865295e-08 9.999999999999999547e-08
5.518385453017169493e+04 -1.298573960908952411e-07 9.999999999999999547e-08
5.519303214506159566e+04 -2.546895013881727361e-08 9.999999999999999547e-08
5.520220966773932014e+04 -5.779886002717790111e-08 9.999999999999999547e-08
5.521138708790559031e+04 3.538472459754203324e-08 9.999999999999999547e-08
5.522056439788317948e+04 -5.690812155317569590e-08 9.999999999999999547e-08
5.522974159380538913e+04 -3.256969666261765828e-09 9.999999999999999547e-08
5.523891867497820203e+04 -5.058465467209530699e-08 9.999999999999999547e-08
5.524809564238766325e+04 6.693848294110834560e-09 9.999999999999999547e-08
5.525727250133182679e+04 -1.393682749805531022e-07 9.999999999999999547e-08
5.526644925985159352e+04 -7.334028274331361480e-08 9.999999999999999547e-08
5.527562592764299916e+04 6.070962437497192181e-08 9.999999999999999547e-08
5.528480251788103487e+04 -1.150943418231808478e-07 9.999999999999999547e-08
5.529397904467394255e+04 -3.481771360327048141e-07 9.999999999999999547e-08
5.530315552276853123e+04 -3.073892259051264863e-07 9.999999999999999547e-08
5.531233196943851362e+04 -3.178343047709980322e-08 9.999999999999999547e-08
5.532150840190357849e+04 -1.969861452709699867e-08 9.999999999999999547e-08
5.533068483678998018e+04 -1.208535111774671976e-07 9.999999999999999547e-08
5.533986129136215459e+04 -1.921837548684814658e-07 9.999999999999999547e-08
5.534903778183651593e+04 -2.286998460076510637e-08 9.999999999999999547e-08
5.535821432271349477e+04 -1.402983247992199895e-07 9.999999999999999547e-08
5.536739092873700429e+04 9.161159173305664256e-08 9.999999999999999547e-08
5.537656761255858146e+04 -1.812345320032667854e-07 9.999999999999999547e-08
5.538574438380195352e+04 -1.350373349611000295e-07 9.999999999999999547e-08
5.539492125170765939e+04 -1.050290123631989374e-07 9.999999999999999547e-08
5.540409822269679717e+04 -1.845815029472658216e-07 9.999999999999999547e-08
5.541327530045287131e+04 -1.584882537606190173e-07 9.999999999999999547e-08
5.542245248751743202e+04 -1.718704789782995853e-08 9.999999999999999547e-08
5.543162978270581516e+04 -3.573240418703622534e-08 9.999999999999999547e-08
5.544080718231388892e+04 -7.738864484415029363e-09 9.999999999999999547e-08
5.544998468108973611e+04 -1.647935372327616110e-07 9.999999999999999547e-08
5.545916227102366975e+04 -1.695682212633906466e-07 9.999999999999999547e-08
5.546833994106819591e+04 -1.478942096592618409e-07 9.999999999999999547e-08
5.547751767924979504e+04 -1.399341594925646228e-07 9.999999999999999547e-08
5.548669547071441775e+04 -1.863504560962647229e-07 9.999999999999999547e-08
5.549587329896057054e+04 -7.663951134027774486e-09 9.999999999999999547e-08
5.550505114755842806e+04 -1.239227214677970907e-07 9.999999999999999547e-08
5.551422899832035182e+04 -8.631329416690986169e-08 9.999999999999999547e-08
5.552340683239829377e+04 -3.899071428219765853e-08 9.999999999999999547e-08
5.553258463209446199e+04 -8.227120562896127275e-09 9.999999999999999547e-08
5.554176237984879117e+04 -3.165958826922377889e-08 9.999999999999999547e-08
5.555094005928644037e+04 -8.322173224140827734e-08 9.999999999999999547e-08
5.556011765684382408e+04 -1.275119084206541584e-07 9.999999999999999547e-08
5.556929515981071745e+04 -9.932231017422574418e-09 9.999999999999999547e-08
5.557847255808754562e+04 -1.295786411814271978e-07 9.999999999999999547e-08
5.558764984558918513e+04 -3.128617819050726099e-07 9.999999999999999547e-08
5.559682701860150701e+04 -3.119171443462037459e-08 9.999999999999999547e-08
5.560600407641378115e+04 -1.544897967043829145e-07 9.999999999999999547e-08
5.561518102181632275e+04 -2.572059235229946623e-07 9.999999999999999547e-08
5.562435786001844826e+04 -1.216718793014909124e-07 9.999999999999999547e-08
5.563353459905403724e+04 -1.154492720230886203e-07 9.999999999999999547e-08
5.564271125038387981e+04 -1.020943516508871988e-07 9.999999999999999547e-08
5.565188782682238525e+04 9.879962139220249894e-08 9.999999999999999547e-08
5.566106434215457557e+04 -2.121244546215583485e-08 9.999999999999999547e-08
5.567024081279027450e+04 -1.300444309029136375e-07 9.999999999999999547e-08
5.567941725510193646e+04 -1.156608573052186246e-07 9.999999999999999547e-08
5.568859368626127252e+04 8.967919822695968114e-08 9.999999999999999547e-08
5.569777012398668739e+04 -8.525559719990574430e-08 9.999999999999999547e-08
5.570694658443256776e+04 -9.828581657254709495e-08 9.999999999999999547e-08
5.571612308323557954e+04 1.491466891765973852e-07 9.999999999999999547e-08
5.572529963613086875e+04 1.501132014146590006e-07 9.999999999999999547e-08
5.573447625683208025e+04 6.145074647154169714e-08 9.999999999999999547e-08
5.574365295689943741e+04 5.697254187202669845e-08 9.999999999999999547e-08
5.575282974706294772e+04 6.661930876097048370e-08 9.999999999999999547e-08
5.576200663494846958e+04 2.407476480130953145e-07 9.999999999999999547e-08
5.577118362642103602e+04 2.125844729749366539e-07 9.999999999999999547e-08
5.578036072616725141e+04 2.054073227686673492e-07 9.999999999999999547e-08
5.578953793494977435e+04 2.117930071183950575e-07 9.999999999999999547e-08
5.579871525092378579e+04 4.168843839790224144e-07 9.999999999999999547e-08
5.580789267087376356e+04 2.422615171887617661e-07 9.999999999999999547e-08
5.581707018843718106e+04 8.800221373936014514e-08 9.999999999999999547e-08
5.582624779489162756e+04 3.485032559500117512e-07 9.999999999999999547e-08
