1.000000000000000000e+00 1.958505054700036396e+02 -7.679359629429687573e+01 -1.421526997766486602e+06 -6.140969967332642188e+13 2.207918761465083073e-07 1.831538545024131499e-05 -4.387251343041472751e+02 -8.297700374143978763e+00 7.886083268220686060e-01 1.798933979428702923e-01 -2.398792570591624695e+01 2.811836287260000035e+07
1.000000000000000000e+00 2.580127741319736288e+02 -1.014073211320636574e+02 -1.434573254201055737e+06 -6.254206381222860156e+13 3.834968075036661432e-07 2.563116677983719318e-05 3.126109645371237775e+02 5.783849998283259630e+00 9.034399625644543574e-01 -1.253837553732961019e-01 -1.878699350416906810e+01 3.292913997908593342e+07
1.000000000000000000e+00 3.138046902347761034e+02 -1.235116407660539153e+02 -1.447619679138266481e+06 -6.368478773097240625e+13 5.675069071131658592e-07 2.401802112761090190e-07 7.451441095992199735e+02 1.349292615899229375e+01 2.284690594598584590e-02 -2.925307211333652568e-01 -3.316372991791585179e+01 8.508547520275365096e+05
1.000000000000000000e+00 3.618525627980720287e+02 -1.425707363791528621e+02 -1.460666253837301629e+06 -6.483787016662118750e+13 7.547210786853287102e-07 -5.634346412777427809e-06 3.573759903115896464e+02 6.336378770413959138e+00 -8.830137002621425424e-01 -1.373854906379795571e-01 -2.121151099228795189e+01 -3.358501830474206060e+07
1.000000000000000000e+00 4.008291715318376305e+02 -1.580542618013645608e+02 -1.473712955603843089e+06 -6.600130944267878906e+13 9.261830725350353747e-07 -5.363263035293930407e-06 -4.490836898885481787e+02 -7.799767434063936911e+00 -8.161542473069784975e-01 1.691244860731467292e-01 -2.109441616714390122e+01 -3.168923679795227200e+07
1.000000000000000000e+00 4.296677390310641158e+02 -1.695347236178767503e+02 -1.486759755907806335e+06 -6.717510328332285156e+13 1.064468789349557901e-06 1.732920123447440077e-06 -7.839718515265287806e+02 -1.334364772890970130e+01 1.498783052561629414e-01 2.893059293521380582e-01 -3.318626812772339463e+01 5.938251417530229315e+06
1.000000000000000000e+00 4.476278296136957238e+02 -1.767255476439198389e+02 -1.499806626519079320e+06 -6.835924934958305469e+13 1.155604816981015452e-06 2.967660123055256891e-05 -2.506098392761915932e+02 -4.181825431559959227e+00 9.506980343729374283e-01 9.066172407406153377e-02 -1.887329823318932398e+01 3.842100496826899797e+07
1.000000000000000000e+00 4.541185048082541584e+02 -1.793863613593600519e+02 -1.512853535910135368e+06 -6.955374490974785938e+13 1.189558269786511318e-06 1.440466530262550592e-05 5.860375417388428332e+02 9.590784179399427956e+00 7.035304041161919431e-01 -2.079171795806541712e-01 -2.386944021759450862e+01 2.898999206441622972e+07
1.000000000000000000e+00 4.489015735986189384e+02 -1.774172837906754410e+02 -1.525900448677519336e+06 -7.075858677263615625e+13 1.162452652809707668e-06 -2.696224362293325160e-06 7.965963975419622329e+02 1.279053706548179647e+01 -3.191808968154322690e-01 -2.773118177729663181e-01 -3.221638564690382367e+01 -1.340541780139471963e+07
1.000000000000000000e+00 4.321239299506619318e+02 -1.708818124718381455e+02 -1.538947331002208870e+06 -7.197377178297153125e+13 1.077264608376156942e-06 -6.037440830770916114e-06 1.202619411426059344e+02 1.895201015380661991e+00 -9.901857025792015765e-01 -4.108970253397792316e-02 -1.725414683148581219e+01 -4.237244124790769070e+07
1.000000000000000000e+00 4.041210109728569364e+02 -1.599050950518725358e+02 -1.551994151006760541e+06 -7.319929686135401562e+13 9.423532705842391435e-07 -4.209638445130221063e-06 -7.166018918021270565e+02 -1.108742888620828637e+01 -5.702013102814738055e-01 2.404052167424741981e-01 -2.676520111533883650e+01 -2.485245063735582307e+07
1.000000000000000000e+00 3.655957157982754211e+02 -1.447599772124434310e+02 -1.565040875152467052e+06 -7.443515866924832812e+13 7.714687342489553965e-07 7.447456873899883566e-06 -7.801172779271884110e+02 -1.185447858017657552e+01 4.779738136052189557e-01 2.570109478666634528e-01 -3.037794471824932785e+01 2.121169873026903719e+07
1.000000000000000000e+00 3.176079190323478656e+02 -1.258709097831903279e+02 -1.578087475162830437e+06 -7.568135426646581250e+13 5.823931733028350688e-07 3.479016483709622680e-05 2.963079571400900036e+01 4.423584150664329195e-01 9.993667097108763775e-01 -9.585982793737667443e-03 -1.655593448943219315e+01 4.514272852414922416e+07
1.000000000000000000e+00 2.613519094304697887e+02 -1.037024074428821621e+02 -1.591133925146747380e+06 -7.693788085381842188e+13 3.944346779542242694e-07 6.154711921920231907e-06 8.350576194119437332e+02 1.225151461453001112e+01 4.194741707036799272e-01 -2.656063859186907350e-01 -2.943904212247849372e+01 1.928083289442143962e+07
1.000000000000000000e+00 1.983092416481860027e+02 -7.883636289431228761e+01 -1.604180201582676265e+06 -7.820473578103478125e+13 2.271764891420337363e-07 -4.478534895671285083e-06 7.323430999040347160e+02 1.056232834732248449e+01 -6.225586646493228571e-01 -2.290084968791170628e-01 -2.788884453674736008e+01 -2.910912276508178934e+07
1.000000000000000000e+00 1.302016621351983190e+02 -5.195967352030872632e+01 -1.617226288219558075e+06 -7.948191703788910938e+13 9.803580584157515587e-08 -5.997051256974889116e-06 -1.943991893457857714e+02 -2.756996894151808597e+00 -9.790048152099388723e-01 5.978383495764670597e-02 -1.685319307117256926e+01 -4.655184589056187868e+07
1.000000000000000000e+00 5.875115887873901244e+01 -2.374588320731861657e+01 -1.630272174853809178e+06 -8.076942316184415625e+13 2.004162161347950055e-08 -2.256200086365291205e-06 -9.348307632675175682e+02 -1.304044689159758263e+01 -2.576574819374911063e-01 2.827432573081440914e-01 -3.155907645266850992e+01 -1.245595942667206563e+07
1.000000000000000000e+00 -1.417935640573440992e+01 5.070849463862029616e+00 -1.643317853538129944e+06 -8.206725288336471875e+13 1.129367886190376581e-09 1.629008727270461166e-05 -6.534481931716040890e+02 -8.968199396555993630e+00 7.472343168393820179e-01 1.944303466503758127e-01 -2.507014721280443581e+01 3.671610645289564878e+07
1.000000000000000000e+00 -8.665028178810658233e+01 3.371631268002787607e+01 -1.656363323759100633e+06 -8.337540565610717188e+13 4.313893522511544593e-08 2.775824979471852412e-05 3.685720442247732080e+02 4.978108036549921067e+00 9.294063773583659538e-01 -1.079159600734948127e-01 -1.809657967869214801e+01 4.640423610953328758e+07
1.000000000000000000e+00 -1.568833780129713489e+02 6.149391293927689617e+01 -1.669408590498472098e+06 -8.469388148967889062e+13 1.417005176527921998e-07 9.761083350738402218e-07 1.011143628628607075e+03 1.344349693562018544e+01 8.849422360552763878e-02 -2.914572417219405964e-01 -3.289450039602456144e+01 4.488584716618122533e+06
1.000000000000000000e+00 -2.231130589462425178e+02 8.770641818622772234e+01 -1.682453663070432143e+06 -8.602268085252382812e+13 2.867646593151009360e-07 -5.501723890959908806e-06 5.435451362956631556e+02 7.115390346950712264e+00 -8.498057355039394523e-01 -1.542758970468343926e-01 -2.224292054859488132e+01 -4.377744867140046507e+07
1.000000000000000000e+00 -2.836485133633212286e+02 1.116769145830555630e+02 -1.695498557452264009e+06 -8.736180492927448438e+13 4.636056646708042497e-07 -5.516001201355283539e-06 -5.458851093625146405e+02 -7.037705010726705623e+00 -8.533463024474988723e-01 1.526012853221430376e-01 -2.012346445874413803e+01 -4.463642515479967743e+07
1.000000000000000000e+00 -3.370925815110678627e+02 1.328585870537373523e+02 -1.708543293214328121e+06 -8.871125532836129688e+13 6.549544059303334128e-07 8.948471122559354536e-07 -1.059162945490218817e+03 -1.345114199172627423e+01 8.155174073028351178e-02 2.916384456392376867e-01 -3.329774785178543794e+01 4.330427409202159382e+06
1.000000000000000000e+00 -3.821713399665601401e+02 1.507471271093054668e+02 -1.721587890798098408e+06 -9.007103381143610938e+13 8.421118474093021403e-07 2.752222406121148765e-05 -4.052102838832857401e+02 -5.070377617552925820e+00 9.266632163862231764e-01 1.099250172699817452e-01 -1.974417375059399049e+01 4.994085624983644485e+07
1.000000000000000000e+00 -4.177858370515409092e+02 1.648990567334353727e+02 -1.734632376993893413e+06 -9.144114287434082812e+13 1.006602099151573493e-06 1.653335826975733903e-05 7.207672005213760258e+02 8.888170653856208858e+00 7.524745287099707802e-01 -1.926842701452980422e-01 -2.269535097677760049e+01 4.114985794092433900e+07
1.000000000000000000e+00 -4.432044107918242162e+02 1.750300525728572438e+02 -1.747676780199495610e+06 -9.282158526863079688e+13 1.132914654049429447e-06 -2.194143474027183651e-06 1.075270908481635615e+03 1.307025686338430681e+01 -2.493216034410068449e-01 -2.833745311240282172e-01 -3.273795771450194536e+01 -1.383208313795102760e+07
1.000000000000000000e+00 -4.578679446640779815e+02 1.809171528799271584e+02 -1.760721129378931364e+06 -9.421236389651857812e+13 1.209186012703015617e-06 -5.989888409060301774e-06 2.404833125714008020e+02 2.881965364056327861e+00 -9.770266396076994209e-01 -6.248551674630761082e-02 -1.784145001069488146e+01 -5.497895738633376360e+07
1.000000000000000000e+00 -4.614334853618422017e+02 1.824157884302343291e+02 -1.773765455958723323e+06 -9.561348201754942188e+13 1.228254609936843791e-06 -4.519150960847330103e-06 -8.862695657529159234e+02 -1.047353920055240550e+01 -6.307220942388901408e-01 2.270958383207233588e-01 -2.551045183625730317e+01 -3.599186274538607150e+07
1.000000000000000000e+00 -4.539410348327867268e+02 1.795465842897063737e+02 -1.786809790457000723e+06 -9.702494289227934375e+13 1.188955326274906779e-06 5.937026802351107543e-06 -1.056665290043752066e+03 -1.231608618786612297e+01 4.089144371827061475e-01 2.670205713810214765e-01 -3.129001814923894642e+01 2.365871061878417432e+07
1.000000000000000000e+00 -4.355987577211566304e+02 1.723889778964161508e+02 -1.799854160948389210e+06 -9.844674961074185938e+13 1.095032566921224851e-06 3.473139452293927767e-05 -5.348204295864007918e+01 -6.149395971196793820e-01 9.988655299293325296e-01 1.333501100154056880e-02 -1.674962400246985794e+01 5.858365473754692823e+07
1.000000000000000000e+00 -4.068243981441067376e+02 1.610996157898627814e+02 -1.812898598727301229e+06 -9.987890570678273438e+13 9.552377838087465558e-07 7.739153416799399152e-06 1.036891896207175023e+03 1.176322709896843755e+01 4.902286873587078375e-01 -2.550188036420898974e-01 -2.826445606781160080e+01 2.914067628488877788e+07
1.000000000000000000e+00 -3.683904211005239517e+02 1.459890972197935639e+02 -1.825943131607464515e+06 -1.013214144272077656e+14 7.833497074603060585e-07 -4.143052148368033951e-06 1.000724047790675968e+03 1.120348383733831632e+01 -5.576327277991842690e-01 -2.429083589182686187e-01 -2.910653573494851898e+01 -3.358948961924200505e+07
1.000000000000000000e+00 -3.211946523773690956e+02 1.274089868949884590e+02 -1.838987783328387188e+06 -1.027742786516449688e+14 5.956432431755877232e-07 -6.045235968516004191e-06 -1.516175650135202773e+02 -1.675364166398134680e+00 -9.923598970981102330e-01 3.633078445162659514e-02 -1.658958468123703156e+01 -6.056244591703467816e+07
1.000000000000000000e+00 -2.663032556912682480e+02 1.057730560344571558e+02 -1.852032577411535894e+06 -1.042375013104678906e+14 4.096472349476317058e-07 -2.810030600224073913e-06 -1.165384718602429757e+03 -1.271227316127973950e+01 -3.358439005994349191e-01 2.756298669572034288e-01 -3.063597996289038861e+01 -2.076239617703113705e+07
1.000000000000000000e+00 -2.050771647644536415e+02 8.162536009818177263e+01 -1.865077532899346203e+06 -1.057110849009141875e+14 2.430972532727769427e-07 1.386858268749981642e-05 -9.068789262185883899e+02 -9.767170519295783393e+00 6.900681287373160444e-01 2.117530077203902128e-01 -2.644180498103017385e+01 4.320822399495467544e+07
1.000000000000000000e+00 -1.389317835659505249e+02 5.552205948735187491e+01 -1.878122665016425075e+06 -1.071950315448081875e+14 1.116757202236449714e-07 3.024441021066521398e-05 3.692506848011150851e+02 3.927135623089968330e+00 9.566417257225870996e-01 -8.513192301682112606e-02 -1.738889268707443492e+01 6.065807656959469616e+07
1.000000000000000000e+00 -6.938163268817682194e+01 2.805518600395775408e+01 -1.891167987136140000e+06 -1.086893431994755625e+14 2.792564278203438819e-08 2.000589408968035488e-06 1.266118832815720452e+03 1.329939925995901895e+01 1.702522091336673427e-01 -2.883309139103257257e-01 -3.236286492823573013e+01 1.093022510844437964e+07
1.000000000000000000e+00 1.850562377068045938e+00 -8.715564243360089669e-02 -1.904213506826820783e+06 -1.101940211928044844e+14 1.747118949975321958e-11 -5.310759887326775051e-06 7.742063627462009663e+02 8.033104629612797254e+00 -8.036363377127245800e-01 -1.741733446863390489e-01 -2.357936604949458470e+01 -5.223081281018015742e+07
1.000000000000000000e+00 7.308313927441285784e+01 -2.824312610721061390e+01 -1.917259225341827841e+06 -1.117090661408107812e+14 3.062782240734195354e-08 -5.673758354737199154e-06 -5.925298794173828583e+02 -6.073941957518851353e+00 -8.930807384569249274e-01 1.317045417045206446e-01 -1.906825546812876482e+01 -5.875221528068257123e+07
1.000000000000000000e+00 1.426305164861465471e+02 -5.575188716082258367e+01 -1.930305142698842799e+06 -1.132344785185192031e+14 1.169919165244290733e-07 5.774715008736125504e-09 -1.332450263100802658e+03 -1.349609418783495052e+01 5.580805903324104200e-04 2.926153460126293404e-01 -3.322578809271490030e+01 3.715640864761546254e+04
1.000000000000000000e+00 2.087099124640633647e+02 -8.190057042004119126e+01 -1.943351252350901952e+06 -1.147702580256293438e+14 2.508123878709804055e-07 2.487693750204042262e-05 -6.050830755575989315e+02 -6.056620172064875796e+00 8.935730220140817304e-01 1.313064046914380334e-01 -2.086453029029593154e+01 6.020168144551321864e+07
1.000000000000000000e+00 2.696971001692027130e+02 -1.060493372159343011e+02 -1.956397542868607445e+06 -1.163164037605183438e+14 4.190857152163319995e-07 1.904168709616580070e-05 8.143571191972486076e+02 8.056539916773351351e+00 8.022233667250094902e-01 -1.746545177236529245e-01 -2.144798375462123730e+01 5.468340482600684464e+07
1.000000000000000000e+00 3.240795327326839583e+02 -1.276043265479218292e+02 -1.969443999875881011e+06 -1.178729144325951406e+14 6.053165316677471868e-07 -1.595821261635018457e-06 1.359271406216988908e+03 1.329281282196945924e+01 -1.730586387267207260e-01 -2.881976285458073272e-01 -3.311235252138627772e+01 -1.193373750421597436e+07
1.000000000000000000e+00 3.703739138738546330e+02 -1.459701121687268426e+02 -1.982490602322652470e+06 -1.194397879014951250e+14 7.907053828405825214e-07 -5.919362941759573151e-06 4.017812210614509922e+02 3.884496736503859626e+00 -9.577730048689282460e-01 -8.422305922162233449e-02 -1.861174826116440784e+01 -6.680536965397761762e+07
1.000000000000000000e+00 4.073816779798684706e+02 -1.606744785756342253e+02 -1.995537324762188597e+06 -1.210170214268291250e+14 9.567695343802838201e-07 -4.792887207913757291e-06 -1.025428638620102902e+03 -9.802595366299151181e+00 -6.873962023251805054e-01 2.125491502951346312e-01 -2.424749167883608436e+01 -4.849147568140802532e+07
1.000000000000000000e+00 4.341314327622654332e+02 -1.713359907740161816e+02 -2.008584142074231757e+06 -1.226046122273530469e+14 1.086813915522646741e-06 4.627765471799836036e-06 -1.342443834003302754e+03 -1.269045255446123832e+01 3.403226672919408835e-01 2.751388692657730228e-01 -3.202367624917030042e+01 2.427749073010071367e+07
1.000000000000000000e+00 4.497966168449315774e+02 -1.776181325788475931e+02 -2.021631023793037748e+06 -1.242025567853262344e+14 1.166921061530174922e-06 3.404716518564477939e-05 -1.701976992050162778e+02 -1.591232590974015260e+00 9.929304881470818467e-01 3.449997184820937507e-02 -1.710790813983673431e+01 7.161974517940615118e+07
1.000000000000000000e+00 4.539384465323140034e+02 -1.793488505106793411e+02 -2.034677935751232319e+06 -1.258108510286059531e+14 1.188642466805880096e-06 9.304929109398932274e-06 1.217907408122863444e+03 1.126278336560003979e+01 5.509764452681058522e-01 -2.441680521562822892e-01 -2.714000470381765240e+01 4.017866292144389451e+07
1.000000000000000000e+00 4.464220630649243731e+02 -1.764761460014342163e+02 -2.047724845505934907e+06 -1.274294909913027656e+14 1.149666349803328788e-06 -3.816904537654173372e-06 1.279083331907887441e+03 1.170127364464488018e+01 -4.983484684422100353e-01 -2.536997919879026009e-01 -3.007660526809254620e+01 -3.673607368682411313e+07
1.000000000000000000e+00 4.273202188904191416e+02 -1.690186804476617795e+02 -2.060771718117660377e+06 -1.290584722919145312e+14 1.053508987075513245e-06 -6.067334743843085616e-06 -8.329967161268858433e+01 -7.539294290909865914e-01 -9.985342997688453348e-01 1.635129130688732502e-02 -1.653784012921787649e+01 -7.439940917436905205e+07
1.000000000000000000e+00 3.971301718021774150e+02 -1.571749210010265472e+02 -2.073818520897448529e+06 -1.306977907217823281e+14 9.101296614539788477e-07 -3.219866142910394903e-06 -1.382164110186188964e+03 -1.237796779673542602e+01 -3.985558196558246502e-01 2.683830271474911822e-01 -2.975977252613601465e+01 -3.001188848986962810e+07
1.000000000000000000e+00 3.566495277977658134e+02 -1.412608401872337822e+02 -2.086865223036859650e+06 -1.323474422070840156e+14 7.342558123941827832e-07 1.205538889485272455e-05 -1.169481139621970215e+03 -1.036414517979878447e+01 6.404893299116574124e-01 2.246964310000034715e-01 -2.752077858106932950e+01 4.873775712028853595e+07
1.000000000000000000e+00 3.068576123405459271e+02 -1.216536514726313385e+02 -2.099911795504918322e+06 -1.340074228031384062e+14 5.436651788103087505e-07 3.195193989880827136e-05 3.502089880749287545e+02 3.071604474530500895e+00 9.736662931104277385e-01 -6.658494500228304136e-02 -1.697128382489297493e+01 7.486279508614128828e+07
1.000000000000000000e+00 2.491012958694715280e+02 -9.888881480299561133e+01 -2.112958211666441057e+06 -1.356777287808633281e+14 3.583439758618834311e-07 2.895993313040362054e-06 1.511533771783480915e+03 1.312199431586017617e+01 2.339156528365920473e-01 -2.844830327887845067e-01 -3.180037642576155932e+01 1.817068082139313594e+07
1.000000000000000000e+00 1.849302075568140253e+02 -7.357970385451487516e+01 -2.126004451412025839e+06 -1.373583571699428750e+14 1.976023384830174479e-07 -5.138327711886191111e-06 1.014307309316653118e+03 8.716474177429676118e+00 -7.635308353660215097e-01 -1.889895987854751935e-01 -2.465673281013851437e+01 -5.991688045351969451e+07
1.000000000000000000e+00 1.159620328954806325e+02 -4.635663684862907985e+01 -2.139050499501409475e+06 -1.390493055693222969e+14 7.781269417436412614e-08 -5.778362816636941909e-06 -6.212826157109808491e+02 -5.285598928754768444e+00 -9.202016082464361535e-01 1.146111849957391904e-01 -1.834539839787107951e+01 -7.294102966766186059e+07
1.000000000000000000e+00 4.404683006033448578e+01 -1.795546614748486647e+01 -2.152096344314349350e+06 -1.407505720031256250e+14 1.129560181255149252e-08 -6.321473531644892316e-07 -1.598963555900503934e+03 -1.346854894172408201e+01 -6.386101446252648306e-02 2.920199321141845883e-01 -3.301274915604395233e+01 -5.112666630490807816e+06
1.000000000000000000e+00 -2.892175617312406999e+01 1.087378476876288147e+01 -2.165141981635023374e+06 -1.424621554330216250e+14 4.761542283371586422e-09 2.268942223233065810e-05 -8.181836869946058641e+02 -6.824219223747801877e+00 8.626726472683284852e-01 1.479478744097908471e-01 -2.184583386670984240e+01 6.974896706877215207e+07
1.000000000000000000e+00 -1.011386353123574224e+02 3.942546689672506943e+01 -2.178187410625288263e+06 -1.441840552544832500e+14 5.880808197124578503e-08 2.119722412724312223e-05 8.878780104558286439e+02 7.333599713092255001e+00 8.394218676502915866e-01 -1.589813846928255781e-01 -2.048484042751588419e+01 6.853466330054707825e+07
1.000000000000000000e+00 -1.707261996167260918e+02 6.695137630645142224e+01 -2.191232636927164625e+06 -1.459162717233738438e+14 1.678239847074360704e-07 -1.036533155771166153e-06 1.640266081447268107e+03 1.341778965626348707e+01 -1.078077937642129697e-01 -2.909053916424488850e-01 -3.327360014043156156e+01 -8.887454479575721547e+06
1.000000000000000000e+00 -2.359245661308066531e+02 9.275363129683965724e+01 -2.204277673176905606e+06 -1.476588060505088438e+14 3.206260817200521780e-07 -5.839816465728057309e-06 5.848300680780899938e+02 4.738483560760966107e+00 -9.364244392178583398e-01 -1.027396157980538099e-01 -1.940348286747584083e+01 -7.793938243312750757e+07
1.000000000000000000e+00 -2.952026169211599722e+02 1.162334322138880083e+02 -2.217322534746763296e+06 -1.494116598555104688e+14 5.021417097895932350e-07 -5.011977561481971763e-06 -1.140206103591320925e+03 -9.151146852791953279e+00 -7.350622236339077187e-01 1.984248651191094226e-01 -2.312326833463206910e+01 -6.176263933478764445e+07
1.000000000000000000e+00 -3.470854793624368426e+02 1.368005552133755316e+02 -2.230367240240625106e+06 -1.511748352448410000e+14 6.943978040191685134e-07 3.520676896415255852e-06 -1.632170341231102611e+03 -1.297713562176834046e+01 2.746337021071336704e-01 2.813561488342547490e-01 -3.256836577441535496e+01 2.329347997497894615e+07
1.000000000000000000e+00 -3.903319296876508133e+02 1.539617597893189895e+02 -2.243411813430593815e+06 -1.529483350886710312e+14 8.784893707155805455e-07 3.285538922317061034e-05 -3.211363833573622628e+02 -2.529659476606444635e+00 9.821843956571173484e-01 5.484412411650903957e-02 -1.761218575211420401e+01 8.408419761958737671e+07
1.000000000000000000e+00 -4.240156763178914616e+02 1.673560459067316799e+02 -2.256456281106870156e+06 -1.547321627464858125e+14 1.036828788796823373e-06 1.103100521351304880e-05 1.371012783264912287e+03 1.070065910603681303e+01 6.093784425180870379e-01 -2.319802851748386519e-01 -2.596123837048329719e+01 5.265164781759082526e+07
1.000000000000000000e+00 -4.473366573167695037e+02 1.766590162801986423e+02 -2.269500670502738096e+06 -1.565263217238520312e+14 1.154083478886516632e-06 -3.437079514452219986e-06 1.572494742835314582e+03 1.216161618256339061e+01 -4.336323137597642985e-01 -2.636790477761544182e-01 -3.098494032772158846e+01 -3.781058988215896487e+07
1.000000000000000000e+00 -4.597837444365302417e+02 1.816661881519462440e+02 -2.282545013602220919e+06 -1.583308162717821875e+14 1.219296013890238148e-06 -6.072286103159983731e-06 3.292408760983867211e+01 2.523392609003632936e-01 -9.999212683314692152e-01 -5.467642112294287572e-03 -1.666021071116876229e+01 -8.798094730498927832e+07
1.000000000000000000e+00 -4.611872581535506015e+02 1.823148069429895770e+02 -2.295589339390269481e+06 -1.601456503242762812e+14 1.226979549025618827e-06 -3.636377833154075275e-06 -1.571106060804338540e+03 -1.193385720241297676e+01 -4.670466287864047383e-01 2.587554093620325624e-01 -2.866777025470671703e+01 -4.146472740482459962e+07
1.000000000000000000e+00 -4.515165539066080669e+02 1.785840033661054349e+02 -2.308633677617443725e+06 -1.619708280146828438e+14 1.176323067415176160e-06 1.010996482493662877e-05 -1.461250834959005033e+03 -1.100117293999215384e+01 5.792381922252025639e-01 2.385086172947537830e-01 -2.871752835740506171e+01 5.188440918868307769e+07
1.000000000000000000e+00 -4.310333854650435228e+02 1.705754413452304448e+02 -2.321678059737334959e+06 -1.638063538110141250e+14 1.072172598645540114e-06 3.355210597958267391e-05 2.720526435688762490e+02 2.030205822224442347e+00 9.885272116091764483e-01 -4.400862832311154549e-02 -1.665167684557217243e+01 8.932960552019797266e+07
1.000000000000000000e+00 -4.003203497915542926e+02 1.585234610640462733e+02 -2.334722514414094388e+06 -1.656522318852015938e+14 9.248929185711974779e-07 4.110364273025796346e-06 1.734197643805567623e+03 1.282897678484978066e+01 3.105770842706678803e-01 -2.781283973247157260e-01 -3.095348331345872239e+01 2.831195679628657177e+07
1.000000000000000000e+00 -3.600688270355911413e+02 1.426923314793887414e+02 -2.347767068360650446e+06 -1.675084662216497188e+14 7.483488455431080430e-07 -4.893544349222831998e-06 1.297841066328262968e+03 9.518183473042091336e+00 -7.090181327639550890e-01 -2.063712789469006326e-01 -2.600562904700277755e+01 -6.519566027285131812e+07
1.000000000000000000e+00 -3.112288281254035383e+02 1.234567240299745947e+02 -2.360811747279833071e+06 -1.693750607445430625e+14 5.592832527317673343e-07 -5.886846652663656608e-06 -5.856338024492431487e+02 -4.258239475579054023e+00 -9.490076088388408326e-01 9.233516910833042268e-02 -1.758893352332255944e+01 -8.801560015202656388e+07
1.000000000000000000e+00 -2.550168343186417133e+02 1.013017841248710340e+02 -2.373856571909694932e+06 -1.712520187432557812e+14 3.756933813027219854e-07 -1.364319975703819944e-06 -1.852089667200442591e+03 -1.335269836946033273e+01 -1.453901496499729329e-01 2.895103730804285957e-01 -3.254828832912837555e+01 -1.359946612685751170e+07
1.000000000000000000e+00 -1.926967679408248273e+02 7.671824070151984643e+01 -2.386901560551022645e+06 -1.731393432193497812e+14 2.146404739468733463e-07 1.993102522429496596e-05 -1.085370321850286928e+03 -7.759240525176118730e+00 8.181441655526608958e-01 1.682193199185719468e-01 -2.316666716248852254e+01 7.717603653149005771e+07
1.000000000000000000e+00 -1.257290736958364477e+02 5.028368433965688666e+01 -2.399946730239371769e+06 -1.750370370478756250e+14 9.146372124838147782e-08 2.398269823686591406e-05 8.991799142379514933e+02 6.374597157661106905e+00 8.813525601316036795e-01 -1.381907261458246994e-01 -1.937613293204034548e+01 8.383732805153550208e+07
1.000000000000000000e+00 -5.575891339107028699e+01 2.265327372221124236e+01 -2.412992091374061070e+06 -1.769451021846456875e+14 1.805614304783846766e-08 -2.598366872164887326e-07 1.919006083796165740e+03 1.349203614546797425e+01 -2.557217331520088288e-02 -2.925127865265653715e-01 -3.327109251872988693e+01 -2.452790190616288222e+06
1.000000000000000000e+00 1.560832898319123174e+01 -5.546700269250010251e+00 -2.426037649735632353e+06 -1.788635399374069375e+14 1.370930698666054171e-09 -5.717979308580243871e-06 8.259261171573921274e+02 5.759263714370538523e+00 -9.044588337907404352e-01 -1.248724489713850805e-01 -2.051015327598194915e+01 -8.746956062911418080e+07
1.000000000000000000e+00 8.665876696363673659e+01 -3.363713280079826973e+01 -2.439083408289797604e+06 -1.807923512149594375e+14 4.310571668466998382e-08 -5.243827683838930473e-06 -1.201764793838857713e+03 -8.311875019173550427e+00 -7.879078938748822480e-01 1.802280034801175268e-01 -2.181627578415299240e+01 -7.682274659393534064e+07
1.000000000000000000e+00 1.556012935926368925e+02 -6.090453672448929012e+01 -2.452129364342334680e+06 -1.827315360919653750e+14 1.392972967196976852e-07 2.351491108086674967e-06 -1.929031721859441177e+03 -1.323431074665412766e+01 1.960028197639339109e-01 2.869341043767463240e-01 -3.302071630536598690e+01 1.926612025797606632e+07
1.000000000000000000e+00 2.207948463355294564e+02 -8.670755877388842237e+01 -2.465175510462849867e+06 -1.846810939249187500e+14 2.807775868213275967e-07 3.097148313756261620e-05 -5.262795741880017886e+02 -3.581699244089243450e+00 9.640531187627541243e-01 7.765142892860808777e-02 -1.836080859212527017e+01 9.552614879026278853e+07
1.000000000000000000e+00 2.806006554835078646e+02 -1.103952817643692583e+02 -2.478221836027879268e+06 -1.866410235657969062e+14 4.537208808811240960e-07 1.310775460425531962e-05 1.483812693631455204e+03 1.001820904295863812e+01 6.700386446691953823e-01 -2.171840391614034693e-01 -2.463961516985346378e+01 6.692413241538848728e+07
1.000000000000000000e+00 3.334299799856283357e+02 -1.313337118018648084e+02 -2.491268323583059944e+06 -1.886113227985673750e+14 6.407751701301602708e-07 -2.986407619998978916e-06 1.877983547107195591e+03 1.257964913202917678e+01 -3.622862093580679899e-01 -2.727406759240982859e-01 -3.180808584571590103e+01 -3.647278811058798432e+07
1.000000000000000000e+00 3.779671798808968788e+02 -1.490090433673101984e+02 -2.504314951033719815e+06 -1.905919886455350625e+14 8.234992807119814493e-07 -6.056741502070205432e-06 1.930074752256719535e+02 1.282754419900369314e+00 -9.955682173415568714e-01 -2.781009012766381960e-02 -1.697617633271347870e+01 -1.010172495270764381e+08
1.000000000000000000e+00 4.130175485231957850e+02 -1.629443178591889421e+02 -2.517361695324613713e+06 -1.925830179119560312e+14 9.835251977151766129e-07 -4.004970349667206685e-06 -1.732798410856276860e+03 -1.142711429510143972e+01 -5.321041243781861052e-01 2.477695652855382014e-01 -2.750320548855845004e+01 -5.441291604189722240e+07
1.000000000000000000e+00 4.375621313817089799e+02 -1.727305568832784957e+02 -2.530408527909749188e+06 -1.945844064855008750e+14 1.104174151607055480e-06 8.418961060463846230e-06 -1.764582026483999925e+03 -1.154717147221003160e+01 5.176253572183308060e-01 2.503474486643557650e-01 -2.977415233377739057e+01 5.334278489730672538e+07
1.000000000000000000e+00 4.509639044596569306e+02 -1.781213637450251497e+02 -2.543455417299707420e+06 -1.965961497082725938e+14 1.173060515050609648e-06 3.449254977104621402e-05 1.633584353710382686e+02 1.060831149713520993e+00 9.968105883570762549e-01 -2.299373736689307515e-02 -1.653757271969083220e+01 1.035146575890273750e+08
1.000000000000000000e+00 4.527994679253604318e+02 -1.789432902370876945e+02 -2.556502331929067615e+06 -1.986182428106835938e+14 1.182714715410289245e-06 5.309405276350023254e-06 1.939541320363251089e+03 1.249971146314174497e+01 3.771441664114150161e-01 -2.709882777223741601e-01 -3.007054103058149508e+01 3.946393150145915896e+07
1.000000000000000000e+00 4.429058319193752595e+02 -1.751258764496593301e+02 -2.569549236861034762e+06 -2.006506803964957812e+14 1.131664718226855565e-06 -4.654144286573603056e-06 1.588491931214406350e+03 1.016031477842894937e+01 -6.582722961032441145e-01 -2.202928835427115095e-01 -2.714794815643625014e+01 -6.940285460909116268e+07
1.000000000000000000e+00 4.215550770260476270e+02 -1.667818307784954470e+02 -2.582596097500718199e+06 -2.026934570123224688e+14 1.025371476883518081e-06 -5.958184112690690935e-06 -5.314504215360442458e+02 -3.373888171415031945e+00 -9.683391707859130282e-01 7.315986676018215729e-02 -1.710299989067802429e+01 -1.028616480136293173e+08
1.000000000000000000e+00 3.892560885160798989e+02 -1.541054169572944375e+02 -2.595642882890568115e+06 -2.047465676688777812e+14 8.745079997126943236e-07 -1.904584926521684311e-06 -2.093295476122705622e+03 -1.319071880001324537e+01 -2.115293375548222277e-01 2.860001858296153943e-01 -3.201400020864259943e+01 -2.263740224643357098e+07
1.000000000000000000e+00 3.467803792693309788e+02 -1.373961750556380821e+02 -2.608689577953128144e+06 -2.068100097965459688e+14 6.942416209482155344e-07 1.778532021185497339e-05 -1.354667370133170834e+03 -8.473531813315174688e+00 7.782781572180056395e-01 1.837055403173132317e-01 -2.426543193108170371e+01 8.390676040831619501e+07
1.000000000000000000e+00 2.952985447018264722e+02 -1.171224219449818094e+02 -2.621736120137174148e+06 -2.088837732130543750e+14 5.035057984819719022e-07 2.617794354523880781e-05 8.990049961862991950e+02 5.582275924573684378e+00 9.103727359792224139e-01 -1.210137914840232060e-01 -1.860209973013590457e+01 9.886986810926637053e+07
1.000000000000000000e+00 2.361466596851224722e+02 -9.380541128835922393e+01 -2.634782503046093043e+06 -2.109678565303648750e+14 3.220799786028793091e-07 4.183516997632888177e-07 2.187729699018429073e+03 1.348600908264543463e+01 3.932650899941084188e-02 -2.923802937563232951e-01 -3.310946865680104167e+01 4.302189306989227422e+06
1.000000000000000000e+00 1.708318956804222069e+02 -6.803652544711131611e+01 -2.647828705893069971e+06 -2.130622560242887500e+14 1.686761016437883612e-07 -5.602896865250204348e-06 1.067714190771971516e+03 6.534438168993728979e+00 -8.750513741348747709e-01 -1.416798025314127685e-01 -2.146459641946650976e+01 -9.642157451563081145e+07
1.000000000000000000e+00 1.011386171053657250e+02 -4.052763205065468810e+01 -2.660874713304183912e+06 -2.151669687801201875e+14 5.923973096226869570e-08 -5.403824733452233088e-06 -1.252476821517461758e+03 -7.610425256191616583e+00 -8.259120196217091259e-01 1.650191453491022253e-01 -2.084173784372818972e+01 -9.166181762068964541e+07
1.000000000000000000e+00 2.887074620517002188e+01 -1.198563570024204061e+01 -2.673920517475604080e+06 -2.172819930646847812e+14 4.879727677364768073e-09 1.510083379887831039e-06 -2.217279284777224348e+03 -1.337728051147123232e+01 1.324000763069506370e-01 2.900356145163034971e-01 -3.322992180862297573e+01 1.479907962458825298e+07
1.000000000000000000e+00 -4.414723130371003634e+01 1.687121773042993667e+01 -2.686966113054028247e+06 -2.194073275202659375e+14 1.114639027925262744e-08 2.913182247136588456e-05 -7.373040064758712333e+02 -4.416966846248509881e+00 9.448435073149569208e-01 9.575943626693117494e-02 -1.909082182910340109e+01 1.063594893007173091e+08
1.000000000000000000e+00 -1.159749659448613954e+02 4.526833264876593432e+01 -2.700011500244286843e+06 -2.215429716842946250e+14 7.735737143643060752e-08 1.496400948994460121e-05 1.581209808089543458e+03 9.406298416932097339e+00 7.170713855720758367e-01 -2.039174376976672087e-01 -2.355023787207740327e+01 8.128811359164674580e+07
1.000000000000000000e+00 -1.848179811648667226e+02 7.250156999136099500e+01 -2.713056688335191458e+06 -2.236889265927904688e+14 1.966719650361809408e-07 -2.562131518880989421e-06 2.179440368004793072e+03 1.287500019322776090e+01 -2.999579393862622512e-01 -2.791425508029103941e-01 -3.237710526017757928e+01 -3.424143948768620938e+07
1.000000000000000000e+00 -2.490100956036945092e+02 9.791359579216985765e+01 -2.726101687864695210e+06 -2.258451935182118125e+14 3.571701013339267621e-07 -6.025879992665590478e-06 3.714308394033644163e+02 2.179085189558529478e+00 -9.869731930096908856e-01 -4.724511870258144702e-02 -1.740556607068174344e+01 -1.134496116901443303e+08
1.000000000000000000e+00 -3.069122652801058280e+02 1.208480710156753588e+02 -2.739146515830394346e+06 -2.280117748418703438e+14 5.427815960538560088e-07 -4.305016524645477734e-06 -1.872848642008196293e+03 -1.091223292984538951e+01 -5.884672194157840597e-01 2.366069338274145173e-01 -2.639701749760106608e+01 -6.810911450626750290e+07
1.000000000000000000e+00 -3.571616398374659980e+02 1.407707951699907483e+02 -2.752191193599058315e+06 -2.301886737298509375e+14 7.353399851440469167e-07 6.969029603451684155e-06 -2.074206895089358568e+03 -1.200323016289119060e+01 4.571407997053832384e-01 2.602364661626598852e-01 -3.067163554608037046e+01 5.327185617675220966e+07
1.000000000000000000e+00 -3.986243358392923142e+02 1.572332543018141564e+02 -2.765235743267166428e+06 -2.323758935386474062e+14 9.162303976142612559e-07 3.484934363828038603e-05 1.889482067832436130e+01 1.086035646875562477e-01 9.998715237394585342e-01 -2.350570160031333414e-03 -1.659506253540607190e+01 1.173104768265971392e+08
1.000000000000000000e+00 -4.302827583661147060e+02 1.698242780585592300e+02 -2.778280192320427857e+06 -2.345734386048709375e+14 1.067658842878010584e-06 6.651958746286513202e-06 2.119553696976105584e+03 1.210098798869360337e+01 4.428093912291422019e-01 -2.623424508107834452e-01 -2.906798355693711855e+01 5.230393005514021963e+07
1.000000000000000000e+00 -4.514658944312480457e+02 1.782829456683584795e+02 -2.791324570599182975e+06 -2.367813137517763438e+14 1.175433201572149424e-06 -4.370819106773960472e-06 1.901692087214731600e+03 1.078477997120375775e+01 -6.012530459383077508e-01 -2.338311621658503980e-01 -2.830662299771767465e+01 -7.149573013896255195e+07
1.000000000000000000e+00 -4.617708212380089776e+02 1.824483567685945218e+02 -2.804368907403009012e+06 -2.389995238050813438e+14 1.229865532871607894e-06 -6.016320096747161358e-06 -4.237173028489104922e+02 -2.387048747293531115e+00 -9.843277412995863340e-01 5.176225152444619698e-02 -1.673817166253240885e+01 -1.178280097306521386e+08
1.000000000000000000e+00 -4.609418824442419123e+02 1.822103727989795061e+02 -2.817413232425262220e+06 -2.412280737508531875e+14 1.225712618370330430e-06 -2.458427946058843788e-06 -2.311232911292972858e+03 -1.293486366448034630e+01 -2.853872427754279850e-01 2.804547491250585778e-01 -3.125343086604433296e+01 -3.438826929637054354e+07
1.000000000000000000e+00 -4.490841754185186687e+02 1.776151733404370532e+02 -2.830457577351604588e+06 -2.434669690120694688e+14 1.163689336505070963e-06 1.539877641048907644e-05 -1.665934028824681491e+03 -9.262490865227745118e+00 7.272620337863633377e-01 2.008108957316909193e-01 -2.556529781699986614e+01 8.820939199737341702e+07
1.000000000000000000e+00 -4.265585741762179737e+02 1.688029696533433253e+02 -2.843501971075370442e+06 -2.457162146296050312e+14 1.049986506467067598e-06 2.870204519002265690e-05 8.322565947112057074e+02 4.597244858370767240e+00 9.401127750747750866e-01 -9.965920859111515595e-02 -1.781509368198141985e+01 1.147713445831232369e+08
1.000000000000000000e+00 -3.938580794561014500e+02 1.559597702379701900e+02 -2.856546442812396213e+06 -2.479758157919575312e+14 8.952296200227992694e-07 1.342798129007916339e-06 2.441718567265277670e+03 1.340061387007073890e+01 1.189570051001408724e-01 -2.905266790528925891e-01 -3.272169872468904117e+01 1.461688532596472651e+07
1.000000000000000000e+00 -3.518088391720111758e+02 1.394174377009161105e+02 -2.869591020540493075e+06 -2.502457775643524375e+14 7.144167173299838827e-07 -5.433557625264108974e-06 1.369219615600904035e+03 7.466360512172825814e+00 -8.331069008378801932e-01 -1.618855063435102604e-01 -2.273876648140572598e+01 -1.030288361846710443e+08
1.000000000000000000e+00 -3.014441625482478457e+02 1.195817469493089931e+02 -2.882635726227037609e+06 -2.525261040476866562e+14 5.247100375453715003e-07 -5.579229703161896530e-06 -1.232361585270637534e+03 -6.677264427216932141e+00 -8.691068175685232600e-01 1.447860772490063563e-01 -1.970648147125661609e+01 -1.081699526569751501e+08
1.000000000000000000e+00 -2.438807711786944026e+02 9.688586099960436115e+01 -2.895680581532725133e+06 -2.548167993585519688e+14 3.436147121285778917e-07 5.434993849342669168e-07 -2.503498307915846453e+03 -1.347875865297138098e+01 5.067288284974642842e-02 2.922380783893770984e-01 -3.329625527611166547e+01 6.346976987250881270e+06
1.000000000000000000e+00 -1.805103430170803449e+02 7.188600891976825835e+01 -2.908725605539721437e+06 -2.571178672263790000e+14 1.883488003180974567e-07 2.652536433678456213e-05 -1.019056409077140756e+03 -5.452056630595301989e+00 9.146919471998153917e-01 1.181996519078616775e-01 -2.015877222243238265e+01 1.152939790804640800e+08
1.000000000000000000e+00 -1.128557225354088018e+02 4.518171067398498053e+01 -2.921770812116212212e+06 -2.594293105152046562e+14 7.370217453642877429e-08 1.747599190970187461e-05 1.613110736145981264e+03 8.576359952358236782e+00 7.720797427864559692e-01 -1.859241810548031837e-01 -2.220988849830016321e+01 9.793033616042652726e+07
1.000000000000000000e+00 -4.244688589943330470e+01 1.737051193719773323e+01 -2.934816211625751574e+06 -2.617511315079107500e+14 1.048439522420113092e-08 -1.973932093995091888e-06 2.491566543025658120e+03 1.316451685136514982e+01 -2.204196370678714323e-01 -2.854173783677041443e-01 -3.290362042033287793e+01 -2.813272199539430439e+07
1.000000000000000000e+00 2.899589990003100226e+01 -1.086057689773042867e+01 -2.947861810428336263e+06 -2.640833318029395625e+14 4.783661478866645906e-09 -5.965808156737332080e-06 6.214709478898909083e+02 3.263349595731877884e+00 -9.704176980599840130e-01 -7.075495901684700217e-02 -1.811403590205369696e+01 -1.246263409643044621e+08
1.000000000000000000e+00 9.972223811051175346e+01 -3.882156634065872680e+01 -2.960907608322552871e+06 -2.664259118381051562e+14 5.712404505434301369e-08 -4.625368290427883527e-06 -1.960122984658052474e+03 -1.022946548708851466e+01 -6.523478301086368392e-01 2.218041302534037307e-01 -2.503831190756896063e+01 -8.429532858503872156e+07
1.000000000000000000e+00 1.680762358337858871e+02 -6.586373369016367008e+01 -2.973953602354902308e+06 -2.687788715531361562e+14 1.625950695985645605e-07 5.439413079740589360e-06 -2.402547727913482049e+03 -1.246191565201020879e+01 3.838949298900256046e-01 2.701828893379137342e-01 -3.157733443424356778e+01 4.991068136916473508e+07
1.000000000000000000e+00 2.323204173832831714e+02 -9.129228665765840844e+01 -2.986999785968404263e+06 -2.711422102241950000e+14 3.109254926545610133e-07 3.455217888096851332e-05 -1.878291893918552944e+02 -9.683562223101093158e-01 9.973270393306608028e-01 2.099668699527388813e-02 -1.685957192456875475e+01 1.304546116563052237e+08
1.000000000000000000e+00 2.908099161363708163e+02 -1.144584055081051446e+02 -3.000046144829843659e+06 -2.735159256887261562e+14 4.873725276564323866e-07 8.275831164058453318e-06 2.262324704222370656e+03 1.159317003756500419e+01 5.119826231971243979e-01 -2.513315422367028429e-01 -2.787392586483930046e+01 6.737547799200013280e+07
1.000000000000000000e+00 3.421138323981361395e+02 -1.348007153566594809e+02 -3.013092661477733869e+06 -2.759000151658246875e+14 6.746091727882235468e-07 -4.034713063774032414e-06 2.234295300586684334e+03 1.138095697144074769e+01 -5.375378652831861448e-01 -2.467557847369421520e-01 -2.945032573769738704e+01 -7.116472227450123429e+07
1.000000000000000000e+00 3.848412837642015347e+02 -1.517603746682249550e+02 -3.026139314448087942e+06 -2.782944750830373125e+14 8.537815514164046534e-07 -6.054485538338759882e-06 -2.702855092607950382e+02 -1.368571422200365983e+00 -9.949404678804887325e-01 2.967858964220888157e-02 -1.655482593237911715e+01 -1.325092808605820239e+08
1.000000000000000000e+00 4.178228104979302202e+02 -1.648761587300572842e+02 -3.039186078091995791e+06 -2.806993010267943750e+14 1.006644589521861542e-06 -2.946664255002347684e-06 -2.505358627804332627e+03 -1.261062104291503339e+01 -3.562655114618409891e-01 2.734263671387121009e-01 -3.036379549115671495e+01 -4.773106387565381080e+07
1.000000000000000000e+00 4.402172599249043969e+02 -1.738183768556364441e+02 -3.052232923979721963e+06 -2.831144879862933750e+14 1.117715086535246678e-06 1.328992090144166577e-05 -1.990041272834672554e+03 -9.957853320569705957e+00 6.749432942040386463e-01 2.158873045088200160e-01 -2.678164428854126555e+01 9.096148702705496550e+07
1.000000000000000000e+00 4.513292429210126215e+02 -1.783021364969896183e+02 -3.065279821613829583e+06 -2.855400304753318125e+14 1.174999558961622805e-06 3.078671523806554420e-05 7.381556140962532027e+02 3.672008365579097156e+00 9.621871275967139869e-01 -7.960103686467201456e-02 -1.724959081404216832e+01 1.304360725308146030e+08
1.000000000000000000e+00 4.507851369177067795e+02 -1.781808572470744707e+02 -3.078326736310658045e+06 -2.879759221277335000e+14 1.172224329752896701e-06 2.251113694315648361e-06 2.679907391250751061e+03 1.325386285581920909e+01 1.887419219458340014e-01 -2.873431738508072097e-01 -3.221280060086471764e+01 2.573591378936096281e+07
1.000000000000000000e+00 4.386090355737267146e+02 -1.734659653750285315e+02 -3.091373633919181302e+06 -2.904221565673858125e+14 1.109875428959346731e-06 -5.264717070819811057e-06 1.673187419020264088e+03 8.227140597983114034e+00 -7.927840104085004391e-01 -1.783802950675707211e-01 -2.387828723786856600e+01 -1.087287660557783991e+08
1.000000000000000000e+00 4.150181154178716270e+02 -1.642327169479919178e+02 -3.104420482634533662e+06 -2.928787277525368125e+14 9.939195565695228511e-07 -5.703644315488465095e-06 -1.199414190402070972e+03 -5.863672190692586383e+00 -9.007650002817608748e-01 1.271453500780915513e-01 -1.886322357463218680e+01 -1.242524350605698973e+08
1.000000000000000000e+00 3.805798940121745773e+02 -1.507070846864926068e+02 -3.117467248803139664e+06 -2.953456291902624375e+14 8.360395651429765916e-07 -1.670403473541688608e-07 -2.776126210624777286e+03 -1.349429644283331697e+01 -1.633500370272081281e-02 2.925768432361006699e-01 -3.318318800750963504e+01 -2.266220183316911105e+06
1.000000000000000000e+00 3.362449880956110633e+02 -1.332665560630642574e+02 -3.130513901615066919e+06 -2.978228548219563125e+14 6.527380908726443784e-07 2.431799657244998773e-05 -1.294347850850546820e+03 -6.255856770413588563e+00 8.860070488279587764e-01 1.356258161676487106e-01 -2.111014935085425392e+01 1.236218655008162707e+08
1.000000000000000000e+00 2.831136307368770986e+02 -1.123355868654872580e+02 -3.143560414274013136e+06 -3.003103992581488125e+14 4.628308917721976115e-07 1.957938317146204477e-05 1.639067345726753047e+03 7.877191291257442884e+00 8.119403242612950322e-01 -1.707662753409353029e-01 -2.119866853401744677e+01 1.139313970236736238e+08
1.000000000000000000e+00 2.225702025490578251e+02 -8.846404264308611687e+01 -3.156606761842261534e+06 -3.028082573809619375e+14 2.861529962809519019e-07 -1.460470721032490089e-06 2.789262791802160791e+03 1.332958816709528982e+01 -1.567622202960141098e-01 -2.889944918428892229e-01 -3.316628068939987628e+01 -2.212116594643472508e+07
1.000000000000000000e+00 1.562757484446963758e+02 -6.231063697589933525e+01 -3.169652926150409505e+06 -3.053164252973385625e+14 1.412145800182313744e-07 -5.901004088799019228e-06 8.629008204795221673e+02 4.100668214313083482e+00 -9.528116267096872205e-01 -8.891020792586555588e-02 -1.880046915572394184e+01 -1.352094991114582121e+08
1.000000000000000000e+00 8.591370002047626997e+01 -3.453129682945976953e+01 -3.182698894512590487e+06 -3.078349001173490000e+14 4.278924022042815896e-08 -4.850777489771139828e-06 -2.040221031981740452e+03 -9.641642371856766758e+00 -6.997850184450882249e-01 2.090594942801417278e-01 -2.396057489893560799e+01 -9.985843331016412377e+07
1.000000000000000000e+00 1.331250044253596165e+01 -5.852767172008078944e+00 -3.195744656513247639e+06 -3.103636793518088750e+14 1.056150431944853997e-09 4.332268191421730429e-06 -2.717250827119121368e+03 -1.277018014972968807e+01 3.235367856811610654e-01 2.768678694716301125e-01 -3.217745473717474880e+01 4.642482529283472151e+07
1.000000000000000000e+00 -5.958365233683159090e+01 2.295368793624562898e+01 -3.208790209291643463e+06 -3.129027619519118125e+14 2.035109030859436228e-08 3.378061446701330079e-05 -3.935890066049950065e+02 -1.839573096962763499e+00 9.905729388502536592e-01 3.988373501525293435e-02 -1.722620899455025523e+01 1.429243663150811493e+08
1.000000000000000000e+00 -1.309704960364423414e+02 5.118292845467951224e+01 -3.221835556565271225e+06 -3.154521481479446250e+14 9.868184632919430620e-08 9.757583515046978982e-06 2.391439200598097614e+03 1.111612399907232884e+01 5.670892647641180284e-01 -2.409882066870564776e-01 -2.682421182260507209e+01 8.227185568862174451e+07
1.000000000000000000e+00 -1.990542261541776270e+02 7.812039472820694641e+01 -3.234880705354755279e+06 -3.180118388314348750e+14 2.281406518380136701e-07 -3.714914870604684269e-06 2.560272802326466717e+03 1.183622571058799622e+01 -4.805317955477640957e-01 -2.566253105653622524e-01 -3.034221286713364663e+01 -7.009532268898670375e+07
1.000000000000000000e+00 -2.620812227470143512e+02 1.030696666419405432e+02 -3.247925668959813192e+06 -3.205818361557208750e+14 3.956554477518348466e-07 -6.070799060862864784e-06 -1.009018606722608808e+02 -4.639508683784077103e-01 -9.995049542531154740e-01 1.006368024472372412e-02 -1.655406748451866861e+01 -1.465905721649097204e+08
1.000000000000000000e+00 -3.185771906911884912e+02 1.254545912434420245e+02 -3.260970465845481493e+06 -3.231621433400935625e+14 5.848679629975392019e-07 -3.348816491652418891e-06 -2.679236285826645144e+03 -1.225299841243120902e+01 -4.192234494397544253e-01 2.656739354325455271e-01 -2.944496217513710334e+01 -6.181702666431572288e+07
1.000000000000000000e+00 -3.671964215129131617e+02 1.447362900201081004e+02 -3.274015114801896736e+06 -3.257527637271021250e+14 7.772922916467461237e-07 1.143754255984109872e-05 -2.323010239120219921e+03 -1.056704632019265588e+01 6.220244131900219964e-01 2.290957389360482321e-01 -2.789719124816661022e+01 9.221442211451970041e+07
1.000000000000000000e+00 -4.067407331832484374e+02 1.604377295730762683e+02 -3.287059641679798253e+06 -3.283537021294981250e+14 9.539179038668890122e-07 3.251868626046435168e-05 6.061154145423505497e+02 2.742466844352382527e+00 9.790448584261560727e-01 -5.944961643391177830e-02 -1.684801959660001458e+01 1.459185280603047907e+08
1.000000000000000000e+00 -4.363743595512846127e+02 1.722341389055466152e+02 -3.300104074782880023e+06 -3.309649639340281875e+14 1.098063746568771093e-06 3.278845178484475357e-06 2.896238165432740061e+03 1.303515515893429999e+01 2.592019048740841769e-01 -2.825996834851531303e-01 -3.154136048501147371e+01 3.883740124251835793e+07
1.000000000000000000e+00 -4.554475010459266855e+02 1.798605688143670989e+02 -3.313148441668928601e+06 -3.335865544669970000e+14 1.196244967680340928e-06 -5.059682367190424982e-06 2.008693486133612851e+03 8.992980496687335901e+00 -7.457150512926727925e-01 -1.949845126221306790e-01 -2.511185935101080346e+01 -1.123251053023033887e+08
1.000000000000000000e+00 -4.635051806202337161e+02 1.831339213991641088e+02 -3.326192772985988762e+06 -3.362184797668442500e+14 1.239159927373652001e-06 -5.818778343752622642e-06 -1.107951418171340265e+03 -4.934359459278151228e+00 -9.308510942459586879e-01 1.069953516181183784e-01 -1.806333656606032534e+01 -1.409496667272220254e+08
1.000000000000000000e+00 -4.604793511399578847e+02 1.820324451575118019e+02 -3.339237100105372723e+06 -3.388607461159966875e+14 1.223307601960279075e-06 -9.006492629082976537e-07 -3.033122030950865792e+03 -1.343791663903489919e+01 -9.275521005559772547e-02 2.913565833434162977e-01 -3.287288404848587930e+01 -1.411855207542591542e+07
1.000000000000000000e+00 -4.464892100255710261e+02 1.765944880764981235e+02 -3.352281451538630296e+06 -3.415133593136930625e+14 1.150279350455130362e-06 2.168691361458329429e-05 -1.626156189009434684e+03 -7.167176290268579386e+00 8.472700947697754392e-01 1.553832126823005144e-01 -2.231452234696514125e+01 1.296372928127350360e+08
1.000000000000000000e+00 -4.218463098255083423e+02 1.669403839064600845e+02 -3.365325858391935006e+06 -3.441763257803025000e+14 1.026872638083384593e-06 2.221615551269558471e-05 1.593495218288708656e+03 6.987020507322709406e+00 8.554940120742137166e-01 -1.514677060518713481e-01 -2.006217136309171423e+01 1.315738632723902911e+08
1.000000000000000000e+00 -3.872283775125301872e+02 1.533432094163405850e+02 -3.378370349690662697e+06 -3.468496516075810000e+14 8.653403347683063027e-07 -7.577082860221609788e-07 3.084695040112485003e+03 1.345613817319703109e+01 -7.723247900139965094e-02 -2.917359523812407263e-01 -3.329928678972378719e+01 -1.193948730384305492e+07
1.000000000000000000e+00 -3.434606236035556321e+02 1.361202720836941467e+02 -3.391414949945806991e+06 -3.495333420487928750e+14 6.809565187193294421e-07 -5.797069456189492388e-06 1.181406399979420939e+03 5.127266320863525628e+00 -9.251096014443518367e-01 -1.111693398220996165e-01 -1.980459784708655135e+01 -1.437475784301210642e+08
1.000000000000000000e+00 -2.915224764471918775e+02 1.156566267810617603e+02 -3.404459683315014932e+06 -3.522274023618229375e+14 4.907776835285067010e-07 -5.104051638350096591e-06 -2.047056176830243885e+03 -8.839057452363451972e+00 -7.557432396506330585e-01 1.916582654598167068e-01 -2.261898814314701056e+01 -1.180298842343774140e+08
1.000000000000000000e+00 -2.327060873137909596e+02 9.246854859795624293e+01 -3.417504571167778224e+06 -3.549318373020340000e+14 3.128614301369703722e-07 3.058265486459953672e-06 -3.045892754012670594e+03 -1.308553878352042155e+01 2.447725431417532849e-01 2.837072403984517988e-01 -3.276558680070660046e+01 3.842196789439341426e+07
1.000000000000000000e+00 -1.683817242276813602e+02 6.708919471697507220e+01 -3.430549630020213313e+06 -3.576466506806022500e+14 1.638917350027810087e-07 3.219339616793583347e-05 -6.865771353038280722e+02 -2.934797866438950020e+00 9.759792156540439967e-01 6.362715146729945592e-02 -1.787771838797755564e+01 1.539733704630429745e+08
1.000000000000000000e+00 -1.000079487717460438e+02 4.009409191147634033e+01 -3.443594874184779357e+06 -3.603718458998646250e+14 5.789263375037255805e-08 1.180336543385911397e-05 2.456364630324700101e+03 1.044731018967820368e+01 6.330484879971441936e-01 -2.264873672679938166e-01 -2.545705603173762555e+01 1.003735368275273144e+08
1.000000000000000000e+00 -2.927525615262862857e+01 1.215741742446082618e+01 -3.456640313425261062e+06 -3.631074254519134375e+14 5.008944374797933448e-09 -3.271463095200089085e-06 2.913415340716418086e+03 1.232956290544681721e+01 -4.067599021335530640e-01 -2.673196617576614753e-01 -3.131671866060542797e+01 -6.481667700298765302e+07
1.000000000000000000e+00 4.214234364252934029e+01 -1.606684454388020811e+01 -3.469685950896956958e+06 -3.658533904661795000e+14 1.014556439460807655e-08 -6.068874669402713288e-06 1.524169919184904529e+02 6.418344269253309919e-01 -9.989644428266896137e-01 -1.391305757717673126e-02 -1.675712787304178164e+01 -1.599758086285262108e+08
1.000000000000000000e+00 1.125741660286159345e+02 -4.391784665005200594e+01 -3.482731787720663473e+06 -3.686097416514478125e+14 7.284338792452073902e-08 -3.778670986487864637e-06 -2.804711067430137518e+03 -1.175256626292169670e+01 -4.916416488371273541e-01 2.548251910763882355e-01 -2.824189119482538501e+01 -7.912213400919958949e+07
1.000000000000000000e+00 1.802241566877595744e+02 -7.067921195857934435e+01 -3.495777820895384531e+06 -3.713764788443023125e+14 1.870062091967441188e-07 9.470891449395528846e-06 -2.688107717095541375e+03 -1.120873797169045716e+01 5.569662441833075350e-01 2.430091841761229943e-01 -2.911629172989446346e+01 9.007675485185168684e+07
1.000000000000000000e+00 2.434297750277320631e+02 -9.570058301761831387e+01 -3.508824039801153820e+06 -3.741536002469607500e+14 3.414169426754364804e-07 3.395408537861556848e-05 4.054147791629906123e+02 1.682230505168221590e+00 9.921069329747063126e-01 -3.646493553085114470e-02 -1.659051886987749569e+01 1.612376511655349731e+08
1.000000000000000000e+00 3.006447928465744326e+02 -1.183685523171047862e+02 -3.521870431440809742e+06 -3.769411035191069375e+14 5.209094118340000795e-07 4.518625621450641758e-06 3.080575500150691369e+03 1.272049388842659923e+01 3.341747742582851233e-01 -2.757758916145452988e-01 -3.065603072319791167e+01 5.457521467799647152e+07
1.000000000000000000e+00 3.503223634069396439e+02 -1.380647731764584591e+02 -3.534916977262419183e+06 -3.797389850857618125e+14 7.073811057310297306e-07 -4.814695612113913654e-06 2.371004562870258269e+03 9.743184106765735208e+00 -6.920332151299954937e-01 -2.112493956193662037e-01 -2.639987924321198420e+01 -1.135670451307935268e+08
1.000000000000000000e+00 3.911768236230707885e+02 -1.542870663031301888e+02 -3.547963653576602228e+06 -3.825472402052513750e+14 8.821857172473454409e-07 -5.912472840293558202e-06 -9.700083763255929625e+02 -3.966893361272152863e+00 -9.559159167452129235e-01 8.601794866509440696e-02 -1.741209582327276095e+01 -1.576298845921950042e+08
1.000000000000000000e+00 4.221556309845204282e+02 -1.666154537397542299e+02 -3.561010435726033989e+06 -3.853658638512668125e+14 1.027725365786021932e-06 -1.543195773706615340e-06 -3.269626594912042947e+03 -1.330729384098299484e+01 -1.666869284406752305e-01 2.885265125733597058e-01 -3.239153294556321327e+01 -2.761873991081803292e+07
1.000000000000000000e+00 4.423244920572253704e+02 -1.746733657679436647e+02 -3.574057295037824195e+06 -3.881948500469926250e+14 1.128488366715711306e-06 1.925822007779159675e-05 -1.971078180991051795e+03 -7.984025644941739941e+00 8.061859150472926450e-01 1.730927576769336063e-01 -2.350422476431533880e+01 1.342180854125962555e+08
1.000000000000000000e+00 4.511192145712734600e+02 -1.782433658701713455e+02 -3.587104197853573598e+06 -3.910341916377152500e+14 1.173903236601772422e-06 2.464168080475159705e-05 1.523330779039416029e+03 6.141134640721696236e+00 8.904041207784020306e-01 -1.331294189086080770e-01 -1.913484528403865781e+01 1.489452525360922217e+08
1.000000000000000000e+00 4.482932085257526751e+02 -1.772227857749578561e+02 -3.600151111387930345e+06 -3.938838815529950625e+14 1.159311159450221085e-06 -7.136457377553889675e-08 3.363633304537607273e+03 1.349612628220355681e+01 -6.932992397415793651e-03 -2.926009381984405189e-01 -3.323899251261659771e+01 -1.165236662207772024e+06
1.000000000000000000e+00 4.337897319541534102e+02 -1.715818442565812347e+02 -3.613198002382937353e+06 -3.967439125146121250e+14 1.085678268240481106e-06 -5.687828338579883074e-06 1.496578620858793556e+03 5.976621942388807618e+00 -8.966816704876473532e-01 -1.295852339380225149e-01 -2.076796141534223494e+01 -1.514174576802899241e+08
1.000000000000000000e+00 4.079700804849330780e+02 -1.614688688575672018e+02 -3.626244836251353379e+06 -3.996142768458780625e+14 9.605322119793380236e-07 -5.288677038768246815e-06 -2.044591130531436875e+03 -8.126958937346755008e+00 -7.984307330557947058e-01 1.762186638830146590e-01 -2.154910404703910487e+01 -1.354595281031187773e+08
1.000000000000000000e+00 3.715228745996582234e+02 -1.471503527968054357e+02 -3.639291581902824342e+06 -4.024949675338888125e+14 7.967697243878063174e-07 2.124511928221051263e-06 -3.355847079618218686e+03 -1.327695862494558732e+01 1.794716104154328584e-01 2.878592131955212685e-01 -3.308847905560899250e+01 3.059096846595179290e+07
1.000000000000000000e+00 3.253121799611051301e+02 -1.289609672359426327e+02 -3.652338209390262142e+06 -4.053859777209158125e+14 6.109839117743876248e-07 3.052423855935689449e-05 -9.641073275272954106e+02 -3.796698294989869105e+00 9.595268081147464434e-01 8.231244288227250461e-02 -1.853733446412491048e+01 1.643123909508692026e+08
1.000000000000000000e+00 2.705766434222790053e+02 -1.073962256424099451e+02 -3.665384689792090096e+06 -4.082873006827080625e+14 4.227638984864108010e-07 1.356407849516861620e-05 2.517384394566717219e+03 9.867879527079706392e+00 6.821732508017769314e-01 -2.139247805459506546e-01 -2.436380380908583376e+01 1.173584294072835296e+08
1.000000000000000000e+00 2.087976364028660328e+02 -8.303628568194910997e+01 -3.678431002051738556e+06 -4.111989313616871250e+14 2.518824373119826713e-07 -2.883734036404523273e-06 3.244292051461047322e+03 1.265893289079560624e+01 -3.467926561601100133e-01 -2.744592296857425451e-01 -3.196250477971195636e+01 -5.993584643384484947e+07
1.000000000000000000e+00 1.415262097859591108e+02 -5.648854664522455948e+01 -3.691477128436798230e+06 -4.141208653793202500e+14 1.158642964376299611e-07 -6.050500479950419743e-06 3.884955091071234392e+02 1.508951149062345065e+00 -9.938250859329826881e-01 -3.271469322096494381e-02 -1.707106313924867891e+01 -1.725498887192136645e+08
1.000000000000000000e+00 7.056251674053902434e+01 -2.847122457831448017e+01 -3.704523055048727896e+06 -4.170530991640679375e+14 2.889743584181416582e-08 -4.084240817897355964e-06 -2.922869312846696175e+03 -1.130107314572921773e+01 -5.466854494792745545e-01 2.450370209271196253e-01 -2.722556314483961515e+01 -9.535009554148289561e+07
1.000000000000000000e+00 -2.203965705832778621e+00 2.734542057201351239e-01 -3.717568775639907923e+06 -4.199956308290542500e+14 2.463948921476347514e-11 8.030775278217903190e-06 -3.032189034581454507e+03 -1.167069391792867172e+01 5.021881796982764490e-01 2.530258310782456665e-01 -3.001624647559046721e+01 8.798729894380843639e+07
1.000000000000000000e+00 -7.497079310002014552e+01 2.903699972148745445e+01 -3.730614287187810987e+06 -4.229484591988685625e+14 3.226629831318227450e-08 3.464312475711332485e-05 2.110485651353269816e+02 8.086523524051534295e-01 9.981076223536347047e-01 -1.752680117004863994e-02 -1.653653897523250293e+01 1.756676646157103479e+08
1.000000000000000000e+00 -1.458442014356161280e+02 5.706323809120201673e+01 -3.743659593094236217e+06 -4.259115845502973750e+14 1.223933127813301861e-07 5.662594003218572783e-06 3.250132443937237895e+03 1.239733676522991601e+01 3.952579215546096481e-01 -2.687683664675562523e-01 -2.980691688437124043e+01 6.987907520103284717e+07
1.000000000000000000e+00 -2.130059137181330868e+02 8.363736384114173461e+01 -3.756704703437424265e+06 -4.288850086953586250e+14 2.612538809874323966e-07 -4.577751990518585061e-06 2.723352076474999649e+03 1.034160115116551282e+01 -6.425842301664961287e-01 -2.242231709182058164e-01 -2.747972255933069619e+01 -1.141142750890187472e+08
1.000000000000000000e+00 -2.748718821869241538e+02 1.081353576708978750e+02 -3.769749632833471056e+06 -4.318687345177690625e+14 4.352584855358761928e-07 -5.977203330255711766e-06 -8.170812842822948596e+02 -3.088976425167625273e+00 -9.735464392030911407e-01 6.698213864757820990e-02 -1.697858109909132551e+01 -1.736605801633646488e+08
1.000000000000000000e+00 -3.298997777480277023e+02 1.299390027156533165e+02 -3.782794397071910091e+06 -4.348627652173983750e+14 6.272499911338820034e-07 -2.077140795364954576e-06 -3.486375718987646451e+03 -1.312192228632791746e+01 -2.338458728906690209e-01 2.845091561038058936e-01 -3.180229733052228625e+01 -4.189868013282383978e+07
1.000000000000000000e+00 -3.767477221167616221e+02 1.485214150469732886e+02 -3.795839019696320873e+06 -4.378671058331246250e+14 8.183058866205847559e-07 1.702917017634681231e-05 -2.328114339448961800e+03 -8.723887289803924361e+00 7.629446818098885030e-01 1.891334399790332577e-01 -2.466832315814457033e+01 1.373033759988398850e+08
1.000000000000000000e+00 -4.144033742265012279e+02 1.634830043988492889e+02 -3.808883525673604570e+06 -4.408817618079974375e+14 9.902031251561031624e-07 2.700492542234633620e-05 1.412741494373418845e+03 5.270591470041328108e+00 9.205130081353727345e-01 -1.142567375136728375e-01 -1.833222965205251853e+01 1.663899849141356945e+08
1.000000000000000000e+00 -4.419727427726974156e+02 1.744610786992213036e+02 -3.821927942355072126e+06 -4.439067392181336250e+14 1.126403488530756220e-06 7.116177878308347473e-07 3.625655225768787204e+03 1.346735904222264146e+01 6.562216170806003945e-02 -2.919752179920476198e-01 -3.300436259603591083e+01 1.191375056956806965e+07
1.000000000000000000e+00 -4.588268886173451619e+02 1.812105679986744349e+02 -3.834972299860269763e+06 -4.469420448716327500e+14 1.214096507932639054e-06 -5.548747015950082867e-06 1.853602638211157910e+03 6.855200267982381135e+00 -8.614700008315566704e-01 -1.486345197098811466e-01 -2.188774199119501773e+01 -1.570834953756848574e+08
1.000000000000000000e+00 -4.647005440557401812e+02 1.836261698158136824e+02 -3.848016628189008683e+06 -4.499876856441106250e+14 1.245646495118137993e-06 -5.468111044244708707e-06 -1.980210401732703531e+03 -7.291730898461358024e+00 -8.415526236660400006e-01 1.581091486377717015e-01 -2.043355946943188783e+01 -1.541188958760133386e+08
1.000000000000000000e+00 -4.594655086846671566e+02 1.816475517412972351e+02 -3.861060956359447446e+06 -4.530436682759540000e+14 1.217979164306580230e-06 1.153876572218212428e-06 -3.661246526422821262e+03 -1.342369866599968731e+01 1.034409336030824994e-01 2.910428260556524038e-01 -3.327931344103853917e+01 1.902580825507549196e+07
1.000000000000000000e+00 -4.432688964379175900e+02 1.753367116218658452e+02 -3.874105316501348279e+06 -4.561100003322524375e+14 1.133739008464220524e-06 2.821453769682024317e-05 -1.313684155444937915e+03 -4.795856451641713036e+00 9.346499761964346398e-01 1.039735398410014527e-01 -1.946095808636657409e+01 1.726504408194589019e+08
1.000000000000000000e+00 -4.166062340216374764e+02 1.648885906138964401e+02 -3.887149738286068197e+06 -4.591866888991690000e+14 1.001513335189758303e-06 1.586901802096595188e-05 2.505472623996899074e+03 9.107619087739967867e+00 7.379311790697461459e-01 -1.974419624435074794e-01 -2.305001406731425817e+01 1.368972013017579317e+08
1.000000000000000000e+00 -3.800842286073371952e+02 1.505335655935216437e+02 -3.900194248501511756e+06 -4.622737404734381250e+14 8.337393213422041415e-07 -2.350320358901565478e-06 3.589750632174502698e+03 1.299353678939842816e+01 -2.704436544154000810e-01 -2.817117435481221732e-01 -3.259840981918499381e+01 -5.038573543090183288e+07
1.000000000000000000e+00 -3.345553934073253686e+02 1.326129912152714496e+02 -3.913238873521586880e+06 -4.653711615382822500e+14 6.461673719959995341e-07 -6.006088662169468139e-06 7.188328184834838339e+02 2.590876716427993998e+00 -9.814934961885166675e-01 -5.617391280189255182e-02 -1.765043812191635908e+01 -1.836379688601265252e+08
1.000000000000000000e+00 -2.811706723554606242e+02 1.115807846214518406e+02 -3.926283636288916226e+06 -4.684789578417348125e+14 4.565897580641618027e-07 -4.431834286843016036e-06 -2.970269942624024225e+03 -1.066051787634212999e+01 -6.132793514390365575e-01 2.311496488944702332e-01 -2.588225768814737648e+01 -1.152311420576241165e+08
1.000000000000000000e+00 -2.211341072565610659e+02 8.790424012499465789e+01 -3.939328555809798185e+06 -4.715971342621181250e+14 2.825311477820544106e-07 6.363985862807557119e-06 -3.410239031522326059e+03 -1.218816837132613173e+01 4.294395258765257850e-01 2.642467175952533109e-01 -3.103727906630908251e+01 8.102933901608282328e+07
1.000000000000000000e+00 -1.558364625255711644e+02 6.213821132838226902e+01 -3.952373650936908554e+06 -4.747256957011323125e+14 1.403929150461401226e-07 3.482324199808913820e-05 -8.552895929331639024e+01 -3.044007357873960706e-01 9.996495598601795596e-01 6.602883395283021956e-03 -1.667164111650626168e+01 1.894127348607577384e+08
1.000000000000000000e+00 -8.688996832867083242e+01 3.491907852128908729e+01 -3.965418933623176534e+06 -4.778646454573248750e+14 4.372958050585757903e-08 7.253240302136845102e-06 3.361953619489327593e+03 1.191545669045343736e+01 4.696153002394937714e-01 -2.583195613652235489e-01 -2.862185148201186280e+01 8.935465228023263812e+07
1.000000000000000000e+00 -1.587527152336609682e+01 6.864278129531883543e+00 -3.978464411204557866e+06 -4.810139857507335625e+14 1.491808845686047433e-09 -4.247601065447185694e-06 3.122094441695582191e+03 1.101942643325302384e+01 -5.774193061151791095e-01 -2.389181519463976777e-01 -2.875284973184424331e+01 -1.103245723383760303e+08
1.000000000000000000e+00 5.552543918361845954e+01 -2.135513848807725878e+01 -3.991510088496269658e+06 -4.841737182131337500e+14 1.765127545817187906e-08 -6.033179417057358827e-06 -5.702484729094970817e+02 -2.004372868987397194e+00 -9.890043898647052911e-01 4.346468672257498833e-02 -1.664643536809893476e+01 -1.897482331224074662e+08
1.000000000000000000e+00 1.255108144414147233e+02 -4.902780200729397819e+01 -4.004555965079640038e+06 -4.873438432176793750e+14 9.059036278155916206e-08 -2.646280835027236782e-06 -3.663118628723787424e+03 -1.282254374341261105e+01 -3.119790142698812829e-01 2.780201330706882912e-01 -3.093783466844602259e+01 -6.010299050750140101e+07
1.000000000000000000e+00 1.924200557782683916e+02 -7.550307357874220315e+01 -4.017602035449752584e+06 -4.905243598942055625e+14 2.132186133210864708e-07 1.460891923271042040e-05 -2.731729913937962920e+03 -9.523073064613845062e+00 7.085480960551160390e-01 2.064606362531834771e-01 -2.601363344042200865e+01 1.370641519353542328e+08
