5.399999704506361013e+04 6.337413763741634348e-08 9.999999999999999547e-08
5.400917415651281772e+04 1.732919706047354251e-07 9.999999999999999547e-08
5.401835136451561266e+04 7.746743223836847185e-08 9.999999999999999547e-08
5.402752866748680390e+04 8.194324546662421366e-08 9.999999999999999547e-08
5.403670606250385026e+04 8.334898733697581878e-09 9.999999999999999547e-08
5.404588354343120591e+04 1.256615548056789101e-08 9.999999999999999547e-08
5.405506110202201671e+04 2.756563419223964163e-07 9.999999999999999547e-08
5.406423872851953638e+04 -2.642611046023031587e-08 9.999999999999999547e-08
5.407341641014810011e+04 5.183457392580801073e-08 9.999999999999999547e-08
5.408259413252498780e+04 -1.756263380826441004e-07 9.999999999999999547e-08
5.409177188125829707e+04 -1.225630018898481506e-08 9.999999999999999547e-08
5.410094964020320913e+04 -9.014174781239036796e-08 9.999999999999999547e-08
5.411012739284793497e+04 -3.257607785336283909e-08 9.999999999999999547e-08
5.411930512375762191e+04 9.327264015512473240e-09 9.999999999999999547e-08
5.412848281652807054e+04 -2.549965633150396242e-08 9.999999999999999547e-08
5.413766045685545396e+04 -7.870197532678654277e-08 9.999999999999999547e-08
5.414683803276763501e+04 -2.157373735188747062e-09 9.999999999999999547e-08
5.415601553258109925e+04 -1.695203658403767762e-07 9.999999999999999547e-08
5.416519294738570898e+04 -1.065133821481975379e-07 9.999999999999999547e-08
5.417437027084490546e+04 -3.954971713154405051e-08 9.999999999999999547e-08
5.418354749860917218e+04 -5.781265351529939033e-08 9.999999999999999547e-08
5.419272462913852360e+04 -3.717088099748144372e-07 9.999999999999999547e-08
5.420190166410338861e+04 -3.163140570789997100e-08 9.999999999999999547e-08
5.421107860593865917e+04 -1.544167054694312851e-07 9.999999999999999547e-08
5.422025545983809570e+04 -2.426615699948953638e-07 9.999999999999999547e-08
5.422943223402868898e+04 -1.075531142735273736e-07 9.999999999999999547e-08
5.423860893744888745e+04 -7.279150687606484497e-08 9.999999999999999547e-08
5.424778558115427586e+04 1.460946469026938896e-07 9.999999999999999547e-08
5.425696217724993039e+04 7.271138784520740201e-08 9.999999999999999547e-08
5.426613873819305445e+04 -8.062471025137264678e-08 9.999999999999999547e-08
5.427531527793953137e+04 6.138603538113682039e-08 9.999999999999999547e-08
5.428449181137335108e+04 3.584361456658480777e-08 9.999999999999999547e-08
5.429366835228252603e+04 -5.505074779590368589e-08 9.999999999999999547e-08
5.430284491449348570e+04 -1.729143372212143677e-08 9.999999999999999547e-08
5.431202151203510584e+04 -1.253337718979843107e-08 9.999999999999999547e-08
5.432119815734310396e+04 3.392109717055675195e-08 9.999999999999999547e-08
5.433037486283892940e+04 -2.335237755287282805e-08 9.999999999999999547e-08
5.433955163941405044e+04 -1.551616863986061305e-07 9.999999999999999547e-08
5.434872849526241043e+04 -4.652036539205210093e-08 9.999999999999999547e-08
5.435790543778127176e+04 -1.393464357321461882e-07 9.999999999999999547e-08
5.436708247281370859e+04 -1.486201132188477203e-07 9.999999999999999547e-08
5.437625960343742918e+04 -2.187036815793043665e-07 9.999999999999999547e-08
5.438543683053099812e+04 -3.590312276656720596e-08 9.999999999999999547e-08
5.439461415263355593e+04 -1.175071667076634841e-07 9.999999999999999547e-08
5.440379156497379881e+04 -2.241507054371048625e-07 9.999999999999999547e-08
5.441296906208583823e+04 -1.563057234675199655e-07 9.999999999999999547e-08
5.442214663558952452e+04 -1.518997369063976208e-07 9.999999999999999547e-08
5.443132427406153874e+04 -7.201045264228752891e-09 9.999999999999999547e-08
5.444050196483780746e+04 -1.232408932049711940e-07 9.999999999999999547e-08
5.444967969397384877e+04 -1.812653308929219182e-07 9.999999999999999547e-08
5.445885744587548834e+04 -4.208327224712889113e-08 9.999999999999999547e-08
5.446803520499563456e+04 5.831567416642907625e-08 9.999999999999999547e-08
5.447721295511870267e+04 -1.866007082183042835e-07 9.999999999999999547e-08
5.448639067927781434e+04 -1.424286522532675291e-07 9.999999999999999547e-08
5.449556836254023074e+04 -1.805463990085733489e-07 9.999999999999999547e-08
5.450474599142073566e+04 -1.017302010674199841e-07 9.999999999999999547e-08
5.451392355287546525e+04 -1.652107988126092020e-07 9.999999999999999547e-08
5.452310103641988098e+04 -2.616711187720108873e-07 9.999999999999999547e-08
5.453227843362182466e+04 -1.741348535243881318e-07 9.999999999999999547e-08
5.454145573796415556e+04 -5.241946797561579224e-08 9.999999999999999547e-08
5.455063294643762492e+04 -1.892991499808894756e-07 9.999999999999999547e-08
5.455981005831257062e+04 -3.349165555418679613e-08 9.999999999999999547e-08
5.456898707414494129e+04 -1.778201679726975216e-07 9.999999999999999547e-08
5.457816399771088618e+04 2.040169549326410965e-07 9.999999999999999547e-08
5.458734083536366961e+04 1.327356199494327182e-07 9.999999999999999547e-08
5.459651759453145496e+04 7.975969380093858449e-08 9.999999999999999547e-08
5.460569428525111289e+04 -9.997648583243716050e-08 9.999999999999999547e-08
5.461487091884550318e+04 5.038659507916162112e-08 9.999999999999999547e-08
5.462404750639523991e+04 -1.021981049957812036e-07 9.999999999999999547e-08
5.463322406203311402e+04 1.319667652610121448e-07 9.999999999999999547e-08
5.464240059977775672e+04 -1.164146839070070112e-07 9.999999999999999547e-08
5.465157713340868941e+04 1.318546292893383974e-07 9.999999999999999547e-08
5.466075367741092487e+04 -4.488204905711372786e-08 9.999999999999999547e-08
5.466993024584194063e+04 5.556926735679428736e-08 9.999999999999999547e-08
5.467910685161421134e+04 -6.877794183366105640e-08 9.999999999999999547e-08
5.468828350815297745e+04 1.255660418225897906e-07 9.999999999999999547e-08
5.469746022736695886e+04 5.883197819895595579e-08 9.999999999999999547e-08
5.470663701860095898e+04 1.178534580327195960e-07 9.999999999999999547e-08
5.471581389116431819e+04 1.367733306617798363e-07 9.999999999999999547e-08
5.472499085196487431e+04 7.684644258728099049e-08 9.999999999999999547e-08
5.473416790573272010e+04 1.430416879726299810e-07 9.999999999999999547e-08
5.474334505554334464e+04 4.344792351668662858e-08 9.999999999999999547e-08
5.475252230193832656e+04 2.266775030280339156e-07 9.999999999999999547e-08
5.476169964205477299e+04 1.125015485369256077e-07 9.999999999999999547e-08
5.477087707202424644e+04 1.515538523597450579e-07 9.999999999999999547e-08
5.478005458536702645e+04 1.489529177733048574e-07 9.999999999999999547e-08
5.478923217225717235e+04 1.739354744615808647e-07 9.999999999999999547e-08
5.479840982229412475e+04 2.253034838911238653e-07 9.999999999999999547e-08
5.480758752209704835e+04 2.064359812624136595e-07 9.999999999999999547e-08
5.481676525667943497e+04 2.434520002533459417e-07 9.999999999999999547e-08
5.482594301151853142e+04 2.093945327982847450e-07 9.999999999999999547e-08
5.483512078184163693e+04 1.686285389951632990e-07 9.999999999999999547e-08
5.484429852767055854e+04 2.821182452677697470e-07 9.999999999999999547e-08
5.485347624500667735e+04 5.716913551909767709e-08 9.999999999999999547e-08
5.486265391872543114e+04 1.071679658221471483e-07 9.999999999999999547e-08
5.487183153473729180e+04 1.130354723826543710e-07 9.999999999999999547e-08
5.488100908164936845e+04 -3.343216149356067163e-08 9.999999999999999547e-08
5.489018654880892427e+04 6.261670319829327708e-08 9.999999999999999547e-08
5.489936392757696012e+04 1.509210074022439600e-07 9.999999999999999547e-08
5.490854121310379560e+04 1.083544753420198682e-07 9.999999999999999547e-08
5.491771840244641498e+04 -2.678187841691778788e-08 9.999999999999999547e-08
5.492689549465631717e+04 1.041158226241759254e-07 9.999999999999999547e-08
5.493607249195655459e+04 -7.484921827091972361e-08 9.999999999999999547e-08
5.494524939805619942e+04 9.756516762711902470e-08 9.999999999999999547e-08
5.495442621893625619e+04 -2.609329176641690504e-08 9.999999999999999547e-08
5.496360296377608756e+04 -1.808432531620632883e-08 9.999999999999999547e-08
5.497277964233306557e+04 1.158977131494497134e-07 9.999999999999999547e-08
5.498195626530500158e+04 -8.823054190138081156e-08 9.999999999999999547e-08
5.499113284563716297e+04 2.048642466123440260e-08 9.999999999999999547e-08
5.500030939654706162e+04 -4.941528982469414626e-08 9.999999999999999547e-08
5.500948593194282876e+04 -4.913293775634786324e-08 9.999999999999999547e-08
5.501866246681095072e+04 8.063981434680071256e-08 9.999999999999999547e-08
5.502783901463945222e+04 7.336217890874745270e-08 9.999999999999999547e-08
5.503701558895703056e+04 9.165480794067634107e-08 9.999999999999999547e-08
5.504619220390098053e+04 -8.141638749228224809e-09 9.999999999999999547e-08
5.505536887220179779e+04 -1.522229843436569310e-07 9.999999999999999547e-08
5.506454560458761262e+04 6.333520002552575004e-08 9.999999999999999547e-08
5.507372241164297884e+04 -4.071135606755374692e-09 9.999999999999999547e-08
5.508289930130939319e+04 -1.024805114462669871e-07 9.999999999999999547e-08
5.509207627982111444e+04 -7.714778816167322722e-08 9.999999999999999547e-08
5.510125335296004050e+04 -1.910239882997914430e-07 9.999999999999999547e-08
5.511043052218555385e+04 2.529826512953477105e-08 9.999999999999999547e-08
5.511960778706062410e+04 -5.032271020459129938e-08 9.999999999999999547e-08
5.512878514559789619e+04 8.536290316341751096e-08 9.999999999999999547e-08
5.513796259273692704e+04 -3.551956553658909881e-08 9.999999999999999547e-08
5.514714012126017042e+04 -9.704697435906549221e-08 9.999999999999999547e-08
5.515631772204035224e+04 -4.573057357991939396e-08 9.999999999999999547e-08
5.516549538302984729e+04 1.447455146642886852e-09 9.999999999999999547e-08
5.517467309027658484e+04 -1.018876373613072098e-07 9.999999999999999547e-08
5.518385083040926111e+04 1.969646970268315783e-08 9.999999999999999547e-08
5.519302858728089632e+04 2.799061609249463695e-08 9.999999999999999547e-08
5.520220634441094444e+04 -4.096539298732031325e-08 9.999999999999999547e-08
5.521138408587796584e+04 -7.639807598636086836e-08 9.999999999999999547e-08
5.522056179549793160e+04 -1.008251191195218540e-07 9.999999999999999547e-08
5.522973945845365961e+04 -1.647106120147694955e-09 9.999999999999999547e-08
5.523891706194190192e+04 -2.702897633882904455e-07 9.999999999999999547e-08
5.524809459361055633e+04 -9.624440274414745556e-08 9.999999999999999547e-08
5.525727204318902659e+04 -1.219287609428257916e-07 9.999999999999999547e-08
5.526644940388886607e+04 1.137712627302516720e-07 9.999999999999999547e-08
5.527562667042895191e+04 2.246539071807591152e-08 9.999999999999999547e-08
5.528480384008336841e+04 -4.945901306486179333e-08 9.999999999999999547e-08
5.529398091345502326e+04 2.474160954948998814e-08 9.999999999999999547e-08
5.530315789184362802e+04 -2.032321260345602513e-07 9.999999999999999547e-08
5.531233477997704176e+04 -1.849126322257124144e-07 9.999999999999999547e-08
5.532151158531055262e+04 -1.326713000177463067e-07 9.999999999999999547e-08
5.533068831605916785e+04 -3.315587482838058504e-07 9.999999999999999547e-08
5.533986498210442369e+04 -2.530126664296085430e-07 9.999999999999999547e-08
5.534904159572021308e+04 -2.394189805443531499e-07 9.999999999999999547e-08
5.535821816891647177e+04 -1.029854316655298344e-08 9.999999999999999547e-08
5.536739471533390315e+04 -5.569468670986522182e-08 9.999999999999999547e-08
5.537657124976601335e+04 -1.397586344035410711e-08 9.999999999999999547e-08
5.538574778580122802e+04 -2.353677286792675500e-07 9.999999999999999547e-08
5.539492433738594264e+04 -1.242462014359899611e-07 9.999999999999999547e-08
5.540410091903137072e+04 -9.369975367210217034e-08 9.999999999999999547e-08
5.541327754352863121e+04 -5.779568628777165114e-08 9.999999999999999547e-08
5.542245422339024663e+04 -1.394378521086658304e-07 9.999999999999999547e-08
5.543163097018039116e+04 3.648010312743320467e-08 9.999999999999999547e-08
5.544080779278034606e+04 -9.924455661674521989e-08 9.999999999999999547e-08
5.544998469927812403e+04 -1.834197337318291292e-07 9.999999999999999547e-08
5.545916169678299048e+04 -1.699407218326984829e-08 9.999999999999999547e-08
5.546833878854565410e+04 -9.687121128416272443e-08 9.999999999999999547e-08
5.547751597670260526e+04 -3.266461197648836756e-08 9.999999999999999547e-08
5.548669326067902875e+04 -7.758469427051260239e-08 9.999999999999999547e-08
5.549587063706445770e+04 9.609500086755173927e-08 9.999999999999999547e-08
5.550504810082151380e+04 1.592974519152431292e-08 9.999999999999999547e-08
5.551422564484432223e+04 -1.972035395768184973e-07 9.999999999999999547e-08
5.552340325824909814e+04 -3.926986664161532501e-08 9.999999999999999547e-08
5.553258092917340400e+04 -1.218430546909548698e-07 9.999999999999999547e-08
5.554175864455308329e+04 4.753562936135130666e-09 9.999999999999999547e-08
5.555093638882301457e+04 7.342852511895209197e-08 9.999999999999999547e-08
5.556011414682440227e+04 8.625835947262202670e-08 9.999999999999999547e-08
5.556929190239268792e+04 -1.147580772270865676e-08 9.999999999999999547e-08
5.557846963847672305e+04 1.255503253842708401e-07 9.999999999999999547e-08
5.558764733961817547e+04 -8.197496439331598334e-08 9.999999999999999547e-08
5.559682499189425289e+04 2.714087705336725308e-07 9.999999999999999547e-08
5.560600258166839194e+04 3.402899497895189457e-07 9.999999999999999547e-08
5.561518009741502465e+04 -2.425967122238491814e-09 9.999999999999999547e-08
5.562435753001860576e+04 4.508759940511279790e-08 9.999999999999999547e-08
5.563353487193151523e+04 2.928654247706548533e-08 9.999999999999999547e-08
5.564271211895281886e+04 1.073550403820684221e-07 9.999999999999999547e-08
5.565188926967638690e+04 2.408240377435682846e-07 9.999999999999999547e-08
5.566106632342385274e+04 1.524827536847494354e-07 9.999999999999999547e-08
5.567024328313978185e+04 2.748051162387212099e-08 9.999999999999999547e-08
5.567942015420857933e+04 1.414767875260328035e-07 9.999999999999999547e-08
5.568859694356807449e+04 7.561664488435672657e-08 9.999999999999999547e-08
5.569777366038696346e+04 2.115309895311530033e-07 9.999999999999999547e-08
5.570695031530901906e+04 3.648058533386425420e-07 9.999999999999999547e-08
5.571612691929988068e+04 2.912636896695020051e-07 9.999999999999999547e-08
5.572530348572661023e+04 1.232062012067123154e-08 9.999999999999999547e-08
5.573448002895172249e+04 2.271374671640263727e-07 9.999999999999999547e-08
5.574365656219276570e+04 1.513212599490522378e-07 9.999999999999999547e-08
5.575283310008754779e+04 4.995371324864614084e-08 9.999999999999999547e-08
5.576200965676653141e+04 1.394686726424128599e-07 9.999999999999999547e-08
5.577118624537057622e+04 2.831008217644724879e-07 9.999999999999999547e-08
5.578036287990232813e+04 1.511800839148791129e-07 9.999999999999999547e-08
5.578953957256898866e+04 2.784825817128347994e-07 9.999999999999999547e-08
5.579871633332010970e+04 2.198232869282210562e-07 9.999999999999999547e-08
5.580789317175590259e+04 8.463744542232749582e-08 9.999999999999999547e-08
5.581707009617093718e+04 3.513403641023229085e-08 9.999999999999999547e-08
5.582624711177329300e+04 1.208432249166705806e-07 9.999999999999999547e-08
