5.399999751122999442e+04 -1.728587704980445062e-07 9.999999999999999547e-08
5.400917400686600013e+04 -5.851774020218044961e-08 9.999999999999999547e-08
5.401835060274984426e+04 3.794756969757335669e-08 9.999999999999999547e-08
5.402752731221273280e+04 8.045657204456707490e-08 9.999999999999999547e-08
5.403670414765543683e+04 -8.143498623656821876e-08 9.999999999999999547e-08
5.404588111739459418e+04 -1.890415409883885900e-07 9.999999999999999547e-08
5.405505822581470420e+04 -1.024345824017263752e-07 9.999999999999999547e-08
5.406423547583328764e+04 8.773238475650475024e-08 9.999999999999999547e-08
5.407341286514473904e+04 1.718525484869518549e-07 9.999999999999999547e-08
5.408259038683885592e+04 1.341969985190196898e-07 9.999999999999999547e-08
5.409176803184548044e+04 1.303721203201176823e-08 9.999999999999999547e-08
5.410094578735836694e+04 1.223077074971731038e-08 9.999999999999999547e-08
5.411012363668345643e+04 5.187967933572224212e-08 9.999999999999999547e-08
5.411930156225911924e+04 -7.295519956418485087e-08 9.999999999999999547e-08
5.412847954274982476e+04 8.579131471779995712e-08 9.999999999999999547e-08
5.413765755514657940e+04 1.147147490783659311e-08 9.999999999999999547e-08
5.414683557769982144e+04 -5.862679218237938146e-08 9.999999999999999547e-08
5.415601358749764040e+04 -9.895652291573155159e-09 9.999999999999999547e-08
5.416519156157467660e+04 -1.646348477243133240e-07 9.999999999999999547e-08
5.417436947949288879e+04 -3.567996583468425704e-08 9.999999999999999547e-08
5.418354732135139784e+04 1.087365138576903652e-07 9.999999999999999547e-08
5.419272506948391674e+04 8.158354420711052541e-08 9.999999999999999547e-08
5.420190271087732253e+04 1.430839067726892782e-07 9.999999999999999547e-08
5.421108023332226003e+04 -4.280649675917933739e-08 9.999999999999999547e-08
5.422025762735711760e+04 -2.610178033294922068e-09 9.999999999999999547e-08
5.422943488834421441e+04 1.553715049945448705e-07 9.999999999999999547e-08
5.423861201403566520e+04 1.524762809793433101e-07 9.999999999999999547e-08
5.424778900536265428e+04 -1.503076171624380613e-07 9.999999999999999547e-08
5.425696586723921064e+04 1.070691634175664375e-07 9.999999999999999547e-08
5.426614260594809457e+04 1.291983178433862604e-07 9.999999999999999547e-08
5.427531923067881871e+04 5.257358176395049664e-08 9.999999999999999547e-08
5.428449575492321310e+04 9.955948316962259950e-08 9.999999999999999547e-08
5.429367219327932980e+04 -2.970988568555217984e-08 9.999999999999999547e-08
5.430284856144244259e+04 1.367777210400344061e-07 9.999999999999999547e-08
5.431202487823089905e+04 1.583855196833702488e-08 9.999999999999999547e-08
5.432120116223946388e+04 9.872902604356731023e-08 9.999999999999999547e-08
5.433037743381636392e+04 5.073737945680392019e-08 9.999999999999999547e-08
5.433955371469162492e+04 -8.371612817781981810e-08 9.999999999999999547e-08
5.434873002477250702e+04 1.039439219562538345e-07 9.999999999999999547e-08
5.435790638370499073e+04 -4.501177013653554939e-08 9.999999999999999547e-08
5.436708281147552043e+04 -9.122208909363856565e-08 9.999999999999999547e-08
5.437625932610572636e+04 -3.180626689776170992e-08 9.999999999999999547e-08
5.438543594340371783e+04 -9.779699206845246100e-09 9.999999999999999547e-08
5.439461267781745846e+04 1.679987828456372200e-07 9.999999999999999547e-08
5.440378953950220603e+04 2.695393583922131508e-08 9.999999999999999547e-08
5.441296653621159930e+04 -4.883427014217365875e-08 9.999999999999999547e-08
5.442214367351157125e+04 -1.152115924281358226e-07 9.999999999999999547e-08
5.443132095191473491e+04 3.958061801602800032e-08 9.999999999999999547e-08
5.444049836794962903e+04 1.351351855189325727e-07 9.999999999999999547e-08
5.444967591557261767e+04 -2.270041828435396353e-07 9.999999999999999547e-08
5.445885358388305758e+04 -1.615822204112866690e-07 9.999999999999999547e-08
5.446803135926806135e+04 -1.392049313238871044e-07 9.999999999999999547e-08
5.447720922623447404e+04 2.142623828335826522e-08 9.999999999999999547e-08
5.448638716460158321e+04 1.015842091238596910e-07 9.999999999999999547e-08
5.449556515286525246e+04 6.108106002629645094e-08 9.999999999999999547e-08
5.450474316963712772e+04 -5.551128491061291228e-08 9.999999999999999547e-08
5.451392119169790385e+04 2.351934052655485733e-09 9.999999999999999547e-08
5.452309919604872266e+04 1.090520468853962581e-07 9.999999999999999547e-08
5.453227716113907809e+04 5.371553295548209506e-08 9.999999999999999547e-08
5.454145506535323511e+04 4.911075279772150398e-08 9.999999999999999547e-08
5.455063288949879643e+04 -1.997167651480942434e-07 9.999999999999999547e-08
5.455981061820278410e+04 6.041001115053994616e-08 9.999999999999999547e-08
5.456898823685553361e+04 -1.583497721071965510e-07 9.999999999999999547e-08
5.457816573391416023e+04 1.394847119809677211e-07 9.999999999999999547e-08
5.458734310231033305e+04 -3.226889791286439876e-09 9.999999999999999547e-08
5.459652033636788110e+04 -2.690202238936690307e-08 9.999999999999999547e-08
5.460569743500892218e+04 8.753876155638335261e-08 9.999999999999999547e-08
5.461487440086615970e+04 5.835850891073042905e-08 9.999999999999999547e-08
5.462405123740651470e+04 -6.230894551485978334e-08 9.999999999999999547e-08
5.463322795225676964e+04 3.150437887921691381e-08 9.999999999999999547e-08
5.464240455660301086e+04 -6.125813248903401623e-08 9.999999999999999547e-08
5.465158106257426698e+04 -5.265727865025073824e-08 9.999999999999999547e-08
5.466075748532989383e+04 9.556432479299008000e-08 9.999999999999999547e-08
5.466993384248652001e+04 -1.801804441732350555e-09 9.999999999999999547e-08
5.467911015102345846e+04 -8.631400902398975389e-08 9.999999999999999547e-08
5.468828643080055190e+04 -1.556466603134405732e-07 9.999999999999999547e-08
5.469746270327446109e+04 -1.079660719329200846e-07 9.999999999999999547e-08
5.470663898818221787e+04 3.063158529295649199e-08 9.999999999999999547e-08
5.471581530623664003e+04 9.070035818164101408e-09 9.999999999999999547e-08
5.472499167783885787e+04 -3.029653768507959052e-08 9.999999999999999547e-08
5.473416812147104065e+04 4.209072131646809894e-09 9.999999999999999547e-08
5.474334465515155171e+04 1.233254197746632848e-07 9.999999999999999547e-08
5.475252129545494245e+04 -1.401498696380390742e-08 9.999999999999999547e-08
5.476169805427481333e+04 -8.758407377286138102e-08 9.999999999999999547e-08
5.477087494220416556e+04 6.717848821866827151e-09 9.999999999999999547e-08
5.478005196726169379e+04 3.092529630170971033e-08 9.999999999999999547e-08
5.478922913249995327e+04 -7.085778681845625548e-08 9.999999999999999547e-08
5.479840643869697669e+04 1.193967008738434101e-07 9.999999999999999547e-08
5.480758388214078150e+04 -7.153968858912464690e-08 9.999999999999999547e-08
5.481676145451077900e+04 -7.622000315203501694e-08 9.999999999999999547e-08
5.482593914519704413e+04 -2.458625188240882354e-07 9.999999999999999547e-08
5.483511695242099813e+04 4.929594938599699086e-08 9.999999999999999547e-08
5.484429483502981748e+04 -1.022305131086442750e-07 9.999999999999999547e-08
5.485347278503405687e+04 -9.067443196686014091e-08 9.999999999999999547e-08
5.486265078129051835e+04 7.590591107495477894e-08 9.999999999999999547e-08
5.487182880066263897e+04 -5.959952829086049250e-08 9.999999999999999547e-08
5.488100682105576561e+04 8.855121896966913680e-08 9.999999999999999547e-08
5.489018481993934256e+04 -1.392154355314122543e-07 9.999999999999999547e-08
5.489936277436905948e+04 -9.760302468482307887e-08 9.999999999999999547e-08
5.490854066394684196e+04 6.953677724423326920e-09 9.999999999999999547e-08
5.491771847088354116e+04 -2.555840915529932616e-09 9.999999999999999547e-08
5.492689617842244479e+04 1.458842151754954828e-07 9.999999999999999547e-08
5.493607377378645469e+04 -7.174326390840888552e-08 9.999999999999999547e-08
5.494525124627615878e+04 -3.608672419994265875e-08 9.999999999999999547e-08
5.495442858785904536e+04 -5.920708063709902195e-08 9.999999999999999547e-08
5.496360579491112003e+04 -3.844757026634365695e-08 9.999999999999999547e-08
5.497278286747495440e+04 -8.383696288596191252e-08 9.999999999999999547e-08
5.498195980684063397e+04 -4.000556362480526809e-08 9.999999999999999547e-08
5.499113661846175091e+04 -1.929592617078854399e-07 9.999999999999999547e-08
5.500031331069583393e+04 -4.060310760128915361e-09 9.999999999999999547e-08
5.500948989400369464e+04 -1.789531867578270512e-07 9.999999999999999547e-08
5.501866638225035422e+04 4.189029420842677779e-08 9.999999999999999547e-08
5.502784279118234554e+04 -8.504028305755749684e-08 9.999999999999999547e-08
5.503701913654548116e+04 -1.020353062866415064e-07 9.999999999999999547e-08
5.504619543768836593e+04 -1.007024487508767558e-07 9.999999999999999547e-08
5.505537171486631996e+04 -1.753335792253408419e-07 9.999999999999999547e-08
5.506454798777058750e+04 8.179698447371091422e-08 9.999999999999999547e-08
5.507372427785153559e+04 3.374455005252807745e-08 9.999999999999999547e-08
5.508290060538162652e+04 -8.514506361726902932e-08 9.999999999999999547e-08
5.509207698938145040e+04 -2.381879675567869182e-07 9.999999999999999547e-08
5.510125344973072788e+04 -5.246765082643559214e-08 9.999999999999999547e-08
5.511043000411959656e+04 -2.777646833250981944e-07 9.999999999999999547e-08
5.511960666668589693e+04 -8.640667269701250881e-08 9.999999999999999547e-08
5.512878345055152022e+04 1.029813123106289196e-07 9.999999999999999547e-08
5.513796036569587886e+04 -8.264206932621223233e-08 9.999999999999999547e-08
5.514713741817992559e+04 6.877663874116795688e-09 9.999999999999999547e-08
5.515631461190894333e+04 4.040843092940061316e-08 9.999999999999999547e-08
5.516549194629045815e+04 -5.651666687567636082e-08 9.999999999999999547e-08
5.517466941556721576e+04 1.127773357533430322e-07 9.999999999999999547e-08
5.518384701252570085e+04 -7.426816739026502797e-08 9.999999999999999547e-08
5.519302472581849725e+04 -5.491962052990129989e-08 9.999999999999999547e-08
5.520220253985609452e+04 -7.762166833211393432e-08 9.999999999999999547e-08
5.521138043763088353e+04 1.283229817449309482e-07 9.999999999999999547e-08
5.522055839880408894e+04 -7.258400731237263077e-08 9.999999999999999547e-08
5.522973640094115399e+04 4.040941887699633639e-08 9.999999999999999547e-08
5.523891442267053935e+04 3.554569474866745564e-08 9.999999999999999547e-08
5.524809244088822743e+04 8.655906622880881375e-08 9.999999999999999547e-08
5.525727043209807016e+04 -2.333407479647631222e-07 9.999999999999999547e-08
5.526644837529620418e+04 -1.062230418012352398e-07 9.999999999999999547e-08
5.527562625015273079e+04 6.910336884729371922e-08 9.999999999999999547e-08
5.528480403808768460e+04 8.615429828738298023e-08 9.999999999999999547e-08
5.529398172458685440e+04 1.260316988121820310e-07 9.999999999999999547e-08
5.530315929636119836e+04 -7.079779805929806832e-08 9.999999999999999547e-08
5.531233674273580982e+04 7.062376208255324175e-08 9.999999999999999547e-08
5.532151405796231120e+04 4.826522947083136938e-08 9.999999999999999547e-08
5.533069123855661019e+04 2.976922327101566094e-08 9.999999999999999547e-08
5.533986828375983168e+04 1.190440616967332903e-07 9.999999999999999547e-08
5.534904519736052316e+04 1.834631265615532378e-07 9.999999999999999547e-08
5.535822198468229180e+04 1.597254191061963525e-07 9.999999999999999547e-08
5.536739865372696659e+04 -2.219246167189478612e-08 9.999999999999999547e-08
5.537657521726260165e+04 9.789675283737280790e-08 9.999999999999999547e-08
5.538575168855422817e+04 9.915830380255184009e-08 9.999999999999999547e-08
5.539492808289061941e+04 2.948647367159480430e-07 9.999999999999999547e-08
5.540410441812458157e+04 2.915322151318672591e-07 9.999999999999999547e-08
5.541328071303732577e+04 2.199060725562182208e-07 9.999999999999999547e-08
5.542245698727882700e+04 1.708561597507377676e-07 9.999999999999999547e-08
5.543163326219961891e+04 1.201405672988614484e-07 9.999999999999999547e-08
5.544080955826698482e+04 1.665617840103699499e-07 9.999999999999999547e-08
5.544998589483632531e+04 2.322494216779055569e-08 9.999999999999999547e-08
5.545916229297978862e+04 2.342660652038047420e-07 9.999999999999999547e-08
5.546833877079084050e+04 3.627305663738040914e-08 9.999999999999999547e-08
5.547751534512131184e+04 2.516318593541086394e-07 9.999999999999999547e-08
5.548669203117500001e+04 3.774149545201757975e-08 9.999999999999999547e-08
5.549586884056685085e+04 2.448764480382202300e-07 9.999999999999999547e-08
5.550504578210109321e+04 1.144325547781370871e-07 9.999999999999999547e-08
5.551422286283287394e+04 1.674773789733511356e-07 9.999999999999999547e-08
5.552340008485889120e+04 2.151510807779837654e-07 9.999999999999999547e-08
5.553257744608088979e+04 7.244007468001526460e-08 9.999999999999999547e-08
5.554175494185488060e+04 -4.972842083087111712e-08 9.999999999999999547e-08
5.555093256290010322e+04 5.153609150202592423e-08 9.999999999999999547e-08
5.556011029705830151e+04 2.740483221618293404e-08 9.999999999999999547e-08
5.556928812969395221e+04 8.689833905609438687e-08 9.999999999999999547e-08
5.557846604173613014e+04 2.766975427218160800e-07 9.999999999999999547e-08
5.558764401230413205e+04 4.441665055439429466e-08 9.999999999999999547e-08
5.559682202037772367e+04 -2.178693824113104836e-08 9.999999999999999547e-08
5.560600004315831029e+04 1.241799944449672081e-07 9.999999999999999547e-08
5.561517805735988804e+04 -2.100416892419090686e-07 9.999999999999999547e-08
5.562435604106846586e+04 -5.905336761411678097e-08 9.999999999999999547e-08
5.563353397200583277e+04 -1.431554867723007687e-07 9.999999999999999547e-08
5.564271183021081379e+04 -4.846878764631909069e-08 9.999999999999999547e-08
5.565188959955167957e+04 -4.104651170331488502e-08 9.999999999999999547e-08
5.566106726399357285e+04 -5.379824189418660682e-08 9.999999999999999547e-08
5.567024481095110241e+04 -1.744955672059064507e-07 9.999999999999999547e-08
5.567942223180903238e+04 1.278001149837711430e-08 9.999999999999999547e-08
5.568859952007709217e+04 -1.056584006929949904e-07 9.999999999999999547e-08
5.569777667314093560e+04 6.797687612990703504e-08 9.999999999999999547e-08
5.570695369229430071e+04 -3.802490303906583141e-08 9.999999999999999547e-08
5.571613057989647496e+04 -2.417820046809131123e-07 9.999999999999999547e-08
5.572530734208783542e+04 -3.629483245525434268e-08 9.999999999999999547e-08
5.573448398948734393e+04 -1.118193581290779796e-07 9.999999999999999547e-08
5.574366053328424459e+04 1.681664914538906445e-08 9.999999999999999547e-08
5.575283698762091080e+04 -1.555351194317324593e-08 9.999999999999999547e-08
5.576201336905553762e+04 -4.985941105915163793e-08 9.999999999999999547e-08
5.577118969435583131e+04 -2.260197657076031742e-07 9.999999999999999547e-08
5.578036598302636412e+04 6.294897835699408235e-08 9.999999999999999547e-08
5.578954225621864316e+04 -1.263066797873843785e-07 9.999999999999999547e-08
5.579871853355045459e+04 -2.155095142677428392e-07 9.999999999999999547e-08
5.580789483550172736e+04 -7.924434320081343778e-08 9.999999999999999547e-08
5.581707118307748169e+04 -2.020167071509468804e-07 9.999999999999999547e-08
5.582624759534397890e+04 -9.361909694777139978e-08 9.999999999999999547e-08
