1.000000000000000000e+00 -2.955424343241208476e+02 1.995187464196986298e+02 -6.900927876111939549e+05 -2.981193422957112891e+13 -4.705019651033866156e-06 2.648300538393429185e-06 8.037992815982821051e-07 1.761382824441712671e+02 -1.265905217786651993e-01 2.647891586549721676e+00 -1.566250142745619556e+01 4.063792510735134478e+00
1.000000000000000000e+00 -2.490499215095449301e+02 1.987708516356827033e+02 -6.964254368256560992e+05 -3.036158417799727734e+13 -4.001244972245439646e-06 2.662584482493001937e-06 6.254132110683849281e-07 1.128137117326279935e+02 -7.731832863212059204e-01 1.692865850492418334e+00 3.165426461331025898e+00 1.586847301580336911e+01
1.000000000000000000e+00 -1.964161641823442892e+02 1.931236347634054198e+02 -7.027581552206010092e+05 -3.091626104931083594e+13 -3.184323827187949710e-06 2.610462108196344792e-06 4.507543463370146883e-07 -1.245947738400404603e+01 -9.975529801098252936e-01 -1.866277008911474689e-01 1.602292300472848652e+01 -2.257055364832025735e+00
1.000000000000000000e+00 -1.388671027839418457e+02 1.826771396082851879e+02 -7.090909519958142191e+05 -3.147596582480457031e+13 -2.271618650055512933e-06 2.491507618100376887e-06 2.968205521582308079e-07 -1.313703077054263701e+02 -6.771574128588351282e-01 -1.964221793518711623e+00 -1.341667782611361881e+00 -1.612539264937375449e+01
1.000000000000000000e+00 -7.779012915939910044e+01 1.676311239348817992e+02 -7.154238357090102509e+05 -3.204069945743909766e+13 -1.283872820440368598e-06 2.306716037997301591e-06 1.787653012612733275e-07 -1.788378697116890521e+02 1.304931267299054565e-02 -2.669139195805041442e+00 -1.617560043998901875e+01 4.222688020697855649e-01
1.000000000000000000e+00 -1.476916861926676638e+01 1.483605967956726488e+02 -7.217568120994549245e+05 -3.261046267263197656e+13 -2.459127505041142852e-07 2.059612581260415988e-06 1.084397375144170013e-07 -1.286310289840361349e+02 6.961374764907021229e-01 -1.916360885617505838e+00 -4.981391927533344033e-01 1.617344174503427823e+01
1.000000000000000000e+00 4.864234359320790446e+01 1.253239704324604276e+02 -7.280898841928575421e+05 -3.318525596664650000e+13 8.170217070925013361e-07 1.755073122925076288e-06 9.282980955827747009e-08 -7.864504755904203392e+00 9.990396921979529665e-01 -1.169564399275827421e-01 1.611898568156520994e+01 1.416566670817162032e+00
1.000000000000000000e+00 1.108376390580739184e+02 9.906404497571405443e+01 -7.344230540025868686e+05 -3.376507975226108984e+13 1.877879299105801644e-06 1.399388920637369144e-06 1.335406637258296128e-07 1.176400927753241490e+02 7.563060075666063753e-01 1.746347664797894828e+00 2.330040440299262272e+00 -1.601247239129374478e+01
1.000000000000000000e+00 1.701408078059176887e+02 7.027027120024619933e+01 -7.407563199375655968e+05 -3.434993411435670703e+13 2.907488213713091654e-06 1.001205134143357607e-06 2.263071695332947696e-07 1.792276160755605190e+02 1.004901656719578151e-01 2.655854286151091870e+00 -1.585430865677561485e+01 -3.235623209068720030e+00
1.000000000000000000e+00 2.250426509739692165e+02 3.967346123809380742e+01 -7.470896772290869849e+05 -3.493981883554925781e+13 3.878570391296443185e-06 5.700971893726557684e-07 3.615391761744457693e-07 1.429669721877901623e+02 -6.102205034888277257e-01 2.114756527567682731e+00 -4.130420779108738394e+00 1.564506263083919890e+01
1.000000000000000000e+00 2.741153524248118742e+02 8.040319485909343200e+00 -7.534231196178984828e+05 -3.553473354273139844e+13 4.764380184178541604e-06 1.165167391054361498e-07 5.253272305960681660e-07 2.834646944760829967e+01 -9.876306010947636382e-01 4.185528830762390573e-01 1.538546023456839329e+01 5.011583971748754252e+00
1.000000000000000000e+00 3.160025657492012670e+02 -2.377614981480697764e+01 -7.597566382664702833e+05 -3.613467759769545312e+13 5.538590024783239535e-06 -3.474498310529305860e-07 7.005193783606088147e-07 -1.021948908741195368e+02 -8.255783646279269972e-01 -1.506290093928684293e+00 5.876320577876769313e+00 -1.507637943942100378e+01
1.000000000000000000e+00 3.496476136917946178e+02 -5.495079858807601880e+01 -7.660902216543309623e+05 -3.673965007687142188e+13 6.179375613299706538e-06 -8.097109272979291122e-07 8.690377839295351306e-07 -1.772797338825503175e+02 -2.125661636099890617e-01 -2.608362583906047583e+00 -1.471884446687404413e+01 -6.721902862682981983e+00
1.000000000000000000e+00 3.741886258078316700e+02 -8.469187543791369421e+01 -7.724238576622923138e+05 -3.734964996224924219e+13 6.667766278984750123e-06 -1.258269015144480981e-06 1.013378335355626764e-06 -1.556211979032320869e+02 5.165628564254893806e-01 -2.285643105742471537e+00 -7.545666898656548049e+00 1.431402359890094544e+01
1.000000000000000000e+00 3.889387409094115355e+02 -1.121960212247660138e+02 -7.787575315668216208e+05 -3.796467594345406250e+13 6.987431618983536047e-06 -1.680566834741483348e-06 1.118259253491328713e-06 -4.872632362396045380e+01 9.635230509783835329e-01 -7.143901501955268740e-01 1.386322108095650485e+01 8.345026171073250509e+00
1.000000000000000000e+00 3.935895963734517977e+02 -1.367616785237547674e+02 -7.850912274895398878e+05 -3.858472654989600000e+13 7.128494879091627973e-06 -2.065192883932840622e-06 1.173315561731308836e-06 8.521145105086354476e+01 8.841560735155568063e-01 1.247105730445580152e+00 9.117472437379282368e+00 -1.336787406018636304e+01
1.000000000000000000e+00 3.880726365032451781e+02 -1.577849964002349736e+02 -7.914249304211947601e+05 -3.920980034673931250e+13 7.085277344662944452e-06 -2.401881094906635754e-06 1.173298221809233106e-06 1.729926694336513151e+02 3.218134973352728134e-01 2.527364407163557480e+00 -1.282955238091605565e+01 -9.860575350389321869e+00
1.000000000000000000e+00 3.725216443323325848e+02 -1.747120296075532906e+02 -7.977586245504018152e+05 -3.983989577142353906e+13 6.855784002500055068e-06 -2.680836882449881203e-06 1.118091502935509798e-06 1.664177982332323609e+02 -4.163207717034884681e-01 2.427035530226615112e+00 -1.057199423149454098e+01 1.224995095927410382e+01
1.000000000000000000e+00 3.474454063158961503e+02 -1.871425688896650286e+02 -8.040922940288940445e+05 -4.047501120752266406e+13 6.445054307737086249e-06 -2.894373409502844684e-06 1.013808593813242131e-06 6.875298243161984146e+01 -9.270366943498946632e-01 1.000934009766345278e+00 1.163088672049738292e+01 1.124948152717857397e+01
1.000000000000000000e+00 3.135547134695026443e+02 -1.948097508409236127e+02 -8.104259247524889652e+05 -4.111514516530609375e+13 5.862201818474934756e-06 -3.036687410882080568e-06 8.714131341890096108e-07 -6.687694003776455531e+01 -9.313597629184633409e-01 -9.719170031075925476e-01 1.189088401674323059e+01 -1.097429896784914227e+01
1.000000000000000000e+00 2.717121363889223176e+02 -1.975247489149122941e+02 -8.167595029877016786e+05 -4.176029614821375000e+13 5.119615442342022564e-06 -3.103071535058048612e-06 7.053909243822229379e-07 -1.663866434552624582e+02 -4.269384101123152586e-01 -2.413856604522398808e+00 -1.028224162686484711e+01 -1.249415333914795845e+01
1.000000000000000000e+00 2.230813188948217203e+02 -1.952682307608821475e+02 -8.230930165431249188e+05 -4.241046277503903906e+13 4.235905155217933667e-06 -3.091409813146397021e-06 5.329609377201701626e-07 -1.751990403825893736e+02 3.106846492701371698e-01 -2.537267662475976682e+00 -1.305734928079434098e+01 9.556881829065057232e+00
1.000000000000000000e+00 1.689314801761468345e+02 -1.881536784357542729e+02 -8.294264564384731930e+05 -4.306564395936467969e+13 3.232381246231574265e-06 -3.001695749214687836e-06 3.714279004970129305e-07 -8.817748973029068793e+01 8.785997172787815002e-01 -1.274779815113023407e+00 8.800500677644139458e+00 1.357864309709034778e+01
1.000000000000000000e+00 1.105864447941965665e+02 -1.763652381466318388e+02 -8.357598142481346149e+05 -4.372583864433125781e+13 2.132148692812879637e-06 -2.835114134615040359e-06 2.366018225285640236e-07 4.739411191042157157e+01 9.666146115978969666e-01 6.839841693439698833e-01 1.405633091498656739e+01 -8.015480131830360122e+00
1.000000000000000000e+00 4.956361055057364240e+01 -1.602398099850706501e+02 -8.420930834427032387e+05 -4.439104594627523438e+13 9.628466929142902090e-07 -2.595413710201698168e-06 1.419211158807979149e-07 1.575050032485437157e+02 5.266739583320717566e-01 2.269141357116686297e+00 -7.204301317163134932e+00 -1.448883718822514410e+01
1.000000000000000000e+00 -1.262972326999380890e+01 -1.402187208632828117e+02 -8.484262608217487577e+05 -4.506126531444088281e+13 -2.471963445689309765e-07 -2.288211565470601221e-06 9.663583999010293072e-08 1.818220518199935327e+02 -2.009174081869584405e-01 2.614933252569285660e+00 -1.487471934429301434e+01 6.369543544390724676e+00
1.000000000000000000e+00 -7.453769137003578749e+01 -1.167824495300460512e+02 -8.547593448340077884e+05 -4.573649636441227344e+13 -1.469785308026440935e-06 -1.919983563342388106e-06 1.050754174140258898e-07 1.067462983585526217e+02 -8.187673032220096347e-01 1.532551397042792418e+00 5.513872122700084866e+00 1.521267809262672799e+01
1.000000000000000000e+00 -1.346174061048135684e+02 -9.052819115577810294e+01 -8.610923361220933730e+05 -4.641673894337625781e+13 -2.674145595240791835e-06 -1.499372839937323100e-06 1.664210112278577311e-07 -2.698904206776337134e+01 -9.894452010526223473e-01 -3.868113206504839585e-01 1.550156299779946067e+01 -4.640032883571937106e+00
1.000000000000000000e+00 -1.914415351752103049e+02 -6.211484055647019886e+01 -8.674252380771432072e+05 -4.710199319905587500e+13 -3.830913352020171428e-06 -1.036342960176500614e-06 2.748262545971861239e-07 -1.464203762873287360e+02 -6.197564018288537202e-01 -2.094903444612017385e+00 -3.750846384241835363e+00 -1.574037839244007131e+01
1.000000000000000000e+00 -2.437249154423165862e+02 -3.219838592703355573e+01 -8.737580550348627148e+05 -4.779225939326307812e+13 -4.912756374382377918e-06 -5.411296949182818952e-07 4.201655198505786080e-07 -1.861617985675863167e+02 8.838662147733233887e-02 -2.658919231889867785e+00 -1.592829123905310595e+01 2.849192646922702910e+00
1.000000000000000000e+00 -2.901827141605089082e+02 -1.508396143011099255e+00 -8.800907933368796948e+05 -4.848753802259088281e+13 -5.891598233539091894e-06 -2.553400646262620575e-08 5.885153489019293026e-07 -1.242005206490891709e+02 7.482545147189978429e-01 -1.770889151536048978e+00 1.938005827518602064e+00 1.606463488374006943e+01
1.000000000000000000e+00 -3.297287112839276801e+02 2.921089506744345954e+01 -8.864234622938300017e+05 -4.918782993324875000e+13 -6.742673258488388211e-06 4.980376556773951659e-07 7.639121703600971047e-07 5.915313418084321206e+00 9.995024205385502070e-01 8.419773191425021508e-02 1.614891368481178802e+01 -1.020268266620541597e+00
1.000000000000000000e+00 -3.614857403252529480e+02 5.926190830521860420e+01 -8.927560719797561178e+05 -4.989313608630435938e+13 -7.444886648630876412e-06 1.017617384707144995e-06 9.301293736548959442e-07 1.332413486789336616e+02 7.049405160405893822e-01 1.893292034871278062e+00 -9.899179399999810669e-02 -1.618080842109240791e+01
1.000000000000000000e+00 -3.846401639002632464e+02 8.791692491362778128e+01 -8.990886332258731127e+05 -5.060345756000742969e+13 -7.977948805764517750e-06 1.520376223618223431e-06 1.071339152066651492e-06 1.881186615780941054e+02 2.543271920085908230e-02 2.668503037692163904e+00 -1.616017859036106330e+01 -8.227930863894392655e-01
1.000000000000000000e+00 -3.986358237152529114e+02 1.144801130677211063e+02 -9.054211590186239919e+05 -5.131879571127268750e+13 -8.326472858139725110e-06 1.993686012850772326e-06 1.174163374866068567e-06 1.402819923044231700e+02 -6.679599404214697778e-01 1.986535142864890524e+00 -1.742042835836237424e+00 1.608706459530408139e+01
1.000000000000000000e+00 -4.031672523616836656e+02 1.383438648366241353e+02 -9.117536621901490726e+05 -5.203915192058591406e+13 -8.480019916593319423e-06 2.426126789855874733e-06 1.228927356001577517e-06 1.554803626380144266e+01 -9.966041310829998334e-01 2.198009901201758431e-01 1.596168869495408593e+01 2.655721096190124975e+00
1.000000000000000000e+00 -3.980303729098548615e+02 1.589113187229951620e+02 -9.180861567826548126e+05 -5.276452774821862500e+13 -8.430120053504359606e-06 2.806172365834951654e-06 1.229800618743284731e-06 -1.181160323829962238e+02 -7.810439653381398006e-01 -1.666955408937890404e+00 3.560804844458735019e+00 -1.578445530878571645e+01
1.000000000000000000e+00 -3.833118946703012853e+02 1.756611497720008117e+02 -9.244186577919052215e+05 -5.349492490933703906e+13 -8.174385322513564488e-06 3.123348868600912327e-06 1.176555089123176929e-06 -1.876268436450356489e+02 -1.389877856336856898e-01 -2.643457865101682014e+00 -1.555595061094757092e+01 -4.454296928263117294e+00
1.000000000000000000e+00 -3.593625907967727358e+02 1.881972666363859616e+02 -9.307511789557944285e+05 -5.423034502008390625e+13 -7.716148329004266496e-06 3.369170421991745593e-06 1.074419451266329581e-06 -1.547434455751393330e+02 5.789658877876504572e-01 -2.176472672213588311e+00 -5.333245742219004271e+00 1.527693851491447319e+01
1.000000000000000000e+00 -3.266421465854107851e+02 1.961697118145770560e+02 -9.370837338319048285e+05 -5.497078971901475000e+13 -7.061301046240259449e-06 3.535789699560318328e-06 9.325408462703322686e-07 -3.710405483275498995e+01 9.807689055905344233e-01 -5.209872651646445529e-01 1.494835799851477098e+01 6.194752108326357032e+00
1.000000000000000000e+00 -2.859014538663632834e+02 1.993406439566902577e+02 -9.434163362127711298e+05 -5.571626071543290625e+13 -6.222341790569729493e-06 3.617223319572031693e-06 7.642938151601443291e-07 1.012307109598886399e+02 8.470025570238723933e-01 1.419005365071316582e+00 7.035978601796094800e+00 -1.457131996939336460e+01
1.000000000000000000e+00 -2.381315423983855624e+02 1.976249485097980596e+02 -9.497489985350248171e+05 -5.646675960115483594e+13 -5.217468986157680650e-06 3.610161969828468709e-06 5.860089273593911725e-07 1.846602566438271822e+02 2.507018195433689534e-01 2.584118544215894264e+00 -1.414710016335836329e+01 -7.854165614709186727e+00
1.000000000000000000e+00 -1.843990101609097678e+02 1.910071090573808021e+02 -9.560817317077572225e+05 -5.722228782459071094e+13 -4.067126799260206727e-06 3.512534708698445951e-06 4.148027091365492437e-07 1.673594605070518071e+02 -4.825109556956961865e-01 2.338071232996723481e+00 -8.646641430460613620e+00 1.367713246658144932e+01
1.000000000000000000e+00 -1.260172104273886333e+02 1.796046883158236653e+02 -9.624145457014170242e+05 -5.798284675564855469e+13 -2.797861078845153785e-06 3.324726463128636433e-06 2.676314941600079530e-07 5.844929205164314823e+01 -9.522288485164415173e-01 8.151854524294400717e-01 1.316300323940415851e+01 9.410829201234607311e+00
1.000000000000000000e+00 -6.446769224523900732e+01 1.636964819722524851e+02 -9.687474475241056643e+05 -5.874843743656431250e+13 -1.440743942237909084e-06 3.050183659456354828e-06 1.592001734781491872e-07 -8.280301211175235210e+01 -9.019201634186558847e-01 -1.152906827182435423e+00 1.014426164131036856e+01 -1.260643947702972234e+01
1.000000000000000000e+00 -1.224524205843303903e+00 1.436317967053498990e+02 -9.750804425265585305e+05 -5.951906072947128906e+13 -2.754494612092714723e-08 2.693810936638252256e-06 1.002244571858349008e-07 -1.792336569736612262e+02 -3.590401304104483549e-01 -2.491378790761759277e+00 -1.200930310941376611e+01 -1.084458387221931197e+01
1.000000000000000000e+00 6.208730126228898882e+01 1.198867449521031148e+02 -9.814135345497931121e+05 -6.029471732797222656e+13 1.405687985202655259e-06 2.263076759462686727e-06 9.676458705898679604e-08 -1.779353545033382318e+02 3.799368346398840357e-01 -2.469197184248909327e+00 -1.150955974569886919e+01 1.137358320827533120e+01
1.000000000000000000e+00 1.237949270368531813e+02 9.307735745737920752e+01 -9.877467239475713577e+05 -6.107540750660024219e+13 2.820866628832137056e-06 1.768339775292053197e-06 1.492041055699470570e-07 -7.928673428728504291e+01 9.114138049287902055e-01 -1.098420390185175011e+00 1.070138191679206408e+01 1.213708307651925722e+01
1.000000000000000000e+00 1.823588008187296907e+02 6.385904903630994767e+01 -9.940800083242430119e+05 -6.186113119882464844e+13 4.181982147509674630e-06 1.221011796235626834e-06 2.522113814475068158e-07 6.307072306516143811e+01 9.450983729575599401e-01 8.723114954957487122e-01 1.272517973567770433e+01 -9.994906764451172876e+00
1.000000000000000000e+00 2.362209361221275969e+02 3.297359596147981620e+01 -1.000413383509140811e+06 -6.265188810819556250e+13 5.451700466273629371e-06 6.344857578200683150e-07 3.951786927989578343e-07 1.713981703526524427e+02 4.625723219150468246e-01 2.366611075933911845e+00 -9.256464450278048872e+00 -1.327200913261112269e+01
1.000000000000000000e+00 2.839197362122122854e+02 1.248406681650157335e+00 -1.006746841979784193e+06 -6.344767750255872656e+13 6.594015532011219699e-06 2.417421794705141985e-08 5.632549033899588967e-07 1.863113174925614715e+02 -2.726214612860780040e-01 2.568254547571381607e+00 -1.377587120567732271e+01 8.488447034644488909e+00
1.000000000000000000e+00 3.242617658052339493e+02 -3.051133742387481007e+01 -1.013080374341997667e+06 -6.424849838850100000e+13 7.578334183071200688e-06 -5.945401930791106413e-07 7.392889822561473269e-07 9.933631599752818886e+01 -8.589095188673981918e-01 1.367055623441840950e+00 7.693327507458494807e+00 1.423520538658845069e+01
1.000000000000000000e+00 3.561619600115605522e+02 -6.148103188124702001e+01 -1.019413969904034981e+06 -6.505434957720454688e+13 8.375914209557971002e-06 -1.205501629221409987e-06 9.048892490978173506e-07 -4.227984229943484706e+01 -9.760352510243595070e-01 -5.808874435304207662e-01 1.464859207392375673e+01 -6.873653379910312111e+00
1.000000000000000000e+00 3.787517496167545232e+02 -9.082467153568754270e+01 -1.025747614739302313e+06 -6.586522943050881250e+13 8.962502099662819635e-06 -1.791927459084326074e-06 1.042588271830525859e-06 -1.612329240421655925e+02 -5.600079064186113120e-01 -2.211536129815368845e+00 -6.032031689751758741e+00 -1.501475788113830667e+01
1.000000000000000000e+00 3.915238920675718646e+02 -1.178021433682352779e+02 -1.032081294007915421e+06 -6.668113614806813281e+13 9.321939563902861844e-06 -2.338531218653394533e-06 1.138573196322298958e-06 -1.923603027433946124e+02 1.619260036492883581e-01 -2.634138593010705520e+00 -1.533257276194921737e+01 5.171128796975305697e+00
1.000000000000000000e+00 3.941492837090955277e+02 -1.417236086879224786e+02 -1.038414992949878913e+06 -6.750206789285299219e+13 9.442039188428246135e-06 -2.830669888216043263e-06 1.183108436984729431e-06 -1.183385047811404291e+02 7.954088687581056805e-01 -1.617831502424661894e+00 4.293666553268018049e+00 1.560105086411559228e+01
1.000000000000000000e+00 3.865656626044366817e+02 -1.619558363990232692e+02 -1.044748695541688357e+06 -6.832802261574602344e+13 9.316852477454917663e-06 -3.254501782438953052e-06 1.171667845867740230e-06 2.067783680598887486e+01 9.943951052816061287e-01 2.822263325686474866e-01 1.581935418162387030e+01 -3.402410000531047807e+00
1.000000000000000000e+00 3.690870447769758016e+02 -1.780199678870184243e+02 -1.051082385911949212e+06 -6.915899823682157812e+13 8.949518427414880617e-06 -3.598997537179841651e-06 1.105990587108005096e-06 1.488378826439988813e+02 6.501879189290181715e-01 2.028113736561864222e+00 -2.500165180896731787e+00 -1.598679250517770356e+01
1.000000000000000000e+00 3.421919845231232102e+02 -1.895332573761754986e+02 -1.057416049188781762e+06 -6.999499275813585938e+13 8.347373324606081841e-06 -3.854849234515061683e-06 9.928398265229944508e-07 1.959818634118354908e+02 -4.918393724845040310e-02 2.666135848057018976e+00 -1.610282507924183903e+01 1.589775142186605095e+00
1.000000000000000000e+00 3.065943165365420100e+02 -1.962079710775432204e+02 -1.063749670455284650e+06 -7.083600412857690625e+13 7.523806980679253701e-06 -4.014506434398950508e-06 8.438647506869921195e-07 1.360497763284774351e+02 -7.216856023309528023e-01 1.847791493779359584e+00 6.741086086290808410e-01 1.616706337338808552e+01
1.000000000000000000e+00 2.633227849850257485e+02 -1.979352708335700015e+02 -1.070083236466889502e+06 -7.168203047376903125e+13 6.500400383654427674e-06 -4.073960587119619420e-06 6.748107700634257008e-07 1.483958814091852041e+00 -9.999715885404972804e-01 2.012180277680753610e-02 1.617927233701803047e+01 2.439409354278661846e-01
1.000000000000000000e+00 2.134882956694164022e+02 -1.947116688122345920e+02 -1.076416736614787485e+06 -7.253307023254267188e+13 5.301376137122690940e-06 -4.031331329028018458e-06 5.026683846907718343e-07 -1.343330430839237124e+02 -7.320446384672083528e-01 -1.818523714021138771e+00 1.161459216073851497e+00 -1.613937337769876024e+01
1.000000000000000000e+00 1.583489467615289072e+02 -1.866307575207054299e+02 -1.082750160816935822e+06 -7.338912188148917188e+13 3.955282820410802506e-06 -3.886758425046031220e-06 3.444687940143346359e-07 -1.970974998667436466e+02 -6.426712425770907122e-02 -2.663848184377314965e+00 -1.604744672841631470e+01 -2.075527411048792459e+00
1.000000000000000000e+00 9.937288530864108793e+01 -1.739547198136922930e+02 -1.089083501107643824e+06 -7.425018415379592188e+13 2.496681743660549019e-06 -3.643958887097730463e-06 2.160410523340481938e-07 -1.522348776989077805e+02 6.386060523987642235e-01 -2.054167802287046207e+00 -2.983224417325391453e+00 1.590373329162835070e+01
1.000000000000000000e+00 3.799764297302031224e+01 -1.570288608245167268e+02 -1.095416752609098330e+06 -7.511625618087903125e+13 9.602186640608761281e-07 -3.308528891438578037e-06 1.298861230240599696e-07 -2.394206088409666222e+01 9.926733885458101092e-01 -3.225357385652404818e-01 1.570863754677303881e+01 3.881631996916588889e+00
1.000000000000000000e+00 -2.429766538939393072e+01 -1.362702081223441439e+02 -1.101749911404207116e+06 -7.598733721120768750e+13 -6.175635829295284004e-07 -2.887752818121073049e-06 9.433707430850813674e-08 1.178641822369904162e+02 8.045667836234358106e-01 1.585235802051858434e+00 4.767852102286577853e+00 -1.546272766578056945e+01
1.000000000000000000e+00 -8.593550027481488485e+01 -1.122308388172169913e+02 -1.108082976749128895e+06 -7.686342692106301562e+13 -2.196741726901327365e-06 -2.391996636837928407e-06 1.127827865237809707e-07 1.956518784959757795e+02 1.770433718238285103e-01 2.627198633764055380e+00 -1.516673822126351290e+01 -5.639008092123901861e+00
1.000000000000000000e+00 -1.454777831704990660e+02 -8.550596658632646552e+01 -1.114415950460676569e+06 -7.774452534164573438e+13 -3.740055965585677353e-06 -1.832819990684821201e-06 1.833805392246058354e-07 1.666633697587484448e+02 -5.471633978895495964e-01 2.234328656301763694e+00 -6.492257161440195823e+00 1.482157068212080020e+01
1.000000000000000000e+00 -2.015394728410560390e+02 -5.672347604456276571e+01 -1.120748834931360092e+06 -7.863063259070256250e+13 -5.210777405195835957e-06 -1.222776843826361457e-06 2.994657860695789202e-07 4.641429833440913910e+01 -9.725417363657528069e-01 6.212377507360400397e-01 1.442829005461131331e+01 7.324807617636017731e+00
1.000000000000000000e+00 -2.527332855152750426e+02 -2.660259643490074666e+01 -1.127081635424368549e+06 -7.952174919865532812e+13 -6.571309519491295620e-06 -5.767073315809210695e-07 4.498449174572926063e-07 -9.961043356945863536e+01 -8.667987060609240180e-01 -1.331101492114962204e+00 8.133920888883936939e+00 -1.398812680485674953e+01
1.000000000000000000e+00 -2.978991342749166620e+02 4.140261863227827632e+00 -1.133414359659164445e+06 -8.041787606117504688e+13 -7.789185714397801777e-06 9.025943148394539510e-08 6.202865048838871142e-07 -1.916193900747998384e+02 -2.876985685650818581e-01 -2.556508363562625785e+00 -1.350247498208434216e+01 -8.916923790947233641e+00
1.000000000000000000e+00 -3.360019384830766285e+02 3.479873659500669447e+01 -1.139747016005925834e+06 -8.131901419127176562e+13 -8.834548387937535188e-06 7.628655680252510758e-07 7.947899845176091088e-07 -1.791136207568648047e+02 4.485052476980367353e-01 -2.385826902980817454e+00 -9.671225029418076602e+00 1.297288583799810091e+01
1.000000000000000000e+00 -3.660778163923091029e+02 6.462069751389867633e+01 -1.146079614926033886e+06 -8.222516492856814062e+13 -9.678817635809350251e-06 1.424500159642612264e-06 9.566853276300391088e-07 -6.859990097665111364e+01 9.397849602171592931e-01 -9.122996022950456974e-01 1.240106679898647890e+01 1.039432069846075279e+01
1.000000000000000000e+00 -3.874527738912660197e+02 9.290266465453370870e+01 -1.152412168576634722e+06 -8.313632989053403125e+13 -1.030055717078042605e-05 2.059264245581157059e-06 1.090933628838253683e-06 7.978854753083827234e+01 9.178736917824957819e-01 1.059398500931887810e+00 1.108380598404903594e+01 -1.178887634354238045e+01
1.000000000000000000e+00 -3.996252220931580723e+02 1.189928852580555656e+02 -1.158744688675060170e+06 -8.405251066938867188e+13 -1.068254556947079385e-05 2.652069032938812659e-06 1.184844283039113956e-06 1.850120840339844790e+02 3.947449975879721573e-01 2.452589151013062185e+00 -1.113831279549097175e+01 -1.173739104763816243e+01
1.000000000000000000e+00 -4.022140237948106005e+02 1.422375528825172069e+02 -1.165077188926468603e+06 -8.497370918447154688e+13 -1.081050582454905188e-05 3.187462206384265699e-06 1.228854989900921065e-06 1.893820186674910246e+02 -3.439367598345783872e-01 2.506515944694151177e+00 -1.235290319663799963e+01 1.045151391664695772e+01
1.000000000000000000e+00 -3.951648860488136279e+02 1.620747361998864733e+02 -1.171409684137993958e+06 -8.589992756020242188e+13 -1.067877076077913305e-05 3.651743007508273936e-06 1.218797286962265410e-06 9.018644520771606210e+01 -8.948085321719181362e-01 1.191738929469480457e+00 9.730747779759191474e+00 1.292829873502642712e+01
1.000000000000000000e+00 -3.786169126593109695e+02 1.780325076163993288e+02 -1.177742187930048211e+06 -8.683116779297293750e+13 -1.028689599602953351e-05 4.032975782001495646e-06 1.155613444699693745e-06 -5.865151881533283529e+01 -9.570626174684989662e-01 -7.737993252325036098e-01 1.346167657904294401e+01 -8.978397641930380146e+00
1.000000000000000000e+00 -3.528505435897143343e+02 1.896759874591508606e+02 -1.184074714596434962e+06 -8.776743202219732812e+13 -9.638379116169769082e-06 4.319838727632132327e-06 1.044760679094141909e-06 -1.758851951695131106e+02 -4.967012485032261671e-01 -2.316800775248020638e+00 -8.196958385193784835e+00 -1.395128072138094666e+01
1.000000000000000000e+00 -3.184792415613301273e+02 1.966997646994411753e+02 -1.190407278215860948e+06 -8.870872240056250000e+13 -8.746026941357682525e-06 4.503762565265037903e-06 8.967897012328446449e-07 -1.972935818447602401e+02 2.348946866108906073e-01 -2.594679812210860526e+00 -1.439550897531229978e+01 7.389024419845787506e+00
1.000000000000000000e+00 -2.762970855508829118e+02 1.989191696564107303e+02 -1.196739891542769736e+06 -8.965504092698721875e+13 -7.627991118314583623e-06 4.578808479438296403e-06 7.257368358954285908e-07 -1.108612617282959718e+02 8.382250927678571717e-01 -1.455670656801507423e+00 6.557275783341873776e+00 1.479292042960322817e+01
1.000000000000000000e+00 -2.272220174040711811e+02 1.962155414913735569e+02 -1.203072567011534004e+06 -9.060638959262959375e+13 -6.306324909098107292e-06 4.540475117799060633e-06 5.478035294202906132e-07 3.648156232375321650e+01 9.838183681560410676e-01 4.782668881770316127e-01 1.514223798095110141e+01 -5.704471006466438787e+00
1.000000000000000000e+00 -1.724697234033324946e+02 1.886246471087942496e+02 -1.209405316060160520e+06 -9.156277027721578125e+13 -4.811924971381095890e-06 4.387795580941606085e-06 3.806485554823275691e-07 1.643378105436144949e+02 5.921535200422269885e-01 2.151042705475974870e+00 -4.833434126394589470e+00 -1.544235328831647180e+01
1.000000000000000000e+00 -1.133786513940261216e+02 1.763176426900558340e+02 -1.215738146896361373e+06 -9.252418440506354688e+13 -3.179841242709647939e-06 4.122986262154016519e-06 2.408169765033467322e-07 2.027105091453496470e+02 -1.228958916177557981e-01 2.649131531511380810e+00 -1.569233163052061286e+01 3.947035410676808187e+00
1.000000000000000000e+00 -5.134434600897930068e+01 1.595407467905226611e+02 -1.222071066830301890e+06 -9.349063328919562500e+13 -1.447515408884645974e-06 3.750111284089968617e-06 1.420646821588743764e-07 1.303243831117445950e+02 -7.708370273807684248e-01 1.700472933147607613e+00 3.048188761496319010e+00 1.589140981189717827e+01
1.000000000000000000e+00 1.202547716480796147e+01 1.386958635237708108e+02 -1.228404081395648653e+06 -9.446211799260278125e+13 3.407828068640339831e-07 3.277033133220174719e-06 9.446000577964070813e-08 -1.357827107460394345e+01 -9.978019178905301878e-01 -1.768912583726104382e-01 1.603899794262401102e+01 -2.139837734940911673e+00
1.000000000000000000e+00 7.510818852467976114e+01 1.143075259816573919e+02 -1.234737192698946223e+06 -9.543863906603281250e+13 2.139419376346022900e-06 2.714722411049190284e-06 1.029081100005947092e-07 -1.505075673499250684e+02 -6.798155060916167836e-01 -1.957668458664896693e+00 -1.224938523463031892e+00 -1.613467961098423942e+01
1.000000000000000000e+00 1.363387998601507718e+02 8.695404805264610104e+01 -1.241070401277109515e+06 -9.642019682302539062e+13 3.903462322947738700e-06 2.075689057807284544e-06 1.666496613495319453e-07 -2.055360254366371180e+02 9.470005177235670674e-03 -2.669246783022452885e+00 -1.617820895043122675e+01 3.064566715887773740e-01
1.000000000000000000e+00 1.940682068260783240e+02 5.733767928063717534e+01 -1.247403704568522284e+06 -9.740679109491282812e+13 5.584644460423353622e-06 1.375698340686729345e-06 2.791505610509970795e-07 -1.483000202048122560e+02 6.935913901431242090e-01 -1.922927913051160509e+00 -6.126486999194653560e-01 1.616950902488573760e+01
1.000000000000000000e+00 2.467736449817928417e+02 2.623683049270357515e+01 -1.253737096831194824e+06 -9.839842120568857812e+13 7.137388869715387737e-06 6.326942954436033824e-07 4.288400043474770904e-07 -9.755365763575861493e+00 9.988801194883096812e-01 -1.262953674101655044e-01 1.610866816886892394e+01 1.529434653930499710e+00
1.000000000000000000e+00 2.931255993741766019e+02 -5.569945397605251536e+00 -1.260070570743274409e+06 -9.939508621189609375e+13 8.520846146439664428e-06 -1.349963043069350849e-07 6.005410164243683067e-07 1.345604831889533841e+02 7.585688800360824713e-01 1.739340138053093288e+00 2.440977125216312604e+00 -1.599593670935044187e+01
1.000000000000000000e+00 3.318459225151532905e+02 -3.724230543494412871e+01 -1.266404125077370321e+06 -1.003967861131597500e+14 9.694890520547840205e-06 -9.071622028484284063e-07 7.763188287009450586e-07 2.057121775747047252e+02 1.039035735692862422e-01 2.654918202874263500e+00 -1.583173020718447432e+01 -3.344350337852927346e+00
1.000000000000000000e+00 3.619142901048153362e+02 -6.793530610990704588e+01 -1.272737731434150366e+06 -1.014035165754440312e+14 1.062621889163493847e-05 -1.663069997850814861e-06 9.378153664362553078e-07 1.645424365233502044e+02 -6.075221184978342182e-01 2.120285165319726772e+00 -4.236761049033701987e+00 1.561660066559829829e+01
1.000000000000000000e+00 3.826107331092392769e+02 -9.687573047258248948e+01 -1.279071384300135309e+06 -1.024152768395772031e+14 1.128979454802843491e-05 -2.383339144633998044e-06 1.068591180361891234e-06 3.322344987099684488e+01 -9.870955500675447913e-01 4.274519736940763925e-01 1.535126698165693249e+01 5.115365343087824535e+00
1.000000000000000000e+00 3.933580534352703353e+02 -1.233011769536691986e+02 -1.285405069084524643e+06 -1.034320646680594375e+14 1.166439347743601659e-05 -3.048479670984809062e-06 1.155040535332748774e-06 -1.166804966539349522e+02 -8.274677925987415916e-01 -1.498884463708518577e+00 5.977397884173349496e+00 -1.503659120511209224e+01
1.000000000000000000e+00 3.939092245645064736e+02 -1.465175938419517934e+02 -1.291738769820904825e+06 -1.044538775546382344e+14 1.173829318915631959e-05 -3.640328245124727693e-06 1.188526520742765936e-06 -2.032129650068855824e+02 -2.158311461883909987e-01 -2.606451388079305431e+00 -1.467357911069525045e+01 -6.820149310502105600e+00
1.000000000000000000e+00 3.843515825353448463e+02 -1.659659665205641090e+02 -1.298072471261876635e+06 -1.054807130592705938e+14 1.150963948033163283e-05 -4.143754831107393804e-06 1.166178401722023008e-06 -1.788344822241090526e+02 5.137046174407621235e-01 -2.290228652104368656e+00 -7.640965574537578853e+00 1.426337988080335606e+01
1.000000000000000000e+00 3.649274789079302082e+02 -1.811538064771289100e+02 -1.304406157859228784e+06 -1.065125686444236562e+14 1.098129387789488261e-05 -4.545026055669004269e-06 1.090127251733970793e-06 -5.654000120564526810e+01 9.626256440667257941e-01 -7.229592122106808239e-01 1.380728171240560620e+01 8.437258574302680003e+00
1.000000000000000000e+00 3.361987318205726751e+02 -1.917048779185161607e+02 -1.310739813779213000e+06 -1.075494416763890312e+14 1.016591956664354469e-05 -4.833099407645149857e-06 9.684080298314893876e-07 9.706423179549113911e+01 8.857106343984637586e-01 1.239220642081766188e+00 9.206512741427161473e+00 -1.330670822094306160e+01
1.000000000000000000e+00 2.990141813649150890e+02 -1.974107750602844931e+02 -1.317073424945231760e+06 -1.085913297609858906e+14 9.085229031967665498e-06 -5.001000677937092748e-06 8.140577597816593103e-07 1.980381700029472825e+02 3.249825080150867684e-01 2.524473340913755859e+00 -1.276321942194785919e+01 -9.946285262478012257e+00
1.000000000000000000e+00 2.543145451679242512e+02 -1.981504471103734488e+02 -1.323406979081097525e+06 -1.096382307576964062e+14 7.764235994491081798e-06 -5.043877729092851857e-06 6.426565890885389511e-07 1.909796443674099180e+02 -4.132582566105749144e-01 2.430762132001117237e+00 -1.065421363868200544e+01 1.217850944396302815e+01
1.000000000000000000e+00 2.032828111163341305e+02 -1.939303057833362516e+02 -1.329740464623087784e+06 -1.106901426056794375e+14 6.235936002130723259e-06 -4.960079528089179458e-06 4.714993664817427193e-07 7.942098858323592481e+01 -9.257610913322402713e-01 1.009311441136073295e+00 1.155440072918442063e+01 1.132802649735587863e+01
1.000000000000000000e+00 1.472881282689066609e+02 -1.849214183018802089e+02 -1.336073872753804084e+06 -1.117470636668136719e+14 4.539754016366878120e-06 -4.752189604377287094e-06 3.177645581207451538e-07 -7.592617408404029788e+01 -9.325974793630765758e-01 -9.634229248888731556e-01 1.196554529923376009e+01 -1.089284564415374668e+01
1.000000000000000000e+00 8.768742807014001528e+01 -1.713687100846611031e+02 -1.342407196089633042e+06 -1.128089925159888125e+14 2.715536913081278795e-06 -4.424781933171209047e-06 1.964161124874613327e-07 -1.902128922017767536e+02 -4.300509072171966318e-01 -2.409916444108238576e+00 -1.019591938649537610e+01 -1.256469611249958085e+01
1.000000000000000000e+00 2.597420882665650055e+01 -1.536248448026736071e+02 -1.348740429087384138e+06 -1.138759280154570781e+14 8.081738812056504539e-07 -3.985344843132825694e-06 1.193660080626284920e-07 -2.007971304901067811e+02 3.073766061354073487e-01 -2.540136971433736512e+00 -1.312351621651836098e+01 9.465816533725654125e+00
1.000000000000000000e+00 -3.628733367951205224e+01 -1.321774913158075719e+02 -1.355073569246166619e+06 -1.149478695260351875e+14 -1.134362966549046558e-06 -3.445057319443847940e-06 9.406949052293495162e-08 -1.015764473456702746e+02 8.769160929763335499e-01 -1.283013625611057362e+00 8.704849951818813381e+00 1.364015937779666743e+01
1.000000000000000000e+00 -9.765350496504177613e+01 -1.075527101623929553e+02 -1.361406616595352534e+06 -1.160248168318905781e+14 -3.066971918140937404e-06 -2.816341328506174639e-06 1.228135050051796146e-07 5.350668058512776781e+01 9.675184640408603931e-01 6.748168060199886131e-01 1.411290561071522376e+01 -7.915444128942928259e+00
1.000000000000000000e+00 -1.566453977864548222e+02 -8.034735752341320847e+01 -1.367739572025222238e+06 -1.171067698647101094e+14 -4.942596521431315417e-06 -2.113737651074875677e-06 2.028090909249052210e-07 1.797933037470238844e+02 5.297212294149733491e-01 2.264081399838905995e+00 -7.100123358462067102e+00 -1.454017224210207537e+01
1.000000000000000000e+00 -2.118164908681014822e+02 -5.125063266909599236e+01 -1.374072439299273770e+06 -1.181937290532990781e+14 -6.714342711481200962e-06 -1.354518473813522314e-06 3.263073334989165691e-07 2.081231650922995016e+02 -1.973642284206387210e-01 2.616860658721791744e+00 -1.492051726936506384e+01 6.261511395019038417e+00
1.000000000000000000e+00 -2.619314189588009185e+02 -2.094575304217277534e+01 -1.380405224184983410e+06 -1.192856951847435156e+14 -8.341195434384242124e-06 -5.561329740055946850e-07 4.816309308345987592e-07 1.227075282524543951e+02 -8.166596260889815717e-01 1.540543767848547629e+00 5.402321097177352982e+00 1.525264853388967445e+01
1.000000000000000000e+00 -3.058003011037697547e+02 9.855851728017000823e+00 -1.386737933901311830e+06 -1.203826693164300312e+14 -9.782872905627172246e-06 2.628842879165980912e-07 6.539772368142400826e-07 -3.007815758802670558e+01 -9.899739086690202416e-01 -3.770489382474813689e-01 1.553543116259738355e+01 -4.525344089411599491e+00
1.000000000000000000e+00 -3.423462743246793138e+02 4.039657997288983182e+01 -1.393070578016426414e+06 -1.214846529383735781e+14 -1.100203020160583485e-05 1.082414973803538655e-06 8.268708237653682901e-07 -1.668745324230220888e+02 -6.226762601880274639e-01 -2.088724732351150415e+00 -3.633445063319117097e+00 -1.576789261465260772e+01
1.000000000000000000e+00 -3.707700739656862083e+02 6.997029417007522056e+01 -1.399403167396920966e+06 -1.225916477984269375e+14 -1.196965500437170154e-05 1.883356890067011045e-06 9.843543772560936805e-07 -2.128187577843145846e+02 8.464746515953913697e-02 -2.659786025633497530e+00 -1.594922964546707256e+01 2.729548360357186176e+00
1.000000000000000000e+00 -3.903739471155852243e+02 9.788489558173090188e+01 -1.405735712908902206e+06 -1.237036556788204219e+14 -1.265955999122103591e-05 2.646643419551415751e-06 1.111479942093652567e-06 -1.425117530739847780e+02 7.457439601327697787e-01 -1.778419108750748601e+00 1.816622745186096122e+00 1.607881346172804271e+01
1.000000000000000000e+00 -4.006300690213988105e+02 1.234473533692926281e+02 -1.412068227904727450e+06 -1.248206788357927500e+14 -1.305068568509081284e-05 3.352845469984697385e-06 1.195730896030569732e-06 5.944669807968731234e+00 9.996149165869631092e-01 7.407280534685498075e-02 1.615619171565757739e+01 -8.976802227362578046e-01
1.000000000000000000e+00 -4.013294910364085695e+02 1.460594026810330774e+02 -1.418400726362484740e+06 -1.259427196790477969e+14 -1.313209833991272800e-05 3.984781735501433206e-06 1.229200781486063077e-06 1.515960829462207471e+02 7.076362652407223175e-01 1.886112694362926279e+00 2.424201928522912858e-02 -1.618109306752406340e+01
1.000000000000000000e+00 -3.923947441923189672e+02 1.651762305550491590e+02 -1.424733221870998852e+06 -1.270697805931829062e+14 -1.289706355483471823e-05 4.526444243563683550e-06 1.208436597083564913e-06 2.147796549612451997e+02 2.924711992625838447e-02 2.668224557112229167e+00 -1.615342877515059072e+01 -9.460968985844931955e-01
1.000000000000000000e+00 -3.739491763515762841e+02 1.802938979388946450e+02 -1.431065729233044898e+06 -1.282018642233932812e+14 -1.234543136840236422e-05 4.962684689306309754e-06 1.135012339024786631e-06 1.606937734911365396e+02 -6.651137096679864413e-01 1.993328312887775011e+00 -1.864832720052678416e+00 1.607329336077691551e+01
1.000000000000000000e+00 -3.464472239494010637e+02 1.910417210788542377e+02 -1.437398262438536156e+06 -1.293389731155337969e+14 -1.148810266983345968e-05 5.281793410353729010e-06 1.016041966278362207e-06 1.856505844356780699e+01 -9.962827927233556258e-01 2.299469342830531837e-01 1.594096421846762368e+01 2.777412522638526227e+00
1.000000000000000000e+00 -3.104730051247041729e+02 1.971358396748802875e+02 -1.443730834613482468e+06 -1.304811097036710000e+14 -1.034056298644114315e-05 5.474291154329876276e-06 8.624535703036678000e-07 -1.341421363171343160e+02 -7.834145422618945531e-01 -1.659009990376208110e+00 3.680825623290622239e+00 -1.575689954484388799e+01
1.000000000000000000e+00 -2.668078963808270032e+02 1.983670554405109669e+02 -1.450063459476764081e+06 -1.316282765711339062e+14 -8.925237766756309468e-06 5.532642752801156213e-06 6.886307713890766273e-07 -2.139444151157918839e+02 -1.427403550086094597e-01 -2.642032618318711723e+00 -1.552173712721431897e+01 -4.572093293999029306e+00
1.000000000000000000e+00 -2.165376519402292672e+02 1.946872834578567222e+02 -1.456396149236252531e+06 -1.327804760692410000e+14 -7.275235433679418176e-06 5.453724308892029519e-06 5.117414293814658909e-07 -1.769781474598779312e+02 5.758877294192730201e-01 -2.182283950652185389e+00 -5.448287693118153641e+00 1.523628963194095931e+01
1.000000000000000000e+00 -1.608336774301398293e+02 1.861554077132032603e+02 -1.462728913648390444e+06 -1.339377101390885000e+14 -5.427188990408694645e-06 5.237397972840478483e-06 3.490534380280031173e-07 -4.310965989321422853e+01 9.800310745148363978e-01 -5.307885600960872141e-01 1.490153830403333224e+01 6.306545544813084270e+00
1.000000000000000000e+00 -1.010145659883136773e+02 1.729217378375327883e+02 -1.469061761768527562e+06 -1.350999806237669375e+14 -3.423404079210288412e-06 4.886137891169211795e-06 2.165477442962207217e-07 1.147357826023179967e+02 8.489719813148247640e-01 1.410594318734500030e+00 7.144071449126542461e+00 -1.451862953811926893e+01
1.000000000000000000e+00 -3.862712644254317240e+01 1.553047915150105496e+02 -1.475394700483395951e+06 -1.362672889945015781e+14 -1.314724412934459161e-06 4.407264821740486689e-06 1.275980238866666838e-07 2.102977397133836348e+02 2.542652611132482643e-01 2.581636466880265157e+00 -1.408886691080981102e+01 -7.958152405229668602e+00
1.000000000000000000e+00 2.478974844589053106e+01 1.337260196284551057e+02 -1.481727733975629322e+06 -1.374396362427176719e+14 8.473730286126692235e-07 3.811188248042912139e-06 9.117112163632166148e-08 1.911207385553323377e+02 -4.793135016729340725e-01 2.342752832003133001e+00 -8.746167868957167357e+00 1.361370295486850956e+01
1.000000000000000000e+00 8.765084234705147992e+01 1.086867784128484402e+02 -1.488060864940241678e+06 -1.386170230959576094e+14 3.008921768320043227e-06 3.110809983489066486e-06 1.110891096927835174e-07 6.734971621819461518e+01 -9.511205202914977397e-01 8.243535989623710369e-01 1.309473397168452102e+01 9.505593234837354188e+00
1.000000000000000000e+00 1.482660641660074248e+02 8.083262570426040838e+01 -1.494394092968371231e+06 -1.397994497095842500e+14 5.111413412446368408e-06 2.323420952084805198e-06 1.853705078145917287e-07 -9.362758277584867983e+01 -9.034563009765859132e-01 -1.144304552007448184e+00 1.023401200621048446e+01 -1.253368895386007331e+01
1.000000000000000000e+00 2.050861534845925576e+02 5.087519512753355144e+01 -1.500727414086963283e+06 -1.409869155679859375e+14 7.100227473245619475e-06 1.468533901483103175e-06 3.064614889233417257e-07 -2.038674717797169933e+02 -3.623334548705207103e-01 -2.487979112504866031e+00 -1.193241961852960742e+01 -1.092912268129075670e+01
1.000000000000000000e+00 2.566484350819226847e+02 1.956081127214958215e+01 -1.507060823318016017e+06 -1.421794199533350938e+14 8.922848265042175885e-06 5.670139138687224961e-07 4.620912917471553238e-07 -2.029154331005083520e+02 3.767033666709719841e-01 -2.472724777458101375e+00 -1.158873624831702109e+01 1.129289833046935243e+01
1.000000000000000000e+00 3.015276071339993109e+02 -1.227629730435428179e+01 -1.513394312830734998e+06 -1.433769615914785000e+14 1.052720998449043587e-05 -3.573514659331360971e-07 6.360722902572822338e-07 -9.096103121420054549e+01 9.099857443313154048e-01 -1.106824880238643560e+00 1.061720554550875129e+01 1.221078649964008633e+01
1.000000000000000000e+00 3.385748895828623404e+02 -4.380180619459653713e+01 -1.519727871866889298e+06 -1.445795386264233750e+14 1.187010828978632776e-05 -1.280365374111656542e-06 8.104562206561060220e-07 7.108192312336176144e+01 9.462118736552190823e-01 8.636672864322298970e-01 1.279333377614167411e+01 -9.907520952670601844e+00
1.000000000000000000e+00 3.668478328029440263e+02 -7.421578815893614944e+01 -1.526061488689620746e+06 -1.457871489810758125e+14 1.291493121580723092e-05 -2.178434014615214543e-06 9.672545217873983578e-07 1.947163041775509100e+02 4.655800487652968500e-01 2.362404746241542064e+00 -9.166121137836629629e+00 -1.333456350323769968e+01
1.000000000000000000e+00 3.855526658480162610e+02 -1.027035919666033834e+02 -1.532395149263251573e+06 -1.469997901000725312e+14 1.362977184003491200e-05 -3.027139774080924536e-06 1.089984173027375490e-06 2.121937939151281682e+02 -2.693762638988900227e-01 2.570693373314606234e+00 -1.383279278223680464e+01 8.395368031186704272e+00
1.000000000000000000e+00 3.942603781545789730e+02 -1.285251595863213936e+02 -1.538728838105812436e+06 -1.482174591049042500e+14 1.399520725445313607e-05 -3.803875707892579375e-06 1.166390539732418855e-06 1.136409253557552859e+02 -8.571877094707709421e-01 1.374734702335014047e+00 7.597703860664504205e+00 1.428647110314573254e+01
1.000000000000000000e+00 3.928051521457812783e+02 -1.510430363135467644e+02 -1.545062540468930965e+06 -1.494401532098633750e+14 1.400094487812799136e-05 -4.488723390118572163e-06 1.189045343800849976e-06 -4.736777380951234306e+01 -9.767566071343927181e-01 -5.721824905853531984e-01 1.469417938843571925e+01 -6.775651454719700872e+00
1.000000000000000000e+00 3.812073304033929730e+02 -1.696682323051811352e+02 -1.551396240408644546e+06 -1.506678693502359062e+14 1.364325778038469276e-05 -5.062899920718645596e-06 1.155429619251952026e-06 -1.829329926017765899e+02 -5.627663878650414064e-01 -2.206541013113494820e+00 -5.931800965835493322e+00 -1.505463708752514052e+01
1.000000000000000000e+00 3.598605622938011379e+02 -1.839425742204498420e+02 -1.557729921710388735e+06 -1.519006043579600312e+14 1.293184597619941900e-05 -5.511254862893865421e-06 1.069387952789519415e-06 -2.188186893309342054e+02 1.586360387264168503e-01 -2.635564639262415465e+00 -1.536670318746869590e+01 5.068805942587837343e+00
1.000000000000000000e+00 3.293948183348970815e+02 -1.935523677249497041e+02 -1.564063569879524875e+06 -1.531383553503404375e+14 1.188516651204255812e-05 -5.822760964618226298e-06 9.401749589467566967e-07 -1.351046931103843463e+02 7.933806828485626683e-01 -1.624912230451722062e+00 4.189383803293904585e+00 1.562937695124386828e+01
1.000000000000000000e+00 2.905831593661930015e+02 -1.982639790251413103e+02 -1.570397170886483975e+06 -1.543811194901460625e+14 1.052722856859476034e-05 -5.988656385089729179e-06 7.809539307882225800e-07 2.275911302949593917e+01 9.947438429961418249e-01 2.733291395118477296e-01 1.584180345957319069e+01 -3.296304549587193655e+00
1.000000000000000000e+00 2.445073578614093321e+02 -1.979956317916999353e+02 -1.576730711909350939e+06 -1.556288941340458750e+14 8.893722338347222103e-06 -6.004670884826281618e-06 6.082028776856479853e-07 1.686293767439308624e+02 6.527439916591122326e-01 2.022254827062037741e+00 -2.392386400094397292e+00 -1.600327615983732699e+01
1.000000000000000000e+00 1.923942053388005320e+02 -1.928151346144817637e+02 -1.583064182931934483e+06 -1.568816771541354375e+14 7.026266489523835515e-06 -5.871049146117147587e-06 4.393181095814830512e-07 2.226776914113312102e+02 -4.579566701149286045e-02 2.666565857023023955e+00 -1.611323977854751632e+01 1.480494638426064435e+00
1.000000000000000000e+00 1.355190536407646107e+02 -1.828661915690219359e+02 -1.589397574783550575e+06 -1.581394665589925000e+14 4.968977305246451364e-06 -5.590389133286930027e-06 2.908268820900599142e-07 1.550766800429738055e+02 -7.193143240178305753e-01 1.854368189463247329e+00 5.635265102176486574e-01 1.617129550801840665e+01
1.000000000000000000e+00 7.536263467463082577e+01 -1.684315595917878738e+02 -1.595730880097497022e+06 -1.594022606885198438e+14 2.774277051110538363e-06 -5.169626802835389681e-06 1.775114823374838486e-07 2.456548331446221756e+00 -9.999396237906623686e-01 2.933253291622870199e-02 1.617720352817479679e+01 3.555932274147303729e-01
1.000000000000000000e+00 1.343415660422268587e+01 -1.499185848109268591e+02 -1.602064094906857470e+06 -1.606700585411829375e+14 4.965058854008763340e-07 -4.619675112616737747e-06 1.104414855657009745e-07 -1.519452339587224401e+02 -7.344142221030742768e-01 -1.811703082725653724e+00 1.273914603159711723e+00 -1.613088658813367005e+01
1.000000000000000000e+00 -4.881552148638292010e+01 -1.277808292658406373e+02 -1.608397216807274148e+06 -1.619428594175232188e+14 -1.811279004663233776e-06 -3.953075309198859204e-06 9.596175316284463840e-08 -2.236823709119387615e+02 -6.778035821949726647e-02 -2.663227651603062185e+00 -1.603243345005736131e+01 -2.188478513683931759e+00
1.000000000000000000e+00 -1.098368520753254813e+02 -1.025767889553472969e+02 -1.614730245275048539e+06 -1.632206629906626875e+14 -4.091496316808275578e-06 -3.185848744392345509e-06 1.353968768828321908e-07 -1.732844691774979253e+02 6.358638686943774987e-01 -2.060220336905110639e+00 -3.096324904237681253e+00 1.588210101412189879e+01
1.000000000000000000e+00 -1.681613136164504567e+02 -7.494827575032164191e+01 -1.621063182924638968e+06 -1.645034695689778750e+14 -6.288689330826979096e-06 -2.336886723311823143e-06 2.248909707174087381e-07 -2.796959489493737294e+01 9.922325087203233140e-01 -3.320615580305277814e-01 1.568031720520614947e+01 3.994497825696033733e+00
1.000000000000000000e+00 -2.224715654728896936e+02 -4.554166772184363765e+01 -1.627396033429846866e+06 -1.657912796849820312e+14 -8.352218955246149988e-06 -1.425536219915906190e-06 3.559830083653071466e-07 1.330566757041625010e+02 8.067187052714601680e-01 1.577423789970252788e+00 4.880063581969157127e+00 -1.542768096543718137e+01
1.000000000000000000e+00 -2.714414049612930739e+02 -1.506563140378308674e+01 -1.633728802312674467e+06 -1.670840942608797812e+14 -1.023034234694629186e-05 -4.734164846845795629e-07 5.160412398292595508e-07 2.217744107476506770e+02 1.806522156437120885e-01 2.625447497538416108e+00 -1.512496287973916154e+01 -5.750118122429036305e+00
1.000000000000000000e+00 -3.139132415395261546e+02 1.573421723939174477e+01 -1.640061498384294566e+06 -1.683819149117765312e+14 -1.187692122291895183e-05 4.963423679913128003e-07 6.898015261024617370e-07 1.894613342552562756e+02 -5.440616815960952479e-01 2.239719195285258646e+00 -6.601792624616770411e+00 1.477310714362181621e+01
1.000000000000000000e+00 -3.489497639793196981e+02 4.615210754461092080e+01 -1.646394130798835773e+06 -1.696847433514169375e+14 -1.325350740600701196e-05 1.461508750814755997e-06 8.611702827562482656e-07 5.344651967618756316e+01 -9.716665886822328790e-01 6.309201160691433330e-01 1.437322672300378734e+01 7.432275163400783313e+00
1.000000000000000000e+00 -3.756714358478217832e+02 7.546357542449456446e+01 -1.652726710106986342e+06 -1.709925816115573438e+14 -1.432330789411678783e-05 2.398912993481600100e-06 1.013835962464923409e-06 -1.121822671526888229e+02 -8.686664074161163374e-01 -1.322397453520837152e+00 8.238817549005457153e+00 -1.392660209561449669e+01
1.000000000000000000e+00 -3.934301702289128002e+02 1.029530672296832137e+02 -1.659059248628881061e+06 -1.723054321249550938e+14 -1.505787416938604804e-05 3.285316831266401476e-06 1.133210260285424015e-06 -2.169347760259881852e+02 -2.913166258147811272e-01 -2.553587220835901839e+00 -1.343467903470502911e+01 -9.018744911007935627e+00
1.000000000000000000e+00 -4.018425022433446543e+02 1.279879481184524082e+02 -1.665391759325321997e+06 -1.736232974970236875e+14 -1.543854570404503871e-05 4.099789518791417186e-06 1.208067865001822526e-06 -2.033557504576147892e+02 4.451080332083063862e-01 -2.390355962643623045e+00 -9.769470134444574683e+00 1.289906251739132692e+01
1.000000000000000000e+00 -4.006245376334292700e+02 1.499581853820624531e+02 -1.671724255756649422e+06 -1.749461804997634688e+14 -1.545027793954491729e-05 4.821818880981130996e-06 1.230803889696420916e-06 -7.853596375334532809e+01 9.384761535582762937e-01 -9.218498174559058844e-01 1.232151137364600757e+01 1.048850408802353407e+01
1.000000000000000000e+00 -3.897609650095821507e+02 1.683056067205115482e+02 -1.678056752656755270e+06 -1.762740841947342188e+14 -1.508825772265223038e-05 5.432269423133141088e-06 1.199085991579855027e-06 8.958348754754510423e+01 9.193816186416098324e-01 1.050040150697916230e+00 1.117346379417344515e+01 -1.170393384190416342e+01
1.000000000000000000e+00 -3.695185847405900290e+02 1.825943206588910357e+02 -1.684389264149992028e+06 -1.776070115616783438e+14 -1.435862513992806592e-05 5.915695384090440405e-06 1.116083350984595917e-06 2.091913005091638809e+02 3.982495078488576534e-01 2.448548819588505676e+00 -1.104837632231132716e+01 -1.182208700593786155e+01
1.000000000000000000e+00 -3.402758152459277881e+02 1.924472676138275915e+02 -1.690721803593424149e+06 -1.789449654627126562e+14 -1.327202965792717206e-05 6.258351845035583639e-06 9.890864330002901112e-07 2.147435781194334936e+02 -3.403541527563764824e-01 2.509998149584552252e+00 -1.243224065639628861e+01 1.035701466624536238e+01
1.000000000000000000e+00 -3.026849354846862639e+02 1.975758718369727092e+02 -1.697054385528814280e+06 -1.802879490540287812e+14 -1.185006340741190808e-05 6.449198440276088137e-06 8.299221401818496524e-07 1.028804970606213942e+02 -8.931045066902096874e-01 1.200812487110227034e+00 9.632151434872639584e+00 1.300192367578948982e+01
1.000000000000000000e+00 -2.576627985946811350e+02 1.978447255440924266e+02 -1.703387022442373913e+06 -1.816359650995600312e+14 -1.012509625829209722e-05 6.482072493008274041e-06 6.540731410563163538e-07 -6.555862944223304112e+01 -9.581533726612135871e-01 -7.641203853854700023e-01 1.352928229042736419e+01 -8.876197453938418747e+00
1.000000000000000000e+00 -2.062097960311413942e+02 1.932023671171008914e+02 -1.709719725963452598e+06 -1.829890162194218438e+14 -8.133328659627172422e-06 6.353505912212490583e-06 4.784174616923838619e-07 -1.986214800105768177e+02 -4.999657077767089008e-01 -2.311792032298006117e+00 -8.091665347922116780e+00 -1.401261261980116402e+01
1.000000000000000000e+00 -1.495622681274612944e+02 1.837085240174917544e+02 -1.716052506584106479e+06 -1.843471048262649375e+14 -5.920886303671906666e-06 6.063675513066674695e-06 3.202222468364654562e-07 -2.234390021613467070e+02 2.312583111391842139e-01 -2.597006323571282582e+00 -1.445036641571415004e+01 7.281158629433567064e+00
1.000000000000000000e+00 -8.915701060995050398e+01 1.695891792990366014e+02 -1.722385372319754912e+06 -1.857102328319477812e+14 -3.542582181258695958e-06 5.618295011524643596e-06 1.952599424853398376e-07 -1.261313044082581314e+02 8.361966157429305824e-01 -1.463960062974005272e+00 6.447356654468485715e+00 1.484115739103440923e+01
1.000000000000000000e+00 -2.643645160305544550e+01 1.511580080076027457e+02 -1.728718329246138688e+06 -1.870784017539361562e+14 -1.054293443877104783e-06 5.026103987709208191e-06 1.158860038751334312e-07 4.043086330396853612e+01 9.844702655531055724e-01 4.686110396532779943e-01 1.518376266821972997e+01 -5.593005611525098786e+00
1.000000000000000000e+00 3.700962405502816921e+01 1.288375022003601202e+02 -1.735051382231978932e+06 -1.884516128667687812e+14 1.481361731308516826e-06 4.299626292618451330e-06 9.021621306344800584e-08 1.853487600979813692e+02 5.950821730747610783e-01 2.145276039737312512e+00 -4.720910633195973816e+00 -1.547712387133835499e+01
1.000000000000000000e+00 9.950476081002959461e+01 1.032005199569465077e+02 -1.741384532724194461e+06 -1.898298667144020312e+14 3.997354361298479992e-06 3.456627979153257513e-06 1.209437185086295838e-07 2.293010274098325283e+02 -1.193213799085332955e-01 2.650295682485177995e+00 -1.572035111693410236e+01 3.833917225982204080e+00
1.000000000000000000e+00 1.594899445549482095e+02 7.488007921701928638e+01 -1.747717779274790082e+06 -1.912131632119352812e+14 6.430410800866488961e-06 2.517176521732510782e-06 2.049878339154171583e-07 1.479622192318900034e+02 -7.685630449218092686e-01 1.707791427555469088e+00 2.934902576514593964e+00 1.591272155860657200e+01
1.000000000000000000e+00 2.153867010165071463e+02 4.458235132592218974e+01 -1.754051118678981438e+06 -1.926015018840743438e+14 8.715558802250340892e-06 1.504115853514492619e-06 3.337914426602424520e-07 -1.453284226142024593e+01 -9.980291940708809761e-01 -1.675062622015194014e-01 1.605367760438971914e+01 -2.026769821585653553e+00
1.000000000000000000e+00 2.656733992245324316e+02 1.311428693292160297e+01 -1.760384544532157015e+06 -1.939948815401199375e+14 1.078921199225036458e-05 4.440463467611109200e-07 4.940251969428429363e-07 -1.695326009645314116e+02 -6.823676205110195125e-01 -1.951331419569838355e+00 -1.112432965851790190e+00 -1.614282668654596264e+01
1.000000000000000000e+00 3.090834893428280452e+02 -1.871608860040615241e+01 -1.766718048443975160e+06 -1.953933005298310625e+14 1.259729092542432674e-05 -6.360018970472106816e-07 6.693223053310516151e-07 -2.322332333702008498e+02 6.019852899136333979e-03 -2.669318113902405365e+00 -1.617993846426945126e+01 1.948122886992217362e-01
1.000000000000000000e+00 3.444595752833843676e+02 -5.009172111069504041e+01 -1.773051620314546162e+06 -1.967967567968598750e+14 1.408944053699531096e-05 -1.708297111647625106e-06 8.414217449243710787e-07 -1.680786252182048202e+02 6.911250111129809692e-01 -1.929245209602937550e+00 -7.231733107323824461e-01 1.616494295993706132e+01
1.000000000000000000e+00 3.708285772434100522e+02 -8.016703536044225586e+01 -1.779385246983124176e+06 -1.982052475709290625e+14 1.522219522036962712e-05 -2.743733220956923931e-06 9.921961535665472233e-07 -1.180679991766845838e+01 9.987139825965949402e-01 -1.353340102470019235e-01 1.609792798622625298e+01 1.638619872224159613e+00
1.000000000000000000e+00 3.875744324884732919e+02 -1.081695561682894606e+02 -1.785718914040048141e+06 -1.996187697607952812e+14 1.596622794911238451e-05 -3.715302837558616373e-06 1.106469181640163812e-06 1.513564607341853900e+02 7.607585230089823902e-01 1.732512353332850363e+00 2.548639267578289402e+00 -1.597913634772331370e+01
1.000000000000000000e+00 3.942683678118063995e+02 -1.333888914941976793e+02 -1.792052606979375938e+06 -2.010373202079077500e+14 1.629959436112199641e-05 -4.597762045492002169e-06 1.172644696094974349e-06 2.321773443139971960e+02 1.072353343886765509e-01 2.653974023336056920e+00 -1.580896453769334364e+01 -3.450362413041361709e+00
1.000000000000000000e+00 3.907288661820232392e+02 -1.551557088140448570e+02 -1.798386310067921877e+06 -2.024608954313801875e+14 1.621035747023075966e-05 -5.366940993298289604e-06 1.183846250689192227e-06 1.862174737933122515e+02 -6.048666210313171643e-01 2.125688065443288810e+00 -4.340951069734280132e+00 1.558796023684776877e+01
1.000000000000000000e+00 3.771575512550343205e+02 -1.729361453983848094e+02 -1.804720007236138219e+06 -2.038894918244204375e+14 1.570242570737111814e-05 -6.003046128223841579e-06 1.139417272967530397e-06 3.826808570220870109e+01 -9.865562444873383630e-01 4.362334245685700052e-01 1.531682058592262230e+01 5.217601716692383818e+00
1.000000000000000000e+00 3.539402081739553410e+02 -1.863093837177291334e+02 -1.811053683361306554e+06 -2.053231059439531875e+14 1.478751958575518798e-05 -6.489961583122276610e-06 1.044072474838506693e-06 -1.310207838519259838e+02 -8.293356456394531673e-01 -1.491510490671080102e+00 6.077548132325302888e+00 -1.499639187386897987e+01
1.000000000000000000e+00 3.216896363518052340e+02 -1.949377172717745452e+02 -1.817387323069348931e+06 -2.067617342417417188e+14 1.348710290427532081e-05 -6.814271661551047165e-06 9.076992800526503410e-07 -2.291054441088333533e+02 -2.190931246881649141e-01 -2.604511426316619804e+00 -1.462766638490638194e+01 -6.918073190365523040e+00
1.000000000000000000e+00 2.813489503095429995e+02 -1.986488965514363088e+02 -1.823720912585172337e+06 -2.082053734858814062e+14 1.183689470405251559e-05 -6.968200013457465966e-06 7.448047633722578167e-07 -2.021396949811625348e+02 5.108229637333865369e-01 -2.294816808401980879e+00 -7.736509654578587636e+00 1.421178310065231365e+01
1.000000000000000000e+00 2.339702752907892602e+02 -1.973988944585729541e+02 -1.830054440776354400e+06 -2.096540210062730938e+14 9.877767562991597296e-06 -6.948399787389239178e-06 5.718576164961584108e-07 -6.453363118716445967e+01 9.617062938933397254e-01 -7.316256037486412733e-01 1.375002857519482902e+01 8.530244704385683718e+00
1.000000000000000000e+00 1.807500303735701834e+02 -1.912321535431780433e+02 -1.836387896577335661e+06 -2.111076741128813125e+14 7.657321956497580996e-06 -6.754627602864630538e-06 4.060097323125995751e-07 1.087454983094760479e+02 8.872830846630433976e-01 1.231179212418453961e+00 9.296736819668259599e+00 -1.324383045199533093e+01
1.000000000000000000e+00 1.231137378276876859e+02 -1.803531293387229653e+02 -1.842721271303004352e+06 -2.125663306297659688e+14 5.233596943107893139e-06 -6.392333196563431400e-06 2.639571709376194089e-07 2.230173141653646667e+02 3.282210554167780958e-01 2.521486091707595634e+00 -1.269475938294789330e+01 -1.003351607087120634e+01
1.000000000000000000e+00 6.248499794311556599e+01 -1.650763463042184469e+02 -1.849054559008030919e+06 -2.140299889877071875e+14 2.665382811185963478e-06 -5.870980617871955709e-06 1.596595080720332736e-07 2.156225215877235541e+02 -4.101066208391897505e-01 2.434562563728277951e+00 -1.073819186488351285e+01 1.210452791348443569e+01
1.000000000000000000e+00 3.255859103377167774e-01 -1.457810182538663639e+02 -1.855387755213515833e+06 -2.154986479392754375e+14 1.393587992540401325e-08 -5.202495801034087220e-06 1.032337779377034252e-07 9.027850988411098854e+01 -9.244347584303187482e-01 1.017936850346163435e+00 1.147498462393301821e+01 1.140846564687272569e+01
1.000000000000000000e+00 -6.178525838404525672e+01 -1.229761678236140483e+02 -1.861720858115314739e+06 -2.169723068462916875e+14 -2.653588269511278829e-06 -4.403637818697464118e-06 1.001286387676084875e-07 -8.477904901241808489e+01 -9.338654786386862972e-01 -9.546307965359670522e-01 1.204213611929907479e+01 -1.080811353658199359e+01
1.000000000000000000e+00 -1.223814245087431232e+02 -9.724235105777746924e+01 -1.868053868606230244e+06 -2.184509656956220938e+14 -5.273986414376088433e-06 -3.493984056963329829e-06 1.505803253998659937e-07 -2.139452074890768358e+02 -4.332682462584627192e-01 -2.405806621218570918e+00 -1.010603038751741067e+01 -1.263710846443714786e+01
1.000000000000000000e+00 -1.800565754644508445e+02 -6.918581082839210694e+01 -1.874386788314389065e+06 -2.199346246495289688e+14 -7.785783218442827091e-06 -2.494320881012115354e-06 2.498237649836302896e-07 -2.264589138406452662e+02 3.039449044177570114e-01 -2.543077715050995558e+00 -1.319140805174177267e+01 9.370971889180793823e+00
1.000000000000000000e+00 -2.333845376451485549e+02 -3.950097719877963698e+01 -1.880719621477234876e+06 -2.214232844898482500e+14 -1.012582091077120437e-05 -1.428920174794324108e-06 3.882643492778729275e-07 -1.151650408472017091e+02 8.751603129413092486e-01 -1.291527743878756906e+00 8.605295316346214918e+00 1.370318404801760792e+01
1.000000000000000000e+00 -2.811444150252524992e+02 -8.907512990588237756e+00 -1.887052375422853976e+06 -2.229169467420511250e+14 -1.223904472495117403e-05 -3.233080301493688624e-07 5.527674049631835567e-07 5.940634938739754745e+01 9.684412097168981770e-01 6.653185016628172521e-01 1.417071743370761361e+01 -7.811474121405602489e+00
1.000000000000000000e+00 -3.222504023374643225e+02 2.189263019786904607e+01 -1.893385057872886304e+06 -2.244156130481448750e+14 -1.407558716901157122e-05 7.972838362731049106e-07 7.279522516773424593e-07 2.019625194668551558e+02 5.328631014634517271e-01 2.258821820475096054e+00 -6.992081949081731196e+00 -1.459243470270467924e+01
1.000000000000000000e+00 -3.556720084317982469e+02 5.215350048143988460e+01 -1.899717678586899536e+06 -2.259192855593384688e+14 -1.558737050628002951e-05 1.905673962580356922e-06 8.971402336088830663e-07 2.344648955071339174e+02 -1.936983239348467056e-01 2.618811721836233897e+00 -1.496691168561446972e+01 6.149789844408616979e+00
1.000000000000000000e+00 -3.806518510526623231e+02 8.115071095584778504e+01 -1.906050248991615837e+06 -2.274279668556400000e+14 -1.673772386630104295e-05 2.975108081066281272e-06 1.044533489971142703e-06 1.388466288353334335e+02 -8.144817437325035936e-01 1.548737560419042536e+00 5.287356437485444260e+00 1.529288143020652591e+01
1.000000000000000000e+00 -3.966174739961430191e+02 1.082201492355926149e+02 -1.912382780658338452e+06 -2.289416595879142500e+14 -1.749769232815343018e-05 3.980696124299414903e-06 1.156236862724864043e-06 -3.295026285097807062e+01 -9.905014456971535930e-01 -3.670440653589558955e-01 1.556924237387665322e+01 -4.407613009198743548e+00
1.000000000000000000e+00 -4.031032427834989562e+02 1.326965375217337737e+02 -1.918715287047062535e+06 -2.304603668974314688e+14 -1.784271483513508481e-05 4.897181492097685432e-06 1.221087302422597805e-06 -1.871911693648962967e+02 -6.256463032321408768e-01 -2.082391087308100630e+00 -3.513459801702510266e+00 -1.579506127741183974e+01
1.000000000000000000e+00 -3.999592475443603234e+02 1.539803716885342340e+02 -1.925047782754330430e+06 -2.319840922420749688e+14 -1.776197945938390378e-05 5.701418890793411393e-06 1.232971208547508594e-06 -2.394908085260970267e+02 8.084790621454981951e-02 -2.660628176693774716e+00 -1.596957931575467704e+01 2.607852950838049466e+00
1.000000000000000000e+00 -3.872437851233783590e+02 1.715718576818204326e+02 -1.931380281318262452e+06 -2.335128388700820625e+14 -1.725386344753035206e-05 6.373675073014215922e-06 1.190814842399995793e-06 -1.609787832234111420e+02 7.431946886464682045e-01 -1.786006975298920052e+00 1.693785171265894895e+00 1.609221713527921693e+01
1.000000000000000000e+00 -3.651466924216761072e+02 1.850090875490972451e+02 -1.937712796871955274e+06 -2.350466102169664688e+14 -1.632265816004303040e-05 6.895385345288646562e-06 1.097998463429372590e-06 5.765782425927983290e+00 9.997135814009457944e-01 6.388408943763460024e-02 1.616257559686007284e+01 -7.742807056602108995e-01
1.000000000000000000e+00 -3.341861982990143360e+02 1.939347030678678436e+02 -1.944045343910849420e+06 -2.365854098512552500e+14 -1.498749348086679013e-05 7.251669337524470527e-06 9.632011670489399165e-07 1.698040116299012823e+02 7.103248521865547227e-01 1.878897656095607660e+00 1.476169002019233900e-01 -1.618043787374585207e+01
1.000000000000000000e+00 -2.950795235236828944e+02 1.981238064576802174e+02 -1.950377935592470458e+06 -2.381292410607435000e+14 -1.327675544342960487e-05 7.432441700916500078e-06 7.991803628361174749e-07 2.414316889954562555e+02 3.304615312880693212e-02 2.667908544808831106e+00 -1.614577011887680769e+01 -1.068862855449270510e+00
