1.000000000000000000e+00 -3.157042811542415279e+02 4.208426940853703258e+01 -4.590046181655763648e+05 -1.982901099909844922e+13 5.586048294552728836e-07 1.221581020346211434e-06 6.474846544090138423e+02 -9.613704326259546740e-01 1.308828180532713326e+00 1.689665514398027701e+00 1.053966182082628267e+00
1.000000000000000000e+00 -3.066861195892677756e+02 7.717464098955544216e+01 -4.632165978999450454e+05 -2.019459596310658203e+13 1.033776294803446895e-06 1.173653816722311425e-06 2.241233339512439670e+03 3.139362948120982266e-01 4.514527261792895985e+00 -1.598899457723163664e+00 -1.187154070713804632e+00
1.000000000000000000e+00 -2.901019416305734921e+02 1.103619734210031140e+02 -4.674285906220774632e+05 -2.056352147786603125e+13 1.491772405233550078e-06 1.083368353401583350e-06 -8.340034296549127930e+02 9.359741236587248991e-01 -1.674057777459298624e+00 1.497748716689547788e+00 1.312464492919559689e+00
1.000000000000000000e+00 -2.663055876597806559e+02 1.408346496883473549e+02 -4.716406048485398642e+05 -2.093578833035691797e+13 1.920828294271459906e-06 9.593283185529925416e-07 -2.189348716088765286e+03 -3.895739749974327926e-01 -4.379255251821250638e+00 -1.386963413966801895e+00 -1.429037001563408404e+00
1.000000000000000000e+00 -2.357969075808652519e+02 1.677849719976053677e+02 -4.758526492633771268e+05 -2.131139734957003906e+13 2.308837620026483242e-06 8.133160391550323983e-07 1.017089148860273212e+03 -9.045475636536457476e-01 2.027366768688972254e+00 1.267374450310084777e+00 1.536091229784544376e+00
1.000000000000000000e+00 -1.993426149466386619e+02 1.904913890783446391e+02 -4.800647318347572000e+05 -2.169034932734742188e+13 2.644496454468836440e-06 6.598681474231207971e-07 2.122469507294584218e+03 4.623907755214922699e-01 4.216071607143224931e+00 -1.139876696386984412e+00 -1.632940715566146395e+00
1.000000000000000000e+00 -1.578283564359855689e+02 2.083757387708967883e+02 -4.842768591055383440e+05 -2.207264495087510156e+13 2.918157367966502184e-06 5.141182204935342310e-07 -1.195153849784670683e+03 8.674293121173553001e-01 -2.365858376674381258e+00 1.005410372944296471e+00 1.719000944006661813e+00
1.000000000000000000e+00 -1.122466604490021354e+02 2.209268233189580428e+02 -4.884890372453478049e+05 -2.245828489377189062e+13 3.120837159539588419e-06 3.904560197704931197e-07 -2.041198548412080299e+03 -5.318183041085767782e-01 -4.026741453865851916e+00 -8.649571543132099638e-01 -1.793784653943214513e+00
1.000000000000000000e+00 -6.379809623021370868e+01 2.277801008569113890e+02 -4.927012711581127951e+05 -2.284726973184021875e+13 3.245393055450057182e-06 3.015557288032376611e-07 1.366773816276397838e+03 -8.250174094201176977e-01 2.687038133511728599e+00 7.195203870947959324e-01 1.856907287958862840e+00
1.000000000000000000e+00 -1.372180226827321370e+01 2.287624905516198908e+02 -4.969135635289077181e+05 -2.323959984889501172e+13 3.287255844288292509e-06 2.564708439640673907e-07 1.946275511707939359e+03 5.973785896899855841e-01 3.813249881959898335e+00 -5.701033793216752077e-01 -1.908087105036295084e+00
1.000000000000000000e+00 3.672401175550105279e+01 2.238063856769553013e+02 -5.011259160646258388e+05 -2.363527554499842969e+13 3.243300400789187909e-06 2.596938522641604215e-07 -1.530733274597358559e+03 7.777381223679696864e-01 -2.988885549368384797e+00 4.177098596263972285e-01 1.947134493734492766e+00
1.000000000000000000e+00 8.617612563904236822e+01 2.130184734719483117e+02 -5.053383288272579666e+05 -2.403429696916251953e+13 3.112915606408822093e-06 3.107858338015305664e-07 -1.838491814191450430e+03 -6.586993623847727797e-01 -3.577628913304555347e+00 -2.633280774785412559e-01 -1.973948476311182532e+00
1.000000000000000000e+00 1.333485489586601886e+02 1.967054708997791579e+02 -5.095507998246647185e+05 -2.443666407357701953e+13 2.898489726928368937e-06 4.043861921744688161e-07 1.686037251606235714e+03 -7.260135202983069025e-01 3.269863066619659975e+00 1.079183907574040452e-01 1.988508960114617308e+00
1.000000000000000000e+00 1.770481854559551778e+02 1.752731199374216544e+02 -5.137633261752316030e+05 -2.484237671809625391e+13 2.604031636136997796e-06 5.307565121575649324e-07 1.718622514930817488e+03 7.155043127317721741e-01 3.321824269481149727e+00 4.758104937489515684e-02 -1.990866722626144947e+00
1.000000000000000000e+00 2.160925946835193940e+02 1.492807779478366683e+02 -5.179759030245345202e+05 -2.525143456108681250e+13 2.236048837444527422e-06 6.765346148607483087e-07 -1.831888803921314775e+03 6.702350661647950014e-01 -3.528856009236622793e+00 -2.022699010956314214e-01 1.981136328128518143e+00
1.000000000000000000e+00 2.494889926274426273e+02 1.194480590645840721e+02 -5.221885237625812297e+05 -2.566383707295883594e+13 1.803741340327592130e-06 8.267334739005895077e-07 -1.587368884045047707e+03 -7.675959467235417000e-01 -3.047587970413027314e+00 3.552861336161408090e-01 -1.959486163967451455e+00
1.000000000000000000e+00 2.764311775460040508e+02 8.654072804685930009e+01 -5.264011812888698187e+05 -2.607958365455516016e+13 1.317362323716334805e-06 9.662368257082843172e-07 1.967647203402374771e+03 -6.107434989869574560e-01 3.765078486511505229e+00 -5.057941920041326700e-01 1.926132523699932486e+00
1.000000000000000000e+00 2.962088619162465193e+02 5.141613169344959999e+01 -5.306138676379611716e+05 -2.649867359780838672e+13 7.889433761426710400e-07 1.080618689557564103e-06 1.445323957178321280e+03 8.148309014000336692e-01 2.756419045387343392e+00 6.529892127680549940e-01 -1.881334460304264766e+00
1.000000000000000000e+00 3.083701716949179286e+02 1.501824711454766259e+01 -5.348265735737195937e+05 -2.692110604146237500e+13 2.322737130847585872e-07 1.158424022383235502e-06 -2.092748046466167580e+03 5.478311282832409868e-01 -3.977910631154580656e+00 -7.961003478298741554e-01 1.825387219114053439e+00
1.000000000000000000e+00 3.126910399764137765e+02 -2.174088939402915344e+01 -5.390392899508640403e+05 -2.734688010418389453e+13 -3.388953165268968445e-07 1.192233690716594129e-06 -1.292985131918024990e+03 -8.570873449779504716e-01 -2.449595706289336761e+00 9.343762981939506274e-01 -1.758623096883795922e+00
1.000000000000000000e+00 3.090710914203219204e+02 -5.793485339977493709e+01 -5.432520073049516650e+05 -2.777599484299499219e+13 -9.101418634608434197e-07 1.178743816297122592e-06 2.206644247751016792e+03 -4.817473510705214679e-01 4.166781699716939791e+00 -1.067088619747057265e+00 1.681408974974888171e+00
1.000000000000000000e+00 2.976770287757573215e+02 -9.262969907108809764e+01 -5.474647159170192899e+05 -2.820844925866888281e+13 -1.466473522661802028e-06 1.119965954054587280e-06 1.130784210737659578e+03 8.942403650282618743e-01 2.128239101518556442e+00 1.193530182183839328e+00 -1.594145529033028863e+00
1.000000000000000000e+00 2.788861274159854702e+02 -1.249976418906389029e+02 -5.516774072382652666e+05 -2.864424244266574609e+13 -1.994136384545950375e-06 1.022426774624377077e-06 -2.308745276318270498e+03 4.127195940936868590e-01 -4.331054443399819043e+00 -1.313003177048861048e+00 1.497276501044273012e+00
1.000000000000000000e+00 2.531720492669757618e+02 -1.542616030703462968e+02 -5.558900729975701543e+05 -2.908337348838600391e+13 -2.479788248521560640e-06 8.957062568542145054e-07 -9.591496789565445624e+02 -9.261420775267558136e-01 -1.793434855695202224e+00 1.424828681907568173e+00 -1.391286272027912441e+00
1.000000000000000000e+00 2.212356487640524847e+02 -1.796980818937278741e+02 -5.601027050418099388e+05 -2.952584147543583203e+13 -2.910576043596311353e-06 7.525674247644477587e-07 2.398376739799623010e+03 -3.409829896389017234e-01 4.469951899685028707e+00 -1.528349272165359762e+00 1.276699951355602991e+00
1.000000000000000000e+00 1.839304930802175875e+02 -2.007408285363455889e+02 -5.643152968443831196e+05 -2.997164563033577344e+13 -3.275860308437657965e-06 6.074402662560641518e-07 7.785659078546310639e+02 9.526150001174683579e-01 1.446344190892768111e+00 1.622921486278886105e+00 -1.154097098555453060e+00
1.000000000000000000e+00 1.421455426273368232e+02 -2.169133500700704928e+02 -5.685278427272844128e+05 -3.042078524971945312e+13 -3.566201341457774236e-06 4.744115203918475322e-07 -2.474779834259222298e+03 2.667993391089300559e-01 -4.582560855233402286e+00 -1.707926991057321153e+00 1.024109201568694560e+00
1.000000000000000000e+00 9.693200777051835360e+01 -2.278269996937567328e+02 -5.727403380162134999e+05 -3.087325972042063672e+13 -3.773382241482522490e-06 3.664731646412000382e-07 -5.896449773080989871e+02 -9.734532232154980980e-01 -1.088334059075605209e+00 1.782777334935711666e+00 -8.874228065354783368e-01
1.000000000000000000e+00 4.941856225600526642e+01 -2.332739514111415247e+02 -5.769527796756055905e+05 -3.132906859241853125e+13 -3.892013650699294659e-06 2.940910512245370085e-07 2.537121205605930299e+03 -1.904852766211514170e-01 4.667854317777352158e+00 -1.846918204025335353e+00 7.447868226275310422e-01
1.000000000000000000e+00 6.967179963464249504e-01 -2.331488515824501633e+02 -5.811651655621763784e+05 -3.178821150367682812e+13 -3.918327161713007758e-06 2.641117905788073471e-07 3.931810516317739825e+02 9.884346685755290851e-01 7.210702996690088185e-01 1.899841529770420756e+00 -5.970062187945542886e-01
1.000000000000000000e+00 -4.805064511894580903e+01 -2.274439580303654793e+02 -5.853774944771528244e+05 -3.225068818943670312e+13 -3.850155452249157891e-06 2.794372515793174376e-07 -2.584534265175971996e+03 1.124264587103878249e-01 -4.724770648385455019e+00 -1.941092905042411720e+00 4.449411169062649773e-01
1.000000000000000000e+00 -9.564018800159476541e+01 -2.163327024391191458e+02 -5.895897671927821357e+05 -3.271649859988396484e+13 -3.688416462873661459e-06 3.386724957719949328e-07 -1.901768831803497619e+02 -9.973404380764804289e-01 -3.465564640005652230e-01 1.970278017750582977e+00 -2.895147600531231546e-01
1.000000000000000000e+00 -1.409965165302936612e+02 -2.000828319930003261e+02 -5.938019857457681792e+05 -3.318564282898817578e+13 -3.435732240396384361e-06 4.363693753786698297e-07 2.616173557728032847e+03 -3.308542643830213181e-02 4.752313403923878354e+00 -1.987075396054952536e+00 1.317028242401722671e-01
1.000000000000000000e+00 -1.830200970511590981e+02 -1.790502455330465352e+02 -5.980141526948066894e+05 -3.365812103593870703e+13 -3.096379774190141762e-06 5.633260099238924828e-07 -1.811798412079951603e+01 9.999761965780826767e-01 -3.280764173474948198e-02 1.991245617410991597e+00 2.748007753450792262e-02
1.000000000000000000e+00 -2.206829776464753650e+02 -1.537543054486160656e+02 -6.022262724996481556e+05 -3.413393360354332031e+13 -2.677656249132485067e-06 7.075248572980226811e-07 -2.631277597134617736e+03 -4.699633760421963874e-02 -4.749662700856553954e+00 -1.982638437323202441e+00 -1.869735017813864142e-01
1.000000000000000000e+00 -2.531285546746577495e+02 -1.247839492440092499e+02 -6.064383502315946389e+05 -3.461308099856483203e+13 -2.188332059054849843e-06 8.554794074774394919e-07 2.302295279197996649e+02 -9.961972695702828728e-01 4.142785062388775752e-01 1.961201257027867628e+00 3.456933510383097263e-01
1.000000000000000000e+00 -2.795358266927995601e+02 -9.279048147213201503e+01 -6.106503919191650348e+05 -3.509556381387755078e+13 -1.638565879844553756e-06 9.928212077578683332e-07 2.629234651385741017e+03 1.272083978343019617e-01 4.716287705890448656e+00 -1.926984511036716086e+00 -5.025385136926042717e-01
1.000000000000000000e+00 -2.992191455486173481e+02 -5.855506265573638558e+01 -6.148624050880767172e+05 -3.558138283475767969e+13 -1.041142628073878764e-06 1.106181426844168766e-06 -4.444800613943687608e+02 9.859303178726609440e-01 -7.948168194932024866e-01 1.880148217484152617e+00 6.563969407385649157e-01
1.000000000000000000e+00 -3.117163905533708430e+02 -2.288807880272732476e+01 -6.190743975970998872e+05 -3.607053890915962500e+13 -4.097510004721656530e-07 1.184935472286652897e-06 -2.609642988795613746e+03 -2.068851787588381341e-01 -4.652045062470685721e+00 -1.820962488154158843e+00 -8.061698829993578785e-01
1.000000000000000000e+00 -3.166485150576516503e+02 1.337969859338509693e+01 -6.232863774257971672e+05 -3.656303292413279688e+13 2.411580724914273048e-07 1.221051654915373481e-06 6.590293943677705784e+02 -9.691918323460730900e-01 1.171169760555387240e+00 1.749805660043781463e+00 9.507862091966468032e-01
1.000000000000000000e+00 -3.138206859359844429e+02 4.933723354060695243e+01 -6.274983536726644961e+05 -3.705886592419687500e+13 8.952724566005353062e-07 1.210410606220162946e-06 2.572355064150675389e+03 2.853344586524605431e-01 4.557245236404630973e+00 -1.667166828751728058e+00 -1.089205687016777668e+00
1.000000000000000000e+00 -3.032943351344566736e+02 8.410045287754225285e+01 -6.317103354737476911e+05 -3.755803898719101562e+13 1.536328743032266436e-06 1.153880771273611015e-06 -8.719581238169336075e+02 9.460980051142191538e-01 -1.540024663208806377e+00 1.573637832950461446e+00 1.220441819271512518e+00
1.000000000000000000e+00 -2.852385486516325841e+02 1.168223797218104920e+02 -6.359223316429397091e+05 -3.806055318136562500e+13 2.148315015642072340e-06 1.056396281793863543e-06 -2.517504048193814015e+03 -3.618612022667679340e-01 -4.432685322489803958e+00 -1.469904111425656357e+00 -1.343575887969762572e+00
1.000000000000000000e+00 -2.600273021050242050e+02 1.466390790024553610e+02 -6.401343514471952803e+05 -3.856640965751473438e+13 2.714492814960425665e-06 9.272058875340425851e-07 1.081337871086333507e+03 -9.168664879587048455e-01 1.898134135403959810e+00 1.356741547245725377e+00 1.457760830005066177e+00
1.000000000000000000e+00 -2.282899930137722038e+02 1.727811648921062329e+02 -6.443464030101154931e+05 -3.907560945714696875e+13 3.219464532508049018e-06 7.792166501084397350e-07 2.445500115066518902e+03 4.358018170566856919e-01 4.279627740255707913e+00 -1.234995630626588126e+00 -1.562241996571920088e+00
1.000000000000000000e+00 -1.907495101329589033e+02 1.945816196576889183e+02 -6.485584938087913906e+05 -3.958815356860844531e+13 3.649377619470110456e-06 6.267572214310085988e-07 -1.285324674790142126e+03 8.818060233721900509e-01 -2.242477026669902784e+00 1.105572600158894803e+00 1.656358502649014186e+00
1.000000000000000000e+00 -1.483095576403937912e+02 2.114227128061546352e+02 -6.527706309169247979e+05 -4.010404295439323438e+13 3.990984917777199967e-06 4.848666816393373493e-07 -2.356991935069389910e+03 -5.065572473204003057e-01 -4.099719182022734998e+00 -9.694296934682440359e-01 -1.739546013459216001e+00
1.000000000000000000e+00 -1.020806323361839389e+02 2.228458954225054640e+02 -6.569828200922749238e+05 -4.062327843669294531e+13 4.233762492866625575e-06 3.680549957989640171e-07 1.482238560854416164e+03 -8.412957515289265498e-01 2.570389598072337911e+00 8.275550140964710311e-01 1.811343965723675842e+00
1.000000000000000000e+00 -5.320232406631597399e+01 2.285497015427888527e+02 -6.611950653415629640e+05 -4.114586063802878906e+13 4.369966432755551565e-06 2.881585439057389112e-07 2.252810867970746585e+03 5.736116001433118061e-01 3.894882564769987621e+00 -6.809502948478467488e-01 -1.871395457797847328e+00
1.000000000000000000e+00 -2.919339187237855349e+00 2.283301688037406052e+02 -6.654073697663035709e+05 -4.167179008025219531e+13 4.393582069834634741e-06 2.533197301745254953e-07 -1.670625452826594710e+03 7.957557610094379008e-01 -2.879661532446771588e+00 5.306268027461525927e-01 1.919439881769465339e+00
1.000000000000000000e+00 4.741306756745751017e+01 2.221809552793633884e+02 -6.696197344961297931e+05 -4.220106704650772656e+13 4.302322016019355241e-06 2.671260116709159174e-07 -2.133880852382415014e+03 -6.365515934393035646e-01 -3.667153915468155834e+00 -3.775843591683129552e-01 -1.955311820460163386e+00
1.000000000000000000e+00 9.651710024358970941e+01 2.102729641176375992e+02 -6.738321589453949127e+05 -4.273369160596244531e+13 4.097349492904615196e-06 3.281529077149671639e-07 1.849285490203431664e+03 -7.456142444971605165e-01 3.168570949704251571e+00 2.228041692851086830e-01 1.978932178137734033e+00
1.000000000000000000e+00 1.431198825709224138e+02 1.928822560944068130e+02 -6.780446415608512470e+05 -4.326966370243232812e+13 3.781972827869040731e-06 4.300436511041728373e-07 2.001132465194017414e+03 6.950650786017602556e-01 3.418532183593568696e+00 -6.724892159006051751e-02 -1.990299436282078061e+00
1.000000000000000000e+00 1.859563960736288095e+02 1.704751025991135975e+02 -6.822571785903902492e+05 -4.380898299242307031e+13 3.363387557999148552e-06 5.620371931657457171e-07 -2.017259349194453080e+03 6.912787340919792634e-01 -3.435846636699654066e+00 -8.815570673650403866e-02 1.989483057200933214e+00
1.000000000000000000e+00 2.239542744169675075e+02 1.436664617329902001e+02 -6.864697645358185982e+05 -4.435164889491817188e+13 2.851968000447760183e-06 7.106072233106851933e-07 -1.855432154657519959e+03 -7.489264921136991049e-01 -3.150860141626179445e+00 2.425205290531870506e-01 -1.976612773536472467e+00
1.000000000000000000e+00 2.561500789128174347e+02 1.131359780341518757e+02 -6.906823933942756848e+05 -4.489766074585182031e+13 2.259680093388872232e-06 8.605752658375584835e-07 2.173792939008619669e+03 -6.331111510255925667e-01 3.680594995541933478e+00 -3.949823400878670898e-01 1.951871720820427258e+00
1.000000000000000000e+00 2.816865188564203208e+02 7.970030702540755385e+01 -6.948950575640555471e+05 -4.544701765298628906e+13 1.601574170364962092e-06 9.964436000010931791e-07 1.697529997001434140e+03 7.979754035370818510e-01 2.865740755802832496e+00 5.447162606285951281e-01 -1.915489091309732439e+00
1.000000000000000000e+00 2.999801817463976477e+02 4.425630534446669628e+01 -6.991077484380955575e+05 -4.599971856767269531e+13 8.947199255884989570e-07 1.104698705152179474e-06 -2.318253576590765988e+03 5.714234444480764674e-01 -3.902147865173501984e+00 -6.909294363306849318e-01 1.867734129240975705e+00
1.000000000000000000e+00 3.106144650316011280e+02 7.692813954337661464e+00 -7.033204574087176006e+05 -4.655576241388064062e+13 1.564610780024041763e-07 1.174514649409669844e-06 -1.528054551318894482e+03 -8.420855635621333768e-01 -2.564535527694295158e+00 8.328504587026973605e-01 -1.808915248694225042e+00
1.000000000000000000e+00 3.133242271923807039e+02 -2.904102456064842386e+01 -7.075331748819354689e+05 -4.711514795691936719e+13 -5.941916997740996232e-07 1.198806381684859834e-06 2.450056344481123233e+03 -5.064808068797357343e-01 4.099932702402383278e+00 -9.697381153074006166e-01 1.739374097553437304e+00
1.000000000000000000e+00 3.081409540149964528e+02 -6.499728280863823215e+01 -7.117458910502790241e+05 -4.767787390306574219e+13 -1.337790196158932537e-06 1.175946999756535694e-06 1.347540736954637623e+03 8.811366533197194650e-01 2.248417996843838473e+00 1.100872569940517298e+00 -1.659486019306081639e+00
1.000000000000000000e+00 2.952601082672847497e+02 -9.931220774117900874e+01 -7.159585971654017922e+05 -4.824393907022364062e+13 -2.056166995367341381e-06 1.108788356806945191e-06 -2.568594903614191026e+03 4.385160172671546674e-01 -4.273354680222530178e+00 -1.225543985700864091e+00 1.569667545256709706e+00
1.000000000000000000e+00 2.750163314950420954e+02 -1.311330564338805402e+02 -7.201712842059399700e+05 -4.881334221153786719e+13 -2.730963043820103723e-06 1.004021671500754854e-06 -1.156488080739729867e+03 -9.149919856551071984e-01 -1.918475773752903901e+00 1.343065075358605975e+00 -1.470370860317820050e+00
1.000000000000000000e+00 2.480099369521036579e+02 -1.596760848938883157e+02 -7.243839436429592315e+05 -4.938608211868316406e+13 -3.344849100759920646e-06 8.724820699191867896e-07 2.673181163384389492e+03 -3.677589654235936534e-01 4.421697499124690012e+00 -1.452765314262257856e+00 1.362089279451338841e+00
1.000000000000000000e+00 2.149550878480150402e+02 -1.842985176292501990e+02 -7.285965683606909588e+05 -4.996215775009251562e+13 -3.883084151148192580e-06 7.273274743103985429e-07 9.554289310942368729e+02 9.434869408744387398e-01 1.575825503312622944e+00 1.553987036456223603e+00 -1.245366835131635819e+00
1.000000000000000000e+00 1.766535060922518312e+02 -2.044162060003505985e+02 -7.328091515430774307e+05 -5.054156808297133594e+13 -4.331856351763654132e-06 5.827157292088558101e-07 -2.763031468051301999e+03 2.944583337179351723e-01 -4.544104123011704743e+00 -1.646097615307234863e+00 1.120792980170565833e+00
1.000000000000000000e+00 1.341098558684319073e+02 -2.195555006644715945e+02 -7.370216875452623935e+05 -5.112431223539020312e+13 -4.679424328619088532e-06 4.530061743134954130e-07 -7.450070302952359498e+02 -9.664266518296513730e-01 -1.221740880779327521e+00 1.728488005024977348e+00 -9.890113649521717898e-01
1.000000000000000000e+00 8.836950641828448738e+01 -2.294132278979420789e+02 -7.412341726241922006e+05 -5.171038957286584375e+13 -4.917470095455749863e-06 3.507102745781671500e-07 2.837272397563865525e+03 -2.189063482913499448e-01 4.639590244416453402e+00 -1.800576117413998034e+00 8.507290455357193748e-01
1.000000000000000000e+00 4.049732141237484484e+01 -2.337651977654159055e+02 -7.454466033769776113e+05 -5.229979949677568750e+13 -5.039230620527826542e-06 2.854581244577881023e-07 5.260490482389611770e+02 9.835941837012646127e-01 8.577648357903449039e-01 1.861822737825600926e+00 -7.067038675678570803e-01
1.000000000000000000e+00 -8.312257529203350259e+00 -2.325134775035349151e+02 -7.496589777992025483e+05 -5.289254159504575781e+13 -5.040570772133589727e-06 2.635104109821954903e-07 -2.894973184860643414e+03 1.414606560204113572e-01 -4.707100571968018343e+00 -1.911733539589884012e+00 5.577536527239576047e-01
1.000000000000000000e+00 -5.690139322520638387e+01 -2.257356411990303400e+02 -7.538712956204591319e+05 -5.348861569530889062e+13 -4.921133890601249500e-06 2.869678064056272075e-07 -2.995999616815634568e+02 -9.947680444676022526e-01 -4.857593025307392898e-01 1.949867849373354778e+00 -4.047587349272556145e-01
1.000000000000000000e+00 -1.041620097543412840e+02 -2.135859138991553721e+02 -7.580835575239722384e+05 -5.408802176042248438e+13 -4.682281535224437982e-06 3.536337309188186739e-07 2.935203868475265608e+03 -6.255276706411086463e-02 4.745604838078902432e+00 -1.975850857697378782e+00 2.486516673105500508e-01
1.000000000000000000e+00 -1.489283885273063390e+02 -1.963403173793614656e+02 -7.622957653946939390e+05 -5.469075992784785938e+13 -4.328135361559748128e-06 4.571369226097038254e-07 6.696831637163161588e+01 9.997421659064229527e-01 1.079692481208742033e-01 1.989381652234210263e+00 -9.041518276079286986e-02
1.000000000000000000e+00 -1.901439931673613728e+02 -1.744362423903183981e+02 -7.665079228335939115e+05 -5.529683058861751562e+13 -3.866528447779144652e-06 5.877772314357295246e-07 -2.957102084043819104e+03 -1.730630525774384462e-02 -4.754204468814205775e+00 -1.990242324678801022e+00 -6.891844874128637277e-02
1.000000000000000000e+00 -2.268657657926225113e+02 -1.483676912971860418e+02 -7.707200339011173928e+05 -5.590623421184440625e+13 -3.306768757567892287e-06 7.333311049243847345e-07 1.702750880553364254e+02 -9.983505606229325924e-01 2.729901143988255896e-01 1.978307056322063273e+00 2.282880952352016324e-01
1.000000000000000000e+00 -2.581585027015168521e+02 -1.187296589719319968e+02 -7.749321038224878721e+05 -5.651897144942429688e+13 -2.660668159592652019e-06 8.796167990062397408e-07 2.959946899988527548e+03 9.753208276116227815e-02 4.732246961250579531e+00 -1.953548143303316387e+00 -3.866056328042167256e-01
1.000000000000000000e+00 -2.832606950513421680e+02 -8.624800749884747120e+01 -7.791441394763023127e+05 -5.713504321231086719e+13 -1.943277033472254860e-06 1.012598098608005898e-06 -4.103278843957288586e+02 9.904903340408649504e-01 -6.541925145805456143e-01 1.916043877789763039e+00 5.427615700325061354e-01
1.000000000000000000e+00 -3.015787838729447685e+02 -5.166937319631074388e+01 -7.833561479776652995e+05 -5.775445046814710938e+13 -1.170470003568614682e-06 1.119710592730973911e-06 -2.943229171322535876e+03 -1.774783040744199181e-01 -4.679430926907331312e+00 -1.865980589208624529e+00 -6.956512806114983904e-01
1.000000000000000000e+00 -3.125818065072888885e+02 -1.580470892433293528e+01 -7.875681371413838351e+05 -5.837719431086978125e+13 -3.599502488487284856e-07 1.190201613077284006e-06 6.511835030027215225e+02 -9.761418752057734460e-01 1.032452586412610840e+00 1.803654676544005353e+00 8.441824869663685504e-01
1.000000000000000000e+00 -3.159642985871892051e+02 2.045093984403094112e+01 -7.917801157751912251e+05 -5.900327600718462500e+13 4.682585339591290867e-07 1.216999765880680749e-06 2.906709034643592531e+03 2.564602577983964848e-01 4.595887342788266494e+00 -1.729474413886857631e+00 -9.872854274375235661e-01
1.000000000000000000e+00 -3.116270052545751810e+02 5.623338132918367194e+01 -7.959920924854299519e+05 -5.963269682155498438e+13 1.294406814974743485e-06 1.197263380696087541e-06 -8.907157634076022532e+02 9.553825085808357320e-01 -1.404466356987364550e+00 1.643952632451088913e+00 1.123936833535105428e+00
1.000000000000000000e+00 -2.995681010764133134e+02 9.066684641353704421e+01 -8.002040762957456755e+05 -6.026545810859429688e+13 2.098056157517542177e-06 1.132074700739521015e-06 -2.850452413530490048e+03 -3.337810458080664455e-01 -4.482225127657269326e+00 -1.547704479936249378e+00 -1.253166033015995717e+00
1.000000000000000000e+00 -2.800394281948696289e+02 1.228533716885966527e+02 -8.044160767761886818e+05 -6.090156133426857031e+13 2.857825194490591423e-06 1.027611824664239029e-06 1.126762478075514309e+03 -9.283913698596522046e-01 1.766945586753375652e+00 1.441442779384870976e+00 1.374065856237975947e+00
1.000000000000000000e+00 -2.535077948860715935e+02 1.519904102697198311e+02 -8.086281023279941874e+05 -6.154100781698764844e+13 3.554126296639634051e-06 8.942360470758170187e-07 2.774842420241907803e+03 4.087600964300710515e-01 4.339535970551000155e+00 -1.325958048345548868e+00 -1.485816111619283619e+00
1.000000000000000000e+00 -2.205373299751176432e+02 1.773277458514608611e+02 -8.128401610513421474e+05 -6.218379885574256250e+13 4.168210905570833529e-06 7.446437873858471737e-07 -1.357218178601699947e+03 8.954444274052276720e-01 -2.116761965292624392e+00 1.202112838361041325e+00 1.587683528719544546e+00
1.000000000000000000e+00 -1.819341756147383080e+02 1.981618006180671898e+02 -8.170522607670973521e+05 -6.282993573225603906e+13 4.682066898716766500e-06 5.936240250908344703e-07 -2.680546521061005933e+03 -4.807711153556385453e-01 -4.169330207899579754e+00 -1.070831103669189543e+00 -1.679027995875711943e+00
1.000000000000000000e+00 -1.386830575817047020e+02 2.139504220105926890e+02 -8.212644078894566046e+05 -6.347941953559895312e+13 5.081173073846313598e-06 4.564519458058631249e-07 1.580136213566647939e+03 -8.568969576053133697e-01 2.451101179199741686e+00 9.330766040515143800e-01 1.759313023453040081e+00
1.000000000000000000e+00 -9.181722297981553993e+01 2.242635807691930268e+02 -8.254766078533305554e+05 -6.413225122302198438e+13 5.353420551956782976e-06 3.468929274920336384e-07 2.568463591658613950e+03 5.492630718730370232e-01 3.973443645777624766e+00 -7.898433499233766808e-01 -1.828103319318030939e+00
1.000000000000000000e+00 -4.254924931211812833e+01 2.287748214556039557e+02 -8.296888649848551722e+05 -6.478843159585094531e+13 5.488975919777792113e-06 2.762356369780800508e-07 -1.793800831567269370e+03 8.131580396878166361e-01 -2.767565707244574291e+00 6.421422619098412499e-01 1.885064343461277270e+00
1.000000000000000000e+00 7.816433609165533980e+00 2.273652373086830210e+02 -8.339011814258375671e+05 -6.544796112626397656e+13 5.482851615374434282e-06 2.518274204624108077e-07 -2.439635857012770430e+03 -6.137812097090787899e-01 -3.753893349328984552e+00 -4.909789023155587961e-01 -1.929962170872992377e+00
1.000000000000000000e+00 5.802231542040090062e+01 2.200599487663395735e+02 -8.381135580273235682e+05 -6.611084008960219531e+13 5.333492793189234211e-06 2.761976175986703765e-07 1.996780624621670995e+03 -7.646571365807282028e-01 3.064245719345201735e+00 3.373512643665379507e-01 1.962653404947007463e+00
1.000000000000000000e+00 1.067360558937530897e+02 2.070088742838843814e+02 -8.423259997888817452e+05 -6.677706942167278906e+13 5.042396685487068442e-06 3.468343336714578248e-07 2.295171915399948375e+03 6.739656389179757845e-01 3.512754988496675335e+00 -1.822972454757078031e-01 -1.983073870992140719e+00
1.000000000000000000e+00 1.526515620058312095e+02 1.885739666264218499e+02 -8.465384936435259879e+05 -6.744664719529253125e+13 4.616324041576219178e-06 4.563731720460258330e-07 -2.187894072350513397e+03 7.118239205843939210e-01 -3.339653523539519497e+00 2.665852257913882417e-02 1.991256785724453415e+00
1.000000000000000000e+00 1.946242195244524851e+02 1.652462178877717065e+02 -8.507510407852958888e+05 -6.811957372559367969e+13 4.065386645246003582e-06 5.936263789320467782e-07 -2.136053995633013983e+03 -7.295796185163221370e-01 -3.251867885261537250e+00 1.285926273083006499e-01 -1.987279094571704263e+00
1.000000000000000000e+00 2.315457630813395724e+02 1.376139834632514294e+02 -8.549636361168618314e+05 -6.879584831900953906e+13 3.402342645234980093e-06 7.443853545420337920e-07 2.366306795621237143e+03 -6.550223583467505994e-01 3.592860127198803877e+00 -2.825675724658966992e-01 1.971286339046287361e+00
1.000000000000000000e+00 2.624437825145604393e+02 1.064343749389787348e+02 -8.591762725795598235e+05 -6.947546994860879688e+13 2.644429709465883923e-06 8.931562986097752631e-07 1.963226748110528661e+03 7.804305858084574776e-01 2.972975620395905239e+00 4.344192449555920321e-01 -1.943474770387307426e+00
1.000000000000000000e+00 2.865976198813183942e+02 7.253357759225038137e+01 -8.633889426964401500e+05 -7.015843749709302344e+13 1.810979024099298984e-06 1.025156115362680124e-06 -2.531266334156928679e+03 5.945931935952051273e-01 -3.823079894413166091e+00 -5.833269614852006901e-01 1.904086111373177070e+00
1.000000000000000000e+00 3.033983057443376765e+02 3.676911744504073454e+01 -8.676016382163282251e+05 -7.084474969700871875e+13 9.225106912557872066e-07 1.126876576580385821e-06 -1.777469483465756184e+03 -8.263826636730012831e-01 -2.677536103800860268e+00 7.285000910385258655e-01 -1.853402784306920070e+00
1.000000000000000000e+00 3.124349267343814063e+02 9.352152331452662226e-02 -8.718143496777509572e+05 -7.153440505611537500e+13 2.357780785070409388e-09 1.187996616144035733e-06 2.682136102658846994e+03 -5.308202308261004143e-01 4.029717842105084102e+00 -8.691813513913410061e-01 1.791741622531916711e+00
1.000000000000000000e+00 3.135837862753385821e+02 -3.655308085382350924e+01 -8.760270675366789801e+05 -7.222740203854864062e+13 -9.259965127721856816e-07 1.203130207673849607e-06 1.579436236383869982e+03 8.673170147524551510e-01 2.366789028425004382e+00 1.004634480142193809e+00 -1.719454513742427526e+00
1.000000000000000000e+00 3.068488084861579068e+02 -7.227624668630106441e+01 -8.802397826673173113e+05 -7.292373914746900000e+13 -1.839773771458748158e-06 1.171130462351792543e-06 -2.818290124206942892e+03 4.639458590371026148e-01 -4.212207319343175271e+00 -1.134139248704742142e+00 1.636930795136809280e+00
1.000000000000000000e+00 2.924343859841045514e+02 -1.061621439172926671e+02 -8.844524857064518146e+05 -7.362341481756456250e+13 -2.715263777980759828e-06 1.095463970830274710e-06 -1.369710459943823480e+03 -9.031062253895711933e-01 -2.041843046030493714e+00 1.256997318026624511e+00 -1.544594447094012057e+00
1.000000000000000000e+00 2.708105894727397072e+02 -1.373833853436518950e+02 -8.886651678709650878e+05 -7.432642755086090625e+13 -3.530532474910374678e-06 9.842694929056007446e-07 2.939031248058621713e+03 -3.941990442408396800e-01 4.369887640888616254e+00 -1.372525490707181994e+00 1.442909574740840473e+00
1.000000000000000000e+00 2.425380778201614476e+02 -1.652202191061240342e+02 -8.928778212753928965e+05 -7.503277597239307812e+13 -4.266021776348977267e-06 8.485462564325011465e-07 1.148881280249646579e+03 9.335979829037247546e-01 1.703792221958204678e+00 1.480055346502794356e+00 -1.332385242641285439e+00
1.000000000000000000e+00 2.083346687893388776e+02 -1.889892456368688158e+02 -8.970904381826895988e+05 -7.574245870724737500e+13 -4.902765914064281868e-06 7.016915076877458531e-07 -3.043561136017211084e+03 3.218181907461660218e-01 -4.501962089108085152e+00 -1.578941490253984448e+00 1.213572426299440288e+00
1.000000000000000000e+00 1.691247380124867448e+02 -2.081428916210128364e+02 -9.013030122399728280e+05 -7.645547459080093750e+13 -5.425006277658971673e-06 5.584936519259065139e-07 -9.176213344470303355e+02 -9.586100131878451114e-01 -1.353831242995698902e+00 1.668556494784215749e+00 -1.087075658467797412e+00
1.000000000000000000e+00 1.258560567038404372e+02 -2.222763714392260397e+02 -9.055155386949910317e+05 -7.717182271110684375e+13 -5.820456456805578331e-06 4.327537700317523779e-07 3.130977096324465492e+03 -2.470751226278417589e-01 4.607496716289936955e+00 -1.748296454410076972e+00 9.535584780268790972e-01
1.000000000000000000e+00 7.956819136014820515e+01 -2.310501991717323733e+02 -9.097280131905820454e+05 -7.789150220880193750e+13 -6.078350706041157989e-06 3.364058900100521101e-07 6.767813861109339086e+02 9.779329796814527631e-01 9.933917214571407195e-01 1.817594532825408171e+00 -8.137348325855117137e-01
1.000000000000000000e+00 3.143321258471613788e+01 -2.342828477271793588e+02 -9.139404327946442645e+05 -7.861451245586404688e+13 -6.191932653524279229e-06 2.787075576077491748e-07 -3.200294851595831460e+03 1.703010515875374720e-01 -4.685457150448957719e+00 -1.875922233126126493e+00 6.683786642187727889e-01
1.000000000000000000e+00 -1.742937278260005129e+01 -2.319449211948416973e+02 -9.181527961387308314e+05 -7.934085308521490625e+13 -6.158396790272232774e-06 2.650766619191662727e-07 -4.274343229205865669e+02 -9.913460259661364127e-01 -6.242004289676653661e-01 1.922798194279024653e+00 -5.183255421037112898e-01
1.000000000000000000e+00 -6.587770338103263157e+01 -2.240774711021072392e+02 -9.223651026756686624e+05 -8.007052386802734375e+13 -5.976802383104006288e-06 2.967380840696628817e-07 3.250507059618465973e+03 -9.189670647878574183e-02 4.734796375120353673e+00 -1.957799867494460111e+00 3.644639109136302291e-01
1.000000000000000000e+00 -1.127122563988162369e+02 -2.108794252210507238e+02 -9.265773535637325840e+05 -8.080352487119281250e+13 -5.650459019025082382e-06 3.706000339019569033e-07 1.709279392447986083e+02 9.986350904780733062e-01 2.483485272413627210e-01 1.980570131431271363e+00 -2.077407470914172383e-01
1.000000000000000000e+00 -1.568590525602737671e+02 -1.926909931493673014e+02 -9.307895514201580081e+05 -8.153985642089625000e+13 -5.186576088086217898e-06 4.797568442027549010e-07 -3.280651879058872055e+03 1.234243909994799104e-02 -4.754554404585975114e+00 -1.990828493277393640e+00 4.915459159271028805e-02
1.000000000000000000e+00 -1.972866717534718077e+02 -1.699091952073116261e+02 -9.350016991732494207e+05 -8.227951890637270312e+13 -4.594064853821976938e-06 6.139150859558588329e-07 9.109380695168636066e+01 -9.996164231369092379e-01 1.316868629885472319e-01 1.988380339140801256e+00 1.102628243702103578e-01
1.000000000000000000e+00 -2.329757789690757477e+02 -1.430715814630830778e+02 -9.392138014573918190e+05 -8.302251302776612500e+13 -3.885846870352799499e-06 7.600510498541438153e-07 3.289894271494434633e+03 6.780579995812140159e-02 4.743973332374581631e+00 -1.973123476268500598e+00 -2.694401805928219318e-01
1.000000000000000000e+00 -2.630979398989065885e+02 -1.128297354978211473e+02 -9.434258642351699527e+05 -8.376883973578698438e+13 -3.078216680604143674e-06 9.042913969309849118e-07 -3.567245084789292378e+02 9.941607181729726905e-01 -5.131008095454773210e-01 1.945056825701299896e+00 4.272800115996143178e-01
1.000000000000000000e+00 -2.869239597440772513e+02 -7.986202451281894810e+01 -9.476378938309934456e+05 -8.451850006459778125e+13 -2.188520268540223775e-06 1.032815274727232434e-06 -3.277605735930289939e+03 -1.479237107758847869e-01 -4.702606680339674661e+00 -1.904284349067709492e+00 -5.826794842926547036e-01
1.000000000000000000e+00 -3.037977889486730305e+02 -4.495430082107323955e+01 -9.518498978204764426e+05 -8.527149529259718750e+13 -1.237392712343125459e-06 1.132894985867150727e-06 6.238137575575001392e+02 -9.822144549253279955e-01 8.927951292406812733e-01 1.851020067010634929e+00 7.345331681032034599e-01
1.000000000000000000e+00 -3.133079593196760015e+02 -8.963303587915648407e+00 -9.560618844620594755e+05 -8.602782684509273438e+13 -2.478117813447439932e-07 1.194954230164380701e-06 3.243435114872586837e+03 2.273386262675326508e-01 4.630412748816613799e+00 -1.785589126841915730e+00 -8.817515146704930640e-01
1.000000000000000000e+00 -3.151852765991707201e+02 2.727384914290894713e+01 -9.602738618544574128e+05 -8.678749614471129688e+13 7.573722360877712709e-07 1.212640686902270757e-06 -8.900461663525295535e+02 9.638167201754062052e-01 -1.267498182139648266e+00 1.708423087199514079e+00 1.023281397584978158e+00
1.000000000000000000e+00 -3.092784457425895539e+02 6.286156540491443678e+01 -9.644858392298239050e+05 -8.755050484553776562e+13 1.753270341443834989e-06 1.183335761848612646e-06 -3.187356891834653197e+03 -3.053561961554357440e-01 -4.527813225003685993e+00 -1.620062801007175146e+00 -1.158106551364152192e+00
1.000000000000000000e+00 -2.957136190214645808e+02 9.689227073571167637e+01 -9.686978259562422754e+05 -8.831685465572100000e+13 2.714221572464703132e-06 1.109772067024907160e-06 1.153033933857545435e+03 -9.391075553057713909e-01 1.633900318656396733e+00 1.521149834160308023e+00 1.285269405826595879e+00
1.000000000000000000e+00 -2.747771707688568767e+02 1.285391007868654185e+02 -9.729098307201530552e+05 -8.908654718828714062e+13 3.616393566721091818e-06 9.990058084814984040e-07 3.109697622454335487e+03 3.812846746268427345e-01 4.395719146338255889e+00 -1.412413473803021846e+00 -1.403888329796734391e+00
1.000000000000000000e+00 -2.468875587978471629e+02 1.569786917368280683e+02 -9.771218621875327080e+05 -8.985958408004648438e+13 4.435650042867555270e-06 8.614399329250221638e-07 -1.410414689310196763e+03 9.083272162764866042e-01 -1.988792780546789762e+00 1.294665225696533861e+00 1.513161001642563841e+00
1.000000000000000000e+00 -2.127377086028744202e+02 1.814448539588023550e+02 -9.813339287429634714e+05 -9.063596694331362500e+13 5.149076080130383797e-06 7.107293089051778846e-07 -3.011115125573158821e+03 -4.544739383905049834e-01 -4.235489666805459130e+00 -1.168787033134540465e+00 -1.612374377958277538e+00
1.000000000000000000e+00 -1.731579159241035768e+02 2.013186686307532511e+02 -9.855460373723454541e+05 -9.141569715752129688e+13 5.737580668022086905e-06 5.618245169641477008e-07 1.659964680497819472e+03 -8.718034021361946717e-01 2.329224068405834736e+00 1.035710300711641274e+00 1.700916939923753590e+00
1.000000000000000000e+00 -1.290782638876899853e+02 2.160475540387481601e+02 -9.897581946769418428e+05 -9.219877605259839062e+13 6.183669915534264343e-06 4.295095993390034045e-07 2.892548925297019650e+03 5.243408404420162316e-01 4.048851774775544143e+00 -8.964114420986704079e-01 -1.778274666634590995e+00
1.000000000000000000e+00 -8.165115437806811372e+01 2.251996631930069270e+02 -9.939704060663065175e+05 -9.298520475644379688e+13 6.473051013290582255e-06 3.274576231876631690e-07 -1.899691312329100128e+03 8.299286876442677485e-01 -2.652622916939729958e+00 7.518927627607467912e-01 1.844036750400543268e+00
1.000000000000000000e+00 -3.209322672395001064e+01 2.285428854820298739e+02 -9.981826747529351851e+05 -9.377498400130600000e+13 6.596986157286196528e-06 2.662213358363189165e-07 -2.755137443900734525e+03 -5.903909408758364341e-01 -3.837776032155289396e+00 -6.031600743563680922e-01 -1.897896780181210108e+00
1.000000000000000000e+00 1.836187263011469994e+01 2.259531830893313327e+02 -1.002395003110487829e+06 -9.456811437134875000e+13 6.549757120588963868e-06 2.520880345885203891e-07 2.127904817046784046e+03 -7.831290537335394708e-01 2.956888705628344383e+00 4.512238338543954619e-01 1.939642058546247494e+00
1.000000000000000000e+00 6.835642846414954477e+01 2.174615407918460903e+02 -1.006607391997844330e+06 -9.536459617124964062e+13 6.330097728274244686e-06 2.865875374070497161e-07 2.600101158467286950e+03 6.522345209926332377e-01 3.604308729860508542e+00 -2.970828234523384959e-01 -1.969151101243723945e+00
1.000000000000000000e+00 1.165805148571914742e+02 2.033137533056519430e+02 -1.010819840111306519e+06 -9.616442929693846875e+13 5.943035906869497230e-06 3.662382721928841798e-07 -2.343232337085155905e+03 7.318330047071108790e-01 -3.240399615945298795e+00 1.417087256346230839e-01 1.986386895999566971e+00
1.000000000000000000e+00 1.618194224421065144e+02 1.838626806533960121e+02 -1.015032344918463263e+06 -9.696761340545023438e+13 5.396861938877154017e-06 4.829236883045950829e-07 -2.428645229232562542e+03 -7.095793343567896594e-01 -3.350435726286964400e+00 1.395132506769377646e-02 -1.991386357302027843e+00
1.000000000000000000e+00 2.028499657861885055e+02 1.596033465099811792e+02 -1.019244902373361751e+06 -9.777414785540757812e+13 4.704228190893889728e-06 6.244750126248281495e-07 2.544602721700417533e+03 -6.764411660890844447e-01 3.501980247542173519e+00 -1.689826340607919197e-01 1.984252789567312325e+00
1.000000000000000000e+00 2.386119718688396460e+02 1.312120232599502003e+02 -1.023457506306465017e+06 -9.858403158349564062e+13 3.883392492626874931e-06 7.764379260600341255e-07 2.241869009307328724e+03 7.622170970326379580e-01 3.077959639143919901e+00 3.225125487169622773e-01 -1.965146284488733075e+00
1.000000000000000000e+00 2.682403784345337954e+02 9.942354228048412779e+01 -1.027670150167157175e+06 -9.939726343311551562e+13 2.954682454173019125e-06 9.236125681321233702e-07 -2.731181241301859245e+03 6.173063660151730803e-01 -3.740801554976150634e+00 -4.736941361863492017e-01 1.934277159267112856e+00
1.000000000000000000e+00 2.909516528484992932e+02 6.505811780588101101e+01 -1.031882826305296621e+06 -1.002138420133255938e+14 1.941331573738695338e-06 1.050808065115672824e-06 -2.040717012670959775e+03 -8.099981672290115231e-01 -2.788437185674660146e+00 6.217142524002835513e-01 -1.891900011068804011e+00
1.000000000000000000e+00 3.062022761605588244e+02 2.904688355994365878e+01 -1.036095525596898398e+06 -1.010337656214791094e+14 8.702963875095040563e-07 1.145207563159858486e-06 2.902264473339914275e+03 -5.547318741487847760e-01 3.956229327194840995e+00 -7.657966497790640314e-01 1.838306218970861661e+00
1.000000000000000000e+00 3.136938849453063654e+02 -7.697951625431826095e+00 -1.040308239111080533e+06 -1.018570325638030156e+14 -2.315821355776579962e-07 1.197826919156687669e-06 1.825982208348463928e+03 8.528009004303740426e-01 2.483189460564582784e+00 9.051844818936118919e-01 -1.773825052607719055e+00
1.000000000000000000e+00 3.132440843355897186e+02 -4.425523952534862815e+01 -1.044520957421289175e+06 -1.026836410207407500e+14 -1.336748460657451808e-06 1.203529670390005149e-06 -3.057195429839643566e+03 4.889745680878067602e-01 -4.147704425371773418e+00 -1.039146322204430151e+00 1.698819938830713916e+00
1.000000000000000000e+00 3.049283818664374621e+02 -7.967223907111581127e+01 -1.048733670781570720e+06 -1.035135890797839688e+14 -2.416240019489392190e-06 1.162320024475659057e-06 -1.598349633613799369e+03 -8.905043909815519854e-01 -2.163366498431733564e+00 1.166973357532560485e+00 -1.613687530573675533e+00
1.000000000000000000e+00 2.890572980046447356e+02 -1.130924680887498113e+02 -1.052946370388597948e+06 -1.043468749843395156e+14 -3.443560938211413832e-06 1.078996968545032641e-06 3.195271679293958641e+03 -4.202655084849478140e-01 4.314616927319812945e+00 -1.287968310016689211e+00 1.518865331723828982e+00
1.000000000000000000e+00 2.660353764377974244e+02 -1.437182065643265219e+02 -1.057159047658193158e+06 -1.051834969935004844e+14 -4.393594369246716944e-06 9.617301072713485805e-07 1.358473728468372656e+03 9.229680995768358986e-01 1.830055450708816922e+00 1.401453076094423933e+00 -1.414829862218514478e+00
1.000000000000000000e+00 2.364915442632558893e+02 -1.707835569579208936e+02 -1.061371694234731141e+06 -1.060234533847936719e+14 -5.241811443084715628e-06 8.223413461346351484e-07 -3.315686652761746700e+03 3.488373104304829386e-01 -4.456228403790335690e+00 -1.506769801541718579e+00 1.302097933598588275e+00
1.000000000000000000e+00 2.012353425475050983e+02 -1.936748548694197041e+02 -1.065584303096741904e+06 -1.068667426768467188e+14 -5.968001071341356440e-06 6.749866509561377345e-07 -1.107063736526472894e+03 -9.500225096097985045e-01 -1.484396554086112596e+00 1.603275700223705913e+00 -1.181237187271027889e+00
1.000000000000000000e+00 1.611121881803167923e+02 -2.118796815427716069e+02 -1.069796868321320973e+06 -1.077133635872371406e+14 -6.554785322966489393e-06 5.339246271743908044e-07 3.417519464209506168e+03 -2.749454566517888776e-01 4.571661274816549714e+00 -1.690350118605883134e+00 1.052867864477238680e+00
1.000000000000000000e+00 1.171295016597964036e+02 -2.249544447789728565e+02 -1.074009384560783627e+06 -1.085633149310461875e+14 -6.986674229061317524e-06 4.127932249905613314e-07 8.449847050931105059e+02 9.714685159326057473e-01 1.127716687576805210e+00 1.767403055340329709e+00 -9.176604510893184852e-01
1.000000000000000000e+00 7.040078469501065683e+01 -2.326362459895325969e+02 -1.078221848342445679e+06 -1.094165958869403750e+14 -7.253595742000899027e-06 3.232625074129602057e-07 -3.499745787891044984e+03 1.988957177712987190e-01 -4.659916493773176960e+00 -1.833874837238474331e+00 7.763487263229993385e-01
1.000000000000000000e+00 2.200370483377101039e+01 -2.347786319343758521e+02 -1.082434257034673821e+06 -1.102732057939377812e+14 -7.348994712584234779e-06 2.737034021641363785e-07 -5.733300240456858319e+02 -9.870885423619319976e-01 -7.616214204435781676e-01 1.889249868113924258e+00 -6.297215252405645725e-01
1.000000000000000000e+00 -2.689307726533561294e+01 -2.313161722883307334e+02 -1.086646608896751888e+06 -1.111331441649426250e+14 -7.268790721187137830e-06 2.687527575218839084e-07 3.561289502542130322e+03 -1.210605311132491729e-01 4.719944781911422638e+00 -1.933063662939378480e+00 4.786221250038250608e-01
1.000000000000000000e+00 -7.509207879040667422e+01 -2.223687455751705215e+02 -1.090858904304123018e+06 -1.119964109418640312e+14 -7.014717182894855380e-06 3.088199771497651175e-07 2.934676289876999249e+02 9.966643242139255898e-01 3.880496966978865259e-01 1.964908414316351992e+00 -3.239586190682128275e-01
1.000000000000000000e+00 -1.215028275275555671e+02 -2.081657307211150396e+02 -1.095071144569796277e+06 -1.128630062610633906e+14 -6.592033557607307608e-06 3.901216667452485552e-07 -3.601095034984461563e+03 4.188824563799919271e-02 -4.750743210862663268e+00 -1.984446782487079508e+00 1.666890248230561145e-01
1.000000000000000000e+00 -1.650124085909140206e+02 -1.890102920184606035e+02 -1.099283331992777530e+06 -1.137329304670925469e+14 -6.008456688293117188e-06 5.048882260276514835e-07 -7.089645024953780350e+00 -9.999980742858417537e-01 -9.331546048456946379e-03 1.991419887320729831e+00 -7.816386842768906565e-03
1.000000000000000000e+00 -2.045513721987502436e+02 -1.653770003725399533e+02 -1.103495470346746733e+06 -1.146061842181077812e+14 -5.277320909135030391e-06 6.420942320401586791e-07 3.618212012221997611e+03 3.809389925708907276e-02 4.751465300763553223e+00 -1.985655503861218474e+00 -1.516129397691197145e-01
1.000000000000000000e+00 -2.392221269751237003e+02 -1.378257038557971725e+02 -1.107707564462756040e+06 -1.154827684047051562e+14 -4.414923466272780254e-06 7.887929146817862361e-07 -2.838120741927268114e+02 9.969373876175670057e-01 -3.718528754696976968e-01 1.967076608015574157e+00 3.105219504603926040e-01
1.000000000000000000e+00 -2.681659979233071454e+02 -1.069665692404761472e+02 -1.111919619915172225e+06 -1.163626840883795000e+14 -3.439452365842602284e-06 9.307572093482486410e-07 -3.611884565110747644e+03 -1.182874533093325464e-01 -4.721534198000137295e+00 -1.935707215867944031e+00 -4.678160300337699251e-01
1.000000000000000000e+00 -2.906320029396888458e+02 -7.355115676619720944e+01 -1.116131643855915638e+06 -1.172459326797386094e+14 -2.373956558406776791e-06 1.054136057840991516e-06 5.769706039774030160e+02 -9.873974647417755879e-01 7.525133853467707024e-01 1.891679271391277339e+00 6.223855699711796641e-01
1.000000000000000000e+00 -3.060959943660880072e+02 -3.837642126595912373e+01 -1.120343643901466625e+06 -1.181325157100415938e+14 -1.243321850916290258e-06 1.147306921237241245e-06 3.581634249859987449e+03 1.980357858232107138e-01 4.660744471679911349e+00 -1.835234326665235560e+00 -7.731295038668385411e-01
1.000000000000000000e+00 -3.141221727975855629e+02 -2.249992387019553952e+00 -1.124555627831865801e+06 -1.190224347693250312e+14 -7.316945678958730317e-08 1.200858912016853247e-06 -8.698994747705060036e+02 9.713805360114095011e-01 -1.129428865404980664e+00 1.766722256496898069e+00 9.189704739099580078e-01
1.000000000000000000e+00 -3.144331300380109155e+02 3.392540937090502950e+01 -1.128767604554168647e+06 -1.199156917117576875e+14 1.107382031964109539e-06 1.208873859208343973e-06 -3.527322733524250452e+03 -2.766505841353557038e-01 -4.569334950441268361e+00 -1.686604063379975926e+00 -1.058858346007593987e+00
1.000000000000000000e+00 -3.070158009297730928e+02 6.925714287717541140e+01 -1.132979583211188205e+06 -1.208122884700345469e+14 2.269104483257829913e-06 1.170430132601671730e-06 1.160001759764981671e+03 -9.489872805766481623e-01 1.499293448993714417e+00 1.595445735094333850e+00 1.191791579886804175e+00
1.000000000000000000e+00 -2.919730059474282484e+02 1.028974610581155247e+02 -1.137191572665111860e+06 -1.217122269457755625e+14 3.383811253232863925e-06 1.088803117654144738e-06 3.449191176942278616e+03 3.534352143743390018e-01 4.448029540490434641e+00 -1.493909186084620977e+00 -1.316833173660114431e+00
1.000000000000000000e+00 -2.695909812072080172e+02 1.339645440562941303e+02 -1.141403582173695089e+06 -1.226155091536937969e+14 4.421778059017965450e-06 9.715739771640032450e-07 -1.444663363021547866e+03 9.204205096684212606e-01 -1.858838450935657249e+00 1.382748726964597052e+00 1.433115564634467987e+00
1.000000000000000000e+00 -2.404262060482993775e+02 1.616540822819530092e+02 -1.145615620195561089e+06 -1.235221369655346875e+14 5.355418836254315436e-06 8.304003990080479670e-07 -3.347858619885368171e+03 -4.277192957354623570e-01 -4.298024324747742320e+00 -1.262793787419459246e+00 -1.539859121470078307e+00
1.000000000000000000e+00 -2.051414602710566726e+02 1.852717665815538055e+02 -1.149827694345499622e+06 -1.244321120972336562e+14 6.160413247733350760e-06 6.789381328146281304e-07 1.721382900880769967e+03 -8.859765235427523589e-01 2.204997915632414873e+00 1.134936461594516111e+00 1.636378162792177848e+00
1.000000000000000000e+00 -1.645659377387786435e+02 2.041554441091950025e+02 -1.154039812266261782e+06 -1.253454362949503906e+14 6.813175810412405486e-06 5.320821725170362975e-07 3.224274676600789462e+03 4.988917075382955924e-01 4.120916609953126475e+00 -1.000126906614926314e+00 -1.722080263572125736e+00
1.000000000000000000e+00 -1.197581112028719730e+02 2.177871021289279838e+02 -1.158251980168240843e+06 -1.262621110167988750e+14 7.294626271842848299e-06 4.049254698422389411e-07 -1.987877074857115758e+03 8.460267317982897994e-01 -2.535038502966054264e+00 8.593490317590206651e-01 1.796478083677788051e+00
1.000000000000000000e+00 -7.182387467388608115e+01 2.258163278771772866e+02 -1.162464202538192738e+06 -1.271821373634333438e+14 7.591066003453391821e-06 3.104445859041697416e-07 -3.079648833735915559e+03 -5.664200706387858553e-01 -3.918606077973596058e+00 -7.136041426288239897e-01 -1.859188906793165286e+00
1.000000000000000000e+00 -2.196726973628434365e+01 2.279761565840021262e+02 -1.166676483104051324e+06 -1.281055162830962656e+14 7.691440953338402758e-06 2.583095352486147535e-07 2.242173194735192737e+03 -8.009889049033653841e-01 2.846669619539322404e+00 5.639076467474006815e-01 1.909927336172659862e+00
1.000000000000000000e+00 2.846915206945431009e+01 2.241876222829095582e+02 -1.170888823606641730e+06 -1.290322482978957656e+14 7.590932512776525732e-06 2.540029249858950426e-07 2.915326457106765702e+03 6.298739932205402736e-01 3.693131051465109671e+00 -4.112662351134765970e-01 -1.948505670347246088e+00
1.000000000000000000e+00 7.819832107130962129e+01 2.145654753526794707e+02 -1.175101224230827065e+06 -1.299623335912945156e+14 7.291266306182890012e-06 2.980808630824879728e-07 -2.482651063809908010e+03 7.512948479791016210e-01 -3.138086633603677456e+00 2.566718988237310373e-01 1.974825004873597578e+00
1.000000000000000000e+00 1.259414413736859899e+02 1.993208913619782550e+02 -1.179313684047595598e+06 -1.308957721000783906e+14 6.797512226028228028e-06 3.860606013573197507e-07 -2.732674895169629053e+03 -6.889243174360406563e-01 -3.446521791787937605e+00 -1.010983352380887823e-01 -1.988867363634858165e+00
1.000000000000000000e+00 1.703994466866300854e+02 1.788535076369491890e+02 -1.183526199897077633e+06 -1.318325632611000781e+14 6.121293131387319280e-06 5.087617371324758590e-07 2.708030756680486775e+03 -6.973608310317719328e-01 3.407944856743792439e+00 -5.451701835015896475e-02 1.990688865249914397e+00
1.000000000000000000e+00 2.104450940940699866e+02 1.537347110168144582e+02 -1.187738766873002052e+06 -1.327727061107445469e+14 5.280325639097929308e-06 6.537108382118681568e-07 2.532978539419356366e+03 7.433324938201615328e-01 3.180668889647205955e+00 2.092727443812489596e-01 -1.980408842128040137e+00
1.000000000000000000e+00 2.450664843218043814e+02 1.245965326267310900e+02 -1.191951379401806043e+06 -1.337161995201200156e+14 4.294695093070659095e-06 8.062143787321548087e-07 -2.917334023248733047e+03 6.395597584914332057e-01 -3.655301160025350438e+00 -3.622951009878297435e-01 1.958202370369314549e+00
1.000000000000000000e+00 2.733353040405371530e+02 9.221331209617912350e+01 -1.196164030509524746e+06 -1.346630420273455156e+14 3.189717336021720812e-06 9.505250470820620953e-07 -2.317362509539577786e+03 -7.929300611978405966e-01 -2.897230877383298875e+00 5.127471029199558439e-01 -1.924293291566276709e+00
1.000000000000000000e+00 2.945824631208687379e+02 5.746645190054872643e+01 -1.200376711783699924e+06 -1.356132318233915312e+14 1.994801948485849014e-06 1.072191070459655860e-06 3.109768139378295928e+03 -5.782156228665238373e-01 3.879460344178572662e+00 -6.598289786610402885e-01 1.878946508668863702e+00
1.000000000000000000e+00 3.083202959356249266e+02 2.122663940920435977e+01 -1.204589414833129151e+06 -1.365667670773655469e+14 7.394147738511855042e-07 1.159108240740432239e-06 2.086778406703874225e+03 8.375881336499823027e-01 2.597621501399140609e+00 8.027630000567068658e-01 -1.822466962460428164e+00
1.000000000000000000e+00 3.141979409609662639e+02 -1.556651870013909189e+01 -1.208802130148288328e+06 -1.375236456772998594e+14 -5.441448876063130593e-07 1.202516150969452562e-06 -3.284631786059867864e+03 5.136024595200092691e-01 -4.079852860087562760e+00 -9.408038412046657584e-01 1.755192979673269482e+00
1.000000000000000000e+00 3.121546928040089597e+02 -5.194832765722755852e+01 -1.213014847926416434e+06 -1.384838654141088125e+14 -1.822239795498902341e-06 1.198828504524329404e-06 -1.842030379492005522e+03 -8.771893809600536107e-01 -2.283047291715201599e+00 1.073229092108028304e+00 -1.677496223355736893e+00
1.000000000000000000e+00 3.023171114374795820e+02 -8.704323370665957782e+01 -1.217227559380587190e+06 -1.394474242803645469e+14 -3.063900323683372643e-06 1.149039643943703811e-06 3.441213288737389121e+03 -4.459581474780669463e-01 4.255906231458756572e+00 -1.199327251133659233e+00 1.589788793584847371e+00
1.000000000000000000e+00 2.849423306721653262e+02 -1.199787336515612424e+02 -1.221440255355261965e+06 -1.404143201560182188e+14 -4.237837909885386262e-06 1.058085510496590679e-06 1.583855193177066894e+03 9.116030946581962224e-01 1.954610809110797653e+00 1.318410583011710546e+00 -1.492517268952860743e+00
1.000000000000000000e+00 2.605534752829072431e+02 -1.499286701409342584e+02 -1.225652926952509908e+06 -1.413845509514131562e+14 -5.313981454120488877e-06 9.354413495887729595e-07 -3.578703375227347806e+03 3.755132479183719840e-01 -4.406937655639008966e+00 -1.429809870280657647e+00 1.386166656058279489e+00
1.000000000000000000e+00 2.298162437641602480e+02 -1.762168070372216846e+02 -1.229865566578495782e+06 -1.423581148505705938e+14 -6.267189246983104618e-06 7.935774919213202717e-07 -1.313005109974652669e+03 -9.406727938306768122e-01 -1.613414703094327995e+00 1.532868652301544454e+00 -1.271270214514219843e+00
1.000000000000000000e+00 1.934777939077722806e+02 -1.982203442243253164e+02 -1.234078167232633336e+06 -1.433350101512344062e+14 -7.073897031435420751e-06 6.463637909077621483e-07 3.696173717550680976e+03 -3.025104648664511675e-01 4.532130031109245394e+00 -1.626952470594598799e+00 1.148407559164391412e+00
1.000000000000000000e+00 1.524926081036029757e+02 -2.154087213612697269e+02 -1.238290722878421890e+06 -1.443152353536615000e+14 -7.713540087907114868e-06 5.083756152893865088e-07 1.030361263296621473e+03 9.642109757867577402e-01 1.260700423035520767e+00 1.711450609371391263e+00 -1.018209740280497266e+00
1.000000000000000000e+00 1.078860895374727420e+02 -2.274345993282536256e+02 -1.242503229099200340e+06 -1.452987893178125938e+14 -8.171878463776622453e-06 3.929563117945363911e-07 -3.792572171553310454e+03 2.272338960924608908e-01 -4.630528975451692730e+00 -1.785778741187145080e+00 8.813674324842276642e-01
1.000000000000000000e+00 6.069702977473318839e+01 -2.340273149292945902e+02 -1.246715682146414882e+06 -1.462856710464282500e+14 -8.437267357369051144e-06 3.109402169347218145e-07 -7.370260755551435068e+02 -9.820062744150248601e-01 -8.979578718926790604e-01 1.849391421600498742e+00 -7.386241488269055244e-01
1.000000000000000000e+00 1.210002835983365088e+01 -2.350278564073853147e+02 -1.250928079263889696e+06 -1.472758797640333750e+14 -8.501969048126280367e-06 2.701523887796866288e-07 3.866766800785092073e+03 -1.500280115107595069e-01 4.701099238815970693e+00 -1.901787168838225295e+00 5.907790009488075311e-01
1.000000000000000000e+00 -3.673780433311566185e+01 -2.304684783637783596e+02 -1.255140419930366101e+06 -1.482694152144331250e+14 -8.365110629448993616e-06 2.744572651894800682e-07 4.343748913332544248e+02 9.938394868315958419e-01 5.269828046761445561e-01 1.942513332875837717e+00 -4.386983190295910551e-01
1.000000000000000000e+00 -8.470591982186869018e+01 -2.204578085244855856e+02 -1.259352704257693607e+06 -1.492662772898610938e+14 -8.028616320339700447e-06 3.233885725239500113e-07 -3.917616015977510415e+03 7.131064866885999942e-02 -4.742811309913436801e+00 -1.971181499906111245e+00 2.832980020185065784e-01
1.000000000000000000e+00 -1.306293693136594243e+02 -2.052144225652054672e+02 -1.263564933629591251e+06 -1.502664661854155000e+14 -7.498480798021274382e-06 4.122013872273323146e-07 -1.241270753599905561e+02 -9.995025818549264640e-01 -1.499562942454421011e-01 1.987473908440291703e+00 -1.255457159319037508e-01
1.000000000000000000e+00 -1.734153496558355130e+02 -1.851367415550200519e+02 -1.267777111055547139e+06 -1.512699824885554375e+14 -6.787398704765821943e-06 5.324854204862653442e-07 3.944057069239593147e+03 8.421568087634721464e-03 4.754747971387820016e+00 -1.991152750685302397e+00 -3.354082524532163434e-02
1.000000000000000000e+00 -2.120918116654617904e+02 -1.606807188353580784e+02 -1.271989240159120411e+06 -1.522768269433135938e+14 -5.910375076988303637e-06 6.729145799113604365e-07 -1.916653250793978032e+02 9.988235551135417056e-01 -2.305769688096275805e-01 1.982069484270328363e+00 1.929114383444849035e-01
1.000000000000000000e+00 -2.456882332382891150e+02 -1.323938496284742712e+02 -1.276201325834476622e+06 -1.532870006104461562e+14 -4.886015503821941620e-06 8.198031608674815901e-07 -3.945202599551877029e+03 -8.859767019996640791e-02 -4.736217852930098893e+00 -1.960171497565076804e+00 -3.514853676232731483e-01
1.000000000000000000e+00 -2.733830647303250885e+02 -1.009760139415952693e+02 -1.280413374598591356e+06 -1.543005049573560625e+14 -3.738834690298832319e-06 9.590415751131098013e-07 5.106407432092875638e+02 -9.916894069286316116e-01 6.117440001769509639e-01 1.925510276606444471e+00 5.081578870811293003e-01
1.000000000000000000e+00 -2.945306532158601840e+02 -6.714956088646326293e+01 -1.284625393247322878e+06 -1.553173415395517500e+14 -2.494523033192445902e-06 1.077507410555097794e-06 3.920434979818377087e+03 1.685807192342309302e-01 4.686863519276181833e+00 -1.878244203881750396e+00 -6.618254861399588407e-01
1.000000000000000000e+00 -3.085433587580288872e+02 -3.169422865996221006e+01 -1.288837389175687684e+06 -1.563375120794514062e+14 -1.181261779149664130e-06 1.163379177639682999e-06 -8.301686314303400422e+02 9.780672412521693726e-01 -9.903986944096201395e-01 1.818640496986308586e+00 8.113944825059983268e-01
1.000000000000000000e+00 -3.150370997466571339e+02 4.501247138765744005e+00 -1.293049371082795318e+06 -1.573610186403360312e+14 1.683122805691733331e-07 1.207983756101984951e-06 -3.869483750896288711e+03 -2.476928781867276941e-01 -4.606746745430625900e+00 -1.747079107250384622e+00 -9.557870351333410674e-01
1.000000000000000000e+00 -3.138441578672258743e+02 4.057676967262827361e+01 -1.297261347497000359e+06 -1.583878632713782188e+14 1.522203747899991087e-06 1.206767184739628324e-06 1.147457142625034521e+03 -9.580191020636725785e-01 1.363255401143194989e+00 1.664045665118848438e+00 1.093968138438663029e+00
