5.400000063879182562e+04 2.809328513946967191e-09 9.999999999999999547e-08
5.400917689357311610e+04 -6.166763636475408882e-08 9.999999999999999547e-08
5.401835317721578758e+04 8.277779434753921537e-08 9.999999999999999547e-08
5.402752951046983799e+04 6.762225922638173932e-08 9.999999999999999547e-08
5.403670591441540455e+04 1.699605057427476802e-07 9.999999999999999547e-08
5.404588240805757960e+04 -5.890192530259342096e-08 9.999999999999999547e-08
5.405505900752478192e+04 -2.191583395029551889e-07 9.999999999999999547e-08
5.406423572800225520e+04 1.065345587980883449e-07 9.999999999999999547e-08
5.407341258175134863e+04 1.226278302219822455e-08 9.999999999999999547e-08
5.408258957546865713e+04 -5.994596155087787328e-08 9.999999999999999547e-08
5.409176671358713793e+04 -8.497543839870815467e-08 9.999999999999999547e-08
5.410094399662553769e+04 8.970377144055796280e-09 9.999999999999999547e-08
5.411012142033954296e+04 -2.688597483231095048e-08 9.999999999999999547e-08
5.411929897812688432e+04 -2.373426993337878017e-08 9.999999999999999547e-08
5.412847665866935859e+04 -2.272013600802292995e-07 9.999999999999999547e-08
5.413765444631016726e+04 -2.059605520775642263e-07 9.999999999999999547e-08
5.414683232426066388e+04 -1.203611417456074853e-07 9.999999999999999547e-08
5.415601027356288978e+04 1.044414316203236165e-07 9.999999999999999547e-08
5.416518827233502816e+04 -9.635317001580462617e-08 9.999999999999999547e-08
5.417436629855376668e+04 -2.348548144507371823e-07 9.999999999999999547e-08
5.418354432948843896e+04 -9.753857428333985361e-08 9.999999999999999547e-08
5.419272234160664084e+04 -3.040190104016100317e-07 9.999999999999999547e-08
5.420190031453565462e+04 -2.191182429849649254e-07 9.999999999999999547e-08
5.421107822809138452e+04 -2.218956198362783931e-07 9.999999999999999547e-08
5.422025606260847417e+04 -6.487165202597377073e-08 9.999999999999999547e-08
5.422943380191137112e+04 -1.877747578141823006e-07 9.999999999999999547e-08
5.423861143218244251e+04 -1.227907239198022941e-07 9.999999999999999547e-08
5.424778894196204055e+04 -9.993655358272680795e-08 9.999999999999999547e-08
5.425696632365755067e+04 -7.459215972021869973e-08 9.999999999999999547e-08
5.426614357175134501e+04 -3.055820186245184264e-07 9.999999999999999547e-08
5.427532068284798152e+04 3.231625975276662690e-08 9.999999999999999547e-08
5.428449765855087026e+04 6.484570906002513406e-09 9.999999999999999547e-08
5.429367450343443488e+04 -1.234691925796666669e-07 9.999999999999999547e-08
5.430285122353504266e+04 -2.618753020576870906e-07 9.999999999999999547e-08
5.431202782894473785e+04 -1.530071337688137635e-07 9.999999999999999547e-08
5.432120433164194401e+04 -1.094245607650761511e-07 9.999999999999999547e-08
5.433038074586869334e+04 -1.891749341516476937e-07 9.999999999999999547e-08
5.433955708959261392e+04 1.137701314085729011e-08 9.999999999999999547e-08
5.434873338158302067e+04 -4.703174025826105076e-08 9.999999999999999547e-08
5.435790964089218323e+04 -1.264217637918404716e-07 9.999999999999999547e-08
5.436708588911897823e+04 -1.618927968277255719e-09 9.999999999999999547e-08
5.437626214838101441e+04 -8.098477500616641109e-08 9.999999999999999547e-08
5.438543843999421370e+04 1.334662411409791707e-07 9.999999999999999547e-08
5.439461478621765127e+04 -3.813238850010024769e-08 9.999999999999999547e-08
5.440379120690533455e+04 1.213685509734989783e-07 9.999999999999999547e-08
5.441296771993053699e+04 8.378538056338814341e-08 9.999999999999999547e-08
5.442214434278929548e+04 4.609515763833246356e-08 9.999999999999999547e-08
5.443132108962933125e+04 4.025883892305286852e-08 9.999999999999999547e-08
5.444049797054270311e+04 4.868051589665292333e-08 9.999999999999999547e-08
5.444967499312201835e+04 2.041297800486723245e-07 9.999999999999999547e-08
5.445885216057408979e+04 -5.948734928836353656e-08 9.999999999999999547e-08
5.446802947181427589e+04 1.668434721028096815e-07 9.999999999999999547e-08
5.447720692354142375e+04 1.057389430839994995e-07 9.999999999999999547e-08
5.448638450731405464e+04 4.347690689445915837e-08 9.999999999999999547e-08
5.449556221006911073e+04 2.163997444239466108e-07 9.999999999999999547e-08
5.450474001756453799e+04 1.168709816195104201e-07 9.999999999999999547e-08
5.451391791178555286e+04 5.675146321695610920e-08 9.999999999999999547e-08
5.452309587254808139e+04 1.331146665702976655e-07 9.999999999999999547e-08
5.453227387905494106e+04 1.221314224331551187e-07 9.999999999999999547e-08
5.454145190838682174e+04 1.168910965825096153e-07 9.999999999999999547e-08
5.455062993691702286e+04 2.839019582330123613e-07 9.999999999999999547e-08
5.455980794347108895e+04 1.407578929935178466e-07 9.999999999999999547e-08
5.456898590654448344e+04 1.482337220127955972e-07 9.999999999999999547e-08
5.457816380538720841e+04 2.084754569738821981e-07 9.999999999999999547e-08
5.458734162255039701e+04 2.366375317292622246e-07 9.999999999999999547e-08
5.459651934138687648e+04 7.797252683442227499e-08 9.999999999999999547e-08
5.460569694826767227e+04 1.874137566336483822e-07 9.999999999999999547e-08
5.461487443361949408e+04 1.424369958296978905e-07 9.999999999999999547e-08
5.462405178928381793e+04 3.169828603626270556e-07 9.999999999999999547e-08
5.463322900979017868e+04 1.051536376831254776e-07 9.999999999999999547e-08
5.464240609419540851e+04 1.470689811634039735e-07 9.999999999999999547e-08
5.465158304381994822e+04 1.046279804849844990e-07 9.999999999999999547e-08
5.466075986290812580e+04 2.161287927594940004e-07 9.999999999999999547e-08
5.466993655985424994e+04 -3.930793539814802161e-08 9.999999999999999547e-08
5.467911314399583352e+04 5.593543607762784748e-08 9.999999999999999547e-08
5.468828962754708482e+04 2.057868853866277865e-07 9.999999999999999547e-08
5.469746602687219274e+04 -2.373382524001844532e-08 9.999999999999999547e-08
5.470664235899561027e+04 1.024694982063624078e-07 9.999999999999999547e-08
5.471581864259233407e+04 -1.352792254354576253e-07 9.999999999999999547e-08
5.472499489850668033e+04 1.295379203482407508e-08 9.999999999999999547e-08
5.473417114739433600e+04 -1.274124220137725954e-07 9.999999999999999547e-08
5.474334741099565144e+04 -3.772458986556028420e-08 9.999999999999999547e-08
5.475252371251289151e+04 1.727751593114535561e-08 9.999999999999999547e-08
5.476170007227163296e+04 5.167846065469297614e-08 9.999999999999999547e-08
5.477087650965427019e+04 5.536188540457869902e-08 9.999999999999999547e-08
5.478005304385454656e+04 -5.263290512459505091e-08 9.999999999999999547e-08
5.478922969048212690e+04 3.396211434870557735e-08 9.999999999999999547e-08
5.479840646311883029e+04 1.919111699002674671e-09 9.999999999999999547e-08
5.480758337242261041e+04 -1.500485033131431634e-08 9.999999999999999547e-08
5.481676042386393237e+04 4.268954765376054108e-08 9.999999999999999547e-08
5.482593761980073759e+04 -7.239911335370226939e-09 9.999999999999999547e-08
5.483511497159837745e+04 4.042493189313830138e-08 9.999999999999999547e-08
5.484429245063127746e+04 -9.103644584585343563e-08 9.999999999999999547e-08
5.485347005897443887e+04 -1.266090127520816287e-08 9.999999999999999547e-08
5.486264778446081618e+04 -9.969735643351792464e-09 9.999999999999999547e-08
5.487182561067904317e+04 4.342993245249567828e-08 9.999999999999999547e-08
5.488100351961433626e+04 2.271261747361794634e-08 9.999999999999999547e-08
5.489018149197863386e+04 -5.485453386038483071e-08 9.999999999999999547e-08
5.489935950499409228e+04 9.504424564526685631e-08 9.999999999999999547e-08
5.490853753574137954e+04 1.434787607325288730e-08 9.999999999999999547e-08
5.491771556215005694e+04 -1.479643737643692090e-08 9.999999999999999547e-08
5.492689356181953190e+04 -1.683049411190546580e-07 9.999999999999999547e-08
5.493607151357538532e+04 -1.407968027731604873e-07 9.999999999999999547e-08
5.494524939831817028e+04 -1.820533182169894440e-07 9.999999999999999547e-08
5.495442719704278716e+04 -1.399244922775257270e-07 9.999999999999999547e-08
5.496360489423388208e+04 -8.263269001467490863e-08 9.999999999999999547e-08
5.497278247833747446e+04 -3.022201995221433584e-08 9.999999999999999547e-08
5.498195993855413690e+04 -3.986089676861361989e-08 9.999999999999999547e-08
5.499113726747988403e+04 -1.994705375319067018e-08 9.999999999999999547e-08
5.500031446134199359e+04 -2.261639349399018364e-07 9.999999999999999547e-08
5.500949151858421828e+04 -7.623598354981211659e-08 9.999999999999999547e-08
5.501866844165881776e+04 -2.138304535296595802e-07 9.999999999999999547e-08
5.502784523646070011e+04 -3.152200687559608728e-08 9.999999999999999547e-08
5.503702190996939316e+04 -2.134438667684076225e-07 9.999999999999999547e-08
5.504619847260706592e+04 -5.052007803096744196e-08 9.999999999999999547e-08
5.505537493861576513e+04 1.380908559786999232e-08 9.999999999999999547e-08
5.506455132303924620e+04 -9.672033850032191774e-08 9.999999999999999547e-08
5.507372764393942634e+04 -2.502302059692447010e-07 9.999999999999999547e-08
5.508290392093451374e+04 -1.812520993665603661e-07 9.999999999999999547e-08
5.509208017345404369e+04 -1.531373992771681276e-07 9.999999999999999547e-08
5.510125642337984027e+04 1.210717329785868199e-07 9.999999999999999547e-08
5.511043269358406542e+04 -9.446034755064717378e-08 9.999999999999999547e-08
5.511960900505250902e+04 -5.347438354724653934e-08 9.999999999999999547e-08
5.512878537853518355e+04 -2.114339120721377042e-07 9.999999999999999547e-08
5.513796183440482855e+04 1.089964701795795772e-07 9.999999999999999547e-08
5.514713838968585333e+04 -1.299464033658622733e-07 9.999999999999999547e-08
5.515631506060100946e+04 8.834402113886284300e-08 9.999999999999999547e-08
5.516549186054346501e+04 2.580679387483467055e-08 9.999999999999999547e-08
5.517466879748311476e+04 -4.229455870792728126e-09 9.999999999999999547e-08
5.518384587750348874e+04 6.244614709696873481e-08 9.999999999999999547e-08
5.519302310305684659e+04 1.317890801324725801e-07 9.999999999999999547e-08
5.520220047140796669e+04 2.049341972819800811e-08 9.999999999999999547e-08
5.521137797699207294e+04 6.543881482713280297e-08 9.999999999999999547e-08
5.522055561037735606e+04 1.952855372116533905e-08 9.999999999999999547e-08
5.522973335694448178e+04 8.818914926456987513e-08 9.999999999999999547e-08
5.523891120117811806e+04 3.067013834081147553e-08 9.999999999999999547e-08
5.524808912511064409e+04 7.009267907416741383e-08 9.999999999999999547e-08
5.525726710709603503e+04 3.707662805960166088e-08 9.999999999999999547e-08
5.526644512544111058e+04 7.713175992114732894e-08 9.999999999999999547e-08
5.527562315760381171e+04 1.125027883871555563e-07 9.999999999999999547e-08
5.528480118028754805e+04 1.952832282154954212e-07 9.999999999999999547e-08
5.529397917217641225e+04 2.246951284832113083e-07 9.999999999999999547e-08
5.530315711270903557e+04 9.046431908094408415e-08 9.999999999999999547e-08
5.531233498132405657e+04 6.602183746875711034e-08 9.999999999999999547e-08
5.532151276099702955e+04 2.753711979781218949e-07 9.999999999999999547e-08
5.533069043725012307e+04 1.206275139578353588e-07 9.999999999999999547e-08
5.533986799706741294e+04 9.908146843263576525e-08 9.999999999999999547e-08
5.534904543172448030e+04 -1.418098176573212957e-08 9.999999999999999547e-08
5.535822273447756743e+04 2.493353470003118706e-08 9.999999999999999547e-08
5.536739990075224341e+04 1.476363505987444410e-07 9.999999999999999547e-08
5.537657693106726219e+04 2.702131107529144985e-07 9.999999999999999547e-08
5.538575382858227385e+04 -4.893649873790328087e-09 9.999999999999999547e-08
5.539493059820182680e+04 1.519529001088523021e-07 9.999999999999999547e-08
5.540410724874467996e+04 1.813091840603022127e-07 9.999999999999999547e-08
5.541328379143469647e+04 1.817178276122268058e-07 9.999999999999999547e-08
5.542246023947641515e+04 1.721871595135092505e-07 9.999999999999999547e-08
5.543163660994143720e+04 1.804513409219903552e-07 9.999999999999999547e-08
5.544081292098600534e+04 1.471613587974577285e-07 9.999999999999999547e-08
5.544998919100218336e+04 1.344936458575870795e-07 9.999999999999999547e-08
5.545916544135302684e+04 -2.011817175824790015e-08 9.999999999999999547e-08
5.546834169396752986e+04 8.623706399759166077e-08 9.999999999999999547e-08
5.547751797035022901e+04 -5.449006318225358163e-08 9.999999999999999547e-08
5.548669429271306581e+04 5.393928169864034958e-08 9.999999999999999547e-08
5.549587068152309075e+04 5.350668399770564828e-08 9.999999999999999547e-08
5.550504715531381953e+04 -2.113711247789740356e-08 9.999999999999999547e-08
5.551422373257162690e+04 6.318902217852176044e-08 9.999999999999999547e-08
5.552340042876468942e+04 5.465351852778774428e-08 9.999999999999999547e-08
5.553257725497540378e+04 9.078675141341158328e-08 9.999999999999999547e-08
5.554175422030546906e+04 1.252766941014744337e-07 9.999999999999999547e-08
5.555093132947079721e+04 -3.169431072961420799e-08 9.999999999999999547e-08
5.556010858332024509e+04 -4.886860547557625233e-08 9.999999999999999547e-08
5.556928597996746248e+04 -1.585295137948082684e-07 9.999999999999999547e-08
5.557846351238573698e+04 -2.831641996450322331e-08 9.999999999999999547e-08
5.558764116892676975e+04 4.843107256772854633e-08 9.999999999999999547e-08
5.559681893638601468e+04 -1.627474599638176600e-07 9.999999999999999547e-08
5.560599679844643106e+04 1.524339990322876486e-07 9.999999999999999547e-08
5.561517473525402602e+04 1.049505314023480919e-07 9.999999999999999547e-08
5.562435272662471834e+04 9.797062441851685853e-08 9.999999999999999547e-08
5.563353074978064978e+04 4.436550799019422749e-08 9.999999999999999547e-08
5.564270878118944529e+04 8.477823260589795449e-08 9.999999999999999547e-08
5.565188679972381942e+04 -5.127433726254505977e-08 9.999999999999999547e-08
5.566106478340763715e+04 -7.725747384472754536e-08 9.999999999999999547e-08
5.567024271068919188e+04 -3.850102788202240803e-09 9.999999999999999547e-08
5.567942056294064241e+04 -9.414396304788024193e-08 9.999999999999999547e-08
5.568859832327901677e+04 -2.422763612338299609e-07 9.999999999999999547e-08
5.569777597670774412e+04 3.226694325910537882e-08 9.999999999999999547e-08
5.570695351266317448e+04 -1.520559643172794278e-07 9.999999999999999547e-08
5.571613092166632850e+04 -9.187727205157643515e-08 9.999999999999999547e-08
5.572530819664334558e+04 -1.942090408679934674e-07 9.999999999999999547e-08
5.573448533594365290e+04 -9.849401279113340386e-08 9.999999999999999547e-08
5.574366233970873145e+04 -1.304839486998362124e-07 9.999999999999999547e-08
5.575283921076813567e+04 5.436405279643313755e-08 9.999999999999999547e-08
5.576201595619570435e+04 -1.110988164436285583e-07 9.999999999999999547e-08
5.577119258424430882e+04 -1.019765581363591774e-08 9.999999999999999547e-08
5.578036910632642685e+04 -1.437098407456004173e-07 9.999999999999999547e-08
5.578954553795741958e+04 -1.055792824551401965e-07 9.999999999999999547e-08
5.579872189536000951e+04 -5.798914771116808946e-08 9.999999999999999547e-08
5.580789819603021897e+04 -3.454443907374705505e-07 9.999999999999999547e-08
5.581707446067089040e+04 -1.252378121892823292e-07 9.999999999999999547e-08
5.582625070974908158e+04 -5.658385740005881240e-08 9.999999999999999547e-08
