1.000000000000000000e+00 -4.394027135273615841e+02 8.167927758545348027e+00 -3.382453329721126938e+05 -1.461221063425003906e+13 1.225590827377020969e-06 4.867987864093656913e-01 3.574019051482075354e-02 -9.999039595655578871e-01 -1.104678717836906146e-02 -2.277415965609566229e+01
1.000000000000000000e+00 -4.320081591651300528e+02 1.557896487195568191e+01 -3.413491493785978528e+05 -1.488161099098793555e+13 1.185608059838271490e-06 -1.215069994973442924e+01 -8.866959305748436382e-01 -8.770940876738402281e-01 2.727325068252778872e-01 -3.816745075621464878e+01
1.000000000000000000e+00 -4.139554757401112397e+02 2.261009780275282210e+01 -3.444529740418271394e+05 -1.515347286300676953e+13 1.089918322647870841e-06 -2.170434823709415539e+01 -1.574352875381162864e+00 -5.219056322843443896e-01 4.842516409981137415e-01 -5.024117680308763312e+01
1.000000000000000000e+00 -3.856158833135585837e+02 2.908323080197217791e+01 -3.475568141392857651e+05 -1.542779690715189062e+13 9.476568497764183598e-07 -2.558709764551921495e+01 -1.844904748319285748e+00 -2.841647194777552343e-02 5.674457374829016132e-01 -4.704413738495879471e+01
1.000000000000000000e+00 -3.475604628671513865e+02 3.483025860157898279e+01 -3.506606770356589695e+05 -1.570458381979875977e+13 7.724044729254502292e-07 -2.269262167581112521e+01 -1.626487263515978610e+00 4.726042844827001987e-01 5.002424149783610829e-01 -3.173818796151823562e+01
1.000000000000000000e+00 -3.007389448832319090e+02 3.970033346165725874e+01 -3.537645694380846107e+05 -1.598383426126040430e+13 5.816288888037597715e-07 -1.371071043481447660e+01 -9.769094675690001006e-01 8.483525534514005928e-01 3.004370621165394217e-01 -1.947587618797753350e+01
1.000000000000000000e+00 -2.462858144601636354e+02 4.356345752435559859e+01 -3.568684970538120251e+05 -1.626554882197440430e+13 3.941901059234942624e-07 -9.656317780657597272e-01 -6.839894201260554585e-02 9.992215192215416764e-01 2.098847540834487477e-02 -2.239848164003690556e+01
1.000000000000000000e+00 -1.854906484922632330e+02 4.631307807050426106e+01 -3.599724653198149754e+05 -1.654972808562746289e+13 2.287649228671188834e-07 1.218597562661842204e+01 8.581368319835408487e-01 8.852325114295565012e-01 -2.640284929920545531e-01 -3.761194157213240885e+01
1.000000000000000000e+00 -1.199496036529991869e+02 4.787202906891920406e+01 -3.630764786988302949e+05 -1.683637256279710352e+13 1.024103102306153886e-07 2.224074872897511312e+01 1.557108211361495353e+00 5.366256584577608901e-01 -4.790755572333581513e-01 -5.005528357845229692e+01
1.000000000000000000e+00 -5.134000773546909357e+01 4.819501883871548387e+01 -3.661805397627695929e+05 -1.712548260135617383e+13 2.799640332200158406e-08 2.648244202287150273e+01 1.843381199400550452e+00 4.581030666653496120e-02 -5.671771909605460849e-01 -4.741378260068718475e+01
1.000000000000000000e+00 1.862081864952684285e+01 4.726865095301235442e+01 -3.692846502853216953e+05 -1.741705848204092773e+13 1.304551614103672409e-08 2.371441606331627128e+01 1.641238517235857231e+00 -4.571530512754174991e-01 -5.050051845016420016e-01 -3.230367527095500435e+01
1.000000000000000000e+00 8.804639159153268224e+01 4.511409141636330844e+01 -3.723888108224452590e+05 -1.771110037538248828e+13 5.906094989737976728e-08 1.459433316143301873e+01 1.004291779530180451e+00 -8.390099606699925605e-01 -3.090392118306820590e-01 -1.967725227314818071e+01
1.000000000000000000e+00 1.551268967801815393e+02 4.178712368454321080e+01 -3.754930200968046556e+05 -1.800760827783775391e+13 1.611929238876638387e-07 1.479419569474723417e+00 1.012272598268427054e-01 -9.985857812264908873e-01 -3.119448684227160359e-02 -2.202841848786265899e+01
1.000000000000000000e+00 2.181671974500368378e+02 3.737462860584493995e+01 -3.785972761387614300e+05 -1.830658211486331250e+13 3.088745964503696762e-07 -1.218123862940565516e+01 -8.287851655364630865e-01 -8.935696256003158311e-01 2.549179158828118741e-01 -3.703191220261000183e+01
1.000000000000000000e+00 2.754646201005106150e+02 3.199307891088522737e+01 -3.817015753480789717e+05 -1.860802164668632812e+13 4.865314306075966406e-07 -2.275189240302113447e+01 -1.539310430070045088e+00 -5.517421927503345369e-01 4.734739798219120277e-01 -4.983909221167741777e+01
1.000000000000000000e+00 3.255532211623753369e+02 2.578591961117647813e+01 -3.848059125376021257e+05 -1.891192646613277734e+13 6.757464513477387783e-07 -2.737707097563692216e+01 -1.841905991413857135e+00 -6.366188661469152077e-02 5.665252238559029818e-01 -4.776949216349213145e+01
1.000000000000000000e+00 3.672179184594600088e+02 1.891716851060479598e+01 -3.879102821611106629e+05 -1.921829611399855859e+13 8.573935074335664065e-07 -2.475382868549536042e+01 -1.656182255965034766e+00 4.412980210417677962e-01 5.093770614935488883e-01 -3.286927033108612761e+01
1.000000000000000000e+00 3.993618686116598155e+02 1.156684293292183696e+01 -3.910146778060658835e+05 -1.952713002696135938e+13 1.012756414585169680e-06 -1.549943788338645412e+01 -1.031288782736036636e+00 8.292466476364899197e-01 3.171633386601722671e-01 -1.989339136745239145e+01
1.000000000000000000e+00 4.212298559805878995e+02 3.926887875633615632e+00 -3.941190920889938134e+05 -1.983842752361328125e+13 1.126141196508331201e-06 -2.009304306671349405e+00 -1.329602588300309585e-01 9.973102526158146297e-01 4.084740768218253493e-02 -2.169335649496571605e+01
1.000000000000000000e+00 4.323852551341533399e+02 -3.806221167912160031e+00 -3.972235175122111104e+05 -2.015218788753875000e+13 1.186522574742012435e-06 1.216375922313461722e+01 8.005137481793747067e-01 9.009416741699567410e-01 -2.463016084945045814e-01 -3.648589404139411840e+01
1.000000000000000000e+00 4.325587194776476849e+02 -1.143675332097478758e+01 -4.003279462824038346e+05 -2.046841034830955859e+13 1.187926068011949307e-06 2.324708413386904127e+01 1.521623571793398577e+00 5.657263441381371605e-01 -4.681571030870969041e-01 -4.962239601585661575e+01
1.000000000000000000e+00 4.218457073224355440e+02 -1.877334331208564677e+01 -4.034323703165660845e+05 -2.078709408092454297e+13 1.130895982219724878e-06 2.825324228753358113e+01 1.839321200486097485e+00 8.055905759059078797e-02 -5.659261982792059831e-01 -4.809889370116329133e+01
1.000000000000000000e+00 4.006471631497049088e+02 -2.563568868310217397e+01 -4.065367824818944791e+05 -2.110823833341687109e+13 1.021829045487984696e-06 2.578406059019268426e+01 1.669566759352877350e+00 -4.259587960604866996e-01 -5.137200781717462528e-01 -3.342622715296986513e+01
1.000000000000000000e+00 3.695030131779608951e+02 -3.185850421744965288e+01 -4.096411757790191332e+05 -2.143184234515722266e+13 8.714291456733263792e-07 1.641821208767043672e+01 1.057435903103292274e+00 -8.196062715522327569e-01 -3.253902079971968675e-01 -2.012690243450262173e+01
1.000000000000000000e+00 3.292719834511759132e+02 -3.729323827549973913e+01 -4.127455432904288755e+05 -2.175790534194557422e+13 6.948124020284088405e-07 2.577026084492930025e+00 1.650954525724518951e-01 -9.960812335595115030e-01 -5.084423768747226013e-02 -2.136195883577245169e+01
1.000000000000000000e+00 2.810460930956264747e+02 -4.181344526935750139e+01 -4.158498793235876365e+05 -2.208642665776153906e+13 5.096922879459977798e-07 -1.210013564601643843e+01 -7.710932597311742631e-01 -9.086093523331090216e-01 2.371704675409040675e-01 -3.590959907018946495e+01
1.000000000000000000e+00 2.259780834383176398e+02 -4.531665029222524765e+01 -4.189541789212963195e+05 -2.241740568722242188e+13 3.339902807037338702e-07 -2.371089366177423940e+01 -1.503062714050673154e+00 -5.803421021015614523e-01 4.623254289235428915e-01 -4.937160530023234628e+01
1.000000000000000000e+00 1.654553100830638357e+02 -4.772362736149037232e+01 -4.220584379041892826e+05 -2.275084189308063672e+13 1.847905663387644389e-07 -2.912654344480229440e+01 -1.836718722350918487e+00 -9.825597504908528679e-02 5.649315348369553513e-01 -4.842010647226548770e+01
1.000000000000000000e+00 1.009984336521255983e+02 -4.898263085695284502e+01 -4.251626533962985850e+05 -2.308673486638530469e+13 7.641231490486977014e-08 -2.683590821180727559e+01 -1.683474025605264712e+00 4.098682196452567150e-01 5.177725877095963325e-01 -3.399490471354737764e+01
1.000000000000000000e+00 3.409094479695708202e+01 -4.906945829877948029e+01 -4.282668233098831843e+05 -2.342508427529311328e+13 1.908179370434139506e-08 -1.736781893470617177e+01 -1.083885964544210045e+00 8.093188464164240425e-01 3.333414727869047911e-01 -2.037935536156748384e+01
1.000000000000000000e+00 -3.364485928758701760e+01 -4.798441574711688418e+01 -4.313709462214458035e+05 -2.376588985453215625e+13 1.837991569402271124e-08 -3.172523901200719365e+00 -1.969713444183659456e-01 9.941974824275421341e-01 6.053698022419011504e-02 -2.105628684683397722e+01
1.000000000000000000e+00 -1.005590668912520442e+02 -4.575571456861489850e+01 -4.344750224057525629e+05 -2.410915152279173438e+13 7.435941242448122759e-08 1.201317784273506994e+01 7.420401746795803888e-01 9.155195356825984732e-01 -2.283132658400559289e-01 -3.535414064163036585e+01
1.000000000000000000e+00 -1.651373673207730803e+02 -4.243835194416388390e+01 -4.375790532052596100e+05 -2.445486931897369141e+13 1.817910097687302265e-07 2.415161710311187448e+01 1.484220767224212478e+00 5.941873662497308972e-01 -4.566486350629362367e-01 -4.911652222337293949e+01
1.000000000000000000e+00 -2.258201794639426510e+02 -3.810911037216583708e+01 -4.406830404272098094e+05 -2.480304333855846484e+13 3.306118668637010334e-07 2.997876571347692831e+01 1.832990047440332226e+00 1.154034809278370322e-01 -5.639764186269218271e-01 -4.872289262053416792e+01
1.000000000000000000e+00 -2.811217347781893636e+02 -3.286918733540716886e+01 -4.437869873405424296e+05 -2.515367384845640234e+13 5.067427402097161297e-07 2.788065776363953319e+01 1.696112365653675402e+00 -3.939526447019056632e-01 -5.218864062732520015e-01 -3.456599919176704105e+01
1.000000000000000000e+00 -3.297825153558134730e+02 -2.684221229704040113e+01 -4.468908978876019828e+05 -2.550676120281702344e+13 6.937165210305960214e-07 1.833744155598620296e+01 1.109958279344504195e+00 -7.989477276098077008e-01 -3.415498892658078711e-01 -2.065445669101473669e+01
1.000000000000000000e+00 -3.705833290760066348e+02 -2.016760737571266304e+01 -4.499947767480933107e+05 -2.586230585304949609e+13 8.735311877804285550e-07 3.815107151877072944e+00 2.297745408526561395e-01 -9.923087532247935050e-01 -7.074357686649600241e-02 -2.075123831650019213e+01
1.000000000000000000e+00 -4.024711334972459440e+02 -1.300234866942139078e+01 -4.530986299238877837e+05 -2.622030841842952344e+13 1.028710824865387175e-06 -1.187038278322904183e+01 -7.113739850331138870e-01 -9.228049762611869600e-01 2.187991666635429600e-01 -3.476099393590678233e+01
1.000000000000000000e+00 -4.246965669101459753e+02 -5.517978799766743769e+00 -4.562024637781585334e+05 -2.658076957937011328e+13 1.144637377242100835e-06 -2.455365884964976431e+01 -1.464192854001001187e+00 -6.088184005925889597e-01 4.503701976943773611e-01 -4.882209472833254438e+01
1.000000000000000000e+00 -4.366216702475958868e+02 2.107422781136964129e+00 -4.593062847633529454e+05 -2.694369004693826172e+13 1.209761659058128467e-06 -3.082493167904159392e+01 -1.829125946863837004e+00 -1.335095175669013812e-01 5.625979881491690593e-01 -4.901761066477207152e+01
1.000000000000000000e+00 -4.378487805919982634e+02 9.688385608652431813e+00 -4.624101002761950367e+05 -2.730907066419830078e+13 1.217112836644446531e-06 -2.894739085436859583e+01 -1.709310016887142458e+00 3.771789452727867253e-01 5.257204509249197022e-01 -3.515134839961353919e+01
1.000000000000000000e+00 -4.283368766483443437e+02 1.703637053067271623e+01 -4.655139178943847073e+05 -2.767691231919153125e+13 1.165772249882031443e-06 -1.933933309908686837e+01 -1.136405236008770192e+00 7.878909141142945716e-01 3.494956679484378381e-01 -2.094951049144361477e+01
1.000000000000000000e+00 -4.081981890355896780e+02 2.396888612326234735e+01 -4.686177449508682475e+05 -2.804721589469305469e+13 1.060137302335099174e-06 -4.485442261663644459e+00 -2.622935504104190185e-01 9.897589613661261776e-01 8.062974284197846342e-02 -2.047289133309562459e+01
1.000000000000000000e+00 -3.778226697686727107e+02 3.030897618923444981e+01 -4.717215892079141922e+05 -2.841998234846417578e+13 9.102472338125362694e-07 1.170627485462795825e+01 6.812426835018637883e-01 9.292897244547360103e-01 -2.096101979268730764e-01 -3.419282716384182663e+01
1.000000000000000000e+00 -3.379653821456238916e+02 3.589065856180517500e+01 -4.748254575827399967e+05 -2.879521256038892969e+13 7.310663077608639067e-07 2.493464189673626663e+01 1.444099589195902755e+00 6.225403350657670032e-01 -4.443039525842353843e-01 -4.852703789994388472e+01
1.000000000000000000e+00 -2.895243892661432596e+02 4.056847301488570423e+01 -4.779293563994550495e+05 -2.917290735988184766e+13 5.399860688866460152e-07 3.164898275356403801e+01 1.824209111666290184e+00 1.508283918919867128e-01 -5.612728747675792551e-01 -4.928956181416439364e+01
1.000000000000000000e+00 -2.336519003171244151e+02 4.421597158834401142e+01 -4.810332918594380026e+05 -2.955306758133397266e+13 3.559752529727580713e-07 3.000106922592730285e+01 1.721005807506985619e+00 -3.608514638486758352e-01 -5.295442986659836260e-01 -3.572823764098430388e+01
1.000000000000000000e+00 -1.718076947055666892e+02 4.673111803012347565e+01 -4.841372690260253148e+05 -2.993569393806723047e+13 1.979077641434743501e-07 2.035109066492130125e+01 1.161913545408614912e+00 -7.769472797108104567e-01 -3.575350564420736177e-01 -2.126213571234202604e+01
1.000000000000000000e+00 -1.055138007844060866e+02 4.804499389265156850e+01 -4.872412916220215266e+05 -3.032078699262169531e+13 8.183600780308619586e-08 5.191381079588489378e+00 2.949981202501338329e-01 -9.872303656778589342e-01 -9.081053809244053754e-02 -2.020386798645228765e+01
1.000000000000000000e+00 -3.644938997149017013e+01 4.811746072432657684e+01 -4.903453625290761702e+05 -3.070834721398962891e+13 1.966992951734009699e-08 -1.149580187042473689e+01 -6.501827146043268613e-01 -9.359677024567646386e-01 1.999748534778430786e-01 -3.360167234528000790e+01
1.000000000000000000e+00 3.352541578600860106e+01 4.694064804957083226e+01 -4.934494831794272177e+05 -3.109837489761351172e+13 1.782493474476556867e-08 -2.528202865909942432e+01 -1.423237525928418679e+00 -6.366947303781549383e-01 4.377733358554423138e-01 -4.819839560190902006e+01
1.000000000000000000e+00 1.026317826683192749e+02 4.454531570540549268e+01 -4.965536534411018947e+05 -3.149087014507929297e+13 7.646772352577551344e-08 -3.246662850318029570e+01 -1.819203968338851896e+00 -1.686739301279318037e-01 5.595480055635868588e-01 -4.954465622902749544e+01
1.000000000000000000e+00 1.690836627194731250e+02 4.099241899964690106e+01 -4.996578724788132822e+05 -3.188583296779173828e+13 1.896076999357691308e-07 -3.107088434537277521e+01 -1.732949415060160980e+00 3.440638849758176354e-01 5.329927620700236623e-01 -3.630430862173123074e+01
1.000000000000000000e+00 2.310775984632041968e+02 3.637334168804304824e+01 -5.027621376200546511e+05 -3.228326313856579688e+13 3.453228430273575901e-07 -2.138454834782889691e+01 -1.187215805775702071e+00 7.655845968578458560e-01 3.651243246341496218e-01 -2.158644061603708053e+01
1.000000000000000000e+00 2.870537408090688700e+02 3.081326631659732840e+01 -5.058664446706599556e+05 -3.268316022511797266e+13 5.275075501569192028e-07 -5.911768401464748024e+00 -3.267032702363054653e-01 9.841175572208087363e-01 1.004417319971912109e-01 -1.996669246526549557e+01
1.000000000000000000e+00 3.355935245353761047e+02 2.445894047817265715e+01 -5.089707889493891271e+05 -3.308552371853884375e+13 7.175224026283573764e-07 1.127666406526771858e+01 6.203435628908333666e-01 9.417267186864435313e-01 -1.908760478910968839e-01 -3.304895546107133697e+01
1.000000000000000000e+00 3.754034246849746523e+02 1.747613594440123563e+01 -5.120751644562823931e+05 -3.349035292258016406e+13 8.957411647734168767e-07 2.561645884334575030e+01 1.402798538419458119e+00 6.496775523842357458e-01 -4.315964393376997554e-01 -4.787828494946668201e+01
1.000000000000000000e+00 4.055548563553932127e+02 1.005088968926025572e+01 -5.151795643479489954e+05 -3.389764701097169531e+13 1.044278035802508604e-06 3.326327903284911258e+01 1.813321341946322329e+00 1.854192216764670165e-01 -5.579211664900750600e-01 -4.977396746932296878e+01
1.000000000000000000e+00 4.253502669108424925e+02 2.375229829083818078e+00 -5.182839816138574388e+05 -3.430740511360967188e+13 1.148227775783676929e-06 3.212248643194199360e+01 1.743256225536339965e+00 -3.279841925181994355e-01 -5.363889411858020484e-01 -3.686207684001733043e+01
1.000000000000000000e+00 4.342902390569117870e+02 -5.355974650661200265e+00 -5.213884084610972786e+05 -3.471962623395544922e+13 1.197016143714493406e-06 2.242015855595557383e+01 1.211272577827602337e+00 -7.544801295587902912e-01 -3.727213977755589047e-01 -2.192311136671335348e+01
1.000000000000000000e+00 4.322831608247554982e+02 -1.294414410562336037e+01 -5.244928367672105087e+05 -3.513430930660097656e+13 1.186563564162161880e-06 6.662015666247723011e+00 3.583180581931110775e-01 -9.810574153424643784e-01 -1.102919085590733650e-01 -1.974127439849565491e+01
1.000000000000000000e+00 4.194753160554157603e+02 -2.020133691026608247e+01 -5.275972591897208476e+05 -3.555145334549046875e+13 1.118545612747929495e-06 -1.101246625893711517e+01 -5.896796089845390831e-01 -9.476629026419818302e-01 1.813620640760320035e-01 -3.247639465350684418e+01
1.000000000000000000e+00 3.962044087192122106e+02 -2.695169768742741923e+01 -5.307016682899942389e+05 -3.597105732824316406e+13 9.997453881055424636e-07 -2.591516374271289891e+01 -1.381536967930243165e+00 -6.631144406444482442e-01 4.249470653414862409e-01 -4.752434973161141585e+01
1.000000000000000000e+00 3.631831490093744605e+02 -3.302945689913198635e+01 -5.338060568278131541e+05 -3.639312023593843750e+13 8.424087362090572653e-07 -3.405143200565216688e+01 -1.807296706949164555e+00 -2.027979483440622843e-01 5.558873129379746647e-01 -4.998728783536643050e+01
1.000000000000000000e+00 3.213012998458742118e+02 -3.829234201419687622e+01 -5.369104186463572551e+05 -3.681764117527471094e+13 6.622326561070299923e-07 -3.319156538202011575e+01 -1.753944125420266786e+00 3.112761487099381386e-01 5.394516638498086936e-01 -3.742403597779101432e+01
1.000000000000000000e+00 2.715759632128477961e+02 -4.262014045922892791e+01 -5.400147478696460603e+05 -3.724461927216110938e+13 4.767966476388725833e-07 -2.348343680758296870e+01 -1.235526220327395341e+00 7.428102802769878110e-01 3.799840086861224764e-01 -2.227450565331470145e+01
1.000000000000000000e+00 2.153191075257195450e+02 -4.591091187369738691e+01 -5.431190395830507623e+05 -3.767405376724026562e+13 3.044238165474584052e-07 -7.435942277548538648e+00 -3.895263935920930121e-01 9.773843396810895090e-01 1.197656083818319506e-01 -1.954198881005613586e+01
1.000000000000000000e+00 1.539234238231026382e+02 -4.809346602149635430e+01 -5.462232902976401383e+05 -3.810594408448836719e+13 1.616083917991757073e-07 1.072985710844825391e+01 5.596462498744388947e-01 9.528247290571596473e-01 -1.722041526168554548e-01 -3.193158392980494753e+01
1.000000000000000000e+00 8.881839522222351491e+01 -4.912306028257572876e+01 -5.493274969386114972e+05 -3.854028969492645312e+13 6.180548222573789821e-08 2.619337257486041537e+01 1.360310340908995830e+00 6.756862823413186669e-01 -4.185238569762633754e-01 -4.717420021617687098e+01
1.000000000000000000e+00 2.162999202962328127e+01 -4.897588622406665593e+01 -5.524316574016992236e+05 -3.897709019677812500e+13 1.462756174074605135e-08 3.481531004819967023e+01 1.800328834645772869e+00 2.194732985541196779e-01 -5.539219311739328466e-01 -5.018135233612282775e+01
1.000000000000000000e+00 -4.604061587561300684e+01 -4.766092144422067634e+01 -5.555357711318625370e+05 -3.941634540143554688e+13 2.449986936987167573e-08 3.424477262131026833e+01 1.763270131065526325e+00 -2.948912394197737985e-01 -5.425453930551047410e-01 -3.797999661289010476e+01
1.000000000000000000e+00 -1.126508852689919422e+02 -4.521335767547942908e+01 -5.586398382890396751e+05 -3.985805522055739844e+13 9.046989903202628235e-08 2.455729754298331713e+01 1.259087940265347649e+00 -7.311256318356477157e-01 -3.874327503592140953e-01 -2.264592706673246170e+01
1.000000000000000000e+00 -1.765610833785647742e+02 -4.168773302368653333e+01 -5.617438600869866787e+05 -4.030221971752325000e+13 2.062368385660169196e-07 8.253121267184129195e+00 4.213592308255889041e-01 -9.736720295239027489e-01 -1.296875953136084059e-01 -1.935105193708504601e+01
1.000000000000000000e+00 -2.362580034412750365e+02 -3.716919368361862297e+01 -5.648478392056109151e+05 -4.074883917110375781e+13 3.608820712221728060e-07 -1.038705743187302311e+01 -5.280723292748300546e-01 -9.582731766743979307e-01 1.624094206208813174e-01 -3.135542071021642485e+01
1.000000000000000000e+00 -2.903774087697306641e+02 -3.176518217224316842e+01 -5.679517786214408698e+05 -4.119791391160271094e+13 5.399989500652188048e-07 -2.642358065247553967e+01 -1.337725080755653995e+00 -6.889851304413578958e-01 4.114711975185906256e-01 -4.678121858518653653e+01
1.000000000000000000e+00 -3.375506669527745203e+02 -2.559758074701467478e+01 -5.710556823247041320e+05 -4.164944442663152344e+13 7.263100190267756242e-07 -3.556514367814921940e+01 -1.793006050846832844e+00 -2.371300910828649244e-01 5.514935144804927747e-01 -5.036117911127293212e+01
1.000000000000000000e+00 -3.766286373300101218e+02 -1.881312667419127393e+01 -5.741595557905845344e+05 -4.210343143424257031e+13 9.019021187849444293e-07 -3.531759822363687107e+01 -1.773119198026423149e+00 2.775641096231107885e-01 5.453509748984868288e-01 -3.854928788780741655e+01
1.000000000000000000e+00 -4.066910310293347379e+02 -1.157347309195503193e+01 -5.772634046839168295e+05 -4.255987569781757812e+13 1.050167601288797808e-06 -2.566613029713852612e+01 -1.283229330661777468e+00 7.186807550379668008e-01 3.946569449855298339e-01 -2.303780484840596188e+01
1.000000000000000000e+00 -4.268934691466975551e+02 -4.046613788694981118e+00 -5.803672353269709274e+05 -4.301877809616658594e+13 1.156458503162716925e-06 -9.102126183116657998e+00 -4.532014716157390932e-01 9.692933954845555089e-01 1.393514588036994239e-01 -1.918415400592876807e+01
1.000000000000000000e+00 -4.366888995229567172e+02 3.583760409337430897e+00 -5.834710548178545432e+05 -4.348013964378042969e+13 1.210229725323234986e-06 1.002017109593812627e+01 4.968617580678920675e-01 9.629888670216010249e-01 -1.528903674528255263e-01 -3.080304059207576017e+01
1.000000000000000000e+00 -4.358189601148963561e+02 1.113004108342411413e+01 -5.865748702385716606e+05 -4.394396137524751562e+13 1.206019343354157758e-06 2.663055833604792966e+01 1.315103746303162513e+00 7.014726881203979802e-01 -4.046150877513746136e-01 -4.639148272493549996e+01
1.000000000000000000e+00 -4.241564670995811639e+02 1.840969374823492544e+01 -5.896786890082623577e+05 -4.441024439839673438e+13 1.143348311721860687e-06 3.628891134369387572e+01 1.784761794509387212e+00 2.540831119932364102e-01 -5.491305773694131753e-01 -5.052161893336490550e+01
1.000000000000000000e+00 -4.019191258145249321e+02 2.523669257735272353e+01 -5.927825191441945499e+05 -4.487898993515271094e+13 1.028121667360418749e-06 3.637128965495013944e+01 1.781553239753898898e+00 -2.606244606086412507e-01 -5.481692120984574812e-01 -3.910909951461167111e+01
1.000000000000000000e+00 -3.696344713877657568e+02 3.143513506928998069e+01 -5.958863677424791967e+05 -4.535019909265535938e+13 8.717648688474134724e-07 2.677992381352743578e+01 1.306442707719011720e+00 -7.062999020098514880e-01 -4.020023348204466163e-01 -2.344704858480102772e+01
1.000000000000000000e+00 -3.279701012722143219e+02 3.684805208311922797e+01 -5.989902415912732249e+05 -4.582387295343086719e+13 6.892067144192215998e-07 9.987472739451050074e+00 4.852713459558439246e-01 -9.648927887361617994e-01 -1.493513194842986669e-01 -1.903022106145466097e+01
1.000000000000000000e+00 -2.779323998077065880e+02 4.132853535954951951e+01 -6.020941474377701525e+05 -4.630001261523348438e+13 4.985522133622445006e-07 -9.599254773754033465e+00 -4.645383683602672398e-01 -9.678882993038104843e-01 1.428638847873817119e-01 -3.022904865038877986e+01
1.000000000000000000e+00 -2.207969456738028668e+02 4.475434411023077530e+01 -6.051980908736264100e+05 -4.677861901858242188e+13 3.191106132030841465e-07 -2.679311097261171071e+01 -1.291425053306118897e+00 -7.144524428593622689e-01 3.972298157492373250e-01 -4.596401797811309109e+01
1.000000000000000000e+00 -1.579208176031401365e+02 4.703538360329537937e+01 -6.083020767478765920e+05 -4.725969300634107031e+13 1.689748815101769516e-07 -3.699836681784538683e+01 -1.776223105202595631e+00 -2.716901660280358621e-01 5.463331067073158298e-01 -5.066201344532679229e+01
1.000000000000000000e+00 -9.092204293898832645e+01 4.810271347472369285e+01 -6.114061090040734271e+05 -4.774323529533900781e+13 6.367973970307595700e-08 -3.743955964140129566e+01 -1.790281966562420113e+00 2.430861868763379285e-01 5.506314285806120923e-01 -3.966939718892749767e+01
1.000000000000000000e+00 -2.157526759971032249e+01 4.792244051552147965e+01 -6.145101898084103595e+05 -4.822924633592567969e+13 1.410556192249214930e-08 -2.791837898987614253e+01 -1.329729915070287705e+00 6.934264424499128054e-01 4.089600595850922948e-01 -2.386753188685442240e+01
1.000000000000000000e+00 4.838992731763174504e+01 4.650033090889211707e+01 -6.176143202641683165e+05 -4.871772641763643750e+13 2.535067536113466307e-08 -1.088989973238897413e+01 -5.166380581807498151e-01 9.599330923590378983e-01 1.588638784555555239e-01 -1.890354346388329532e+01
1.000000000000000000e+00 1.171233549862923979e+02 4.386711625934395897e+01 -6.207185044772012625e+05 -4.920867630957739062e+13 9.639770939783621201e-08 9.170345576562064949e+00 4.333553601030089575e-01 9.719513376099468971e-01 -1.333546821346992539e-01 -2.969308094699634282e+01
1.000000000000000000e+00 1.827797454403446693e+02 4.009009135631195164e+01 -6.238227330158499535e+05 -4.970209463671907812e+13 2.198491450374513189e-07 2.694483784888170419e+01 1.268342769009743742e+00 7.263152002016323161e-01 -3.902282786072894805e-01 -4.555219629891525557e+01
1.000000000000000000e+00 2.437183589849310579e+02 3.527379639085583563e+01 -6.269270067872266518e+05 -5.019798164976791406e+13 3.830118419593644394e-07 3.768575650038233960e+01 1.767044459092565356e+00 2.881639390398568201e-01 -5.436776977361557073e-01 -5.078084679925193967e+01
1.000000000000000000e+00 2.983343076574032580e+02 2.954158453056746225e+01 -6.300313218990513124e+05 -5.069633682992953906e+13 5.690039221635231110e-07 3.848266199796339038e+01 1.797426151220136825e+00 -2.263618017883944900e-01 -5.530514140896537478e-01 -4.020578054602825802e+01
1.000000000000000000e+00 3.451842776496565079e+02 2.304472976923870320e+01 -6.331356728795532836e+05 -5.119715939062118750e+13 7.586263165352250725e-07 2.904846172028249995e+01 1.351547417946077134e+00 -6.809148554567063805e-01 -4.158795816097820008e-01 -2.429455369853370073e+01
1.000000000000000000e+00 3.831619714971326971e+02 1.595959544507474526e+01 -6.362400537329819053e+05 -5.170044844274899219e+13 9.328869939811667905e-07 1.181372370296489294e+01 5.475497649159016822e-01 -9.550526682682498603e-01 -1.685124748840441389e-01 -1.879317909222465488e+01
1.000000000000000000e+00 4.113097043747648627e+02 8.467162056848877683e+00 -6.393444579401462106e+05 -5.220620299271810938e+13 1.073998752336997069e-06 -8.698500133352959907e+00 -4.016207992333836740e-01 -9.761209374227597380e-01 1.235078075156829935e-01 -2.914655931459681781e+01
1.000000000000000000e+00 4.289272785800940824e+02 7.612674910779977377e-01 -6.424488777857997920e+05 -5.271442182997768750e+13 1.167564153907402611e-06 -2.705709950006622222e+01 -1.244498693046541815e+00 -7.385008816301674717e-01 3.827955857678304596e-01 -4.510874910316398001e+01
1.000000000000000000e+00 4.357117909295843106e+02 -6.956153122032340264e+00 -6.455533054535706760e+05 -5.322510370282964062e+13 1.204908185919997042e-06 -3.835892011557432113e+01 -1.757629241130666875e+00 -3.051311005545114807e-01 5.406155911442264150e-01 -5.087782204928437579e+01
1.000000000000000000e+00 4.315417021690661841e+02 -1.449527355267156636e+01 -6.486577333675924456e+05 -5.373824737463242969e+13 1.182706421875049218e-06 -3.953869384943413223e+01 -1.804833603485058058e+00 2.091301769815944733e-01 5.551087769557964124e-01 -4.073897275884248614e+01
1.000000000000000000e+00 4.165670884300523085e+02 -2.166874923824952148e+01 -6.517621537605203921e+05 -5.425385155283645312e+13 1.103465091121466643e-06 -3.020253316291927348e+01 -1.373467515210419432e+00 6.679363641503220927e-01 4.224133762373193934e-01 -2.473077149830794852e+01
1.000000000000000000e+00 3.913162780569062420e+02 -2.829672626692534720e+01 -6.548665592938163318e+05 -5.477191499198397656e+13 9.757054990612880991e-07 -1.275599572652433622e+01 -5.779040470846905642e-01 9.496256822616708781e-01 1.777085832393172637e-01 -1.870755432464321899e+01
1.000000000000000000e+00 3.564568319570104222e+02 -3.422536552571823165e+01 -6.579709432461303659e+05 -5.529243652707075000e+13 8.120537441946439870e-07 8.215643980976015115e+00 3.708134377283491823e-01 9.795169736588511533e-01 -1.141158491082912424e-01 -2.863418248679694145e+01
1.000000000000000000e+00 3.128764776130068981e+02 -3.931440631050119094e+01 -6.610752989867953584e+05 -5.581541498708637500e+13 6.286762664594746067e-07 2.715502392789830566e+01 1.221075775942318309e+00 7.497213018928363670e-01 -3.756859768717243364e-01 -4.467924477506666392e+01
1.000000000000000000e+00 2.617670590704393021e+02 -4.344151015786363956e+01 -6.641796209903629497e+05 -5.634084936749589844e+13 4.439445051619600848e-07 3.900765698354980060e+01 1.747539143774329062e+00 3.212011774583878321e-01 -5.376748008596091699e-01 -5.095719004509282968e+01
1.000000000000000000e+00 2.043722827788305381e+02 -4.651887956283235326e+01 -6.672839050568329403e+05 -5.686873887215985156e+13 2.755678802987826246e-07 4.057050432494230563e+01 1.810831669996029403e+00 -1.924389305113803350e-01 -5.571744212903415594e-01 -4.125663080860148568e+01
1.000000000000000000e+00 1.420704932326564744e+02 -4.847776933342416328e+01 -6.703881472325501963e+05 -5.739908273380278125e+13 1.395340097234280665e-07 3.135464077491025847e+01 1.394331681685811564e+00 -6.550860172785106794e-01 -4.290428308098714338e-01 -2.518035240257788843e+01
1.000000000000000000e+00 7.644565545456836730e+01 -4.927195640340253391e+01 -6.734923447661284590e+05 -5.793188037944200781e+13 4.889365491111766985e-08 1.373224876978309617e+01 6.084269464956642004e-01 -9.441694547350003575e-01 -1.872425699414265454e-01 -1.863670170601395526e+01
1.000000000000000000e+00 9.030526865381633073e+00 -4.889286132427929488e+01 -6.765964960995235015e+05 -5.846713143361160156e+13 1.213495176961032264e-08 -7.673361031132739818e+00 -3.387355673598973493e-01 -9.830997049747243199e-01 1.041615189196806457e-01 -2.810052857359174183e+01
1.000000000000000000e+00 -5.860202286137775474e+01 -4.735153681432117168e+01 -6.797006004629689269e+05 -5.900483565276664062e+13 3.269754034177336547e-08 -2.719816474673178774e+01 -1.196269399737242001e+00 -7.615431234956265838e-01 3.679603910548659984e-01 -4.420722675415159131e+01
1.000000000000000000e+00 -1.247762343619081946e+02 -4.468148383995418982e+01 -6.828046584139635088e+05 -5.954499302241461719e+13 1.084919014888320456e-07 -3.963387874664827848e+01 -1.736904692822367702e+00 -3.381802254210509728e-01 5.342426413308635214e-01 -5.101520837429173838e+01
1.000000000000000000e+00 -1.879693871753820531e+02 -4.095251034577439952e+01 -6.859086717598005198e+05 -6.008760374880417969e+13 2.323220627957977447e-07 -4.161735090027014650e+01 -1.817228807268920887e+00 1.748067067096624183e-01 5.589229122676009354e-01 -4.178312486454244379e+01
1.000000000000000000e+00 -2.467096382433087456e+02 -3.625078343489963117e+01 -6.890126426357966848e+05 -6.063266810164912500e+13 3.926092847739856893e-07 -3.254211365743484663e+01 -1.415834248228603043e+00 6.414473220226728500e-01 4.354451026178434714e-01 -2.564950134717799557e+01
1.000000000000000000e+00 -2.995204653741822654e+02 -3.068135726489014203e+01 -6.921165744481970323e+05 -6.118018658212613281e+13 5.739283271636731004e-07 -1.474271221595947345e+01 -6.391181978184978796e-01 9.380418321210114430e-01 1.965372895187844082e-01 -1.858853379760847702e+01
1.000000000000000000e+00 -3.451720498224042899e+02 -2.438052357935369585e+01 -6.952204718995720614e+05 -6.173015993242293750e+13 7.590242490095160291e-07 7.105593876665771802e+00 3.069353701814436230e-01 9.859829063328747756e-01 -9.446615722012811911e-02 -2.759084225032198034e+01
1.000000000000000000e+00 -3.825674660032124166e+02 -1.749421183062549545e+01 -6.983243399653977249e+05 -6.228258895832212500e+13 9.302337218944516886e-07 2.721733430734648707e+01 1.171495118768076216e+00 7.726002034324465084e-01 -3.604320405833594254e-01 -4.374272210321014853e+01
1.000000000000000000e+00 -4.106936571006912686e+02 -1.018059217921478776e+01 -7.014281847021648427e+05 -6.283747467507162500e+13 1.070763291686229368e-06 4.023119269274252474e+01 1.725486947848092312e+00 3.544872539589324911e-01 -5.308883387214876626e-01 -5.105701746686488463e+01
1.000000000000000000e+00 -4.288641369703518080e+02 -2.620446018681161782e+00 -7.045320127577364910e+05 -6.339481822355197656e+13 1.167155990761622846e-06 4.263892270016850006e+01 1.822276867503777043e+00 -1.575432849545022052e-01 -5.606941906756875982e-01 -4.229816684795117254e+01
1.000000000000000000e+00 -4.365909142632579005e+02 5.006108173922728000e+00 -7.076358307403823128e+05 -6.395462075856985156e+13 1.209791227640125760e-06 3.372816006211412798e+01 1.436367625580060592e+00 -6.278428477534875318e-01 -4.419757650036229557e-01 -2.613464372770933508e+01
1.000000000000000000e+00 -4.335383154582284533e+02 1.251657096502603750e+01 -7.107396461765060667e+05 -6.451688362257483594e+13 1.193580474015019797e-06 1.578836516302046178e+01 6.700085550842387327e-01 -9.318433503555867414e-01 -2.061894464032396068e-01 -1.855735976630772655e+01
1.000000000000000000e+00 -4.197507713256516126e+02 1.971781746299970806e+01 -7.138434668837343343e+05 -6.508160823498703906e+13 1.119943685190571860e-06 -6.476760984195269799e+00 -2.738902994312788497e-01 -9.890155763858767823e-01 8.421207635754666965e-02 -2.706265873536119315e+01
1.000000000000000000e+00 -3.955044329426206104e+02 2.643100196145278957e+01 -7.169473001114476938e+05 -6.564879593595339062e+13 9.959462500090549115e-07 -2.717978899535351189e+01 -1.145369943197162677e+00 -7.841842194159021062e-01 3.523036641022191384e-01 -4.323668106321540705e+01
1.000000000000000000e+00 -3.612560966024082632e+02 3.248752565540819148e+01 -7.200511531456275843e+05 -6.621844809534300781e+13 8.332696467198071520e-07 -4.080371665686500648e+01 -1.713506004263064764e+00 -3.715740731022295629e-01 5.270471229470403696e-01 -5.107407494008224802e+01
1.000000000000000000e+00 -3.178484609957576481e+02 3.772222965569206821e+01 -7.231550330795063637e+05 -6.679056607052692969e+13 6.480736440132915244e-07 -4.367204878238666055e+01 -1.827599056274570311e+00 1.395091400128072867e-01 5.621143011119518196e-01 -4.281492546677110056e+01
1.000000000000000000e+00 -2.663339207848422916e+02 4.199920760612929627e+01 -7.262589459615941159e+05 -6.736515104756271094e+13 4.587516553551031279e-07 -3.494315504997179289e+01 -1.457256936543142922e+00 6.136159017964624152e-01 4.481865355057987887e-01 -2.663298738667943155e+01
1.000000000000000000e+00 -2.079101393837293301e+02 4.520583804626063795e+01 -7.293628975360485492e+05 -6.794220417498832031e+13 2.842223406157071424e-07 -1.685758188955559334e+01 -7.006015900004864960e-01 9.250652705362534256e-01 2.154487647368965864e-01 -1.854962587645967531e+01
1.000000000000000000e+00 -1.440981999947900363e+02 4.724577891643367877e+01 -7.324668926609026967e+05 -6.852172645376741406e+13 1.425754343902452351e-07 5.836247693556670946e+00 2.417221842797545595e-01 9.912947832420271332e-01 -7.440592516528661549e-02 -2.656868519761169267e+01
1.000000000000000000e+00 -7.653583119534465595e+01 4.806401843169000898e+01 -7.355709343430183362e+05 -6.910371855245317969e+13 4.838334530697586202e-08 2.713102268700421504e+01 1.119852970698687722e+00 7.947660054594321011e-01 -3.445440668069280621e-01 -4.275007937480506826e+01
1.000000000000000000e+00 -6.898323275557186385e+00 4.763770637577020040e+01 -7.386750249575934140e+05 -6.968818102995171875e+13 1.132235537586228528e-08 4.135329546607834317e+01 1.701069550472238623e+00 3.875964141904526539e-01 -5.233742414629924955e-01 -5.107542121666367763e+01
1.000000000000000000e+00 6.294554334604956836e+01 4.596704498100080372e+01 -7.417791656195060350e+05 -7.027511421390209375e+13 3.539736577192161556e-08 4.467510856470383374e+01 1.831469495252570079e+00 -1.222908221487472025e-01 -5.635208356697944954e-01 -4.330655980435684427e+01
1.000000000000000000e+00 1.311620875838336246e+02 4.309770813565266678e+01 -7.448833556649567327e+05 -7.086451809705221875e+13 1.182073850632522263e-07 3.614166044532431954e+01 1.476621847016245326e+00 -5.997867029744433642e-01 -4.543604352137216029e-01 -2.713345862202739056e+01
1.000000000000000000e+00 1.960342712077915905e+02 3.910749917698235834e+01 -7.479875934727829881e+05 -7.145639248712973438e+13 2.513381001885367914e-07 1.794161984974940438e+01 7.305583517003439997e-01 -9.183808316709960451e-01 -2.248189057329997020e-01 -1.856014670956100687e+01
1.000000000000000000e+00 2.558120297093032320e+02 3.409434717441401119e+01 -7.510918760306934128e+05 -7.205073691982579688e+13 4.209229756372152946e-07 -5.153561824245769252e+00 -2.091403087453475862e-01 -9.936484171049496661e-01 6.429179073195780136e-02 -2.607075552615530611e+01
1.000000000000000000e+00 3.089434296801379674e+02 2.819544768218663933e+01 -7.541961986325611360e+05 -7.264755059496321875e+13 6.094841787981925417e-07 -2.703777892643673297e+01 -1.093561357048775440e+00 -8.056084427771340595e-01 3.363670916179056780e-01 -4.223392947093579863e+01
1.000000000000000000e+00 3.541371781132327214e+02 2.156985582101075138e+01 -7.573005560868334724e+05 -7.324683260353745312e+13 7.980588822475894858e-07 -4.188195858304638364e+01 -1.688285445380669492e+00 -4.040476464420557634e-01 5.192911116196475829e-01 -5.105086479611072292e+01
1.000000000000000000e+00 3.902005710600620887e+02 1.438479609000253845e+01 -7.604049423838075018e+05 -7.384858186116476562e+13 9.672454156243940692e-07 -4.568656921409516514e+01 -1.835519590339273366e+00 1.046252495399037086e-01 5.645522245051013410e-01 -4.378970059530745118e+01
1.000000000000000000e+00 4.162548165411503192e+02 6.832745335727222979e+00 -7.635093502222213428e+05 -7.445279701251004688e+13 1.099852120357891967e-06 -3.736164593610915574e+01 -1.496073281435076785e+00 5.855577778948480860e-01 4.601263644415557463e-01 -2.763819987580652082e+01
1.000000000000000000e+00 4.317614091975806900e+02 -8.887534327289073888e-01 -7.666137722522511613e+05 -7.505947666957029688e+13 1.182994915443200906e-06 -1.904020735205559234e+01 -7.599057049749987636e-01 9.112209509481541403e-01 2.336898868746790647e-01 -1.859203126634202263e+01
1.000000000000000000e+00 4.363385714936519548e+02 -8.590040472857833009e+00 -7.697182007723180577e+05 -7.566861935186967188e+13 1.208465261263222935e-06 4.467325768494305294e+00 1.777057857900014581e-01 9.952623279199570572e-01 -5.471398614237843461e-02 -2.561059771928281847e+01
1.000000000000000000e+00 4.299543601681845075e+02 -1.607211805122967974e+01 -7.728226277358458610e+05 -7.628022348639875000e+13 1.174292322382480078e-06 2.693861634100974456e+01 1.068070360430227295e+00 8.154241634238363901e-01 -3.286130712824181788e-01 -4.174216648164776444e+01
1.000000000000000000e+00 4.129140899590355502e+02 -2.314800761015511910e+01 -7.759270457926040981e+05 -7.689428761264045312e+13 1.084608688539213684e-06 4.238937337905043989e+01 1.675162342847137165e+00 4.194242088028824478e-01 -5.154019019791062917e-01 -5.101370372325258984e+01
1.000000000000000000e+00 3.856592867480736686e+02 -2.965299054054164074e+01 -7.790314477457820904e+05 -7.751081027729287500e+13 9.481960768255236443e-07 4.666738113429412493e+01 1.838202393867429674e+00 -8.774035244945144196e-02 -5.655906755009332265e-01 -4.424913689833451258e+01
1.000000000000000000e+00 3.489444108485709535e+02 -3.542556519577630780e+01 -7.821358264675390674e+05 -7.812979001800582812e+13 7.787894452838496338e-07 3.856564980748916582e+01 1.514137032794334425e+00 -5.716539449073236856e-01 -4.659023116475683457e-01 -2.814643742193791809e+01
1.000000000000000000e+00 3.037943601408603627e+02 -4.032891124877964728e+01 -7.852401758954131510e+05 -7.875122556351307812e+13 5.935053617765620086e-07 2.015876939431426607e+01 7.888924266024208709e-01 -9.040957332988500683e-01 -2.427666814679608487e-01 -1.864195537112952650e+01
1.000000000000000000e+00 2.512964251972066734e+02 -4.425775748763593498e+01 -7.883444909084222745e+05 -7.937511581290717188e+13 4.102213518461049239e-07 -3.728177484358794036e+00 -1.454267084767524587e-01 -9.969813505016269506e-01 4.469020567026738694e-02 -2.514107623025235227e+01
1.000000000000000000e+00 1.927705556162735832e+02 -4.711710974925067319e+01 -7.914487667794150766e+05 -8.000145972865723438e+13 2.466245572906342435e-07 -2.678190900523421547e+01 -1.041327905203252469e+00 -8.256809630685669754e-01 3.202996388934181704e-01 -4.121258751121063568e+01
1.000000000000000000e+00 1.297087871793592342e+02 -4.884340064651460978e+01 -7.945530002897519153e+05 -8.063025656440378125e+13 1.183859270158526438e-07 -4.286670385163827746e+01 -1.661379993273710332e+00 -4.355605327382772174e-01 5.110167312864069000e-01 -5.094913266393221818e+01
1.000000000000000000e+00 6.356922519791487503e+01 -4.940826187446757700e+01 -7.976571888963188976e+05 -8.126150570121871875e+13 3.750953398366921146e-08 -4.765694957351509942e+01 -1.841121864143945075e+00 7.000320598165066244e-02 5.662771163335157398e-01 -4.471000505096044009e+01
1.000000000000000000e+00 -4.053035842269073541e+00 -4.879560849311661741e+01 -8.007613307844750816e+05 -8.189520666111371875e+13 1.167554793276293953e-08 -3.980256601930280169e+01 -1.532777961748408746e+00 5.569992003554381510e-01 4.714167520021062541e-01 -2.867072653023436146e+01
1.000000000000000000e+00 -7.149627629777359061e+01 -4.702234762927129452e+01 -8.038654258518826682e+05 -8.253135931194464062e+13 4.318667445040585565e-08 -2.131093983257528635e+01 -8.180636654894083426e-01 8.963190648930334792e-01 2.515784408981407982e-01 -1.871324172885612924e+01
1.000000000000000000e+00 -1.372314391903447586e+02 -4.413950107056230365e+01 -8.069694749206383713e+05 -8.316996371179735938e+13 1.289517717961940483e-07 2.965129965915724419e+00 1.134616184791729931e-01 9.980170520663460554e-01 -3.495212544568294250e-02 -2.469722034058626647e+01
1.000000000000000000e+00 -1.996875517239973306e+02 -4.020847349218892219e+01 -8.100734794807091821e+05 -8.381102005956378125e+13 2.608583282874460215e-07 2.660347460298839906e+01 1.014772591034253990e+00 8.351698517016363787e-01 -3.122161250605721139e-01 -4.069632759818458112e+01
1.000000000000000000e+00 -2.573282833162330689e+02 -3.532129498051090621e+01 -8.131774422901732614e+05 -8.445452882226831250e+13 4.262814455462229903e-07 4.331456835842651287e+01 1.647000913211587925e+00 4.509876034248505583e-01 -5.067360944433216829e-01 -5.087218841636895661e+01
1.000000000000000000e+00 -3.088424387801321132e+02 -2.959918626946960529e+01 -8.162813670456982218e+05 -8.510049067138710938e+13 6.096172781361052257e-07 4.861542053691322707e+01 1.842755461363661196e+00 -5.268825399850646241e-02 -5.669897744324700062e-01 -4.515613340035608303e+01
1.000000000000000000e+00 -3.529644297036783200e+02 -2.316851411825786045e+01 -8.193852580834997352e+05 -8.574890642397885938e+13 7.932354614840032819e-07 4.102936582274220711e+01 1.550338651039788962e+00 -5.424043908548241699e-01 -4.770399493447469719e-01 -2.920709253207312628e+01
1.000000000000000000e+00 -3.885558179875690712e+02 -1.618065366115193271e+01 -8.224891210418352857e+05 -8.639977718440554688e+13 9.592797823958420025e-07 2.249320246187350136e+01 8.472770485652039163e-01 -8.884427753358847824e-01 -2.607300319185900106e-01 -1.880507452634126864e+01
1.000000000000000000e+00 -4.147844232484990243e+02 -8.807715993540940147e+00 -8.255929620905575575e+05 -8.705310418701685938e+13 1.092075468726778244e-06 -2.137298683690155077e+00 -8.025756664324085188e-02 -9.991452954029479416e-01 2.464068000251512514e-02 -2.424074044059588928e+01
1.000000000000000000e+00 -4.309371104150852148e+02 -1.218240176930480034e+00 -8.286967874174783938e+05 -8.770888868953106250e+13 1.178493912140128859e-06 -2.635678874194653076e+01 -9.866522180652650409e-01 -8.451675357264333277e-01 3.034807406974529553e-01 -4.013700435589298365e+01
1.000000000000000000e+00 -4.365041757072744986e+02 6.403060850746084220e+00 -8.318006043529002927e+05 -8.836713221203751562e+13 1.209409548298109569e-06 -4.372531808367924810e+01 -1.631772431670520662e+00 -4.672663300867425651e-01 5.019111397009926590e-01 -5.076448822900712088e+01
1.000000000000000000e+00 -4.313415130269455062e+02 1.386263507775191250e+01 -8.349044203494628891e+05 -8.902783632396239062e+13 1.181654566890834281e-06 -4.957989736774016620e+01 -1.844554126041293429e+00 3.445584161188119943e-02 5.673346296745861439e-01 -4.560298340806784267e+01
1.000000000000000000e+00 -4.154696887632005087e+02 2.098277140229450666e+01 -8.380082428460322553e+05 -8.969100261541818750e+13 1.097459010108212738e-06 -4.228853600089306042e+01 -1.568453763849135596e+00 5.270436179320775461e-01 4.823907707765435204e-01 -2.975928304910876676e+01
1.000000000000000000e+00 -3.891558434467507936e+02 2.758141044937953978e+01 -8.411120795089033199e+05 -9.035663274897157812e+13 9.646493854366183177e-07 -2.370720446062517794e+01 -8.765905838954534124e-01 8.799300643001859434e-01 2.695804624022961615e-01 -1.891843445449937278e+01
1.000000000000000000e+00 -3.530503654040869606e+02 3.348210864695953148e+01 -8.442159375228370773e+05 -9.102472830766221875e+13 7.964374877381369553e-07 1.290985632043931464e+00 4.758930014043968870e-02 9.995759752686583788e-01 -1.468957698010963861e-02 -2.381381281980044307e+01
1.000000000000000000e+00 -3.079643176985372861e+02 3.853873855271328353e+01 -8.473198233795990236e+05 -9.169529074732607812e+13 6.091355737455049267e-07 2.609596324448233418e+01 9.590400286187226175e-01 8.542863875069079960e-01 -2.950703157373261720e-01 -3.959818646440162127e+01
1.000000000000000000e+00 -2.549415254674376570e+02 4.261384685804313222e+01 -8.504237435794478515e+05 -9.236832154623256250e+13 4.212923081860930760e-07 4.411162719651762387e+01 1.616203289152590594e+00 4.825983203599931715e-01 -4.972592966282491367e-01 -5.064664214846781221e+01
1.000000000000000000e+00 -1.953622697182958916e+02 4.558988370992504002e+01 -8.535277036640027072e+05 -9.304382199426248438e+13 2.522602408259765361e-07 5.051058029932274707e+01 1.845052624086735982e+00 -1.697031580403740580e-02 -5.676947225913022699e-01 -4.602624203963993210e+01
1.000000000000000000e+00 -1.306947677852645882e+02 4.739262090303474650e+01 -8.566317076931602787e+05 -9.372179307465021875e+13 1.192762201072348139e-07 4.352513672785281074e+01 1.585090252882039419e+00 -5.120525776367375048e-01 -4.877313604202974662e-01 -3.031118311261701948e+01
1.000000000000000000e+00 -6.255365673547996153e+01 4.796670420242436705e+01 -8.597357590667265467e+05 -9.440223563854654688e+13 3.600543191796930850e-08 2.493174731166507740e+01 9.052279497238752137e-01 -8.714930553910853472e-01 -2.785599524579087660e-01 -1.905105149959138444e+01
1.000000000000000000e+00 7.228369472623312753e+00 4.728626347994468659e+01 -8.628398596891647903e+05 -9.508515021831229688e+13 1.118941218279542330e-08 -4.006044755953368508e-01 -1.450161371619020784e-02 -1.000060659507035599e+00 4.410482168236159670e-03 -2.338721380367199743e+01
1.000000000000000000e+00 7.686830382285504015e+01 4.537498680090810410e+01 -8.659440101156990277e+05 -9.577053705390756250e+13 4.749461345293905161e-08 -2.578265215283500211e+01 -9.305234223642543379e-01 -8.636589457697426697e-01 2.862146536046044631e-01 -3.903045186329832461e+01
1.000000000000000000e+00 1.445809102513987625e+02 4.227783507605665392e+01 -8.690482099788599880e+05 -9.645839618223001562e+13 1.413614456066917331e-07 -4.446781649958749227e+01 -1.600105334850754346e+00 -4.983819578613568058e-01 4.921719394144674076e-01 -5.049931079076912255e+01
1.000000000000000000e+00 2.085251887955350583e+02 3.806986229463938542e+01 -8.721524571474895347e+05 -9.714872724610046875e+13 2.830071599027629063e-07 -5.144456554873342924e+01 -1.845649216297726491e+00 -1.000090229918648710e-03 5.676732921590087466e-01 -4.643820712562801845e+01
1.000000000000000000e+00 2.670726977481570543e+02 3.287154055225179405e+01 -8.752567478921099100e+05 -9.784152952424210938e+13 4.578572324170851273e-07 -4.478293338248148103e+01 -1.601890800094453615e+00 4.966500366885280293e-01 4.926762608158696266e-01 -3.086509160567146282e+01
1.000000000000000000e+00 3.187447834871318264e+02 2.681680659572743863e+01 -8.783610779171208851e+05 -9.853680215653259375e+13 6.481488594395847752e-07 -2.617104387433861135e+01 -9.333744883277040882e-01 8.626188148192036609e-01 2.870463489730410434e-01 -1.920102711490064351e+01
1.000000000000000000e+00 3.621562226229433463e+02 2.006065680051579392e+01 -8.814654417769308202e+05 -9.923454401029585938e+13 8.342436968339854615e-07 -4.894006064733922301e-01 -1.740274172080166076e-02 9.998639987693416220e-01 5.302062956035033872e-03 -2.299794398305289178e+01
1.000000000000000000e+00 3.962635449960219489e+02 1.279017427009976515e+01 -8.845698328152204631e+05 -9.993475366201901562e+13 9.973293140443324313e-07 2.547104468923100384e+01 9.030711753972402445e-01 8.720108031994771025e-01 -2.778520044339298223e-01 -3.849508262255424995e+01
1.000000000000000000e+00 4.202738479767295985e+02 5.190360152361670032e+00 -8.876742442092564888e+05 -1.006374296293432344e+14 1.121067311787505860e-06 4.480805828523721601e+01 1.584007156950089534e+00 5.129879103948135066e-01 -4.873523686606494043e-01 -5.034700419759889201e+01
1.000000000000000000e+00 4.335712253541711334e+02 -2.547444572777989524e+00 -8.907786682344001019e+05 -1.013425702030521406e+14 1.192907469531148881e-06 5.234442814459492865e+01 1.845019621314961888e+00 1.799323734504809646e-02 -5.676827511744716448e-01 -4.682207685208599912e+01
1.000000000000000000e+00 4.359356607453389643e+02 -1.021682910035992897e+01 -8.938830968473799294e+05 -1.020501735766740938e+14 1.206377039829445829e-06 4.601175906666995274e+01 1.617084019054995547e+00 -4.817736783237797638e-01 -4.975741900322291356e-01 -3.141188737494841021e+01
1.000000000000000000e+00 4.274167619940226359e+02 -1.763085541444075233e+01 -8.969875227289189352e+05 -1.027602380841085625e+14 1.160790225354200779e-06 2.741412891082978831e+01 9.606719336806760490e-01 -8.538813729624369353e-01 -2.956185672556970179e-01 -1.936850177128485839e+01
1.000000000000000000e+00 4.082428826659329957e+02 -2.461078767536644918e+01 -9.000919382659402909e+05 -1.034727619684895625e+14 1.060640703897375513e-06 1.421498888929708659e+00 4.966926665717812106e-02 -9.997292248364619827e-01 -1.533218545950912684e-02 -2.261040290847020984e+01
1.000000000000000000e+00 3.790152836799451279e+02 -3.097756521886555348e+01 -9.031963359823154751e+05 -1.041877434803982344e+14 9.163209967036320183e-07 -2.510313377965529114e+01 -8.746078759302697847e-01 -8.806509172762823079e-01 2.690139781020866594e-01 -3.792986713934531195e+01
1.000000000000000000e+00 3.405520131151460532e+02 -3.658547912781905609e+01 -9.063007093488271348e+05 -1.049051810659142344e+14 7.424329120788070322e-07 -4.511245450179206529e+01 -1.567219226597722503e+00 -5.281714796638374843e-01 4.820576308419554645e-01 -5.016377651197828413e+01
1.000000000000000000e+00 2.937896561951766898e+02 -4.130723940384753945e+01 -9.094050523874425562e+05 -1.056250732784449688e+14 5.559520587199803340e-07 -5.324610177216388252e+01 -1.844474155267593840e+00 -3.569059219742076738e-02 5.673136757782042405e-01 -4.719885878538332236e+01
1.000000000000000000e+00 2.399637421397747801e+02 -4.502457390366399892e+01 -9.125093597549386322e+05 -1.063474188004035625e+14 3.752537537992215741e-07 -4.726877970328018108e+01 -1.632729361889790898e+00 4.662441211471690661e-01 5.021625702752962050e-01 -3.196859707925761995e+01
1.000000000000000000e+00 1.804328378348602655e+02 -4.766062991068627497e+01 -9.156136275634093909e+05 -1.070722166376270781e+14 2.176694302181877859e-07 -2.868717857160905638e+01 -9.880667372612179644e-01 8.445515446712443808e-01 3.038688731115591346e-01 -1.955470925508686975e+01
1.000000000000000000e+00 1.165839462006274658e+02 -4.916162904974798664e+01 -9.187178523589730030e+05 -1.077994658854761250e+14 9.801488647489196458e-08 -2.372264268200106496e+00 -8.147487359762177472e-02 9.989336305473728306e-01 2.501061518030646760e-02 -2.225073616658066555e+01
1.000000000000000000e+00 5.000763121617691809e+01 -4.948668752535021298e+01 -9.218220314916903153e+05 -1.085291658176596719e+14 2.776612917978132365e-08 2.471988704720440566e+01 8.465894099209076984e-01 8.884907393435982348e-01 -2.604760856950840697e-01 -3.738560386025249471e+01
1.000000000000000000e+00 -1.768909383164724147e+01 -4.863893098465646858e+01 -9.249261641121269204e+05 -1.092613161248698750e+14 1.348308490569525395e-08 4.539052382348594961e+01 1.550103804442626743e+00 5.425476071280010970e-01 -4.769203193167534383e-01 -4.997389681862846089e+01
1.000000000000000000e+00 -8.496680713129335061e+01 -4.664423267848982135e+01 -9.280302499925681623e+05 -1.099959166424865469e+14 5.638006582444687011e-08 5.411231124721269481e+01 1.842741454273089552e+00 5.283142782124522485e-02 -5.669799878387072889e-01 -4.755712885254136779e+01
1.000000000000000000e+00 -1.501807856072207414e+02 -4.354103440547482506e+01 -9.311342899052645080e+05 -1.107329674430060625e+14 1.523047016578758129e-07 4.850484901341376087e+01 1.647136874311544208e+00 -4.508789850686494294e-01 -5.068197660451245756e-01 -3.253021009729887680e+01
1.000000000000000000e+00 -2.117740452923022474e+02 -3.941012635086349292e+01 -9.342382859933289001e+05 -1.114724689285157656e+14 2.921244741836597995e-07 2.997997823321289346e+01 1.015209125382549260e+00 -8.351417551149710183e-01 -3.123981823439787586e-01 -1.976292475155043249e+01
1.000000000000000000e+00 -2.683479263345805634e+02 -3.435063148123387577e+01 -9.373422409042407526e+05 -1.122144216286623906e+14 4.627435086013771331e-07 3.385677556703547975e+00 1.143280764726914839e-01 -9.981704091068996920e-01 -3.522508802969386010e-02 -2.188671854718117515e+01
1.000000000000000000e+00 -3.184916106203733079e+02 -2.847065096237660597e+01 -9.404461583448511083e+05 -1.129588263359767812e+14 6.477086259213478158e-07 -2.426039698054816185e+01 -8.169429371403844620e-01 -8.967662444783092157e-01 2.512749699756067212e-01 -3.680069118408813722e+01
1.000000000000000000e+00 -3.609777326870468528e+02 -2.191554911187921206e+01 -9.435500434638691368e+05 -1.137056842022587969e+14 8.292220875595746447e-07 -4.561906718609846223e+01 -1.531898994323984908e+00 -5.577654237288491856e-01 4.711944925840587106e-01 -4.974745394178984981e+01
1.000000000000000000e+00 -3.948178409887435691e+02 -1.484095977457249127e+01 -9.466539016542239115e+05 -1.144549964546924375e+14 9.901833533897267709e-07 -5.497635727589613452e+01 -1.840996549360456092e+00 -7.096493464120356975e-02 5.662458801703531552e-01 -4.791199882780727393e+01
1.000000000000000000e+00 -4.190937605674749875e+02 -7.404702596217992649e+00 -9.497577388202317525e+05 -1.152067644616290312e+14 1.114804510659420819e-06 -4.977398321400274028e+01 -1.662172324613732544e+00 4.346375613715717789e-01 5.112197200865999935e-01 -3.310876114373408541e+01
1.000000000000000000e+00 -4.331519514318525808e+02 2.065157448357765879e-01 -9.528615619903334882e+05 -1.159609898837513281e+14 1.190680214930797412e-06 -3.131164530736176488e+01 -1.042748334642836783e+00 8.250297706973597212e-01 3.206881298281752390e-01 -1.999224462810378711e+01
1.000000000000000000e+00 -4.366404931857759379e+02 7.807326443126383353e+00 -9.559653781567388214e+05 -1.167176743951844844e+14 1.210252909566152844e-06 -4.424999401957287581e+00 -1.469569426612523932e-01 9.967335239243373390e-01 4.515274482264167860e-02 -2.154867604390121372e+01
