5.400000243141342798e+04 4.408985350247254644e-08 9.999999999999999547e-08
5.400917881748030049e+04 6.102556295035170277e-08 9.999999999999999547e-08
5.401835518484346539e+04 9.729947009434897593e-08 9.999999999999999547e-08
5.402753155204961513e+04 -4.833650814732609486e-08 9.999999999999999547e-08
5.403670793867280008e+04 4.257449455915781508e-08 9.999999999999999547e-08
5.404588436391385767e+04 -6.626622689356968366e-08 9.999999999999999547e-08
5.405506084539937001e+04 -1.376528551093756690e-07 9.999999999999999547e-08
5.406423740060302225e+04 6.903338591453541616e-10 9.999999999999999547e-08
5.407341404602635157e+04 8.993206370177383887e-09 9.999999999999999547e-08
5.408259079390071565e+04 -3.962536927697486456e-08 9.999999999999999547e-08
5.409176765446261561e+04 -1.652973975995760687e-07 9.999999999999999547e-08
5.410094463558925781e+04 -2.068144911638768631e-07 9.999999999999999547e-08
5.411012174094633519e+04 -8.600539525315982923e-08 9.999999999999999547e-08
5.411929897197723039e+04 -9.696181582954609654e-09 9.999999999999999547e-08
5.412847632634785987e+04 -4.696679002004066604e-08 9.999999999999999547e-08
5.413765379675844451e+04 -7.559896295154125730e-08 9.999999999999999547e-08
5.414683137434649689e+04 6.696874602782041410e-08 9.999999999999999547e-08
5.415600904786752653e+04 -4.877389876840952046e-08 9.999999999999999547e-08
5.416518680268314347e+04 -1.495099604520918255e-07 9.999999999999999547e-08
5.417436462252343335e+04 -1.533113126448454439e-08 9.999999999999999547e-08
5.418354248969476612e+04 -1.758345086885747893e-07 9.999999999999999547e-08
5.419272038446940860e+04 -9.566107314201339724e-08 9.999999999999999547e-08
5.420189828870070050e+04 7.283530479168571775e-08 9.999999999999999547e-08
5.421107618391730648e+04 1.371340864631353643e-07 9.999999999999999547e-08
5.422025405052932911e+04 5.563761353838552067e-08 9.999999999999999547e-08
5.422943187098647468e+04 -2.001135115715019050e-07 9.999999999999999547e-08
5.423860962928197114e+04 -2.043024114202652243e-07 9.999999999999999547e-08
5.424778731066854380e+04 2.732522227004703023e-08 9.999999999999999547e-08
5.425696490285218169e+04 3.439453696666323753e-08 9.999999999999999547e-08
5.426614239569679921e+04 8.958788056947606220e-08 9.999999999999999547e-08
5.427531977978466603e+04 -1.559720742807005437e-07 9.999999999999999547e-08
5.428449704971405299e+04 1.174530280283597800e-08 9.999999999999999547e-08
5.429367420338582451e+04 -5.187515471970036605e-08 9.999999999999999547e-08
5.430285123967686377e+04 6.989063320019491932e-08 9.999999999999999547e-08
5.431202816099527990e+04 2.281440102221352816e-07 9.999999999999999547e-08
5.432120497195298958e+04 -3.257181640454184672e-08 9.999999999999999547e-08
5.433038167934659577e+04 1.327715139402347879e-07 9.999999999999999547e-08
5.433955829372735025e+04 -2.323127746331126964e-08 9.999999999999999547e-08
5.434873482756977319e+04 1.052538073174094889e-07 9.999999999999999547e-08
5.435791129398678459e+04 1.677691814983894942e-07 9.999999999999999547e-08
5.436708770894176268e+04 3.393098717945400201e-08 9.999999999999999547e-08
5.437626409023498854e+04 2.478144351802136060e-07 9.999999999999999547e-08
5.438544045585617278e+04 1.250445137209253314e-07 9.999999999999999547e-08
5.439461682565606316e+04 1.722047304869698813e-07 9.999999999999999547e-08
5.440379321880445059e+04 1.653435772084957329e-07 9.999999999999999547e-08
5.441296965349539823e+04 2.623701676980560611e-07 9.999999999999999547e-08
5.442214614843372692e+04 -1.649764650111332691e-07 9.999999999999999547e-08
5.443132272104467847e+04 -4.537269998464259357e-08 9.999999999999999547e-08
5.444049938576174463e+04 6.560763057932803416e-08 9.999999999999999547e-08
5.444967615539126564e+04 9.541460561430415417e-08 9.999999999999999547e-08
5.445885303992436820e+04 1.179445336931012544e-07 9.999999999999999547e-08
5.446803004530960607e+04 7.082662806152864872e-08 9.999999999999999547e-08
5.447720717606351536e+04 2.443461706148355583e-07 9.999999999999999547e-08
5.448638443258751067e+04 2.208583605871631997e-07 9.999999999999999547e-08
5.449556181028050923e+04 4.049252924799057019e-08 9.999999999999999547e-08
5.450473930305230897e+04 2.720201884965468241e-07 9.999999999999999547e-08
5.451391690128668415e+04 8.201034457899283363e-08 9.999999999999999547e-08
5.452309459215318930e+04 1.187644606659573192e-07 9.999999999999999547e-08
5.453227236150679528e+04 7.876071680253204819e-08 9.999999999999999547e-08
5.454145019259182300e+04 -4.982896562827564524e-08 9.999999999999999547e-08
5.455062806645782985e+04 1.554719935398655597e-07 9.999999999999999547e-08
5.455980596499019157e+04 2.353597460231066779e-07 9.999999999999999547e-08
5.456898386938143813e+04 1.565478550836169056e-07 9.999999999999999547e-08
5.457816176001198619e+04 6.796944629857943940e-08 9.999999999999999547e-08
5.458733961901320436e+04 2.683106977952166983e-07 9.999999999999999547e-08
5.459651742868066503e+04 2.026038273180554586e-07 9.999999999999999547e-08
5.460569517248612829e+04 -7.350935081478018162e-08 9.999999999999999547e-08
5.461487283735909296e+04 -2.991312048449352494e-08 9.999999999999999547e-08
5.462405041088433791e+04 1.214997223779846081e-07 9.999999999999999547e-08
5.463322788228202262e+04 -1.023408483991320172e-07 9.999999999999999547e-08
5.464240524419624126e+04 6.220479319007671826e-08 9.999999999999999547e-08
5.465158249162718130e+04 -3.122759419830520598e-08 9.999999999999999547e-08
5.466075962156764581e+04 -9.422947815048406176e-08 9.999999999999999547e-08
5.466993663510639453e+04 -4.020566970494693555e-08 9.999999999999999547e-08
5.467911353432069882e+04 -1.221684819476711125e-07 9.999999999999999547e-08
5.468829032368592016e+04 1.279030394329798828e-08 9.999999999999999547e-08
5.469746701203365956e+04 1.038806928876495237e-08 9.999999999999999547e-08
5.470664360967497487e+04 1.284710133536595822e-07 9.999999999999999547e-08
5.471582012870167819e+04 -1.321643285804577789e-08 9.999999999999999547e-08
5.472499658389596880e+04 9.643323096109388565e-09 9.999999999999999547e-08
5.473417299103373080e+04 -2.232819495873832302e-07 9.999999999999999547e-08
5.474334936734459188e+04 -1.494750230422996450e-07 9.999999999999999547e-08
5.475252573274319730e+04 -3.816264078124211821e-08 9.999999999999999547e-08
5.476170210609041533e+04 -2.054298890367748899e-07 9.999999999999999547e-08
5.477087850583170075e+04 -9.581993984516670617e-08 9.999999999999999547e-08
5.478005495139279083e+04 -1.435022670372792957e-07 9.999999999999999547e-08
5.478923146075967816e+04 -1.665826105011664902e-07 9.999999999999999547e-08
5.479840805042429565e+04 -1.230219613185408669e-07 9.999999999999999547e-08
5.480758473556457466e+04 -1.392042828805551207e-07 9.999999999999999547e-08
5.481676152770734188e+04 -5.450016169127794151e-08 9.999999999999999547e-08
5.482593843550005840e+04 -1.894241857373281768e-07 9.999999999999999547e-08
5.483511547761003749e+04 2.809144589887300090e-08 9.999999999999999547e-08
5.484429263389438711e+04 -2.295935067835094921e-07 9.999999999999999547e-08
5.485346991469844943e+04 -2.632191348566092163e-07 9.999999999999999547e-08
5.486264731644854328e+04 6.326731180345518980e-08 9.999999999999999547e-08
5.487182483116879303e+04 -2.355605666837507648e-07 9.999999999999999547e-08
5.488100244861486135e+04 1.061130218074746313e-07 9.999999999999999547e-08
5.489018015692145855e+04 -3.026344242790567628e-07 9.999999999999999547e-08
5.489935794034304126e+04 -1.442165039563921508e-07 9.999999999999999547e-08
5.490853578115577693e+04 -1.188121887570597435e-07 9.999999999999999547e-08
5.491771366173230490e+04 -1.380862857672051325e-07 9.999999999999999547e-08
5.492689156320082111e+04 -4.820354701659267787e-08 9.999999999999999547e-08
5.493606946623123076e+04 -7.700714929329356923e-08 9.999999999999999547e-08
5.494524735266497737e+04 -2.678698093366403519e-07 9.999999999999999547e-08
5.495442520332017739e+04 -2.433398092547360955e-08 9.999999999999999547e-08
5.496360300064375770e+04 -1.359619117855252046e-07 9.999999999999999547e-08
5.497278073039399897e+04 4.128370259603720478e-08 9.999999999999999547e-08
5.498195837828882941e+04 -1.600398928884922729e-07 9.999999999999999547e-08
5.499113593207892700e+04 -1.730087530379511937e-07 9.999999999999999547e-08
5.500031338252736168e+04 -9.214236293636588095e-08 9.999999999999999547e-08
5.500949072208220605e+04 1.016579265963304308e-07 9.999999999999999547e-08
5.501866794600265712e+04 -2.740718551144833163e-08 9.999999999999999547e-08
5.502784505334674759e+04 -1.674246586480618198e-07 9.999999999999999547e-08
5.503702204395709850e+04 -9.720233970600486130e-09 9.999999999999999547e-08
5.504619892036020610e+04 -1.436993678684017122e-07 9.999999999999999547e-08
5.505537568931055284e+04 -1.740325693503650198e-07 9.999999999999999547e-08
5.506455235880039254e+04 -7.930525651899206864e-09 9.999999999999999547e-08
5.507372893963895331e+04 -3.741559273802514521e-08 9.999999999999999547e-08
5.508290544527467137e+04 -2.016522011357610636e-07 9.999999999999999547e-08
5.509208188948361931e+04 3.784524504470853747e-08 9.999999999999999547e-08
5.510125828876866581e+04 -1.723227235418196347e-07 9.999999999999999547e-08
5.511043466203729622e+04 7.070970185589249153e-08 9.999999999999999547e-08
5.511961102763676172e+04 -3.873143400466401213e-09 9.999999999999999547e-08
5.512878740446358279e+04 5.408101635704695753e-08 9.999999999999999547e-08
5.513796381237594323e+04 -1.749588106076250115e-07 9.999999999999999547e-08
5.514714026931828994e+04 3.204247485148558989e-08 9.999999999999999547e-08
5.515631679338448157e+04 -1.114818481082217301e-07 9.999999999999999547e-08
5.516549340170441428e+04 5.742899947698748706e-08 9.999999999999999547e-08
5.517467010727160960e+04 8.794826071026172128e-08 9.999999999999999547e-08
5.518384692160242412e+04 -2.515925287336208771e-08 9.999999999999999547e-08
5.519302385401725769e+04 -7.668691896434408296e-08 9.999999999999999547e-08
5.520220090964884730e+04 6.984030460317434516e-08 9.999999999999999547e-08
5.521137809077812562e+04 1.189530953687437171e-07 9.999999999999999547e-08
5.522055539665629476e+04 4.901159809866458143e-09 9.999999999999999547e-08
5.522973282149875013e+04 7.480208003874191993e-08 9.999999999999999547e-08
5.523891035751441814e+04 -1.538230626951303204e-07 9.999999999999999547e-08
5.524808799480662856e+04 -5.185432102139882701e-08 9.999999999999999547e-08
5.525726571929749480e+04 1.850728944279713821e-07 9.999999999999999547e-08
5.526644351540112984e+04 -3.611048248412426036e-08 9.999999999999999547e-08
5.527562136617348006e+04 -1.696169977911845099e-08 9.999999999999999547e-08
5.528479925241276214e+04 -2.077715363510586021e-08 9.999999999999999547e-08
5.529397715571395383e+04 -2.816862987427816551e-08 9.999999999999999547e-08
5.530315505753007164e+04 4.080245977103817800e-08 9.999999999999999547e-08
5.531233293816712830e+04 5.362926843076696586e-08 9.999999999999999547e-08
5.532151077939740208e+04 8.290233117874578259e-08 9.999999999999999547e-08
5.533068856510780461e+04 7.020368487654613248e-08 9.999999999999999547e-08
5.533986627945013606e+04 -6.749851673945591724e-08 9.999999999999999547e-08
5.534904390952070389e+04 -6.018222128048410471e-08 9.999999999999999547e-08
5.535822144395355281e+04 -1.336557306239105086e-07 9.999999999999999547e-08
5.536739887270828331e+04 7.738904795443185859e-08 9.999999999999999547e-08
5.537657618941324472e+04 -1.270257602928097334e-09 9.999999999999999547e-08
5.538575339065224398e+04 1.690957886956689201e-07 9.999999999999999547e-08
5.539493047454410407e+04 3.544901656202807941e-09 9.999999999999999547e-08
5.540410744198947214e+04 -3.585056844276686153e-08 9.999999999999999547e-08
5.541328429693999351e+04 -2.828618031057504972e-08 9.999999999999999547e-08
5.542246104517590720e+04 1.810141466719682661e-07 9.999999999999999547e-08
5.543163769603485707e+04 -3.808675774154830878e-08 9.999999999999999547e-08
5.544081426139399264e+04 1.863017705124318075e-07 9.999999999999999547e-08
5.544999075328314939e+04 -8.318586240193529529e-08 9.999999999999999547e-08
5.545916718716386822e+04 1.281561279997425159e-07 9.999999999999999547e-08
5.546834358018804778e+04 -1.391315600085812082e-07 9.999999999999999547e-08
5.547751995028808597e+04 1.322814733643612414e-07 9.999999999999999547e-08
5.548669631663840119e+04 -1.850664314948400353e-07 9.999999999999999547e-08
5.549587269872186880e+04 -5.927724288010491166e-08 9.999999999999999547e-08
5.550504911456177797e+04 2.721343836930423639e-07 9.999999999999999547e-08
5.551422558340736578e+04 -1.226554208774492092e-07 9.999999999999999547e-08
5.552340212359588622e+04 2.411295490345603681e-07 9.999999999999999547e-08
5.553257875006488030e+04 1.097669169655843726e-07 9.999999999999999547e-08
5.554175547660945449e+04 -4.112910192423368040e-08 9.999999999999999547e-08
5.555093231411863235e+04 6.716953372128271249e-08 9.999999999999999547e-08
5.556010927048056328e+04 1.458149501464416631e-07 9.999999999999999547e-08
5.556928635120674153e+04 -8.503315599908802469e-08 9.999999999999999547e-08
5.557846355804756604e+04 1.560712939885732901e-07 9.999999999999999547e-08
5.558764088777645520e+04 -5.777300304543426648e-08 9.999999999999999547e-08
5.559681833539953368e+04 5.703608529048037311e-08 9.999999999999999547e-08
5.560599589298048522e+04 1.652776038305408669e-07 9.999999999999999547e-08
5.561517354857632017e+04 -6.525694549948260923e-09 9.999999999999999547e-08
5.562435128892865032e+04 1.382735024910313039e-07 9.999999999999999547e-08
5.563352909775327862e+04 2.434274570916636391e-08 9.999999999999999547e-08
5.564270695656325552e+04 4.242904881520999656e-08 9.999999999999999547e-08
5.565188484784736647e+04 8.896134805819439618e-08 9.999999999999999547e-08
5.566106275291398197e+04 -7.220455267620966194e-08 9.999999999999999547e-08
5.567024065178180172e+04 9.510795230222533097e-08 9.999999999999999547e-08
5.567941852593405929e+04 1.134156622207431713e-07 9.999999999999999547e-08
5.568859635772564798e+04 1.616200782834588337e-08 9.999999999999999547e-08
5.569777413000826346e+04 2.888552602575930077e-07 9.999999999999999547e-08
5.570695182882809604e+04 9.608904782879609575e-08 9.999999999999999547e-08
5.571612944107746443e+04 1.929057017442729162e-07 9.999999999999999547e-08
5.572530695456656395e+04 6.376263883273672222e-08 9.999999999999999547e-08
5.573448436146911990e+04 -1.134650679317462960e-07 9.999999999999999547e-08
5.574366165574188199e+04 9.332362797297276315e-08 9.999999999999999547e-08
5.575283883342537592e+04 4.157974398688379098e-08 9.999999999999999547e-08
5.576201589414236514e+04 -6.892780988042383525e-08 9.999999999999999547e-08
5.577119283892461681e+04 1.099078370372419723e-07 9.999999999999999547e-08
5.578036967154163722e+04 -1.742687236121987649e-07 9.999999999999999547e-08
5.578954639979374770e+04 6.551372287930593248e-08 9.999999999999999547e-08
5.579872303311620635e+04 -3.174457422863047194e-08 9.999999999999999547e-08
5.580789958225306327e+04 -6.479719756960528604e-08 9.999999999999999547e-08
5.581707606148532068e+04 -8.284327681244875550e-08 9.999999999999999547e-08
5.582625248602118518e+04 -1.076956160500392890e-07 9.999999999999999547e-08
