5.400000296256694128e+04 1.130805267555585701e-07 9.999999999999999547e-08
5.400917925601037859e+04 -8.402928814606738081e-08 9.999999999999999547e-08
5.401835551984357880e+04 -5.933922439606138603e-09 9.999999999999999547e-08
5.402753177508355293e+04 1.228218603651290546e-08 9.999999999999999547e-08
5.403670804412348662e+04 2.221143798799065454e-08 9.999999999999999547e-08
5.404588434925444744e+04 -9.988730776425383505e-08 9.999999999999999547e-08
5.405506071090211481e+04 1.540279820786855711e-07 9.999999999999999547e-08
5.406423714962171653e+04 -1.848282964376877128e-07 9.999999999999999547e-08
5.407341368510157918e+04 -1.524028500786301513e-07 9.999999999999999547e-08
5.408259033241779980e+04 -2.461527370300987263e-07 9.999999999999999547e-08
5.409176710439861927e+04 -1.016271654491295129e-08 9.999999999999999547e-08
5.410094401139076217e+04 1.967577482519535697e-08 9.999999999999999547e-08
5.411012105881110620e+04 -3.907315998170830094e-07 9.999999999999999547e-08
5.411929824962832208e+04 -4.680093526748520190e-08 9.999999999999999547e-08
5.412847558274671610e+04 -7.776011409732389316e-08 9.999999999999999547e-08
5.413765305129301851e+04 -9.449654796168276121e-08 9.999999999999999547e-08
5.414683064619405923e+04 -2.789483523818117978e-07 9.999999999999999547e-08
5.415600835586372705e+04 -2.178647942267615655e-07 9.999999999999999547e-08
5.416518616441926133e+04 -7.123865324640235295e-08 9.999999999999999547e-08
5.417436405433395703e+04 -1.417260281056156948e-07 9.999999999999999547e-08
5.418354200592252892e+04 -9.708222343653054955e-08 9.999999999999999547e-08
5.419271999723164481e+04 -2.306584332030126305e-07 9.999999999999999547e-08
5.420189800756752084e+04 -1.666700442513735677e-07 9.999999999999999547e-08
5.421107601576290472e+04 -1.751946122436459272e-07 9.999999999999999547e-08
5.422025399955967441e+04 -1.004272627150675970e-07 9.999999999999999547e-08
5.422943193837340368e+04 -2.628498364057369363e-08 9.999999999999999547e-08
5.423860981336856639e+04 -2.048674343531398314e-07 9.999999999999999547e-08
5.424778760693824006e+04 -2.846830789534825694e-07 9.999999999999999547e-08
5.425696530421850912e+04 -2.127753321795590579e-07 9.999999999999999547e-08
5.426614289255828771e+04 -2.990851194484468529e-08 9.999999999999999547e-08
5.427532036028025323e+04 -1.047865672587227609e-07 9.999999999999999547e-08
5.428449770017765695e+04 -2.905841423583424124e-07 9.999999999999999547e-08
5.429367490825332789e+04 -1.757683908715763899e-07 9.999999999999999547e-08
5.430285198224437045e+04 -6.988108878475922109e-08 9.999999999999999547e-08
5.431202892361589329e+04 -9.591936764250005502e-08 9.999999999999999547e-08
5.432120573645333207e+04 -2.768834947773038687e-07 9.999999999999999547e-08
5.433038242745684693e+04 -2.728218163398565650e-07 9.999999999999999547e-08
5.433955900739964272e+04 -2.397551631849637930e-08 9.999999999999999547e-08
5.434873548957314779e+04 -2.106547322650660005e-07 9.999999999999999547e-08
5.435791188824145502e+04 -2.200672830437477185e-07 9.999999999999999547e-08
5.436708822085084103e+04 -1.194495763371987057e-07 9.999999999999999547e-08
5.437626450717049011e+04 -1.064494905422303711e-07 9.999999999999999547e-08
5.438544076737129217e+04 -4.012537307604735263e-09 9.999999999999999547e-08
5.439461702384783712e+04 -1.542774494993566405e-07 9.999999999999999547e-08
5.440379329884004983e+04 -5.735175291703034381e-08 9.999999999999999547e-08
5.441296961312866188e+04 -6.190376341057411148e-08 9.999999999999999547e-08
5.442214598862817365e+04 -1.262385112663721115e-07 9.999999999999999547e-08
5.443132244593547512e+04 -2.809644182194579728e-08 9.999999999999999547e-08
5.444049900230489584e+04 -7.022388730185322157e-08 9.999999999999999547e-08
5.444967567359124223e+04 9.145835174136789012e-08 9.999999999999999547e-08
5.445885247226306092e+04 -2.291813699126403750e-08 9.999999999999999547e-08
5.446802940649115044e+04 1.900138711337076499e-07 9.999999999999999547e-08
5.447720648282214825e+04 1.382750528478249155e-08 9.999999999999999547e-08
5.448638370294095512e+04 5.294375340453670015e-08 9.999999999999999547e-08
5.449556106320193066e+04 -3.661750505820113772e-08 9.999999999999999547e-08
5.450473855789702793e+04 1.642173648100938049e-07 9.999999999999999547e-08
5.451391617726530239e+04 3.227604027898312262e-08 9.999999999999999547e-08
5.452309390783628623e+04 2.431656657427941321e-07 9.999999999999999547e-08
5.453227173438316095e+04 3.511717352573868771e-08 9.999999999999999547e-08
5.454144963864792226e+04 1.654431949503350177e-07 9.999999999999999547e-08
5.455062759950636973e+04 1.458053794143564469e-07 9.999999999999999547e-08
5.455980559670346702e+04 1.931671501901701860e-07 9.999999999999999547e-08
5.456898360886539012e+04 1.635556891264981990e-07 9.999999999999999547e-08
5.457816161350439506e+04 3.414945998770806763e-07 9.999999999999999547e-08
5.458733959015714208e+04 3.701779125377671822e-07 9.999999999999999547e-08
5.459651751806443644e+04 3.794759746198927123e-07 9.999999999999999547e-08
5.460569537789852620e+04 3.067816048288141618e-07 9.999999999999999547e-08
5.461487315371179284e+04 3.602775331001440091e-07 9.999999999999999547e-08
5.462405083071702393e+04 3.763814419500012622e-07 9.999999999999999547e-08
5.463322839542182192e+04 2.314310750252121047e-07 9.999999999999999547e-08
5.464240583840981708e+04 3.504989300263505646e-07 9.999999999999999547e-08
5.465158315280832176e+04 1.514904274602620623e-07 9.999999999999999547e-08
5.466076033394999104e+04 3.398806875467635269e-07 9.999999999999999547e-08
5.466993738169502467e+04 2.772133134583043080e-07 9.999999999999999547e-08
5.467911429748860246e+04 1.995739554513918579e-07 9.999999999999999547e-08
5.468829108505584736e+04 1.989251861709065815e-07 9.999999999999999547e-08
5.469746775338171574e+04 1.894415945440701925e-07 9.999999999999999547e-08
5.470664431312037050e+04 2.304741097394199802e-07 9.999999999999999547e-08
5.471582077720580128e+04 3.960337248962939375e-08 9.999999999999999547e-08
5.472499716159715172e+04 3.275554619937405909e-07 9.999999999999999547e-08
5.473417348386019876e+04 8.592462014572125342e-08 9.999999999999999547e-08
5.474334976284763979e+04 1.584390791279256941e-07 9.999999999999999547e-08
5.475252602105905680e+04 6.274872559502971007e-08 9.999999999999999547e-08
5.476170227998237533e+04 2.626516118558977162e-08 9.999999999999999547e-08
5.477087856077092874e+04 1.168229942402169206e-07 9.999999999999999547e-08
5.478005488599067758e+04 -8.752035892531388646e-08 9.999999999999999547e-08
5.478923127649212984e+04 -6.477360227804057040e-08 9.999999999999999547e-08
5.479840775190093700e+04 5.045131556595140727e-08 9.999999999999999547e-08
5.480758433063389384e+04 3.154369614146743612e-07 9.999999999999999547e-08
5.481676102677330346e+04 1.244422781901863453e-07 9.999999999999999547e-08
5.482593785143423156e+04 -1.669011912553536972e-07 9.999999999999999547e-08
5.483511482555074326e+04 8.385164040822144726e-08 9.999999999999999547e-08
5.484429193093381764e+04 -2.320695147327252920e-07 9.999999999999999547e-08
5.485346917902374844e+04 1.560984027879824705e-07 9.999999999999999547e-08
5.486264656720274070e+04 -1.304459430492894103e-07 9.999999999999999547e-08
5.487182408778637910e+04 6.559074893855150273e-08 9.999999999999999547e-08
5.488100173014338361e+04 2.225377321543442835e-08 9.999999999999999547e-08
5.489017948181756947e+04 9.439127621714083666e-08 9.999999999999999547e-08
5.489935732579509204e+04 2.867954866398634561e-08 9.999999999999999547e-08
5.490853524267077592e+04 3.004339943404096178e-08 9.999999999999999547e-08
5.491771321278017422e+04 5.574650122824863083e-08 9.999999999999999547e-08
5.492689121496157895e+04 2.087685994154911105e-07 9.999999999999999547e-08
5.493606922720687726e+04 8.269445898107565269e-08 9.999999999999999547e-08
5.494524722864782234e+04 3.131312247106684829e-08 9.999999999999999547e-08
5.495442519737473049e+04 8.333571807009587606e-08 9.999999999999999547e-08
5.496360311273200205e+04 -9.545290130594808816e-08 9.999999999999999547e-08
5.497278095769503125e+04 1.122920156206381850e-08 9.999999999999999547e-08
5.498195871530408476e+04 -1.946156892170476769e-07 9.999999999999999547e-08
5.499113637069106335e+04 -2.246513370208757582e-07 9.999999999999999547e-08
5.500031391229113797e+04 9.920414069423763782e-08 9.999999999999999547e-08
5.500949133033581893e+04 -2.058708482260566647e-08 9.999999999999999547e-08
5.501866861811983836e+04 -2.273307508114170438e-07 9.999999999999999547e-08
5.502784577336756047e+04 -1.540851329668032426e-07 9.999999999999999547e-08
5.503702279484387691e+04 -2.025718191619869523e-07 9.999999999999999547e-08
5.504619968407546548e+04 -1.943884920174676901e-07 9.999999999999999547e-08
5.505537644773742795e+04 -2.560323660868591559e-07 9.999999999999999547e-08
5.506455309362833214e+04 -1.998556888798387115e-07 9.999999999999999547e-08
5.507372963305087615e+04 -1.115703285004424685e-07 9.999999999999999547e-08
5.508290608050737501e+04 -2.073367296758031677e-07 9.999999999999999547e-08
5.509208245094771701e+04 -7.278614210553961669e-08 9.999999999999999547e-08
5.510125876263083046e+04 -1.334222041113681441e-07 9.999999999999999547e-08
5.511043503655297536e+04 -2.081253554106821872e-07 9.999999999999999547e-08
5.511961129329718096e+04 -3.898315973864666439e-08 9.999999999999999547e-08
5.512878755457088118e+04 -1.090820629904488703e-07 9.999999999999999547e-08
5.513796384311746806e+04 -2.543489705777283181e-07 9.999999999999999547e-08
5.514714017975332536e+04 -1.494564072582200908e-07 9.999999999999999547e-08
5.515631658568876446e+04 -1.375437971873922311e-07 9.999999999999999547e-08
5.516549308112160361e+04 -6.939198061171629938e-08 9.999999999999999547e-08
5.517466968219520641e+04 -1.394210112673695249e-07 9.999999999999999547e-08
5.518384640281056636e+04 -1.337819111291576232e-08 9.999999999999999547e-08
5.519302325508758076e+04 -2.558603548867853977e-07 9.999999999999999547e-08
5.520220024606807419e+04 -1.842518475194585475e-07 9.999999999999999547e-08
5.521137737978150835e+04 -1.699130561880815869e-07 9.999999999999999547e-08
5.522055465677947359e+04 -2.543852420209521430e-07 9.999999999999999547e-08
5.522973207199997705e+04 -2.498684459807222988e-07 9.999999999999999547e-08
5.523890961762678489e+04 -2.373872866004655592e-07 9.999999999999999547e-08
5.524808728364850685e+04 -7.205270237016679930e-08 9.999999999999999547e-08
5.525726505502786313e+04 -2.820975147407305769e-07 9.999999999999999547e-08
5.526644291501487896e+04 -7.283509742768221925e-08 9.999999999999999547e-08
5.527562084467847308e+04 -1.984885002469107237e-07 9.999999999999999547e-08
5.528479882295039715e+04 -3.964139775726898956e-07 9.999999999999999547e-08
5.529397682881559012e+04 -3.923360737838151861e-09 9.999999999999999547e-08
5.530315484127964737e+04 -5.648379730786114204e-08 9.999999999999999547e-08
5.531233283787931578e+04 -1.113778450747454034e-07 9.999999999999999547e-08
5.532151079737745022e+04 1.245992690073300239e-07 9.999999999999999547e-08
5.533068870089049597e+04 -1.801498365722915068e-07 9.999999999999999547e-08
5.533986652956150647e+04 3.435658583899587970e-08 9.999999999999999547e-08
5.534904426792665618e+04 -1.240873142755399158e-07 9.999999999999999547e-08
5.535822190219291952e+04 1.585317604537093164e-07 9.999999999999999547e-08
5.536739941965031176e+04 -8.653123889384174700e-08 9.999999999999999547e-08
5.537657681202616368e+04 1.024418676813961762e-07 9.999999999999999547e-08
5.538575407419187104e+04 7.135679579018393973e-08 9.999999999999999547e-08
5.539493120264788013e+04 7.538047822192282162e-08 9.999999999999999547e-08
5.540410819741051819e+04 -6.462139239315250899e-09 9.999999999999999547e-08
5.541328506170992478e+04 6.020188059160865338e-08 9.999999999999999547e-08
5.542246180091769202e+04 2.645623124888415111e-07 9.999999999999999547e-08
5.543163842457760620e+04 2.581133388933197096e-07 9.999999999999999547e-08
5.544081494513594225e+04 8.048629579720479974e-08 9.999999999999999547e-08
5.544999137576135399e+04 1.780687168998645429e-07 9.999999999999999547e-08
5.545916773294741870e+04 1.045549574044241939e-07 9.999999999999999547e-08
5.546834403589387512e+04 -4.140021750734193103e-08 9.999999999999999547e-08
5.547752030451429891e+04 6.625743141645712640e-08 9.999999999999999547e-08
5.548669656051765924e+04 1.391957433525303401e-07 9.999999999999999547e-08
5.549587282608688110e+04 2.052825354305546358e-07 9.999999999999999547e-08
5.550504912213654461e+04 7.659479273525094078e-08 9.999999999999999547e-08
5.551422547085096448e+04 2.489262051206855100e-07 9.999999999999999547e-08
5.552340189385634585e+04 2.091768233827658053e-08 9.999999999999999547e-08
5.553257840883271274e+04 2.596685604681136180e-07 9.999999999999999547e-08
5.554175503271760681e+04 4.950002464704400254e-08 9.999999999999999547e-08
5.555093177920493326e+04 7.596638441829316232e-08 9.999999999999999547e-08
5.556010865827814268e+04 8.989328347109760038e-08 9.999999999999999547e-08
5.556928567775351257e+04 3.545874815977912610e-08 9.999999999999999547e-08
5.557846284079935867e+04 1.614741978386713362e-07 9.999999999999999547e-08
5.558764014549412968e+04 1.290717827334399620e-07 9.999999999999999547e-08
5.559681758734481264e+04 2.451299424127182065e-07 9.999999999999999547e-08
5.560599515849171439e+04 2.259939745597492198e-07 9.999999999999999547e-08
5.561517284654180548e+04 1.411628572058967578e-07 9.999999999999999547e-08
5.562435063720986363e+04 1.454702579818711667e-07 9.999999999999999547e-08
5.563352851307769015e+04 2.079305733100863448e-07 9.999999999999999547e-08
5.564270645367624093e+04 8.294140520265635304e-08 9.999999999999999547e-08
5.565188443928297056e+04 7.080460534669740878e-09 9.999999999999999547e-08
5.566106244883137697e+04 1.914615578929314708e-07 9.999999999999999547e-08
5.567024045959852083e+04 6.043352827501978464e-08 9.999999999999999547e-08
5.567941845042254863e+04 -7.932412537768429469e-08 9.999999999999999547e-08
5.568859640063572442e+04 1.817173381445964655e-08 9.999999999999999547e-08
5.569777429018966359e+04 1.528929974396476408e-07 9.999999999999999547e-08
5.570695210246981878e+04 1.122260338599785777e-07 9.999999999999999547e-08
5.571612982151985489e+04 1.023499651902830188e-07 9.999999999999999547e-08
5.572530743272200198e+04 8.388424020228459251e-08 9.999999999999999547e-08
5.573448492594895652e+04 -1.194828437038365200e-07 9.999999999999999547e-08
5.574366229313969961e+04 1.068379476855690518e-08 9.999999999999999547e-08
5.575283952858841076e+04 -8.436763617933023681e-08 9.999999999999999547e-08
5.576201663051410287e+04 9.705655972151825041e-08 9.999999999999999547e-08
5.577119359919699491e+04 3.213824217336127117e-08 9.999999999999999547e-08
5.578037043741613888e+04 5.072568789414154146e-08 9.999999999999999547e-08
5.578954715301261604e+04 1.628294847652138763e-08 9.999999999999999547e-08
5.579872375560749788e+04 1.920624878100947827e-08 9.999999999999999547e-08
5.580790025661684922e+04 -3.501021282258284682e-08 9.999999999999999547e-08
5.581707667131229391e+04 -3.947315800845581367e-08 9.999999999999999547e-08
5.582625301645103173e+04 4.739094035946402551e-08 9.999999999999999547e-08
