5.400000326433856389e+04 8.557431972195576253e-08 9.999999999999999547e-08
5.400917980493934738e+04 3.843608953679728302e-08 9.999999999999999547e-08
5.401835630237639998e+04 8.400181180732908785e-08 9.999999999999999547e-08
5.402753277197536954e+04 -5.018151403758577303e-08 9.999999999999999547e-08
5.403670923039611807e+04 -1.624554122731196793e-07 9.999999999999999547e-08
5.404588569487549830e+04 -2.916541092787724435e-09 9.999999999999999547e-08
5.405506218187505146e+04 1.011928202446408041e-07 9.999999999999999547e-08
5.406423870825298218e+04 1.912996115739196845e-07 9.999999999999999547e-08
5.407341529113794968e+04 1.834400711184933842e-08 9.999999999999999547e-08
5.408259194443120941e+04 -4.577752617433083780e-08 9.999999999999999547e-08
5.409176868059161643e+04 7.806132131028014260e-09 9.999999999999999547e-08
5.410094551063559629e+04 2.184895492329665371e-07 9.999999999999999547e-08
5.411012244224399910e+04 5.258768599850991019e-08 9.999999999999999547e-08
5.411929948124058137e+04 -6.383287670777372294e-09 9.999999999999999547e-08
5.412847663036591257e+04 8.036431047402105503e-08 9.999999999999999547e-08
5.413765388806940609e+04 1.718643381937302835e-08 9.999999999999999547e-08
5.414683125060079328e+04 2.142885923441633596e-08 9.999999999999999547e-08
5.415600871231662313e+04 -2.093245878230411517e-09 9.999999999999999547e-08
5.416518626418377971e+04 4.039485570245215449e-08 9.999999999999999547e-08
5.417436389486129337e+04 1.000343061858391536e-07 9.999999999999999547e-08
5.418354159145759331e+04 1.980256895576803905e-08 9.999999999999999547e-08
5.419271933853885275e+04 -5.348939578646540662e-08 9.999999999999999547e-08
5.420189712104988575e+04 3.617168766074345995e-08 9.999999999999999547e-08
5.421107492346670915e+04 -5.942616402253547523e-08 9.999999999999999547e-08
5.422025272853446222e+04 -4.637614825513966318e-08 9.999999999999999547e-08
5.422943051971948444e+04 1.995723932721107155e-07 9.999999999999999547e-08
5.423860828155187482e+04 -1.276881277857431643e-08 9.999999999999999547e-08
5.424778599901251437e+04 2.468728841127777113e-08 9.999999999999999547e-08
5.425696365872301976e+04 3.019349170275578597e-08 9.999999999999999547e-08
5.426614124881953467e+04 -8.896095608025478111e-08 9.999999999999999547e-08
5.427531875772670173e+04 1.516472290575964850e-07 9.999999999999999547e-08
5.428449617675396439e+04 5.449713560655507393e-08 9.999999999999999547e-08
5.429367350022183382e+04 1.782977222380593479e-07 9.999999999999999547e-08
5.430285072319002938e+04 7.139046517636419618e-08 9.999999999999999547e-08
5.431202784347692068e+04 8.897443057432199251e-08 9.999999999999999547e-08
5.432120486117264227e+04 1.282680524191989590e-07 9.999999999999999547e-08
5.433038177817036922e+04 4.760723506849509052e-08 9.999999999999999547e-08
5.433955859971687460e+04 1.190580521048107284e-07 9.999999999999999547e-08
5.434873533349301579e+04 8.137172385953035926e-08 9.999999999999999547e-08
5.435791198786478344e+04 9.316192883740559814e-08 9.999999999999999547e-08
5.436708857383059512e+04 5.235743174019993773e-09 9.999999999999999547e-08
5.437626510502123710e+04 -6.055100318070315850e-08 9.999999999999999547e-08
5.438544159551829216e+04 2.115671639203468122e-07 9.999999999999999547e-08
5.439461806167510076e+04 -2.761861653717458119e-08 9.999999999999999547e-08
5.440379452027776279e+04 -2.665932958320074249e-08 9.999999999999999547e-08
5.441297098760752124e+04 5.263203803020992962e-08 9.999999999999999547e-08
5.442214748106348270e+04 1.334251974003693315e-07 9.999999999999999547e-08
5.443132401800869411e+04 7.693140881467599766e-08 9.999999999999999547e-08
5.444050061371472111e+04 2.961266189341150870e-07 9.999999999999999547e-08
5.444967728247947525e+04 1.021709338596557273e-07 9.999999999999999547e-08
5.445885403692407999e+04 1.192165995669676204e-07 9.999999999999999547e-08
5.446803088642421790e+04 -3.067583506575112431e-08 9.999999999999999547e-08
5.447720783925574506e+04 1.440323717223135643e-07 9.999999999999999547e-08
5.448638490064740472e+04 9.449416729944422168e-08 9.999999999999999547e-08
5.449556207130236726e+04 5.230495284759295888e-09 9.999999999999999547e-08
5.450473935026503750e+04 -2.792432546866342912e-07 9.999999999999999547e-08
5.451391673358681874e+04 5.648704907175292254e-08 9.999999999999999547e-08
5.452309421401957661e+04 6.682892728994792324e-08 9.999999999999999547e-08
5.453227178262033704e+04 -1.918845324699804895e-07 9.999999999999999547e-08
5.454144942795799579e+04 -1.047427759039277182e-07 9.999999999999999547e-08
5.455062713555430673e+04 -8.018258615665839067e-08 9.999999999999999547e-08
5.455980489107529866e+04 6.272559927664821648e-08 9.999999999999999547e-08
5.456898267933956231e+04 -1.228907477157349992e-07 9.999999999999999547e-08
5.457816048334465449e+04 -2.642073378790909039e-07 9.999999999999999547e-08
5.458733828700766753e+04 -1.186386426086212102e-07 9.999999999999999547e-08
5.459651607390311256e+04 -2.036320969307958078e-07 9.999999999999999547e-08
5.460569382783991023e+04 3.973964029317969069e-08 9.999999999999999547e-08
5.461487153498890257e+04 -1.144433008479816547e-07 9.999999999999999547e-08
5.462404918213399651e+04 8.688301635679250172e-08 9.999999999999999547e-08
5.463322675658193475e+04 -2.372182481632396867e-07 9.999999999999999547e-08
5.464240424827189418e+04 -2.194850749591742730e-07 9.999999999999999547e-08
5.465158164916242822e+04 -3.331861769167507664e-08 9.999999999999999547e-08
5.466075895263644634e+04 3.433002990079382700e-08 9.999999999999999547e-08
5.466993615550261893e+04 -1.868099482347603031e-07 9.999999999999999547e-08
5.467911325566945015e+04 -2.881917038273202526e-08 9.999999999999999547e-08
5.468829025279435882e+04 -4.462150571301805969e-08 9.999999999999999547e-08
5.469746715048338956e+04 3.103761979087932554e-08 9.999999999999999547e-08
5.470664395427178533e+04 -2.971442470017016095e-07 9.999999999999999547e-08
5.471582067128148628e+04 -1.451265350975543500e-08 9.999999999999999547e-08
5.472499731128482381e+04 -5.046479804685708580e-08 9.999999999999999547e-08
5.473417388564080466e+04 -6.119592683306694602e-08 9.999999999999999547e-08
5.474335040715086507e+04 -1.082024837362782908e-07 9.999999999999999547e-08
5.475252689182577888e+04 -4.155102577961426376e-08 9.999999999999999547e-08
5.476170335560421518e+04 3.897619141835560353e-08 9.999999999999999547e-08
5.477087981438879069e+04 -1.388318857498795802e-07 9.999999999999999547e-08
5.478005628574088041e+04 -1.593244285970083247e-07 9.999999999999999547e-08
5.478923278678915085e+04 -9.196524233486273073e-08 9.999999999999999547e-08
5.479840933406726253e+04 -3.518992659267434875e-08 9.999999999999999547e-08
5.480758594358600385e+04 1.515542133374474641e-08 9.999999999999999547e-08
5.481676262890406360e+04 -6.012830440273512753e-08 9.999999999999999547e-08
5.482593940120014304e+04 -1.632605268950762289e-07 9.999999999999999547e-08
5.483511628250711510e+04 -9.174555639609201893e-08 9.999999999999999547e-08
5.484429325708463148e+04 -7.066067080001281884e-08 9.999999999999999547e-08
5.485347034002394503e+04 -1.525194010498427434e-07 9.999999999999999547e-08
5.486264753276747797e+04 -2.143159312402687762e-08 9.999999999999999547e-08
5.487182483306145150e+04 -2.565819167580823652e-07 9.999999999999999547e-08
5.488100223609181558e+04 -6.225201070774566197e-08 9.999999999999999547e-08
5.489017973533165059e+04 3.646581881909142010e-08 9.999999999999999547e-08
5.489935732064799231e+04 -3.733847819630140761e-08 9.999999999999999547e-08
5.490853497923942632e+04 2.816726239049254582e-08 9.999999999999999547e-08
5.491771269774559914e+04 -1.362226760137832420e-07 9.999999999999999547e-08
5.492689046138177946e+04 5.444355273033256652e-09 9.999999999999999547e-08
5.493606825395686610e+04 -2.752770291970870272e-07 9.999999999999999547e-08
5.494524605971250276e+04 -2.333836392829693899e-07 9.999999999999999547e-08
5.495442386157411238e+04 -8.790761516281384263e-08 9.999999999999999547e-08
5.496360164270151290e+04 -4.881721017874690821e-08 9.999999999999999547e-08
5.497277938883285969e+04 1.473882892264563351e-07 9.999999999999999547e-08
5.498195708545384696e+04 3.422953270810612951e-07 9.999999999999999547e-08
5.499113471893368114e+04 -1.543294286590992690e-09 9.999999999999999547e-08
5.500031227787728858e+04 1.498406743495699218e-07 9.999999999999999547e-08
5.500948975224186870e+04 -3.773103844825605712e-08 9.999999999999999547e-08
5.501866713394990802e+04 1.135855645182892386e-08 9.999999999999999547e-08
5.502784441816932667e+04 2.107398109426030316e-07 9.999999999999999547e-08
5.503702160089740937e+04 2.106401350502518961e-07 9.999999999999999547e-08
5.504619867998858535e+04 2.396206343897943396e-07 9.999999999999999547e-08
5.505537565728191839e+04 -5.327993359739910922e-08 9.999999999999999547e-08
5.506455253598678974e+04 1.004068723197465658e-07 9.999999999999999547e-08
5.507372932174662856e+04 -1.811034795951363479e-08 9.999999999999999547e-08
5.508290602299956663e+04 2.101538608708513669e-07 9.999999999999999547e-08
5.509208264894098829e+04 1.151250141309337224e-07 9.999999999999999547e-08
5.510125921134457894e+04 1.364798883278548548e-07 9.999999999999999547e-08
5.511043572481479350e+04 1.857769732080831109e-07 9.999999999999999547e-08
5.511961220428059460e+04 7.787198245294915956e-08 9.999999999999999547e-08
5.512878866544626362e+04 6.255301966134932978e-08 9.999999999999999547e-08
5.513796512576501118e+04 3.764159537323658508e-08 9.999999999999999547e-08
5.514714160182459455e+04 2.468199450380886843e-07 9.999999999999999547e-08
5.515631811075365113e+04 2.806840870524070387e-07 9.999999999999999547e-08
5.516549466982510057e+04 1.218099182863393262e-07 9.999999999999999547e-08
5.517467129351716721e+04 3.818420218681783264e-08 9.999999999999999547e-08
5.518384799504595867e+04 1.742944781603362156e-07 9.999999999999999547e-08
5.519302478652774880e+04 1.441057854992931208e-07 9.999999999999999547e-08
5.520220167694155680e+04 2.118903341549062265e-07 9.999999999999999547e-08
5.521137867270613060e+04 1.077850645842662698e-07 9.999999999999999547e-08
5.522055577802249172e+04 -1.579026019779145093e-07 9.999999999999999547e-08
5.522973299249399133e+04 1.050951302967343266e-07 9.999999999999999547e-08
5.523891031356032909e+04 -4.384928390884671710e-08 9.999999999999999547e-08
5.524808773694836418e+04 -1.367746678215499232e-07 9.999999999999999547e-08
5.525726525429209141e+04 -3.832766565107378064e-08 9.999999999999999547e-08
5.526644285507993482e+04 4.560485361585282054e-08 9.999999999999999547e-08
5.527562052717757615e+04 -1.171572122088226319e-08 9.999999999999999547e-08
5.528479825601665652e+04 1.616483118407992703e-07 9.999999999999999547e-08
5.529397602663211728e+04 -4.473276549915846347e-08 9.999999999999999547e-08
5.530315382366226549e+04 -1.381982399588859751e-07 9.999999999999999547e-08
5.531233163003253867e+04 -6.875599303079865874e-08 9.999999999999999547e-08
5.532150942884865799e+04 -1.545231653156379369e-07 9.999999999999999547e-08
5.533068720476695307e+04 -1.217600372689344182e-07 9.999999999999999547e-08
5.533986494213724654e+04 2.120520620873148347e-08 9.999999999999999547e-08
5.534904262714842480e+04 1.242340124124881210e-07 9.999999999999999547e-08
5.535822024716132728e+04 -5.687171142038823388e-08 9.999999999999999547e-08
5.536739779000560520e+04 -1.323108109494936773e-07 9.999999999999999547e-08
5.537657524628754618e+04 9.558867524451983883e-08 9.999999999999999547e-08
5.538575260940808948e+04 -1.068803556786036937e-07 9.999999999999999547e-08
5.539492987370577612e+04 -6.949709020449511369e-08 9.999999999999999547e-08
5.540410703570078476e+04 1.237106062995712693e-07 9.999999999999999547e-08
5.541328409485220618e+04 6.320401409014515305e-09 9.999999999999999547e-08
5.542246105206153879e+04 3.360629723324724630e-08 9.999999999999999547e-08
5.543163791158392269e+04 8.650139393018683112e-08 9.999999999999999547e-08
5.544081468036095612e+04 4.760995535666478510e-08 9.999999999999999547e-08
5.544999136569486291e+04 4.202599716166974183e-08 9.999999999999999547e-08
5.545916797786283860e+04 5.398179968187498774e-08 9.999999999999999547e-08
5.546834452973842417e+04 -1.328504934532925306e-07 9.999999999999999547e-08
5.547752103515076305e+04 -2.564137508103388004e-08 9.999999999999999547e-08
5.548669750967791333e+04 3.682477376445109449e-07 9.999999999999999547e-08
5.549587396987155807e+04 -6.542864988697169592e-08 9.999999999999999547e-08
5.550505043176053732e+04 -1.357450840874576234e-07 9.999999999999999547e-08
5.551422691281608422e+04 2.171981672323298686e-08 9.999999999999999547e-08
5.552340343101425970e+04 1.047886671653504225e-07 9.999999999999999547e-08
5.553258000178889779e+04 9.692460876465562831e-08 9.999999999999999547e-08
5.554175663996079675e+04 1.555035209014860417e-07 9.999999999999999547e-08
5.555093335885425040e+04 2.372333842999972282e-09 9.999999999999999547e-08
5.556011016925128934e+04 -3.279602086448871580e-10 9.999999999999999547e-08
5.556928708029322297e+04 -9.101790197976745670e-08 9.999999999999999547e-08
5.557846409832666541e+04 -5.347058045995836678e-08 9.999999999999999547e-08
5.558764122528084408e+04 -1.266480709421975549e-08 9.999999999999999547e-08
5.559681846108363970e+04 -9.426295640646124119e-08 9.999999999999999547e-08
5.560599580351734039e+04 -4.514593193399853520e-08 9.999999999999999547e-08
5.561517324628941424e+04 -2.026848857893886010e-08 9.999999999999999547e-08
5.562435078130431793e+04 -9.542961999523794058e-08 9.999999999999999547e-08
5.563352839779804344e+04 -2.781308381777748900e-07 9.999999999999999547e-08
5.564270608199554408e+04 -6.716500982568615440e-08 9.999999999999999547e-08
5.565188382042828016e+04 -1.334241115520082448e-07 9.999999999999999547e-08
5.566106159816727450e+04 -2.562652684144097758e-08 9.999999999999999547e-08
5.567023939831825555e+04 9.813028581959933094e-08 9.999999999999999547e-08
5.567941720436559262e+04 -6.723646272827673342e-08 9.999999999999999547e-08
5.568859500024440786e+04 -1.473886814013341346e-08 9.999999999999999547e-08
5.569777276943907054e+04 7.822398774210731533e-08 9.999999999999999547e-08
5.570695049766967713e+04 -6.889665459823982305e-08 9.999999999999999547e-08
5.571612817117921077e+04 3.076351222036710974e-10 9.999999999999999547e-08
5.572530577624672151e+04 -1.545570941098344272e-08 9.999999999999999547e-08
5.573448330245076795e+04 1.917380834894583222e-08 9.999999999999999547e-08
5.574366074111884518e+04 3.579889483615523875e-08 9.999999999999999547e-08
5.575283808478645369e+04 4.620651335178447441e-08 9.999999999999999547e-08
5.576201532896408025e+04 -2.053240028270039004e-07 9.999999999999999547e-08
5.577119247069478297e+04 -1.894988397451605263e-07 9.999999999999999547e-08
5.578036950895084738e+04 -1.139468482570128504e-07 9.999999999999999547e-08
5.578954644641876075e+04 -9.136983926172137705e-08 9.999999999999999547e-08
5.579872328784046113e+04 -1.022137693307011448e-07 9.999999999999999547e-08
5.580790003891348169e+04 -1.710417978591400478e-07 9.999999999999999547e-08
5.581707670881517697e+04 -7.239963768155657071e-08 9.999999999999999547e-08
5.582625330823743570e+04 -2.792744019861772882e-07 9.999999999999999547e-08
