1.000000000000000000e+00 -3.807069817796736970e+02 1.247310936611743131e+02 -5.299074091672790237e+05 -2.289207850708807031e+13 -5.785895151523208692e-06 1.655620748791604552e-06 9.985899735146862346e-07 3.231100665820735429e+01 4.807183796858180980e-01 9.581280886004125419e-01 -1.568455637722916685e-01 -2.424966710797721703e+01
1.000000000000000000e+00 -4.065647032969260408e+02 6.550826217182084577e+01 -5.347701656713122502e+05 -2.331414985662632812e+13 -6.235575877427635292e-06 8.775045704263922798e-07 1.073586275632445892e-06 7.968472087160741069e+01 1.184159794781286079e+00 7.099243416787134331e-01 -3.861912195620194055e-01 -3.684071657425661073e+01
1.000000000000000000e+00 -4.223896069501021771e+02 4.678531243971114861e+00 -5.396328958014468662e+05 -2.374007438188310547e+13 -6.537193888129225593e-06 6.324032434082791282e-08 1.136363324481949022e-06 1.082808667995995791e+02 1.607246861456928189e+00 2.937912058159961592e-01 -5.241901628887757347e-01 -3.732254689729336405e+01
1.000000000000000000e+00 -4.277446718277826108e+02 -5.631703055286742199e+01 -5.444956063401993597e+05 -2.416985262227026562e+13 -6.679727015555569787e-06 -7.681044222962000656e-07 1.180551238878141196e-06 1.113054226281574870e+02 1.650225826299982046e+00 -1.918110518090036520e-01 -5.382497055844623901e-01 -2.527196245011307951e+01
1.000000000000000000e+00 -4.223450391885655222e+02 -1.159322710386343971e+02 -5.493583049258546671e+05 -2.460348521536280078e+13 -6.654306761266880848e-06 -1.595313998894120098e-06 1.201160313705671580e-06 8.799625872843607510e+01 1.303130901633722027e+00 -6.320746695219093825e-01 -4.250771041112496595e-01 -1.141164608515013690e+01
1.000000000000000000e+00 -4.062791042878286589e+02 -1.725939022016576416e+02 -5.542209994966945378e+05 -2.504097285006901172e+13 -6.457838645721295701e-06 -2.396042755406066955e-06 1.195877415607659509e-06 4.380552597991727737e+01 6.479628345995124272e-01 -9.229322511793487394e-01 -2.114289667027090536e-01 -8.069919599977884772e+00
1.000000000000000000e+00 -3.799156012847472539e+02 -2.248998178095062315e+02 -5.590836978889607126e+05 -2.548231623117109766e+13 -6.091772603013259129e-06 -3.149575844023939191e-06 1.164976812614135120e-06 -1.087020797832581742e+01 -1.606042350340030067e-01 -9.955921253788078129e-01 5.220160507580108578e-02 -1.822122777870465171e+01
1.000000000000000000e+00 -3.437972535239123317e+02 -2.714627520351892827e+02 -5.639464083544209134e+05 -2.592751612651091797e+13 -5.560578345619682817e-06 -3.834724966017927489e-06 1.110780439381531488e-06 -6.312103914562761275e+01 -9.315191780388795140e-01 -8.327926592101253522e-01 3.034823496515335339e-01 -3.283518504522210435e+01
1.000000000000000000e+00 -2.988389278512728424e+02 -3.109982236304232970e+02 -5.688091392894984456e+05 -2.637657334351600781e+13 -4.875099247047928982e-06 -4.431090422349075834e-06 1.038570915576608731e-06 -1.005606987675448067e+02 -1.482330485134220055e+00 -4.729486219904468491e-01 4.829521757165293749e-01 -3.890012710748180069e+01
1.000000000000000000e+00 -2.461977936584071074e+02 -3.425130447128702826e+02 -5.736718979981755838e+05 -2.682948861406020312e+13 -4.050675551010869087e-06 -4.921832510896767777e-06 9.558579427212264622e-07 -1.142650087138430450e+02 -1.682401652528605407e+00 -1.153684232847840274e-03 5.480969721006125894e-01 -3.100837773937566055e+01
1.000000000000000000e+00 -1.871498202728840852e+02 -3.651402113189383272e+02 -5.785346909519063774e+05 -2.728626261465038672e+13 -3.105264127874916573e-06 -5.291456213829825000e-06 8.707185944150889054e-07 -1.009127754076438919e+02 -1.484098832851646232e+00 4.709129194487673975e-01 4.834540242950025601e-01 -1.618825545572938296e+01
1.000000000000000000e+00 -1.232614996315466271e+02 -3.782218313416568094e+02 -5.833975242989269318e+05 -2.774689601157299219e+13 -2.062394562903318193e-06 -5.527099886309241350e-06 7.917140450135602521e-07 -6.360332115300906253e+01 -9.343235172382776677e-01 8.314562025276012180e-01 3.043138078721071005e-01 -7.648995419278873165e+00
1.000000000000000000e+00 -5.622569533292753619e+01 -3.814721744969323822e+02 -5.882604026570157148e+05 -2.821138934382098047e+13 -9.486023079353347704e-07 -5.621065152537789759e-06 7.271046118738648235e-07 -1.113808450788609150e+01 -1.634290957440451553e-01 9.951068512104539465e-01 5.310530019580053662e-02 -1.300146081926686925e+01
1.000000000000000000e+00 1.227264040258546096e+01 -3.747881523666711701e+02 -5.931233297803313471e+05 -2.867974308151514062e+13 2.087674286673215899e-07 -5.568227858669098798e-06 6.833663545003155942e-07 4.406785793198655199e+01 6.458664999071540569e-01 9.231742236535830370e-01 -2.106820096471077597e-01 -2.747323124303741437e+01
1.000000000000000000e+00 8.040208851267648527e+01 -3.583155796427614632e+02 -5.979863081744381925e+05 -2.915195758494543359e+13 1.378917541582288818e-06 -5.367141810488296366e-06 6.648847347418319603e-07 8.893776557623095869e+01 1.301995691353959428e+00 6.327714551546774757e-01 -4.246193669723528630e-01 -3.817246903858515594e+01
1.000000000000000000e+00 1.463659362535360060e+02 -3.325776369743583132e+02 -6.028493381884058472e+05 -2.962803301038069922e+13 2.530629286193424315e-06 -5.022130226664293118e-06 6.737239221022611891e-07 1.128341242248513510e+02 1.649935145570389006e+00 1.926817259648946346e-01 -5.381211938373244852e-01 -3.557714023053471664e+01
1.000000000000000000e+00 2.085295889903031252e+02 -2.982542152893497018e+02 -6.077124191558104940e+05 -3.010796941457670312e+13 3.634507128327510493e-06 -4.540156677514323946e-06 7.090199845628196977e-07 1.100701611109744533e+02 1.607680168324045367e+00 -2.929793109389058348e-01 -5.243815941054874585e-01 -2.200175825518754280e+01
1.000000000000000000e+00 2.652654596205725284e+02 -2.562318622957716912e+02 -6.125755495032233885e+05 -3.059176676158597656e+13 4.660366677153354915e-06 -3.931686937558394959e-06 7.670614034493937487e-07 8.124830498845227567e+01 1.185355351061045059e+00 -7.093823973669377558e-01 -3.866704281223687922e-01 -9.525558982173595979e+00
1.000000000000000000e+00 3.151290980044566936e+02 -2.077020201323818753e+02 -6.174387259308110224e+05 -3.107942483667102734e+13 5.580358464622743773e-06 -3.212334218428299213e-06 8.420608274625700326e-07 3.312390876654072258e+01 4.827036673388815369e-01 -9.580741930326305278e-01 -1.575418768390904056e-01 -9.247831519777673037e+00
1.000000000000000000e+00 3.569616303469813943e+02 -1.539170100552189808e+02 -6.223019440155304037e+05 -3.157094330066282422e+13 6.370923940422440193e-06 -2.399241220592453662e-06 9.266219274444880273e-07 -2.296957446207606424e+01 -3.343468926839193167e-01 -9.802010415925020981e-01 1.088405722397520065e-01 -2.141826306587488205e+01
1.000000000000000000e+00 3.897186007452300487e+02 -9.623543006733858363e+01 -6.271651983870790573e+05 -3.206632170349962500e+13 7.009915968190800006e-06 -1.511830424551809045e-06 1.012198294629225390e-06 -7.377421191439221104e+01 -1.072642012773435294e+00 -7.704377876472678910e-01 3.494710623389888360e-01 -3.520627202314131665e+01
1.000000000000000000e+00 4.126283390229660881e+02 -3.620377354078484444e+01 -6.320284823963135714e+05 -3.256555944630126172e+13 7.479549281505270892e-06 -5.731609953399896429e-07 1.090566588690357172e-06 -1.072323692503313026e+02 -1.557336874564469786e+00 -3.783255981778788080e-01 5.073833582013299592e-01 -3.833046216600392597e+01
1.000000000000000000e+00 4.252614816122845127e+02 2.469494217404397318e+01 -6.368917893425823422e+05 -3.306865590374954688e+13 7.767860615993954786e-06 3.939669606017802323e-07 1.154621611314951274e-06 -1.153540867074011231e+02 -1.673387996199375838e+00 1.033655197170854634e-01 5.451511952749448220e-01 -2.800148303061236632e+01
1.000000000000000000e+00 4.273392912575007472e+02 8.498637746703904838e+01 -6.417551122229228495e+05 -3.357561039764060156e+13 7.865419461661836268e-06 1.366170153500411166e-06 1.198131589580944895e-06 -9.614022242220245573e+01 -1.393080916850133688e+00 5.605713004417733902e-01 4.537951651802654141e-01 -1.342293896485962357e+01
1.000000000000000000e+00 4.188754488054688636e+02 1.431273805992741188e+02 -6.466184430756180082e+05 -3.408642212647725391e+13 7.768062655008979350e-06 2.318232281455231283e-06 1.216963298917788162e-06 -5.408513099521606904e+01 -7.828115407444879992e-01 8.849910747314289061e-01 2.549444403502453271e-01 -7.591958225882701861e+00
1.000000000000000000e+00 4.002155501514588423e+02 1.977509321813609233e+02 -6.514817740224387962e+05 -3.460109027237761328e+13 7.477836328869562612e-06 3.227059314898859498e-06 1.209985260293790792e-06 8.771800375633853619e-01 1.268167862306111317e-02 9.998086583054828225e-01 -4.290693075795167823e-03 -1.570546953392895162e+01
1.000000000000000000e+00 3.718295090381859040e+02 2.475936756882878171e+02 -6.563450975056773750e+05 -3.511961402677218750e+13 6.999319606476614664e-06 4.070595341453273987e-06 1.178170517723265225e-06 5.573393753167272990e+01 8.048537200715651929e-01 8.779081455220121288e-01 -2.625140172312732112e-01 -3.052958863521401511e+01
1.000000000000000000e+00 3.344455175844078667e+02 2.914170319911061142e+02 -6.612084061995743541e+05 -3.564199258212591406e+13 6.342251678448259659e-06 4.826579181200097404e-06 1.124801322494191359e-06 9.748767819613019014e+01 1.406231226605625828e+00 5.482412430135200632e-01 -4.586155329910128753e-01 -3.885900682012763241e+01
1.000000000000000000e+00 2.890667385988772935e+02 3.282392110170699198e+02 -6.660716932536627864e+05 -3.616822515928540625e+13 5.522030817324375616e-06 5.476430439712488303e-06 1.055537237365266835e-06 1.162361298274345103e+02 1.674782783798271835e+00 8.888371146837864556e-02 -5.462343550548867110e-01 -3.328254851491215049e+01
1.000000000000000000e+00 2.367551837700333408e+02 3.572432632595966879e+02 -6.709349525221522199e+05 -3.669831103445692969e+13 4.555747441233220248e-06 6.003860643941705693e-06 9.769749982114893744e-07 1.075078437026463121e+02 1.547278133665257238e+00 -3.914943266213466999e-01 -5.046889007215670242e-01 -1.876774280165388120e+01
1.000000000000000000e+00 1.787659374277971267e+02 3.776968557737029641e+02 -6.757981778274751268e+05 -3.723224946085260156e+13 3.464826666096530217e-06 6.393615634416030222e-06 8.965044957024316259e-07 7.331406120649393188e+01 1.053966867370977001e+00 -7.793126914741987932e-01 -3.438243362741965625e-01 -8.229434397182085803e+00
1.000000000000000000e+00 1.165467853619266094e+02 3.891707042138756378e+02 -6.806613641545813298e+05 -3.777003980110793750e+13 2.275155711132956014e-06 6.635251339349466743e-06 8.221861491734524281e-07 2.168220184802671824e+01 3.113544382197053761e-01 -9.828716040787615071e-01 -1.016713317638966163e-01 -1.104336053940112983e+01
1.000000000000000000e+00 5.151960677072112560e+01 3.914282926649185583e+02 -6.855245080339380074e+05 -3.831168157470040625e+13 1.012920245138966696e-06 6.721424699724333081e-06 7.611362131516904442e-07 -3.521794053973701466e+01 -5.051591018118823939e-01 -9.539863784117302847e-01 1.645203810851451898e-01 -2.470805749105034721e+01
1.000000000000000000e+00 -1.478146649324667372e+01 3.843457026725432684e+02 -6.903876062456470681e+05 -3.885717431820442969e+13 -2.926781058586431806e-07 6.646624656739080819e-06 7.189502986189866223e-07 -8.392746366344042031e+01 -1.202489866206750024e+00 -6.994043413574477785e-01 3.917818604065020360e-01 -3.706108027956350526e+01
1.000000000000000000e+00 -8.072474626712515544e+01 3.681178919191900150e+02 -6.952506566772415536e+05 -3.940651768352039844e+13 -1.609636540519537401e-06 6.410833126059458097e-06 6.997727690113515762e-07 -1.128757643469859175e+02 -1.615443155486974147e+00 -2.792882771324460278e-01 5.263066602626609303e-01 -3.709758974151072408e+01
1.000000000000000000e+00 -1.447980162392354941e+02 3.431308735488080401e+02 -7.001136583824725822e+05 -3.995971144897603906e+13 -2.907440852185062578e-06 6.017477630649410784e-06 7.054978705350849671e-07 -1.151374422151154420e+02 -1.645969383221747462e+00 2.069477439739601521e-01 5.362097273104248218e-01 -2.477993454165829235e+01
1.000000000000000000e+00 -2.054662874972408417e+02 3.098812527430381465e+02 -7.049766113359013107e+05 -4.051675549574153125e+13 -4.154272768703763761e-06 5.472126773127186350e-06 7.353518003255131156e-07 -9.010434398987045768e+01 -1.286665484435000506e+00 6.441642746211448944e-01 4.191202907020294965e-01 -1.108483999760690608e+01
1.000000000000000000e+00 -2.611993965258362209e+02 2.691710098718805284e+02 -7.098395169178026263e+05 -4.107764986760185156e+13 -5.317555951434359033e-06 4.786020947946363090e-06 7.864152735303894022e-07 -4.365530383607481468e+01 -6.226904854313559667e-01 9.288167538568644632e-01 2.027684302213489664e-01 -8.220181656999333342e+00
1.000000000000000000e+00 -3.106838187612945603e+02 2.219612940843841500e+02 -7.147023779097640654e+05 -4.164239477601669531e+13 -6.368301080455555683e-06 3.973640867216331864e-06 8.539464697658948105e-07 1.323054709631795234e+01 1.885075961611989426e-01 9.935380300573976031e-01 -6.159731696344126345e-02 -1.873707431260232070e+01
1.000000000000000000e+00 -3.526761424886703935e+02 1.692892086764367150e+02 -7.195651973935224814e+05 -4.221099047648317969e+13 -7.278233056413626192e-06 3.051304596527819749e-06 9.312636989323676090e-07 6.708444605603335731e+01 9.547491297750068107e-01 8.230925847025694075e-01 -3.113858652806383298e-01 -3.326222640419467069e+01
1.000000000000000000e+00 -3.860404539117672584e+02 1.124500356207546332e+02 -7.244279796970415628e+05 -4.278343738147295312e+13 -8.020616650013152689e-06 2.040520449181469766e-06 1.010528850609619294e-06 1.051481079109657628e+02 1.494809392253527047e+00 4.579134707769316193e-01 -4.875082422507829860e-01 -3.886169431890773751e+01
1.000000000000000000e+00 -4.099496372976381053e+02 5.283102141718403999e+01 -7.292907305660548154e+05 -4.335973608577045312e+13 -8.574541886799141204e-06 9.651078302154012270e-07 1.083903134671498549e-06 1.183930016687369573e+02 1.681232782550155846e+00 -1.555603520031895171e-02 -5.483473630702149215e-01 -3.055700437200743380e+01
1.000000000000000000e+00 -4.237307355247324949e+02 -8.176734378910850864e+00 -7.341534561883575516e+05 -4.393988725529867188e+13 -8.921883349090573790e-06 -1.503671179891097142e-07 1.143761244052709145e-06 1.036470939954171797e+02 1.470201795379998622e+00 -4.853502719412552957e-01 -4.795571188515190264e-01 -1.574091135515107709e+01
1.000000000000000000e+00 -4.269048197667301565e+02 -6.900954627248367501e+01 -7.390161637787048239e+05 -4.452389169934870312e+13 -9.048252709055828492e-06 -1.277465698683868066e-06 1.183671779099831732e-06 6.434114589500737225e+01 9.116479224201535780e-01 -8.404207241026675490e-01 -2.974141559171149529e-01 -7.592712635386766884e+00
1.000000000000000000e+00 -4.193694301564803482e+02 -1.281164092046581970e+02 -7.438788610474133166e+05 -4.511175031019850000e+13 -8.947026280631073948e-06 -2.387223679440613214e-06 1.199678478500101372e-06 9.710660970103990763e+00 1.374378073433928094e-01 -9.968173456143742950e-01 -4.496645494664382181e-02 -1.336105372335115149e+01
1.000000000000000000e+00 -4.012265622506737941e+02 -1.840493320518665428e+02 -7.487415556185456226e+05 -4.570346399404866406e+13 -8.615913699352628069e-06 -3.451853228227410657e-06 1.189792290153031336e-06 -4.736087648405537465e+01 -6.695711922163537499e-01 -9.174990483218743442e-01 2.181100196256518520e-01 -2.791656362080057363e+01
1.000000000000000000e+00 -3.728139622515463998e+02 -2.353050870493843263e+02 -7.536042557058052626e+05 -4.629903375373018750e+13 -8.057776871675038479e-06 -4.441818380272611359e-06 1.154208781713923502e-06 -9.336555707895968226e+01 -1.318511297310771990e+00 -6.211316689459307483e-01 4.295838803175276444e-01 -3.830389914253120764e+01
1.000000000000000000e+00 -3.348594244198832257e+02 -2.805221035871679192e+02 -7.584669698942373507e+05 -4.689846066404559375e+13 -7.284150749076653548e-06 -5.329542108453449169e-06 1.096408946499830804e-06 -1.173648877148743992e+02 -1.655602263961028164e+00 -1.777610725520001322e-01 5.393816766529884177e-01 -3.526814688702148715e+01
1.000000000000000000e+00 -2.882808081630649326e+02 -3.185620415172012372e+02 -7.633297057317276485e+05 -4.750174569794011719e+13 -6.311137187375628538e-06 -6.091052291154176782e-06 1.022193754893576278e-06 -1.136016771369733931e+02 -1.600750900993124892e+00 3.076939838754898515e-01 5.214699828573730045e-01 -2.150892244746777848e+01
1.000000000000000000e+00 -2.341999299566244019e+02 -3.483520321335402059e+02 -7.681924706769175828e+05 -4.810888984111878906e+13 -5.159843542859566391e-06 -6.703082009475200407e-06 9.387537709422665846e-07 -8.289649488213335360e+01 -1.166801266558535222e+00 7.202818202834886385e-01 3.800639428987362956e-01 -9.287767259127081232e+00
1.000000000000000000e+00 -1.740648746241674303e+02 -3.690786410084061799e+02 -7.730552714103296166e+05 -4.871989400486371094e+13 -3.859236677893025350e-06 -7.146865303469714656e-06 8.546928110187935617e-07 -3.247623706431107138e+01 -4.566134103009664713e-01 9.622981351593395960e-01 1.486496915764686788e-01 -9.497968250221074271e+00
1.000000000000000000e+00 -1.094191949794935681e+02 -3.802439070840267732e+02 -7.779181132990305778e+05 -4.933475895504861719e+13 -2.441221157370823831e-06 -7.409387117881853956e-06 7.786697816135804200e-07 2.573548849150221685e+01 3.614415960202407296e-01 9.764781115875273976e-01 -1.179650654822679418e-01 -2.195006310690269302e+01
1.000000000000000000e+00 -4.190068209583178316e+01 -3.814941388770773187e+02 -7.827810011646926869e+05 -4.995348540496060938e+13 -9.406782343268545323e-07 -7.480218512725292499e-06 7.182327980758219740e-07 7.795387694882886365e+01 1.093620669215514596e+00 7.595463698550691811e-01 -3.566672488833468324e-01 -3.554846630348035319e+01
1.000000000000000000e+00 2.666045111382443267e+01 -3.727960448495715013e+02 -7.876439386303450447e+05 -5.057607392924558594e+13 6.022504802873294348e-07 -7.355079471058343485e-06 6.796858573249134474e-07 1.118058546248732341e+02 1.566813588258716639e+00 3.629190902097338411e-01 -5.109978671068068357e-01 -3.818650689211793292e+01
1.000000000000000000e+00 9.449159849296124492e+01 -3.544547612078014822e+02 -7.925069271538688336e+05 -5.120252483426833594e+13 2.147711729498509678e-06 -7.036391894848460740e-06 6.671899681993054468e-07 1.192556267712099043e+02 1.669382946827091319e+00 -1.195410444032780073e-01 -5.444916756723995332e-01 -2.752138896880165220e+01
1.000000000000000000e+00 1.598779801051351797e+02 -3.269208133477378055e+02 -7.973699673884202493e+05 -5.183283832639667969e+13 3.656185760979932254e-06 -6.529630155923015546e-06 6.819415345988161722e-07 9.849672905891040386e+01 1.377284712981672321e+00 -5.737478478365100054e-01 -4.492582961136721287e-01 -1.304498460115847358e+01
1.000000000000000000e+00 2.210711450352035001e+02 -2.909434974479925700e+02 -8.022330585820245324e+05 -5.246701443027689062e+13 5.086421440973301813e-06 -5.846491842026692233e-06 7.224225077222472807e-07 5.437895733691546951e+01 7.595530892298941739e-01 -8.923209640514621066e-01 -2.478169933541573555e-01 -7.635507373086082517e+00
1.000000000000000000e+00 2.765371740082086376e+02 -2.475524313202776057e+02 -8.070961983999469085e+05 -5.310505295988761719e+13 6.401158016701521127e-06 -5.004706760750547085e-06 7.847465330269233716e-07 -2.720891872435601488e+00 -3.796333826720167670e-02 -9.999079949842923920e-01 1.221926848298614081e-02 -1.610726667901183973e+01
1.000000000000000000e+00 3.249352106289607605e+02 -1.978467907863401649e+02 -8.119593835578681901e+05 -5.374695359608973438e+13 7.566774754033282280e-06 -4.023921072037219389e-06 8.626267823769822461e-07 -5.932462091449728803e+01 -8.268266167954135826e-01 -8.709854662123300839e-01 2.693630420246599377e-01 -3.092399226125484546e+01
1.000000000000000000e+00 3.650167906589405789e+02 -1.431343546072512822e+02 -8.168226095139851095e+05 -5.439271584185496875e+13 8.551067188952040624e-06 -2.928584590271073847e-06 9.480621393392177008e-07 -1.020208651988598092e+02 -1.420349939297304021e+00 -5.359542028294826954e-01 4.627616031897479054e-01 -3.889292380270042315e+01
1.000000000000000000e+00 3.958552166174834497e+02 -8.489064727019903955e+01 -8.216858702206512680e+05 -5.504233898400639844e+13 9.328716981136038380e-06 -1.747236936793856560e-06 1.032874689681388533e-06 -1.206430437435257090e+02 -1.677783927038913214e+00 -7.403916339822386172e-02 5.465990859336292695e-01 -3.290988162561351515e+01
1.000000000000000000e+00 4.167904014566317983e+02 -2.454369793305081870e+01 -8.265491593945865752e+05 -5.569582225843025000e+13 9.880208815581322283e-06 -5.081533864332180265e-07 1.109119144416473911e-06 -1.107038231623738653e+02 -1.537886425984513750e+00 4.054084105198145771e-01 5.009821036714583453e-01 -1.830250971473175881e+01
1.000000000000000000e+00 4.273137772189411407e+02 3.638689370516201649e+01 -8.314124703550975537e+05 -5.635316482721053906e+13 1.018927199643078027e-05 7.577878794376116779e-07 1.169285185597866679e-06 -7.449110130594105783e+01 -1.033699842260692225e+00 7.888256411630550913e-01 3.366945443471562327e-01 -8.092204119618518376e+00
1.000000000000000000e+00 4.272744679059834425e+02 9.633765717295572983e+01 -8.362757953122849576e+05 -5.701436567999817969e+13 1.024793105868191443e-05 2.018049180085862127e-06 1.207802659862261660e-06 -2.054478765340517299e+01 -2.847873094930189475e-01 9.854038053879463632e-01 9.265510889447679810e-02 -1.138127621496153807e+01
1.000000000000000000e+00 4.167913307376988428e+02 1.539078257903790359e+02 -8.411391268110980745e+05 -5.767942382765911719e+13 1.005463335226324780e-05 3.242759024703382632e-06 1.221392982681988602e-06 3.836879909325459437e+01 5.312838481769137644e-01 9.486430975860576931e-01 -1.733289205194810112e-01 -2.523537518063663398e+01
1.000000000000000000e+00 3.961277967735015864e+02 2.077094540238321940e+02 -8.460024570275435690e+05 -5.834833820652171875e+13 9.611400379047793619e-06 4.401635004359193482e-06 1.208821700137193417e-06 8.829399777571113361e+01 1.221263922920976519e+00 6.873380494930720896e-01 -3.982910800316706856e-01 -3.730940359159411202e+01
1.000000000000000000e+00 3.658804092330209983e+02 2.564137057435202109e+02 -8.508657780674737878e+05 -5.902110771836541406e+13 8.928529520706233709e-06 5.464978153366612834e-06 1.171815401129934867e-06 1.173976729065716000e+02 1.622065114787339946e+00 2.634114905871914880e-01 -5.290255174408212691e-01 -3.685466845209451492e+01
1.000000000000000000e+00 3.268662180098984891e+02 2.989413737026093258e+02 -8.557290830038301647e+05 -5.969773137486378125e+13 8.022062780538785702e-06 6.407792745771840270e-06 1.114499792840406576e-06 1.187646493985242984e+02 1.639181126010172296e+00 -2.228148533499031414e-01 -5.346500309653159366e-01 -2.428139212859804275e+01
1.000000000000000000e+00 2.799945969622290249e+02 3.342982269171155849e+02 -8.605923652141800849e+05 -6.037820820846365625e+13 6.910776787917077217e-06 7.206388979510842275e-06 1.042187269031232047e-06 9.202457591052137786e+01 1.268747047626525903e+00 -6.563606099443974884e-01 -4.138645650563337330e-01 -1.077933126151404508e+01
1.000000000000000000e+00 2.264461178055700827e+02 3.616193257123493368e+02 -8.654556180040129693e+05 -6.106253722043613281e+13 5.620687074038654925e-06 7.839395436864280895e-06 9.618337295764001022e-07 4.344191031766251143e+01 5.982905022329172429e-01 -9.347213781399517085e-01 -1.952317826820383628e-01 -8.360746047976912010e+00
1.000000000000000000e+00 1.675434567986728780e+02 3.803414269767440032e+02 -8.703188358916102443e+05 -6.175071756291883594e+13 4.182014946140863855e-06 8.291596369472740321e-06 8.814644851056164026e-07 -1.554513691405855802e+01 -2.138603269194040979e-01 -9.920439777083176480e-01 6.956314261762605589e-02 -1.917934418706577304e+01
1.000000000000000000e+00 1.046249950334660923e+02 3.900239422603675621e+02 -8.751820142800167669e+05 -6.244274849691602344e+13 2.626113912280167799e-06 8.550190480080167521e-06 8.086109346116354362e-07 -7.100173905255918783e+01 -9.757479524352166145e-01 -8.146939894354927603e-01 3.178959121461684689e-01 -3.360848803921771122e+01
1.000000000000000000e+00 3.921944818560445611e+01 3.903938677161217470e+02 -8.800451491631274112e+05 -6.313862935363318750e+13 9.898882254208104136e-07 8.605856080524804650e-06 7.501060413715849069e-07 -1.097772594081507123e+02 -1.507004469625401688e+00 -4.445455790791698614e-01 4.909893893621212757e-01 -3.879807778209733726e+01
1.000000000000000000e+00 -2.709495198224749402e+01 3.815001350338566795e+02 -8.849082380414268700e+05 -6.383835966894495312e+13 -6.876482624656213583e-07 8.456274505592486829e-06 7.116643530172554070e-07 -1.226272801907042407e+02 -1.681602136043730766e+00 3.084263239028733894e-02 5.478336484660742967e-01 -3.011959913224224294e+01
1.000000000000000000e+00 -9.281293167569333491e+01 3.635213951836121851e+02 -8.897712790178871946e+05 -6.454193905820545312e+13 -2.368462975117637113e-06 8.102042142627666107e-06 6.968136963132275603e-07 -1.064325187457451989e+02 -1.457957944816842266e+00 4.989178622394455642e-01 4.749356544509729106e-01 -1.530421947076623290e+01
1.000000000000000000e+00 -1.563295082303255867e+02 3.368129053832075215e+02 -8.946342708978471346e+05 -6.524936723320615625e+13 -4.011125205949346344e-06 7.547800154571596784e-06 7.067476395124106334e-07 -6.496863652731649097e+01 -8.890156678457175055e-01 8.488209447015766518e-01 2.895506009949880277e-01 -7.558403413634504631e+00
1.000000000000000000e+00 -2.160906012019545699e+02 3.020424425801456323e+02 -8.994972143093614141e+05 -6.596064416927234375e+13 -5.574622028035488804e-06 6.805404355394107398e-06 7.405498750864051101e-07 -8.025378838031517859e+00 -1.097000214414891733e-01 9.977085537326784159e-01 3.559488974433560465e-02 -1.378549509401992701e+01
1.000000000000000000e+00 -2.707097403710279764e+02 2.599850795500770460e+02 -9.043601109744864516e+05 -6.667577000503734375e+13 -7.021420887874811689e-06 5.889466576602700354e-06 7.949868332442039397e-07 5.091895687830245265e+01 6.952751003808974595e-01 9.104003390891197700e-01 -2.267894577236479470e-01 -2.843306985044710089e+01
1.000000000000000000e+00 -3.187960686118031504e+02 2.115702942562767817e+02 -9.092229633124531247e+05 -6.739474498795110156e+13 -8.313101418510811618e-06 4.818492907926643357e-06 8.645852438049939515e-07 9.790278658334814565e+01 1.335391904723557177e+00 6.076612934759965112e-01 -4.355110869594495671e-01 -3.845344786787886449e+01
1.000000000000000000e+00 -3.591129524375436404e+02 1.579979675143910640e+02 -9.140857750563020818e+05 -6.811756956894704688e+13 -9.414510542577408537e-06 3.617633686495160961e-06 9.425319167591693977e-07 1.217906892391831519e+02 1.659452324848184057e+00 1.611952625175913090e-01 -5.412279392651817567e-01 -3.493039951747167038e+01
1.000000000000000000e+00 -3.906844193971564891e+02 1.005195502598024149e+02 -9.189485508311385056e+05 -6.884424434445921875e+13 -1.029667523790068982e-05 2.313810951749856457e-06 1.021189099048853064e-06 1.169002898529605261e+02 1.591123103264066252e+00 -3.233843117218082597e-01 -5.189838539542385165e-01 -2.100412231060881041e+01
1.000000000000000000e+00 -4.126204628089105881e+02 4.048185194527157904e+01 -9.238112959697110346e+05 -6.957477003217977344e+13 -1.093235576538218559e-05 9.367631079386777561e-07 1.092272445783665990e-06 8.433772404893079511e+01 1.146695393222455062e+00 -7.315218237624225850e-01 -3.740633222300890348e-01 -9.064411801575733563e+00
1.000000000000000000e+00 -4.242787830591300349e+02 -2.057787241228290398e+01 -9.286740175500343321e+05 -7.030914763097920312e+13 -1.130041350862102309e-05 -4.786850934466203506e-07 1.148402170677435057e-06 3.174208916332263186e+01 4.311220030327936326e-01 -9.667371506620942023e-01 -1.407227650817960418e-01 -9.731574517410150449e+00
1.000000000000000000e+00 -4.253520666590483756e+02 -8.116341613980313241e+01 -9.335367227198353503e+05 -7.104737817278678125e+13 -1.138832047260679029e-05 -1.897919827586578255e-06 1.184100613651395887e-06 -2.849695841876494740e+01 -3.866358953496901729e-01 -9.733773258459188504e-01 1.258856855245377437e-01 -2.241438970559189059e+01
1.000000000000000000e+00 -4.156831898781383074e+02 -1.397803032766585147e+02 -9.383994187179685105e+05 -7.178946272614318750e+13 -1.118741936990368684e-05 -3.285639014543293922e-06 1.195299358081500680e-06 -8.214119735592727523e+01 -1.113279375639383950e+00 -7.497858787268310010e-01 3.627131082405233853e-01 -3.582768716890088712e+01
1.000000000000000000e+00 -3.954207591768523571e+02 -1.948585782781725868e+02 -9.432621137635897612e+05 -7.253540253331393750e+13 -1.069723614179155691e-05 -4.604029091433392936e-06 1.180273850072970786e-06 -1.164604315138116561e+02 -1.576745094961742977e+00 -3.487712176291617450e-01 5.137043810933600296e-01 -3.802565481368119293e+01
1.000000000000000000e+00 -3.650757292329502093e+02 -2.449909886790819655e+02 -9.481248161756275222e+05 -7.328519887805467188e+13 -9.927232683761649148e-06 -5.818375723974145681e-06 1.140431600300269774e-06 -1.232601624303152335e+02 -1.667040975732451136e+00 1.348050799059252181e-01 5.430806926735449736e-01 -2.704473033096143197e+01
1.000000000000000000e+00 -3.253170591859399110e+02 -2.888917019631384733e+02 -9.529875339537910186e+05 -7.403885302090264062e+13 -8.891474421012010695e-06 -6.896177408285497890e-06 1.079399445783534476e-06 -1.008543256175463227e+02 -1.362570552080949238e+00 5.864569333520639471e-01 4.438534267726552129e-01 -1.266788253457791313e+01
1.000000000000000000e+00 -2.771108258896060761e+02 -3.253268787877529462e+02 -9.578502751935494598e+05 -7.479636626272110938e+13 -7.612562077129851149e-06 -7.805553651545781412e-06 1.003117938210731457e-06 -5.449377918639703466e+01 -7.354494185337530077e-01 8.992261934955356750e-01 2.395114959692909162e-01 -7.709609513528500102e+00
1.000000000000000000e+00 -2.217388425838619810e+02 -3.533469436257275902e+02 -9.627130469588156557e+05 -7.555773976812603125e+13 -6.122352909493138550e-06 -8.520877759295025303e-06 9.196191813767493153e-07 4.867910559906511558e+00 6.562818062084684045e-02 9.990757433607264648e-01 -2.154707223191522705e-02 -1.658776586271229903e+01
1.000000000000000000e+00 -1.605704992934826691e+02 -3.722284423070169623e+02 -9.675758553152260138e+05 -7.632297456664745312e+13 -4.455849424855112267e-06 -9.021540761812894016e-06 8.373044118291687311e-07 6.317788085332559689e+01 8.508543067562108764e-01 8.624377716754836332e-01 -2.775116125931199051e-01 -3.138910423552937345e+01
1.000000000000000000e+00 -9.518263557484806370e+01 -3.813973243606626511e+02 -9.724387121884197695e+05 -7.709207263618048438e+13 -2.654603677503195657e-06 -9.290220454344431849e-06 7.643944320928411250e-07 1.066240025496362875e+02 1.434458466169767243e+00 5.217373686559849677e-01 -4.678224231996723215e-01 -3.893192436130561873e+01
1.000000000000000000e+00 -2.734561764556585572e+01 -3.806407153816774098e+02 -9.773016099471019115e+05 -7.786503287610504688e+13 -7.664716172076976102e-07 -9.318156353979957358e-06 7.086451139067320842e-07 1.249055496690943272e+02 1.678641895393905958e+00 5.763520170406638554e-02 -5.474957980698456073e-01 -3.250658846389008971e+01
1.000000000000000000e+00 4.122089369840627882e+01 -3.700163399019382382e+02 -9.821645573644024553e+05 -7.864185678860160938e+13 1.161131447601155406e-06 -9.103141620297566829e-06 6.759328717790200962e-07 1.136615449311070023e+02 1.525926725563992337e+00 -4.201028443639208687e-01 -4.977272076623313612e-01 -1.783450646437897191e+01
1.000000000000000000e+00 1.087360933902437807e+02 -3.497574433354896541e+02 -9.870275563398973318e+05 -7.942254479749618750e+13 3.078100033615756347e-06 -8.647336944927395581e-06 6.695396904533240783e-07 7.549599968287675722e+01 1.012484399417309611e+00 -7.985352713233311306e-01 -3.302968497181703045e-01 -7.968523425722710662e+00
1.000000000000000000e+00 1.733870399479618243e+02 -3.204572112970756734e+02 -9.918906069231021684e+05 -8.020709703343851562e+13 4.932420976867702515e-06 -7.961959513954923928e-06 6.902857267667198011e-07 1.937309288570045851e+01 2.595422761570598813e-01 -9.881798831583150644e-01 -8.477785763192123569e-02 -1.168606369149639335e+01
1.000000000000000000e+00 2.335691070544723971e+02 -2.829409006240100553e+02 -9.967537079093654174e+05 -8.099551342341109375e+13 6.677024755506901673e-06 -7.064309688638120588e-06 7.363251576423368852e-07 -4.147558356049790262e+01 -5.550688731038893042e-01 -9.441295993914841089e-01 1.807887460637814248e-01 -2.568235536869300972e+01
1.000000000000000000e+00 2.877636426089109705e+02 -2.381543321745907065e+02 -1.001616857195887016e+06 -8.178779374389898438e+13 8.266416314096908038e-06 -5.975114739394214188e-06 8.029440160594516263e-07 -9.265419716364839076e+01 -1.238697204337317004e+00 -6.767052438806667736e-01 4.035792873745112086e-01 -3.749956058191292385e+01
1.000000000000000000e+00 3.345614125759840931e+02 -1.873266133693407198e+02 -1.006480051145510981e+06 -8.258393751292429688e+13 9.657411714884050824e-06 -4.722704704648686446e-06 8.833596699424666743e-07 -1.220029431054124558e+02 -1.629358046157070916e+00 -2.491028716415015776e-01 5.308375761942755178e-01 -3.660886330063193128e+01
1.000000000000000000e+00 3.728820170211475329e+02 -1.318150125944119395e+02 -1.011343284369414905e+06 -8.338394394812876562e+13 1.081557865957322450e-05 -3.339255183037731190e-06 9.698575034621567654e-07 -1.224973398182091557e+02 -1.634253832026223208e+00 2.374854882123862421e-01 5.323904320374134302e-01 -2.379834128292589668e+01
1.000000000000000000e+00 4.018255909619896897e+02 -7.299011580639572117e+01 -1.016206551293840865e+06 -8.418781221942090625e+13 1.171114366284047752e-05 -1.857942124289205584e-06 1.054053916940924336e-06 -9.394635362331321460e+01 -1.252044845410401397e+00 6.678227381656363093e-01 4.078395156330466564e-01 -1.048515632027086042e+01
1.000000000000000000e+00 4.206813017579303846e+02 -1.238983457161553225e+01 -1.021069845559817040e+06 -8.499554134830612500e+13 1.231936679211857951e-05 -3.168889509175892335e-07 1.127724562698561168e-06 -4.306392554703140974e+01 -5.733253480292356263e-01 9.399764955541818345e-01 1.866822723773136905e-01 -8.538343950310425257e+00
1.000000000000000000e+00 4.291190784401537144e+02 4.844637426396015911e+01 -1.025933159833438345e+06 -8.580713017303762500e+13 1.262631490923907029e-05 1.244991783837284117e-06 1.184149246980892254e-06 1.811700903405386853e+01 2.409473023942873549e-01 9.895250361994798460e-01 -7.868961244994125692e-02 -1.969144484127021855e+01
1.000000000000000000e+00 4.270117546057876439e+02 1.080810194752646396e+02 -1.030796486940753995e+06 -8.662257753549054688e+13 1.262386920294962753e-05 2.790670108536018340e-06 1.218031699812597383e-06 7.510690153716238626e+01 9.978469223968048363e-01 8.048169957060050672e-01 -3.254382130785478111e-01 -3.400326422213846200e+01
1.000000000000000000e+00 4.144318675926311926e+02 1.650225733128333161e+02 -1.035659818958078627e+06 -8.744188212818379688e+13 1.230977163137918994e-05 4.281013727185518530e-06 1.226073026237010603e-06 1.144024830329723699e+02 1.518338149133605652e+00 4.296617430012970029e-01 -4.951835607579209153e-01 -3.872809106811248370e+01
1.000000000000000000e+00 3.918194669405972945e+02 2.178893890624826497e+02 -1.040523147718962864e+06 -8.826504257731764062e+13 1.169277200658205519e-05 5.679027419390697976e-06 1.208218382594067731e-06 1.266820989034703331e+02 1.679568608892560100e+00 -4.712576930307876832e-02 -5.478073967722026927e-01 -2.966508927370662363e+01
1.000000000000000000e+00 3.597802837606541857e+02 2.654935630956555315e+02 -1.045386466288235853e+06 -8.909205769305893750e+13 1.078683310764190246e-05 6.952115964296092009e-06 1.166669140785147934e-06 1.090011162174215826e+02 1.443654794139124231e+00 -5.127735346281776518e-01 -4.709007096232928902e-01 -1.488292622232074258e+01
1.000000000000000000e+00 3.190797113750347194e+02 3.066786421966169769e+02 -1.050249767440589145e+06 -8.992292621389389062e+13 9.611064917225862903e-06 8.067932649870687649e-06 1.105273504664246892e-06 6.548450903619138330e+01 8.664058354972690168e-01 -8.571862832985941427e-01 -2.826608770278734029e-01 -7.533460185742423043e+00
1.000000000000000000e+00 2.707939383752365643e+02 3.404769572779244982e+02 -1.055113044224136742e+06 -9.075764690242968750e+13 8.194409380838762929e-06 8.998556661913752815e-06 1.030176207406289183e-06 6.365658664683148338e+00 8.413505607149447674e-02 -9.989104524049381428e-01 -2.758790254586104482e-02 -1.415650682764077750e+01
1.000000000000000000e+00 2.160921101325726568e+02 3.661720466670075211e+02 -1.059976290543601848e+06 -9.159621864726885938e+13 6.569234841369427703e-06 9.722265501820975855e-06 9.487234138070610726e-07 -5.440562677303462635e+01 -7.183378887426010717e-01 -9.043650555952300607e-01 2.340045918774182609e-01 -2.886071625279982911e+01
1.000000000000000000e+00 1.562344378196183641e+02 3.831300621377938569e+02 -1.064839501052387292e+06 -9.243864044766715625e+13 4.771343113560113630e-06 1.021919112423828722e-05 8.684641766531676365e-07 -1.024396977866002771e+02 -1.351154543280507880e+00 -5.958272733524240250e-01 4.402190002598555529e-01 -3.855490026601686537e+01
1.000000000000000000e+00 9.271188559243880434e+01 3.909512297487804631e+02 -1.069702670911395689e+06 -9.328491137443740625e+13 2.844318461793946822e-06 1.047542862337051240e-05 7.971555483547958133e-07 -1.263121259344970326e+02 -1.664309258826075277e+00 -1.462478762933935306e-01 5.422155832154118560e-01 -3.459948344759452965e+01
1.000000000000000000e+00 2.701855009493091586e+01 3.895121443388156308e+02 -1.074565797073126771e+06 -9.413503079694295312e+13 8.326735678953042165e-07 1.048431725391985951e-05 7.416325933563701473e-07 -1.202935248865553888e+02 -1.583375598797649220e+00 3.379556268833380228e-01 5.158069813990349139e-01 -2.051470609992168903e+01
1.000000000000000000e+00 -3.934325748677202483e+01 3.787913664370084348e+02 -1.079428876667420845e+06 -9.498899810609390625e+13 -1.217990983421959027e-06 1.024189318526149123e-05 7.068604994495497416e-07 -8.574057318357978374e+01 -1.127408373697458055e+00 7.421074640950512391e-01 3.672282845138562513e-01 -8.854648680000510197e+00
1.000000000000000000e+00 -1.047326763187810172e+02 3.590168963810835976e+02 -1.084291907693299465e+06 -9.584681283736220312e+13 -3.256927897652225087e-06 9.750957040318045964e-06 6.960111111556992176e-07 -3.079612859430101679e+01 -4.045243219731100570e-01 9.704964055899942821e-01 1.316752090086029114e-01 -1.001328703653804908e+01
1.000000000000000000e+00 -1.676037395620803068e+02 3.306891902768622344e+02 -1.089154889934588224e+06 -9.670847483682792188e+13 -5.235438665557681261e-06 9.021853751028791938e-06 7.101404136198819455e-07 3.154046342246878964e+01 4.138764235958302673e-01 9.690935952224816186e-01 -1.350569392987923945e-01 -2.295514376884791119e+01
1.000000000000000000e+00 -2.264929109474371103e+02 2.943998972788032802e+02 -1.094017823998690117e+06 -9.757398409679417188e+13 -7.106548711866938905e-06 8.067671199997626181e-06 7.476958208352966004e-07 8.650609500043138667e+01 1.133976071285355713e+00 7.383265391829036961e-01 -3.698265460233650104e-01 -3.614793839728550751e+01
1.000000000000000000e+00 -2.798970994874727012e+02 2.509755890452301799e+02 -1.098880711545797065e+06 -9.844334080012009375e+13 -8.821220426212780298e-06 6.908251991045183715e-06 8.048200648288982335e-07 1.210786196841996372e+02 1.585549005153450430e+00 3.328947774370176194e-01 -5.171105039659481539e-01 -3.784696050154994396e+01
1.000000000000000000e+00 -3.265095640601672358e+02 2.014804523459624477e+02 -1.103743555676346645e+06 -9.931654539412231250e+13 -1.033579326595249514e-05 5.570410957269585070e-06 8.760621293779429426e-07 1.270540849317568188e+02 1.662096848166502827e+00 -1.512568834749142832e-01 -5.421180299953569648e-01 -2.654584929422605555e+01
1.000000000000000000e+00 -3.651985150302195393e+02 1.470260415251228778e+02 -1.108606359864685452e+06 -1.001935984035377344e+14 -1.161144033093232650e-05 4.082796827515602225e-06 9.543897479961368919e-07 1.029762599152377192e+02 1.345738727880886554e+00 -5.996518429613948431e-01 -4.389713652694454682e-01 -1.230173796625599003e+01
1.000000000000000000e+00 -3.948904591458216942e+02 8.890959264791992211e+01 -1.113469128921682714e+06 -1.010745006067669844e+14 -1.261056507911996705e-05 2.479778780597957042e-06 1.031555548250066471e-06 5.447984905233541042e+01 7.112396051054434842e-01 -9.062983125294350462e-01 -2.320625411546276551e-01 -7.784841374248553159e+00
1.000000000000000000e+00 -4.148033708332033029e+02 2.859445659054146915e+01 -1.118331869031825336e+06 -1.019592530479365781e+14 -1.330432067547075928e-05 8.010113816503788208e-07 1.099742097178470857e-06 -7.023562121720154927e+00 -9.159975664381275751e-02 -9.986782796082983582e-01 2.970557125385426753e-02 -1.701461810640294203e+01
1.000000000000000000e+00 -4.244105488373687649e+02 -3.248961925428737629e+01 -1.123194586898773909e+06 -1.028478568858659219e+14 -1.367164892927847016e-05 -9.140832733628135972e-07 1.152145886772218295e-06 -6.701442684895718571e+01 -8.730970251477090383e-01 -8.548749076883046527e-01 2.844428074329012901e-01 -3.178080615697042433e+01
1.000000000000000000e+00 -4.233218449352529547e+02 -9.281472760561514690e+01 -1.128057289451880846e+06 -1.037403133421457031e+14 -1.369561574414275654e-05 -2.622612875418473560e-06 1.182993929810204000e-06 -1.112793512822295412e+02 -1.448326734489335799e+00 -5.088122175645530820e-01 4.718754331451066597e-01 -3.893720931806786467e+01
1.000000000000000000e+00 -4.115058209095727761e+02 -1.507959570215558927e+02 -1.132919984812263865e+06 -1.046366238804858750e+14 -1.337072469773258002e-05 -4.279323059925873661e-06 1.188895136331130692e-06 -1.292797414861518916e+02 -1.680895245929160620e+00 -4.231806753044187186e-02 5.476098828002903263e-01 -3.210464376583183821e+01
1.000000000000000000e+00 -3.892284784925315648e+02 -2.049955355828880954e+02 -1.137782680785539094e+06 -1.055367899318219844e+14 -1.270116779021768989e-05 -5.842380795138870271e-06 1.169039499225315185e-06 -1.166755667814526731e+02 -1.515474920976505713e+00 4.341915084916271317e-01 4.936786085968259963e-01 -1.736713769647841588e+01
1.000000000000000000e+00 -3.569216144994018123e+02 -2.539939314849694370e+02 -1.142645385537997819e+06 -1.064408130190404219e+14 -1.169671868752128683e-05 -7.269774652084988111e-06 1.124728239295145300e-06 -7.638671923630069216e+01 -9.911646401495205483e-01 8.078765344281424454e-01 3.228349306888661507e-01 -7.859472846477258301e+00
1.000000000000000000e+00 -3.153847884645062436e+02 -2.964449997442230824e+02 -1.147508107677784748e+06 -1.073486947735966875e+14 -1.037949517984398096e-05 -8.520911022927132175e-06 1.060314237081670189e-06 -1.791893868235846199e+01 -2.322735615561332123e-01 9.902591944925762668e-01 7.554141681745984993e-02 -1.205539590145673579e+01
1.000000000000000000e+00 -2.656890323969959695e+02 -3.312718946514665390e+02 -1.152370854543555761e+06 -1.082604366157198750e+14 -8.781033195510281133e-06 -9.562313888766337279e-06 9.826014737062444980e-07 4.489198003224387179e+01 5.813213245288958442e-01 9.382148684875786238e-01 -1.896405248427112944e-01 -2.621316584073152001e+01
1.000000000000000000e+00 -2.090248421280965658e+02 -3.575298877546054541e+02 -1.157233633000379195e+06 -1.091760398995549219e+14 -6.937431011552473645e-06 -1.036381228092493654e-05 8.992161025075953689e-07 9.717072049114105425e+01 1.257023382193688033e+00 6.641506397148230212e-01 -4.099527608145663304e-01 -3.772060952376859433e+01
1.000000000000000000e+00 -1.468805317892068274e+02 -3.744607788882019577e+02 -1.162096449574009515e+06 -1.100955059367272500e+14 -4.895376927941751151e-06 -1.090020457733666450e-05 8.186162600182899756e-07 1.265303882215482076e+02 1.635172801654568797e+00 2.329854167172137891e-01 -5.333030648007229813e-01 -3.633619200927958559e+01
1.000000000000000000e+00 -8.091054447117754478e+01 -3.816641627822977512e+02 -1.166959309548043646e+06 -1.110188358232136094e+14 -2.707949510853298206e-06 -1.115637834681566016e-05 7.493750030366338932e-07 1.259965937779677603e+02 1.626630604847078887e+00 -2.532773541731981326e-01 -5.305591414164196884e-01 -2.329694509395788415e+01
1.000000000000000000e+00 -1.276763750784638596e+01 -3.789376538145349400e+02 -1.171822216904604109e+06 -1.119460304230846719e+14 -4.290935611309533448e-07 -1.112283840710064671e-05 6.986219709712420085e-07 9.564713496698819029e+01 1.233570171614906785e+00 -6.796732837459628085e-01 -4.023933664267654309e-01 -1.020466322839750539e+01
1.000000000000000000e+00 5.573401813479578948e+01 -3.663161508304669383e+02 -1.176685174740160815e+06 -1.128770904431239219e+14 1.880876855442831437e-06 -1.079698472886485262e-05 6.716411723571469033e-07 4.259705295612687337e+01 5.488246937907406142e-01 -9.453982373499112413e-01 -1.791021225120312532e-01 -8.705628257665464886e+00
1.000000000000000000e+00 1.227720184567791790e+02 -3.442084403070898588e+02 -1.181548184070097283e+06 -1.138120161990176406e+14 4.160356618142289656e-06 -1.018729988602612469e-05 6.715170453464444642e-07 -2.066092654610992341e+01 -2.659294994511071653e-01 -9.875813078021427049e-01 8.653740446603783165e-02 -2.013591763756728525e+01
1.000000000000000000e+00 1.866814866929213110e+02 -3.132075063932264243e+02 -1.186411244725890458e+06 -1.147508077806565781e+14 6.352083980015615520e-06 -9.307939557209939327e-06 6.984674711889749743e-07 -7.918078966837593669e+01 -1.018121524052062910e+00 -7.961554524629259610e-01 3.317045402497234563e-01 -3.432521441794674644e+01
1.000000000000000000e+00 2.457898304915862866e+02 -2.741109801180464842e+02 -1.191274355823700782e+06 -1.156934651384590156e+14 8.397604736083282923e-06 -8.179454931047747549e-06 7.497687960752736969e-07 -1.190833457536950988e+02 -1.529657924106174516e+00 -4.163135617522156773e-01 4.983681428655757917e-01 -3.863665212142882410e+01
1.000000000000000000e+00 2.985704133405457696e+02 -2.280271218905076864e+02 -1.196137514422730543e+06 -1.166399878188773125e+14 1.024253854120021034e-05 -6.832092778818572687e-06 8.203742775324344122e-07 -1.308529749051348574e+02 -1.679155166102864971e+00 6.209481974153602257e-02 5.470336874676832162e-01 -2.922334949983417118e+01
1.000000000000000000e+00 3.437856460809016994e+02 -1.761610081161278458e+02 -1.201000716493541375e+06 -1.175903751458593438e+14 1.184160942210318887e-05 -5.299552413586785577e-06 9.034602883786897470e-07 -1.116236540558592907e+02 -1.430961122233564975e+00 5.257963376920349319e-01 4.661385233958555974e-01 -1.447155848389127897e+01
1.000000000000000000e+00 3.803044537444123421e+02 -1.198258387647256029e+02 -1.205863957164367894e+06 -1.185446262649606562e+14 1.315253457113690933e-05 -3.619386235403194208e-06 9.907613040380782912e-07 -6.589020694264817735e+01 -8.438344932286208078e-01 8.649563177964080252e-01 2.748285785868416764e-01 -7.532082034110924695e+00
1.000000000000000000e+00 4.072418144108860361e+02 -6.053263612873277566e+01 -1.210727230140517466e+06 -1.195027400253903906e+14 1.414094391930594509e-05 -1.835785924988337565e-06 1.073884399914336757e-06 -4.456385816444688786e+00 -5.701438205237979034e-02 9.992625576985985081e-01 1.842424201872761014e-02 -1.459032451548430842e+01
1.000000000000000000e+00 4.240684970591013325e+02 2.335254806061365374e-01 -1.215590528892108705e+06 -1.204647152097784062e+14 1.478437755633343935e-05 7.110624101081620606e-09 1.145250679627228522e-06 5.813273090325591852e+01 7.429986625005348122e-01 8.969762845352927672e-01 -2.423479396845895084e-01 -2.935297633402837647e+01
1.000000000000000000e+00 4.304067442311260834e+02 6.099626368611485105e+01 -1.220453846589838620e+06 -1.214305505204610469e+14 1.506538221836701882e-05 1.864707561990638827e-06 1.197899643871740556e-06 1.070499979268127078e+02 1.366847524348208109e+00 5.824023018721448119e-01 -4.457702206443600601e-01 -3.866863969487173591e+01
1.000000000000000000e+00 4.261538947813953087e+02 1.202009031118920461e+02 -1.225317175357148983e+06 -1.224002444288871094e+14 1.497596130147456924e-05 3.689286562944353796e-06 1.226780230095253002e-06 1.307005520609424138e+02 1.667160307942582076e+00 1.300483133921453982e-01 -5.437446295795725915e-01 -3.424722701143040382e+01
1.000000000000000000e+00 4.115608219733139208e+02 1.764353070951043776e+02 -1.230180507225843845e+06 -1.233737953631419688e+14 1.452053417083055922e-05 5.436763945803570155e-06 1.229850730955222208e-06 1.234567396224573770e+02 1.573191923344487764e+00 -3.530645427246543178e-01 -5.131378436625563255e-01 -2.002857233207653920e+01
1.000000000000000000e+00 3.870104141692341955e+02 2.283955176359107782e+02 -1.235043834827703191e+06 -1.243512018468552188e+14 1.370833628956354492e-05 7.065714526556814398e-06 1.207137260046709746e-06 8.698051698212634619e+01 1.107277016968673866e+00 -7.527027871160676398e-01 -3.612088902238994037e-01 -8.664783789235444900e+00
1.000000000000000000e+00 3.531320530989684698e+02 2.747955993511886845e+02 -1.239907150489496300e+06 -1.253324623186235312e+14 1.255758221144312593e-05 8.534637436653794504e-06 1.160940365716570357e-06 2.983747335316214233e+01 3.794584016807717175e-01 -9.743687831191465420e-01 -1.238771648158703831e-01 -1.026631189337053840e+01
1.000000000000000000e+00 3.108571316912375551e+02 3.145790306736467414e+02 -1.244770447278675158e+06 -1.263175753430325312e+14 1.109761950586545611e-05 9.808558285860900330e-06 1.096161048213088853e-06 -3.450343770925417886e+01 -4.383618547480164773e-01 -9.655952932181510739e-01 1.427468976874323170e-01 -2.341050161529057405e+01
1.000000000000000000e+00 2.611873924168380654e+02 3.468630519006662212e+02 -1.249633718716738978e+06 -1.273065395551913750e+14 9.360836740264361620e-06 1.085742690989824509e-05 1.018941471011215649e-06 -9.082725723822626662e+01 -1.152803478230312040e+00 -7.283712046961753339e-01 3.755920452967930756e-01 -3.639838079283619976e+01
1.000000000000000000e+00 2.053079844567937755e+02 3.708459900086007224e+02 -1.254496958367152605e+06 -1.282993535782450469e+14 7.386780231057247693e-06 1.165331103625458136e-05 9.364854550148442728e-07 -1.257628518891623628e+02 -1.594632373057399466e+00 -3.187495374339049392e-01 5.195297248985989436e-01 -3.765977643680055564e+01
1.000000000000000000e+00 1.446276331044898598e+02 3.860079320840082460e+02 -1.259360160985076567e+06 -1.292960162596216250e+14 5.223732816000776824e-06 1.217677602770902375e-05 8.569637748111792046e-07 -1.309655839213541810e+02 -1.658956255279268710e+00 1.663404475423474471e-01 5.404440972027676482e-01 -2.606545102218193577e+01
1.000000000000000000e+00 8.054196305928591926e+01 3.920341992372835307e+02 -1.264223322609108873e+06 -1.302965266946683906e+14 2.920288341251256412e-06 1.241463315128269490e-05 7.878557482069187106e-07 -1.051278150912703921e+02 -1.330348334660003795e+00 6.120256941866581979e-01 4.333539881957532147e-01 -1.194762277459234134e+01
1.000000000000000000e+00 1.454972039259214256e+01 3.887225062087316587e+02 -1.269086439754855121e+06 -1.313008840648722188e+14 5.295726859492803016e-07 1.235711328327762927e-05 7.353643568746553937e-07 -5.431734971401859013e+01 -6.866836608212449899e-01 9.127451413082465770e-01 2.236210323751655071e-01 -7.891987067572899583e+00
1.000000000000000000e+00 -5.171860910946008971e+01 3.761733463723725777e+02 -1.273949509691581829e+06 -1.323090876972159844e+14 -1.889638717515752886e-06 1.200401072624413768e-05 7.044514353093769864e-07 9.453056639526966620e+00 1.193881552147778857e-01 9.973152984056220527e-01 -3.906890933811516670e-02 -1.751175725191912491e+01
1.000000000000000000e+00 -1.167396372167537777e+02 3.546940877878211040e+02 -1.278812531209426466e+06 -1.333211372271360312e+14 -4.281588731517883252e-06 1.136179557684329102e-05 6.979613984639292361e-07 7.108309174553380672e+01 8.968639294082619839e-01 8.457969234477514808e-01 -2.925125210274664989e-01 -3.223182674781422463e+01
1.000000000000000000e+00 -1.789759511492110846e+02 3.247063554173134889e+02 -1.283675503787324764e+06 -1.343370324303985156e+14 -6.589154015381386859e-06 1.044076164081658447e-05 7.161727030989412813e-07 1.159741709780969643e+02 1.461817711370579254e+00 4.941504946205801385e-01 -4.767465073367391226e-01 -3.894264396947600204e+01
1.000000000000000000e+00 -2.368580456361981135e+02 2.869256322773198349e+02 -1.288538428306474118e+06 -1.353567733757241562e+14 -8.753167571397292015e-06 9.260892879533070689e-06 7.571454025875215046e-07 1.334853605880166469e+02 1.680883841086428632e+00 2.563320177992151061e-02 -5.482298749563890850e-01 -3.167579215113418201e+01
1.000000000000000000e+00 -2.890226082951200510e+02 2.422465037731132895e+02 -1.293401307233686559e+06 -1.363803604690141875e+14 -1.072123554794222784e-05 7.848324507215754492e-06 8.169672719338675253e-07 1.194396412279383952e+02 1.502536735762624476e+00 -4.489449955511649049e-01 -4.901006131506370211e-01 -1.690167556648946956e+01
1.000000000000000000e+00 -3.341849530406310578e+02 1.916478357664833254e+02 -1.298264143037916394e+06 -1.374077941244479375e+14 -1.244313119112099325e-05 6.232368443775937891e-06 8.896174080593269972e-07 7.710439783731651175e+01 9.690110471265652725e-01 -8.173967090384481882e-01 -3.161201820247758199e-01 -7.763352230302801082e+00
1.000000000000000000e+00 -3.711301622776485374e+02 1.363597275377027813e+02 -1.303126939750502119e+06 -1.384390750959989531e+14 -1.387051865305352509e-05 4.451014265585206385e-06 9.675543975172024671e-07 1.642986419374233975e+01 2.062799154037641136e-01 -9.926103953662469559e-01 -6.741181294441214722e-02 -1.239017485814263075e+01
1.000000000000000000e+00 -3.989455690265952512e+02 7.772953002196832983e+01 -1.307989702691683546e+06 -1.394742044253045469e+14 -1.496572280315824815e-05 2.546692475297093445e-06 1.042986921722771201e-06 -4.827565029341899105e+01 -6.055150162856680618e-01 -9.331028883723688772e-01 1.972315752643334641e-01 -2.666813676502796682e+01
1.000000000000000000e+00 -4.168823341168384218e+02 1.712170626926021910e+01 -1.312852437854745192e+06 -1.405131833149459062e+14 -1.569672800457255990e-05 5.630527649894098918e-07 1.108154754545194682e-06 -1.017029453127648821e+02 -1.274396440629334881e+00 -6.528595980459586112e-01 4.152108322934572326e-01 -3.788945870440812769e+01
1.000000000000000000e+00 -4.243507783568068135e+02 -4.392903085829048848e+01 -1.317715152077117236e+06 -1.415560131678773750e+14 -1.603711594266344170e-05 -1.449970946656683412e-06 1.156054195032980289e-06 -1.311589984426965145e+02 -1.641888891048257637e+00 -2.181105884749680590e-01 5.349174357144287351e-01 -3.605727923190146811e+01
1.000000000000000000e+00 -4.211378161051145526e+02 -1.038699421087245582e+02 -1.322577852849387331e+06 -1.426026955495870938e+14 -1.597442419376748034e-05 -3.441099843426666518e-06 1.181853380137749094e-06 -1.295938205188762140e+02 -1.620708973686146415e+00 2.682714224609475950e-01 5.279751956654754608e-01 -2.279884624851494479e+01
1.000000000000000000e+00 -4.072491793622206728e+02 -1.612349300296222623e+02 -1.327440547588981921e+06 -1.436532320334842812e+14 -1.550440210632028599e-05 -5.361179535007953217e-06 1.182567764215752073e-06 -9.730519887561405312e+01 -1.215716397561861228e+00 6.911207751390687770e-01 3.960023174082165087e-01 -9.928778272609910971e+00
1.000000000000000000e+00 -3.828994173176324693e+02 -2.145018098793353261e+02 -1.332303244540217798e+06 -1.447076243961267812e+14 -1.463078125010852961e-05 -7.158469596572760695e-06 1.157281515821161266e-06 -4.189348049410953223e+01 -5.228999178422876204e-01 9.503062402054143210e-01 1.702504167398087298e-01 -8.918446472945500858e+00
1.000000000000000000e+00 -3.487030976065495338e+02 -2.622567128683974715e+02 -1.337165952425003517e+06 -1.457658745443439062e+14 -1.337275355947583080e-05 -8.784115986005621403e-06 1.108474520055623764e-06 2.353617419898296248e+01 2.934839219418802769e-01 9.844988177537401519e-01 -9.581384127903971870e-02 -2.066611723347253005e+01
1.000000000000000000e+00 -3.054882053731947735e+02 -3.032942009255907578e+02 -1.342028678876629099e+06 -1.468279841744201562e+14 -1.175806806735256097e-05 -1.019558246195589284e-05 1.041117470813608950e-06 8.349097500522211135e+01 1.040075106712657460e+00 7.856875338143075593e-01 -3.392073682330637441e-01 -3.470359566094058579e+01
1.000000000000000000e+00 -2.542709944405279998e+02 -3.364742152736961316e+02 -1.346891431469744071e+06 -1.478939549939703125e+14 -9.822208248323753796e-06 -1.135195124729268014e-05 9.616894703358423835e-07 1.237698248258198390e+02 1.540341726947992207e+00 4.010039352376518762e-01 -5.023616532562558135e-01 -3.853308665813096923e+01
1.000000000000000000e+00 -1.964147932091046300e+02 -3.608863399169105719e+02 -1.351754217211882817e+06 -1.489637886096396562e+14 -7.614679931774343397e-06 -1.221952474398174097e-05 8.784007069623776034e-07 1.348212240796281947e+02 1.676247384610377589e+00 -7.851279380812015152e-02 -5.467269440162810801e-01 -2.875154978689506891e+01
1.000000000000000000e+00 -1.334121360429176946e+02 -3.759290737374401488e+02 -1.356617042000354035e+06 -1.500374864047232188e+14 -5.190776528306173514e-06 -1.277465915384702216e-05 7.999348649158985314e-07 1.139909553815273853e+02 1.415885686318243630e+00 -5.394764594261984847e-01 -4.618456497356779322e-01 -1.406464733747055895e+01
1.000000000000000000e+00 -6.684347614908205060e+01 -3.811514133368330590e+02 -1.361479911144187441e+06 -1.511150496506302500e+14 -2.610056993374288147e-06 -1.299855004122921631e-05 7.342263350573652242e-07 6.614605985507616026e+01 8.208052651521484666e-01 -8.729198784021475754e-01 -2.677907965076087859e-01 -7.536917833060724270e+00
1.000000000000000000e+00 1.490037956838640820e+00 -3.764029731750072187e+02 -1.366342828701288439e+06 -1.521964793568836250e+14 5.838976662901679158e-08 -1.288246185691790379e-05 6.882801901273687354e-07 2.540394536580215856e+00 3.149314880657373694e-02 -9.999874636532373184e-01 -1.042510564227918865e-02 -1.497671707627700499e+01
1.000000000000000000e+00 6.980508311864984705e+01 -3.618777723965837936e+02 -1.371205796674709767e+06 -1.532817760864693750e+14 2.745171081059557442e-06 -1.242941495396199849e-05 6.671763049184013584e-07 -6.181595798112412865e+01 -7.655872358699142843e-01 -8.905555728470518906e-01 2.494042516185408787e-01 -2.976699763462562132e+01
1.000000000000000000e+00 1.363808639862591008e+02 -3.379309043371900430e+02 -1.376068816151396837e+06 -1.543709402031849688e+14 5.382367119124407295e-06 -1.164807617176806870e-05 6.731755409263254662e-07 -1.116830526273377018e+02 -1.381850067058937759e+00 -5.704094757663619175e-01 4.502192480519889850e-01 -3.874063887156035690e+01
1.000000000000000000e+00 1.994342254263785037e+02 -3.052084231626518545e+02 -1.380931887257011607e+06 -1.554639718578357812e+14 7.898628263888826182e-06 -1.055734980249506931e-05 7.058186685173229792e-07 -1.351987630283797444e+02 -1.671191954265962787e+00 -1.152365660900560584e-01 5.444551588626042049e-01 -3.389957140270808367e+01
1.000000000000000000e+00 2.573590007354169416e+02 -2.646537285967330604e+02 -1.385795008043834241e+06 -1.565608707331445312e+14 1.022864439345314080e-05 -9.186776437472639982e-06 7.621139474073982413e-07 -1.267149566215589687e+02 -1.564810922311548280e+00 3.672248998858130831e-01 5.097566150798185092e-01 -1.955284842866610262e+01
1.000000000000000000e+00 3.087539750854127760e+02 -2.173031161520839021e+02 -1.390658175758141326e+06 -1.576616363229010312e+14 1.231438357623482371e-05 -7.569592246909103048e-06 8.365530128649875879e-07 -8.817134023039800184e+01 -1.087782842421514129e+00 7.627083710670208294e-01 3.543168198997679874e-01 -8.488211820497372884e+00
1.000000000000000000e+00 3.522873843826961320e+02 -1.644016526197638939e+02 -1.395521386197301559e+06 -1.587662677824823750e+14 1.409981172644825286e-05 -5.746836131388135552e-06 9.216492977367083768e-07 -2.865752957284261981e+01 -3.532113776514431702e-01 9.775473033781740817e-01 1.149534197919859640e-01 -1.056941610247760543e+01
1.000000000000000000e+00 3.869207066060167222e+02 -1.073841249066738897e+02 -1.400384633629830554e+06 -1.598747639048542188e+14 1.553992916832340311e-05 -3.766808634502181972e-06 1.009329845442655573e-06 3.774235271512408474e+01 4.647361735783204773e-01 9.609109065389017656e-01 -1.516357513646175159e-01 -2.393907224879086471e+01
1.000000000000000000e+00 4.119052416899038462e+02 -4.766363739357905871e+01 -1.405247912284327438e+06 -1.609871234556581875e+14 1.660083730928570175e-05 -1.677746219925990071e-06 1.091477744368534929e-06 9.530079321157776917e+01 1.172346518251221159e+00 7.168234391715432308e-01 -3.823389141130168478e-01 -3.668338312752674568e+01
1.000000000000000000e+00 4.266284546558703710e+02 1.325361293870996171e+01 -1.410111215700736502e+06 -1.621033450238983125e+14 1.725372656093405571e-05 4.681378846697356724e-07 1.160021760565887531e-06 1.303801912502451898e+02 1.602335555897719477e+00 3.031325665080524812e-01 -5.225876292442651616e-01 -3.745597646883025078e+01
1.000000000000000000e+00 4.308177777533048811e+02 7.379663125090904430e+01 -1.414974536222944036e+06 -1.632234269021479688e+14 1.748324190606443288e-05 2.615599826174639982e-06 1.208537812254855589e-06 1.346550567435795926e+02 1.653283367081588295e+00 -1.822568510042399947e-01 -5.392461260338301532e-01 -2.557448491400787915e+01
1.000000000000000000e+00 4.245032760925387265e+02 1.325336853209403500e+02 -1.419837866138149286e+06 -1.643473673455737812e+14 1.728619973065122800e-05 4.713583089254163275e-06 1.232930525426524250e-06 1.070699421866266761e+02 1.313334552686798995e+00 -6.245571122223088079e-01 -4.284044907345038733e-01 -1.161363197471689190e+01
1.000000000000000000e+00 4.078500101629546180e+02 1.880479228090457013e+02 -1.424701197947540320e+06 -1.654751646345872812e+14 1.666494915772828974e-05 6.710864473866821086e-06 1.231011740895754463e-06 5.408872045393248129e+01 6.628237816999810184e-01 -9.191912252929079763e-01 -2.162748670835126508e-01 -7.994168146479972314e+00
1.000000000000000000e+00 3.813470190878787776e+02 2.389643741013962597e+02 -1.429564523676015437e+06 -1.666068169147977812e+14 1.563521451517144631e-05 8.557030098460210893e-06 1.203440907132373081e-06 -1.181393719003901666e+01 -1.446338690139390704e-01 -9.964575324212833207e-01 4.699518327850285559e-02 -1.793830163293145930e+01
1.000000000000000000e+00 3.457421677448426180e+02 2.841391395587743887e+02 -1.434427836212608730e+06 -1.677423225086238125e+14 1.422364096277280470e-05 1.020929854281931107e-05 1.153464376073091107e-06 -7.507221017607653835e+01 -9.182034482982068813e-01 -8.380035160714842668e-01 2.991428615907375521e-01 -3.259792083724870793e+01
1.000000000000000000e+00 3.018692724341532312e+02 3.225206165075438207e+02 -1.439291128689162666e+06 -1.688816797729096250e+14 1.246083893972382702e-05 1.162765849819746168e-05 1.085679727386665756e-06 -1.206922077612594819e+02 -1.474768046708344604e+00 -4.812291898632012899e-01 4.804887529234062593e-01 -3.891800170699796269e+01
1.000000000000000000e+00 2.508294996147007225e+02 3.531726535938332745e+02 -1.444154394063155167e+06 -1.700248870016584375e+14 1.038895736195914431e-05 1.277576258993415649e-05 1.006596330138383639e-06 -1.378085801921903908e+02 -1.682309568479577688e+00 -1.052445422794839880e-02 5.480678092684533320e-01 -3.126277046410699256e+01
1.000000000000000000e+00 1.939063875662213263e+02 3.754477191745843925e+02 -1.449017626701208996e+06 -1.711719427994600000e+14 8.058338569481261288e-06 1.362728306580489119e-05 9.241539314900965911e-07 -1.222887694624281778e+02 -1.491426307602866652e+00 4.626653372873504311e-01 4.858418150305104932e-01 -1.645130066971994864e+01
1.000000000000000000e+00 1.323945637288437638e+02 3.888330892587059679e+02 -1.453880821675448213e+06 -1.723228459202773438e+14 5.520503463539337518e-06 1.416048609413831788e-05 8.460148955905311068e-07 -7.774603104958337951e+01 -9.472822901487094605e-01 8.262611932155400352e-01 3.085363070634749016e-01 -7.687254730178670670e+00
1.000000000000000000e+00 6.777791343867157536e+01 3.929719983720536902e+02 -1.458743974661079468e+06 -1.734775952458846875e+14 2.835613244210842363e-06 1.435908673644615305e-05 7.793919226405776960e-07 -1.469913176059233706e+01 -1.789283831222709953e-01 9.941644454711329182e-01 5.815649311678278144e-02 -1.278256435751371356e+01
1.000000000000000000e+00 1.630677864276186551e+00 3.878221043702126281e+02 -1.463607082561446121e+06 -1.746361899374200938e+14 6.844983481160024966e-08 1.421815352297766771e-05 7.306542560749210449e-07 5.192673524493583415e+01 6.314883375921401809e-01 9.266834559027624652e-01 -2.059947282922039435e-01 -2.719294794108212443e+01
1.000000000000000000e+00 -6.454912312371968142e+01 3.734869224489227122e+02 -1.468470143055081135e+06 -1.757986293318054062e+14 -2.718536659677830486e-06 1.373809954398231973e-05 7.041780894458489202e-07 1.063507382999499384e+02 1.292117425588569679e+00 6.398917738172488212e-01 -4.213977671467998842e-01 -3.808003146608096046e+01
1.000000000000000000e+00 -1.291635700565972513e+02 3.502368719531376655e+02 -1.473333154674111400e+06 -1.769649129636544062e+14 -5.457839101197651680e-06 1.292554802781809322e-05 7.021459686998229713e-07 1.356786250234418674e+02 1.646874338755156320e+00 2.017326263945264375e-01 -5.371221407549283677e-01 -3.575449747117578170e+01
1.000000000000000000e+00 -1.906242243040374547e+02 3.186533766483815953e+02 -1.478196117568178335e+06 -1.781350407527745938e+14 -8.081460839837964160e-06 1.179876959824958212e-05 7.246459074725533246e-07 1.329450342999216446e+02 1.612163554775777552e+00 -2.841282886923995887e-01 -5.258431583096130346e-01 -2.229142030693311227e+01
1.000000000000000000e+00 -2.475127270319179047e+02 2.794449877522869770e+02 -1.483059033105930779e+06 -1.793090129142170000e+14 -1.052775330583847510e-05 1.038104087521097256e-05 7.694108188969272724e-07 9.874923467258655307e+01 1.196352224983173507e+00 -7.028199579325873358e-01 -3.902565323332446989e-01 -9.669955595058381093e+00
1.000000000000000000e+00 -2.984061185576197772e+02 2.334679605222783039e+02 -1.487921903016387485e+06 -1.804868297548012188e+14 -1.273408037397394266e-05 8.701488783122185460e-06 8.318031277675691184e-07 4.111649319846192441e+01 4.976570126474911815e-01 -9.553639291484984364e-01 -1.624177202098585071e-01 -9.117370994978125864e+00
1.000000000000000000e+00 -3.419938496408164497e+02 1.818541440081111489e+02 -1.492784730684333481e+06 -1.816684919898375000e+14 -1.464182480590876241e-05 6.799962605707030992e-06 9.055167515344193888e-07 -2.637589543630638289e+01 -3.189410389954596692e-01 -9.820147552474111086e-01 1.038185198658354291e-01 -2.112725663407311316e+01
1.000000000000000000e+00 -3.772297127654408087e+02 1.258107081289453930e+02 -1.497647520384799223e+06 -1.828540005627591875e+14 -1.620299249348752284e-05 4.719688725938548471e-06 9.832008679246732954e-07 -8.777877538824091630e+01 -1.060430553483284299e+00 -7.763895790610412240e-01 3.454917821574886583e-01 -3.501336492368307063e+01
