5.400000342613407702e+04 -2.557288738731122205e-08 9.999999999999999547e-08
5.400918007299797318e+04 2.095039207862645492e-07 9.999999999999999547e-08
5.401835667009092867e+04 9.184452251150342329e-08 9.999999999999999547e-08
5.402753323021242977e+04 -5.237497147006815851e-08 9.999999999999999547e-08
5.403670976777689066e+04 4.851846784114470315e-08 9.999999999999999547e-08
5.404588629776488960e+04 -1.338329823339274058e-07 9.999999999999999547e-08
5.405506283496440301e+04 4.815675055368334900e-09 9.999999999999999547e-08
5.406423939494758815e+04 3.319007278174119049e-08 9.999999999999999547e-08
5.407341599355957442e+04 -2.168540946381183731e-07 9.999999999999999547e-08
5.408259264458391408e+04 -2.110546340304668143e-09 9.999999999999999547e-08
5.409176936023307644e+04 1.641189502842965959e-08 9.999999999999999547e-08
5.410094615210957272e+04 9.697350708281446123e-09 9.999999999999999547e-08
5.411012302892773732e+04 -3.355111378247764235e-09 9.999999999999999547e-08
5.411929999777215562e+04 6.491873887075034924e-08 9.999999999999999547e-08
5.412847706337115233e+04 -5.556788263960585505e-08 9.999999999999999547e-08
5.413765422638347081e+04 3.819910442574327381e-08 9.999999999999999547e-08
5.414683148555146909e+04 1.752163223374627392e-08 9.999999999999999547e-08
5.415600883790589432e+04 -4.250517361548470016e-08 9.999999999999999547e-08
5.416518627721953817e+04 3.307346017758857913e-08 9.999999999999999547e-08
5.417436379514554574e+04 5.682158312641766919e-08 9.999999999999999547e-08
5.418354138154946122e+04 2.186147526285375455e-08 9.999999999999999547e-08
5.419271902388351009e+04 -1.697795573571659576e-07 9.999999999999999547e-08
5.420189670950268919e+04 8.327234841580730705e-08 9.999999999999999547e-08
5.421107442519150936e+04 9.960721642784869232e-08 9.999999999999999547e-08
5.422025215592518362e+04 1.727961215755683868e-07 9.999999999999999547e-08
5.422942988683649310e+04 2.211254373635607421e-07 9.999999999999999547e-08
5.423860760366306204e+04 7.438969824696608383e-08 9.999999999999999547e-08
5.424778529258023627e+04 3.139723427544739932e-09 9.999999999999999547e-08
5.425696294066031260e+04 -1.374536664441457234e-08 9.999999999999999547e-08
5.426614053630539274e+04 -5.906605716417232548e-08 9.999999999999999547e-08
5.427531806785760273e+04 2.030594885858620198e-08 9.999999999999999547e-08
5.428449552585290803e+04 1.360801058493181316e-07 9.999999999999999547e-08
5.429367290374385630e+04 -4.399424274459144700e-08 9.999999999999999547e-08
5.430285019545407704e+04 -3.162271487397982511e-09 9.999999999999999547e-08
5.431202739699708036e+04 -7.260122698882082505e-08 9.999999999999999547e-08
5.432120450658716436e+04 2.781453880374836545e-08 9.999999999999999547e-08
5.433038152417632955e+04 8.101449679742635614e-08 9.999999999999999547e-08
5.433955845236933237e+04 1.631287356014415636e-07 9.999999999999999547e-08
5.434873529641538335e+04 -1.102270112400754997e-07 9.999999999999999547e-08
5.435791206213011901e+04 -4.461969640347644922e-08 9.999999999999999547e-08
5.436708875768096186e+04 7.211623915369005403e-08 9.999999999999999547e-08
5.437626539391084225e+04 5.372641017054715651e-09 9.999999999999999547e-08
5.438544198249694455e+04 -7.087324858531947502e-08 9.999999999999999547e-08
5.439461853705441899e+04 -8.399151531135447796e-08 9.999999999999999547e-08
5.440379507213363831e+04 5.623893009471991169e-08 9.999999999999999547e-08
5.441297160212218296e+04 4.313605887644416314e-08 9.999999999999999547e-08
5.442214814252037468e+04 -1.923449548391589932e-08 9.999999999999999547e-08
5.443132470952928270e+04 -7.430923585689532179e-08 9.999999999999999547e-08
5.444050131739275093e+04 -4.983317313901423254e-08 9.999999999999999547e-08
5.444967798018619214e+04 -7.501200173952792324e-08 9.999999999999999547e-08
5.445885471051661443e+04 -2.130032161149520532e-08 9.999999999999999547e-08
5.446803151851235452e+04 1.244484009042964497e-07 9.999999999999999547e-08
5.447720841327253584e+04 -3.751124462990950702e-08 9.999999999999999547e-08
5.448638540163428115e+04 -1.074062139555451544e-07 9.999999999999999547e-08
5.449556248634879012e+04 1.888203573281541070e-07 9.999999999999999547e-08
5.450473966864865361e+04 -3.185685951762707181e-08 9.999999999999999547e-08
5.451391694711481250e+04 -1.006804967361064239e-07 9.999999999999999547e-08
5.452309431734131067e+04 7.010103691403436354e-08 9.999999999999999547e-08
5.453227177313021093e+04 8.774980831880200561e-08 9.999999999999999547e-08
5.454144930591055891e+04 1.162932516767552755e-08 9.999999999999999547e-08
5.455062690426965855e+04 9.554045400666236379e-08 9.999999999999999547e-08
5.455980455635015824e+04 4.233781295529154462e-08 9.999999999999999547e-08
5.456898224954472971e+04 5.869092129717814512e-08 9.999999999999999547e-08
5.457815996915282449e+04 7.703097610170793344e-08 9.999999999999999547e-08
5.458733770110581099e+04 1.615709835422479431e-07 9.999999999999999547e-08
5.459651543063880672e+04 -5.268882228313874124e-08 9.999999999999999547e-08
5.460569314285453584e+04 9.027187139389496171e-08 9.999999999999999547e-08
5.461487082468075096e+04 1.283863626110207544e-07 9.999999999999999547e-08
5.462404846362007083e+04 -4.296540447008372886e-08 9.999999999999999547e-08
5.463322604703909019e+04 -8.558530830999334674e-09 9.999999999999999547e-08
5.464240356459309987e+04 7.082502461161989425e-08 9.999999999999999547e-08
5.465158100760706293e+04 1.389997690684590257e-07 9.999999999999999547e-08
5.466075836852093198e+04 -1.009547152728619544e-07 9.999999999999999547e-08
5.466993564261781285e+04 -2.146094807578349122e-08 9.999999999999999547e-08
5.467911282631775248e+04 -2.735425073475691584e-07 9.999999999999999547e-08
5.468828991736629541e+04 1.032191187396301429e-08 9.999999999999999547e-08
5.469746691694863694e+04 -2.978091474835381686e-08 9.999999999999999547e-08
5.470664382831453986e+04 1.800606081032344442e-08 9.999999999999999547e-08
5.471582065602939110e+04 -7.320480340805662626e-08 9.999999999999999547e-08
5.472499740713791834e+04 9.044877470298089171e-08 9.999999999999999547e-08
5.473417409036829486e+04 -6.457696562687873648e-08 9.999999999999999547e-08
5.474335071578410134e+04 -1.731477049373896853e-08 9.999999999999999547e-08
5.475252729674246802e+04 -4.902861840652983583e-08 9.999999999999999547e-08
5.476170384673205990e+04 -1.278854699334156905e-08 9.999999999999999547e-08
5.477088037941353832e+04 -6.279799797104860934e-08 9.999999999999999547e-08
5.478005691029750596e+04 -5.475438345179827654e-08 9.999999999999999547e-08
5.478923345508285274e+04 -7.922537848170860764e-08 9.999999999999999547e-08
5.479841002886604838e+04 -3.509355863495831833e-08 9.999999999999999547e-08
5.480758664692429011e+04 -7.509436212795744267e-08 9.999999999999999547e-08
5.481676332258809271e+04 -1.031797900783467433e-07 9.999999999999999547e-08
5.482594006730409455e+04 7.413607399087983746e-08 9.999999999999999547e-08
5.483511690357750194e+04 -3.403748816158077830e-08 9.999999999999999547e-08
5.484429381700707745e+04 -4.429804185295833366e-08 9.999999999999999547e-08
5.485347082414886245e+04 1.943454759560839527e-07 9.999999999999999547e-08
5.486264792858758301e+04 1.258357509095829248e-07 9.999999999999999547e-08
5.487182513041669154e+04 4.967939973956935693e-09 9.999999999999999547e-08
5.488100242736285145e+04 2.971638882848524262e-08 9.999999999999999547e-08
5.489017981545781367e+04 1.454632206337117040e-08 9.999999999999999547e-08
5.489935728783779632e+04 1.181841221943226597e-07 9.999999999999999547e-08
5.490853483433338988e+04 6.192593025550538978e-08 9.999999999999999547e-08
5.491771244442620082e+04 4.923683004250733418e-08 9.999999999999999547e-08
5.492689010611603589e+04 -7.617618103025408602e-08 9.999999999999999547e-08
5.493606780556287413e+04 4.557328489446806787e-08 9.999999999999999547e-08
5.494524552922853763e+04 5.284747823399548891e-08 9.999999999999999547e-08
5.495442326216002402e+04 -4.496921347618931897e-08 9.999999999999999547e-08
5.496360098894618568e+04 3.685607507513117064e-08 9.999999999999999547e-08
5.497277869649946661e+04 -1.381020896985801067e-07 9.999999999999999547e-08
5.498195637118478044e+04 -9.536953743042341948e-08 9.999999999999999547e-08
5.499113399988302262e+04 2.865593119320456557e-08 9.999999999999999547e-08
5.500031157109163178e+04 -2.250689032989939292e-07 9.999999999999999547e-08
5.500948907472087740e+04 -1.191314661334931397e-07 9.999999999999999547e-08
5.501866650163876329e+04 -7.924370248279163648e-08 9.999999999999999547e-08
5.502784384609427070e+04 -7.023543389556689188e-08 9.999999999999999547e-08
5.503702110267103126e+04 -1.020174571329351735e-07 9.999999999999999547e-08
5.504619826759295393e+04 -2.506802117935623412e-07 9.999999999999999547e-08
5.505537534045207576e+04 2.859581061978814808e-08 9.999999999999999547e-08
5.506455232239465840e+04 1.260771703211121814e-07 9.999999999999999547e-08
5.507372921655367827e+04 -1.626179855037470432e-07 9.999999999999999547e-08
5.508290602878008212e+04 -9.560883717059452373e-08 9.999999999999999547e-08
5.509208276563038817e+04 -3.813319525297102259e-08 9.999999999999999547e-08
5.510125943618333986e+04 -6.535292153027556092e-08 9.999999999999999547e-08
5.511043605210985697e+04 -7.972481210026853148e-08 9.999999999999999547e-08
5.511961262606060336e+04 1.243621553813907378e-07 9.999999999999999547e-08
5.512878917111216288e+04 -1.856308958121901404e-08 9.999999999999999547e-08
5.513796570259012515e+04 -7.598666009850458642e-08 9.999999999999999547e-08
5.514714223522469547e+04 2.083972115314830528e-08 9.999999999999999547e-08
5.515631878442670859e+04 -2.003594880251836637e-08 9.999999999999999547e-08
5.516549536644085310e+04 -7.476158488089150554e-08 9.999999999999999547e-08
5.517467199511610670e+04 5.425034367581541415e-08 9.999999999999999547e-08
5.518384868340773392e+04 -8.500967713591609569e-08 9.999999999999999547e-08
5.519302544363068591e+04 -2.331253678796065051e-08 9.999999999999999547e-08
5.520220228575577494e+04 1.742880187925135304e-07 9.999999999999999547e-08
5.521137921729779191e+04 -3.970463034858981684e-08 9.999999999999999547e-08
5.522055624410016026e+04 2.947125162495540757e-08 9.999999999999999547e-08
5.522973336807904707e+04 8.406944039902870933e-10 9.999999999999999547e-08
5.523891058891642024e+04 -1.304274737052488987e-07 9.999999999999999547e-08
5.524808790494437562e+04 2.503127485790764420e-07 9.999999999999999547e-08
5.525726531061323476e+04 -9.510358098215621327e-09 9.999999999999999547e-08
5.526644279831893800e+04 6.029214798327008586e-09 9.999999999999999547e-08
5.527562035886783269e+04 6.055001325549741636e-10 9.999999999999999547e-08
5.528479798038103036e+04 1.542186189542646218e-07 9.999999999999999547e-08
5.529397565053579456e+04 -4.052214854485411340e-08 9.999999999999999547e-08
5.530315335644435982e+04 -7.779543702732945167e-08 9.999999999999999547e-08
5.531233108324265049e+04 -8.090356134254078898e-08 9.999999999999999547e-08
5.532150881589365599e+04 -3.286805989520189367e-08 9.999999999999999547e-08
5.533068654049258475e+04 4.245577824445562284e-08 9.999999999999999547e-08
5.533986424255908059e+04 4.869301162132406277e-08 9.999999999999999547e-08
5.534904190901052061e+04 7.853309236583240038e-08 9.999999999999999547e-08
5.535821952762114961e+04 7.855964961671712579e-08 9.999999999999999547e-08
5.536739708624439663e+04 -7.664632413749377045e-08 9.999999999999999547e-08
5.537657457498257281e+04 1.432443440261823038e-07 9.999999999999999547e-08
5.538575198636000277e+04 7.518566831044994559e-08 9.999999999999999547e-08
5.539492931380118534e+04 -8.855887717034773199e-08 9.999999999999999547e-08
5.540410655215287989e+04 -5.697309182435883239e-09 9.999999999999999547e-08
5.541328369913192000e+04 -1.180904341705934878e-07 9.999999999999999547e-08
5.542246075375498185e+04 6.463267711652771063e-09 9.999999999999999547e-08
5.543163771768500737e+04 1.929801165928643883e-08 9.999999999999999547e-08
5.544081459557718335e+04 -2.355103328424867386e-08 9.999999999999999547e-08
5.544999139209074201e+04 1.477384935520812362e-07 9.999999999999999547e-08
5.545916811483334459e+04 -2.172218687749240353e-07 9.999999999999999547e-08
5.546834477384496859e+04 -5.769071119247207822e-08 9.999999999999999547e-08
5.547752138043570449e+04 1.180209688586521596e-07 9.999999999999999547e-08
5.548669794750866276e+04 -8.123039235363882239e-08 9.999999999999999547e-08
5.549587448919955204e+04 2.968794897474952218e-08 9.999999999999999547e-08
5.550505101950601238e+04 1.860158247839823224e-08 9.999999999999999547e-08
5.551422755398611480e+04 2.702936790802607708e-08 9.999999999999999547e-08
5.552340410909923958e+04 -1.043844104673535870e-07 9.999999999999999547e-08
5.553258069925037125e+04 -1.321397442283697856e-07 9.999999999999999547e-08
5.554175733873386343e+04 -2.536551928570686322e-07 9.999999999999999547e-08
5.555093404077382002e+04 1.029968721460011944e-07 9.999999999999999547e-08
5.556011081649923290e+04 1.265308748191610927e-07 9.999999999999999547e-08
5.556928767592891381e+04 1.543610050887077024e-07 9.999999999999999547e-08
5.557846462672065536e+04 -1.980260645448017877e-08 9.999999999999999547e-08
5.558764167265447759e+04 1.678854389452696032e-08 9.999999999999999547e-08
5.559681881578158936e+04 1.550658627522858495e-07 9.999999999999999547e-08
5.560599605633912142e+04 2.717542442076827819e-08 9.999999999999999547e-08
5.561517339065148553e+04 -1.816456059160383993e-07 9.999999999999999547e-08
5.562435081352204725e+04 -4.318687108043370283e-08 9.999999999999999547e-08
5.563352831701990362e+04 2.860060219267409283e-08 9.999999999999999547e-08
5.564270589032900170e+04 4.925030668987921139e-08 9.999999999999999547e-08
5.565188352255796781e+04 1.193643765706016837e-08 9.999999999999999547e-08
5.566106120151584764e+04 1.041148035545418591e-07 9.999999999999999547e-08
5.567023891275456845e+04 -4.471433972961825731e-08 9.999999999999999547e-08
5.567941664171907905e+04 5.316681693199316408e-09 9.999999999999999547e-08
5.568859437425816577e+04 1.224566423972044847e-08 9.999999999999999547e-08
5.569777209532178676e+04 -2.218821847493290868e-08 9.999999999999999547e-08
5.570694979149062419e+04 -4.697634701947770594e-08 9.999999999999999547e-08
5.571612744980359275e+04 -4.558921177036832265e-08 9.999999999999999547e-08
5.572530505697053741e+04 -1.482495142983397258e-07 9.999999999999999547e-08
5.573448260236055648e+04 -1.245178968956916519e-07 9.999999999999999547e-08
5.574366007667411759e+04 7.667044231601515437e-08 9.999999999999999547e-08
5.575283747174977179e+04 3.567617674785948875e-08 9.999999999999999547e-08
5.576201478174373915e+04 2.306135326092824450e-07 9.999999999999999547e-08
5.577119200227510009e+04 -1.309750024995829643e-08 9.999999999999999547e-08
5.578036913057380298e+04 5.900654036240803522e-08 9.999999999999999547e-08
5.578954616692222771e+04 -1.585791636979107479e-07 9.999999999999999547e-08
5.579872311390320101e+04 -7.046857543263429436e-08 9.999999999999999547e-08
5.580789997477960424e+04 2.063636722938120477e-07 9.999999999999999547e-08
5.581707675593894965e+04 -1.050352453499853111e-08 9.999999999999999547e-08
5.582625346544878266e+04 -1.709624911096033306e-08 9.999999999999999547e-08
