5.400000664790930023e+04 -9.269301810264986555e-08 9.999999999999999547e-08
5.400918385789653985e+04 9.891335455600225420e-09 9.999999999999999547e-08
5.401836092451059812e+04 2.326407859897408591e-07 9.999999999999999547e-08
5.402753784865247871e+04 -5.499916816113274082e-08 9.999999999999999547e-08
5.403671463426410628e+04 2.553464444681896115e-08 9.999999999999999547e-08
5.404589128967982833e+04 8.485941157818810543e-08 9.999999999999999547e-08
5.405506782604963519e+04 -4.225012498024974728e-08 9.999999999999999547e-08
5.406424425694499951e+04 2.416882650901485471e-07 9.999999999999999547e-08
5.407342060100554227e+04 2.451543959383423607e-07 9.999999999999999547e-08
5.408259687884187588e+04 1.325575012023632167e-07 9.999999999999999547e-08
5.409177311168404412e+04 -8.559954101797413324e-08 9.999999999999999547e-08
5.410094932335249905e+04 3.463357865633440006e-08 9.999999999999999547e-08
5.411012553783662588e+04 2.546363671485774263e-07 9.999999999999999547e-08
5.411930177878792892e+04 1.578289868393966595e-07 9.999999999999999547e-08
5.412847807053368160e+04 1.648133054590336796e-07 9.999999999999999547e-08
5.413765443486705044e+04 1.156427256678380752e-08 9.999999999999999547e-08
5.414683089037137688e+04 1.395404112229005610e-08 9.999999999999999547e-08
5.415600745456003642e+04 1.674079032276789140e-07 9.999999999999999547e-08
5.416518414201811538e+04 3.765620788299262556e-08 9.999999999999999547e-08
5.417436096276936587e+04 1.859955525058986163e-07 9.999999999999999547e-08
5.418353792447235901e+04 1.540206538500331497e-07 9.999999999999999547e-08
5.419271502994275215e+04 1.394290327716959387e-07 9.999999999999999547e-08
5.420189227805428527e+04 9.743444197006581538e-08 9.999999999999999547e-08
5.421106966604761692e+04 -1.023141779495817032e-08 9.999999999999999547e-08
5.422024718682729144e+04 1.914930892886851452e-07 9.999999999999999547e-08
5.422942482918700262e+04 2.356022956801936939e-07 9.999999999999999547e-08
5.423860258045629598e+04 4.204021149963912178e-08 9.999999999999999547e-08
5.424778042520537565e+04 2.941613325522009907e-08 9.999999999999999547e-08
5.425695834535773611e+04 7.245710184495281368e-08 9.999999999999999547e-08
5.426613632317474548e+04 2.256866996805118495e-07 9.999999999999999547e-08
5.427531433815842320e+04 2.006286810595910942e-07 9.999999999999999547e-08
5.428449236823403771e+04 4.708929054442971758e-08 9.999999999999999547e-08
5.429367039318516618e+04 7.638234608153226783e-08 9.999999999999999547e-08
5.430284839195071982e+04 2.788285168230470714e-07 9.999999999999999547e-08
5.431202634363851394e+04 2.667016432620944967e-07 9.999999999999999547e-08
5.432120422932735528e+04 1.024265079751467132e-07 9.999999999999999547e-08
5.433038203049021831e+04 5.148713588633327399e-08 9.999999999999999547e-08
5.433955972995160846e+04 5.211394301523728001e-08 9.999999999999999547e-08
5.434873731481582945e+04 4.489217331590277878e-08 9.999999999999999547e-08
5.435791477331342321e+04 1.560282704256162941e-07 9.999999999999999547e-08
5.436709209587117948e+04 1.896180488284157848e-07 9.999999999999999547e-08
5.437626927753352356e+04 3.817527537679800716e-07 9.999999999999999547e-08
5.438544631559742993e+04 -8.482305917196823567e-08 9.999999999999999547e-08
5.439462321118918044e+04 1.450619423355131189e-07 9.999999999999999547e-08
5.440379997033425752e+04 8.766466199681317349e-08 9.999999999999999547e-08
5.441297660108544369e+04 1.409153012964844757e-07 9.999999999999999547e-08
5.442215311453642062e+04 8.157564811531840956e-08 9.999999999999999547e-08
5.443132952679274604e+04 2.737230162864471409e-08 9.999999999999999547e-08
5.444050585609986592e+04 8.614178901188194684e-08 9.999999999999999547e-08
5.444968212250524812e+04 -1.549605250494116384e-08 9.999999999999999547e-08
5.445885834949146374e+04 -7.826894916150358467e-08 9.999999999999999547e-08
5.446803455975269753e+04 7.130324713132483116e-08 9.999999999999999547e-08
5.447721077699677699e+04 1.162108307833443542e-07 9.999999999999999547e-08
5.448638702656459645e+04 1.622542929605819411e-08 9.999999999999999547e-08
5.449556333109403204e+04 -9.044690612282940475e-08 9.999999999999999547e-08
5.450473971153356979e+04 -1.627731420666556002e-07 9.999999999999999547e-08
5.451391618770541390e+04 -6.908413253389704355e-08 9.999999999999999547e-08
5.452309277548988030e+04 -6.745250075931878590e-09 9.999999999999999547e-08
5.453226948823315615e+04 -1.990042650365707350e-07 9.999999999999999547e-08
5.454144633702894498e+04 -9.416916198952658954e-08 9.999999999999999547e-08
5.455062332728330512e+04 9.261192824917590330e-08 9.999999999999999547e-08
5.455980046085455251e+04 2.205559229499642402e-08 9.999999999999999547e-08
5.456897773757375398e+04 -3.591112532791352443e-07 9.999999999999999547e-08
5.457815515265430440e+04 -1.603668767235028231e-07 9.999999999999999547e-08
5.458733269815605308e+04 3.883686102633823570e-08 9.999999999999999547e-08
5.459651036371737428e+04 -2.288206864718838885e-07 9.999999999999999547e-08
5.460568813486580621e+04 -1.488839796949060962e-07 9.999999999999999547e-08
5.461486599549579842e+04 -1.278723823580197878e-07 9.999999999999999547e-08
5.462404392905128771e+04 -1.322068602108948809e-07 9.999999999999999547e-08
5.463322191593531898e+04 -2.174172997116435649e-07 9.999999999999999547e-08
5.464239993514309026e+04 -1.113785683813769838e-07 9.999999999999999547e-08
5.465157796623295144e+04 -1.153937307308795251e-07 9.999999999999999547e-08
5.466075598741171416e+04 -1.531424165609469963e-07 9.999999999999999547e-08
5.466993397801246465e+04 -2.800749312596714887e-07 9.999999999999999547e-08
5.467911191866350418e+04 -5.865207379821719589e-08 9.999999999999999547e-08
5.468828978886684490e+04 -2.603177269988941499e-07 9.999999999999999547e-08
5.469746757054598129e+04 -2.648643266362712182e-07 9.999999999999999547e-08
5.470664524855268974e+04 -2.011186151202102232e-07 9.999999999999999547e-08
5.471582280903393257e+04 -2.239823131783209468e-07 9.999999999999999547e-08
5.472500024078341085e+04 -2.449856975222158035e-07 9.999999999999999547e-08
5.473417753619885480e+04 -2.826803542486910251e-08 9.999999999999999547e-08
5.474335468897318060e+04 -8.201449877556430640e-08 9.999999999999999547e-08
5.475253169809276005e+04 -1.455914899269830341e-07 9.999999999999999547e-08
5.476170856659849960e+04 -1.620547175848992358e-07 9.999999999999999547e-08
5.477088529938965075e+04 -1.678203094665257751e-07 9.999999999999999547e-08
5.478006190536367649e+04 -5.361750909448898339e-08 9.999999999999999547e-08
5.478923839769784536e+04 -1.133520231542157142e-07 9.999999999999999547e-08
5.479841479170932871e+04 -1.575543514339306232e-07 9.999999999999999547e-08
5.480759110660089937e+04 -1.465400906174897147e-07 9.999999999999999547e-08
5.481676736399679794e+04 -1.018163788861483577e-07 9.999999999999999547e-08
5.482594358552125050e+04 -7.375647592603902363e-08 9.999999999999999547e-08
5.483511980631364713e+04 -9.302039756151167933e-09 9.999999999999999547e-08
5.484429602862651518e+04 -2.468625005899034943e-08 9.999999999999999547e-08
5.485347228726135654e+04 1.364191832453389913e-07 9.999999999999999547e-08
5.486264860508130369e+04 2.210806376198686680e-09 9.999999999999999547e-08
5.487182500354164222e+04 -4.382408136555421275e-08 9.999999999999999547e-08
5.488100150038101856e+04 -2.729804519774458139e-09 9.999999999999999547e-08
5.489017811187390907e+04 -1.687151642600950835e-08 9.999999999999999547e-08
5.489935485170441098e+04 1.200692382493731215e-07 9.999999999999999547e-08
5.490853172809423268e+04 8.368964419063927946e-08 9.999999999999999547e-08
5.491770874644943979e+04 4.710784058032408589e-08 9.999999999999999547e-08
5.492688590913518419e+04 2.180367923206687492e-07 9.999999999999999547e-08
5.493606321367368218e+04 1.447450340887070418e-07 9.999999999999999547e-08
5.494524065544725454e+04 -6.668615098539938624e-08 9.999999999999999547e-08
5.495441822645945649e+04 6.984296281712116317e-08 9.999999999999999547e-08
5.496359591381456266e+04 -8.059733267456548873e-08 9.999999999999999547e-08
5.497277370388481359e+04 1.119753336563483992e-07 9.999999999999999547e-08
5.498195158112778154e+04 1.014183807858682918e-07 9.999999999999999547e-08
5.499112952679120644e+04 -4.831261266442388824e-10 9.999999999999999547e-08
5.500030752161599230e+04 1.597089731498851259e-08 9.999999999999999547e-08
5.500948554544205399e+04 -3.409563858965557385e-10 9.999999999999999547e-08
5.501866357591307315e+04 -2.971791189450608329e-08 9.999999999999999547e-08
5.502784159270002419e+04 3.079421683784604812e-08 9.999999999999999547e-08
5.503701957564280747e+04 3.901117472241433027e-08 9.999999999999999547e-08
5.504619750339874736e+04 3.250138655343774704e-08 9.999999999999999547e-08
5.505537535721558379e+04 -9.020327759797244097e-08 9.999999999999999547e-08
5.506455311991780763e+04 -5.917140400159581404e-08 9.999999999999999547e-08
5.507373077534356707e+04 2.230849583780056865e-08 9.999999999999999547e-08
5.508290831099134084e+04 1.730855240421346342e-07 9.999999999999999547e-08
5.509208571661213500e+04 -7.963181038642995026e-08 9.999999999999999547e-08
5.510126298347743432e+04 5.237973246083827768e-08 9.999999999999999547e-08
5.511044010764530685e+04 4.711846082988193282e-08 9.999999999999999547e-08
5.511961708900313533e+04 8.895169463989653557e-08 9.999999999999999547e-08
5.512879392952186754e+04 -3.711498651320874012e-08 9.999999999999999547e-08
5.513797063624065777e+04 7.133765673989224885e-08 9.999999999999999547e-08
5.514714721895797265e+04 -1.958136588627392798e-07 9.999999999999999547e-08
5.515632369000639301e+04 -1.554344788205210816e-07 9.999999999999999547e-08
5.516550006684298569e+04 1.454185703156655571e-07 9.999999999999999547e-08
5.517467636912102898e+04 -1.069364011979853596e-07 9.999999999999999547e-08
5.518385261728218029e+04 -5.514654182416376576e-08 9.999999999999999547e-08
5.519302883452744572e+04 -6.958647033798310926e-08 9.999999999999999547e-08
5.520220504507146688e+04 -1.722261553964295805e-07 9.999999999999999547e-08
5.521138127234049898e+04 -5.505825214950622204e-08 9.999999999999999547e-08
5.522055754128125409e+04 1.870596558445215886e-08 9.999999999999999547e-08
5.522973387419372011e+04 -1.422597052356959371e-07 9.999999999999999547e-08
5.523891029050592624e+04 -1.856443451011205125e-07 9.999999999999999547e-08
5.524808680913908756e+04 2.535778189084898305e-08 9.999999999999999547e-08
5.525726344574824179e+04 -8.930862777521959419e-08 9.999999999999999547e-08
5.526644021193389199e+04 8.854649671843288823e-08 9.999999999999999547e-08
5.527561711653719249e+04 -1.306180708770412876e-07 9.999999999999999547e-08
5.528479416411952116e+04 1.486306293936038824e-07 9.999999999999999547e-08
5.529397135490611981e+04 1.162174153380702228e-07 9.999999999999999547e-08
5.530314868748915615e+04 -6.540237521884711116e-08 9.999999999999999547e-08
5.531232615640626318e+04 6.725721525644081665e-08 9.999999999999999547e-08
5.532150375129582972e+04 6.417975014123225135e-08 9.999999999999999547e-08
5.533068146055735269e+04 -5.782971247412141468e-08 9.999999999999999547e-08
5.533985926971836307e+04 -6.276118252130012303e-09 9.999999999999999547e-08
5.534903716182860080e+04 -1.379885948718493337e-07 9.999999999999999547e-08
5.535821511931838904e+04 1.130414651086285796e-07 9.999999999999999547e-08
5.536739312219656858e+04 7.131938991065275796e-08 9.999999999999999547e-08
5.537657114855732652e+04 4.865591895753927701e-08 9.999999999999999547e-08
5.538574917818425456e+04 -5.645403614806191045e-08 9.999999999999999547e-08
5.539492719041045348e+04 2.767448312939726145e-08 9.999999999999999547e-08
5.540410516366799129e+04 1.913454147185833291e-07 9.999999999999999547e-08
5.541328307858515473e+04 1.460694500102340113e-07 9.999999999999999547e-08
5.542246091595917096e+04 1.111771156995807740e-07 9.999999999999999547e-08
5.543163865793877630e+04 3.585703883957281734e-09 9.999999999999999547e-08
5.544081629089621129e+04 1.314733330262506287e-07 9.999999999999999547e-08
5.544999380199207371e+04 7.689085106453657407e-09 9.999999999999999547e-08
5.545917118018899055e+04 -1.461500442520619397e-07 9.999999999999999547e-08
5.546834841901096661e+04 4.085272599574462619e-08 9.999999999999999547e-08
5.547752551507920725e+04 2.335967323528584190e-07 9.999999999999999547e-08
5.548670246783058246e+04 -9.200085360395856619e-09 9.999999999999999547e-08
5.549587928165750782e+04 1.666298357784140282e-08 9.999999999999999547e-08
5.550505596320494078e+04 2.097074721957784619e-07 9.999999999999999547e-08
5.551423252193348162e+04 8.477928179527415983e-08 9.999999999999999547e-08
5.552340897321661032e+04 1.135094641058109354e-07 9.999999999999999547e-08
5.553258533411719691e+04 2.820195552410355408e-08 9.999999999999999547e-08
5.554176162366908829e+04 8.584208556935955869e-08 9.999999999999999547e-08
5.555093786411594920e+04 1.589542907821299757e-07 9.999999999999999547e-08
5.556011407837722800e+04 6.153693643959442605e-08 9.999999999999999547e-08
5.556929028999181173e+04 6.696133510375925710e-08 9.999999999999999547e-08
5.557846652441321930e+04 1.461004611389429132e-07 9.999999999999999547e-08
5.558764280478614091e+04 -2.022921526963520771e-07 9.999999999999999547e-08
5.559681915234062762e+04 -1.447027874439825800e-07 9.999999999999999547e-08
5.560599558808147412e+04 1.559360268320483430e-09 9.999999999999999547e-08
5.561517212946574000e+04 -7.528812088309671910e-09 9.999999999999999547e-08
5.562434879096590157e+04 -8.645355068575229883e-08 9.999999999999999547e-08
5.563352558480190783e+04 1.967681849444826167e-07 9.999999999999999547e-08
5.564270251784394350e+04 6.618577367938170617e-08 9.999999999999999547e-08
5.565187959363975096e+04 2.612782078545645411e-08 9.999999999999999547e-08
5.566105681359714799e+04 -3.718621298691002363e-08 9.999999999999999547e-08
5.567023417444997904e+04 -7.019196616610769380e-08 9.999999999999999547e-08
5.567941166899016389e+04 -2.488220148691642513e-07 9.999999999999999547e-08
5.568858928826392366e+04 1.616921277506533434e-08 9.999999999999999547e-08
5.569776701898135070e+04 -4.612209096488068413e-08 9.999999999999999547e-08
5.570694484588160412e+04 3.555166382977822579e-08 9.999999999999999547e-08
5.571612275319699256e+04 -4.722553489394076417e-08 9.999999999999999547e-08
5.572530072161214048e+04 -5.892798044755531357e-09 9.999999999999999547e-08
5.573447873046011227e+04 -9.173075269104541408e-08 9.999999999999999547e-08
5.574365675974975602e+04 -2.483262616198040674e-07 9.999999999999999547e-08
5.575283478785685293e+04 1.366141784613957031e-08 9.999999999999999547e-08
5.576201279372027784e+04 -1.391411043538666435e-07 9.999999999999999547e-08
5.577119075751781929e+04 -1.631905104401042089e-08 9.999999999999999547e-08
5.578036865858256351e+04 -2.887004147438982196e-07 9.999999999999999547e-08
5.578954647788067814e+04 -2.585026555477947238e-07 9.999999999999999547e-08
5.579872419998236728e+04 -2.448857255730446506e-07 9.999999999999999547e-08
5.580790180973940733e+04 -2.916922098460068258e-07 9.999999999999999547e-08
5.581707929481921747e+04 -1.425466643787489142e-07 9.999999999999999547e-08
5.582625664632433472e+04 -9.585296715609102390e-08 9.999999999999999547e-08
