1.000000000000000000e+00 3.209011743807990342e+02 -1.222041010199318123e+02 -4.974449915248279576e+05 -2.148967277600634766e+13 6.275310279808425603e-06 -1.622076811649012899e-06 1.158377306193500490e-06 -1.330812814173146167e-06 7.085434219007630645e+02 2.043960338646645614e+00 -8.320298526924101434e-01 -3.259726094647712180e-02 1.437876919870779258e+00 7.050530933429022552e+05 -1.430665152250242531e+08 -1.776136035027926219e-01
1.000000000000000000e+00 2.999871637070550037e+02 -1.912121742726091611e+02 -5.020102244182487484e+05 -2.188591974571785547e+13 5.920168523412642200e-06 -2.561348512150646237e-06 1.126569428338124751e-06 7.765443940587044605e-06 4.008739021237472855e+01 1.151106939604439050e-01 9.995113852798434007e-01 -1.836838224483322915e-03 -1.936378354824986603e-01 4.007386592967949400e+04 1.726572983259974420e+08 -1.005458486620223850e-02
1.000000000000000000e+00 2.716732886707000034e+02 -2.554936377393126463e+02 -5.065754374940790585e+05 -2.228578486321714453e+13 5.410157436586071907e-06 -3.453542388164706907e-06 1.095335383267833347e-06 -1.293229080023952601e-06 -7.805641988871446983e+02 -2.231143845169587081e+00 -7.958307533585387006e-01 3.557933275047902438e-02 -1.742662142016381699e+00 -7.838826128000088502e+05 -1.381041912960899770e+08 1.956500517242593384e-01
1.000000000000000000e+00 2.365954371806797667e+02 -3.134865742570065663e+02 -5.111406280512642697e+05 -2.268926784156594922e+13 4.754070330305716729e-06 -4.275628083748543873e-06 1.067560479538711104e-06 9.292654436331184249e-07 1.236637912579571775e+03 3.518695053998366795e+00 2.966635575632526334e-01 -5.611604713487087365e-02 -1.122675556240231964e+00 1.247569730860098265e+06 5.171662923445186019e+07 -3.099910226051246220e-01
1.000000000000000000e+00 1.955455568394451120e+02 -3.636297125979998555e+02 -5.157057938948757946e+05 -2.309636843059403516e+13 3.964320864938594432e-06 -5.003823082326869947e-06 1.045450097826055451e-06 9.925711042222665619e-07 -1.235686942978274374e+03 -3.500069418266995136e+00 3.125773099351188966e-01 5.581472136355018765e-02 8.308687348440438880e-01 -1.252280457782514160e+06 5.473868160183656216e+07 3.097288639264728638e-01
1.000000000000000000e+00 1.495704006386155243e+02 -4.045668865945051493e+02 -5.202709335102031473e+05 -2.350708643463767188e+13 3.059102687170980558e-06 -5.616431539616812229e-06 1.030988287172819420e-06 -1.303626895330860963e-06 7.739235428828682188e+02 2.182248983983150481e+00 -8.057447990605973720e-01 -3.480264895133591135e-02 1.486468696260455635e+00 7.878674571500989841e+05 -1.417412809269979298e+08 -1.940024300382208466e-01
1.000000000000000000e+00 9.979382388047751817e+01 -4.352665182364578982e+02 -5.248360460706687300e+05 -2.392142171595796484e+13 2.058951678607030340e-06 -6.095642512108046439e-06 1.025425040516804816e-06 7.774589762156615532e-06 -1.948436997587659292e+01 -5.469397475051698126e-02 9.998893200540464044e-01 8.710977125130702848e-04 -3.875262402267151685e-02 -1.992482864683895605e+04 1.766867146452338994e+08 4.877697678746420462e-03
1.000000000000000000e+00 4.743389988537413160e+01 -4.548186558383513329e+02 -5.294011309910934651e+05 -2.433937415639156250e+13 9.871713270459673274e-07 -6.424860580463899444e-06 1.028689162150452387e-06 -1.321608138613784699e-06 -7.488954936269185509e+02 -2.092810801642300600e+00 -8.230446908950971308e-01 3.337333491561095961e-02 -1.690523729846637124e+00 -7.692611721976300469e+05 -1.460897517270444632e+08 1.877119694946080830e-01
1.000000000000000000e+00 -6.118615108819071224e+00 -4.626341751742948532e+02 -5.339661888485389063e+05 -2.476094374370976172e+13 -1.284356913978408306e-07 -6.591618168757695924e-06 1.040138300817569140e-06 1.109451618192701019e-06 1.245057902837501842e+03 3.463878183390938670e+00 3.408869836403533027e-01 -5.524182979956038242e-02 -1.245669676999072495e+00 1.284629331809050404e+06 6.077744533869646490e+07 -3.121016851778702361e-01
1.000000000000000000e+00 -5.949637540361774768e+01 -4.585329718422533460e+02 -5.385312210009285482e+05 -2.518613054055347656e+13 -1.259563973225525748e-06 -6.589038256976582195e-06 1.058652884265395857e-06 8.182369002292670211e-07 -1.281788455048467995e+03 -3.550277722036025541e+00 2.676430788325455112e-01 5.661538311549559749e-02 6.967500063709620717e-01 -1.328408757212332683e+06 4.793084986769410968e+07 3.212843692849332577e-01
1.000000000000000000e+00 -1.113432891492127652e+02 -4.425225105730452810e+02 -5.430962293545498978e+05 -2.561493466559747266e+13 -2.377166871161361129e-06 -6.412874309509038767e-06 1.081955485845870357e-06 -1.273034842943386015e-06 8.413286205233041528e+02 2.320027156501728971e+00 -7.768737490398555101e-01 -3.699989912981792306e-02 1.522322399397576520e+00 8.757892371496648993e+05 -1.397423767219660878e+08 -2.108988666324012329e-01
1.000000000000000000e+00 -1.602489404251822691e+02 -4.149761314010983142e+02 -5.476612165499646217e+05 -2.604735631340848047e+13 -3.450054761790286735e-06 -6.064230177329698244e-06 1.107316161747581157e-06 7.730467903057035883e-06 -8.364741219300216812e+01 -2.296517694060439818e-01 9.980552907857431766e-01 3.661207389018997661e-03 1.201012066467945782e-01 -8.745740146910057229e+04 1.803193773740942776e+08 2.096081514458515704e-02
1.000000000000000000e+00 -2.049516101927188458e+02 -3.766775381680752162e+02 -5.522261856426107697e+05 -2.648339572672095703e+13 -4.449253657594382327e-06 -5.550438468148339647e-06 1.132234744664420027e-06 -1.348288942341250290e-06 -7.117607353685774569e+02 -1.945582114316566358e+00 -8.492320347136159686e-01 3.102547459562059531e-02 -1.622779134192480655e+00 -7.474460193312680349e+05 -1.541047103222655356e+08 1.784037607782806290e-01
1.000000000000000000e+00 -2.443172987224199062e+02 -3.285707752360706309e+02 -5.567911402256675065e+05 -2.692305320996376172e+13 -5.347679477957201065e-06 -4.881595852371923457e-06 1.153895479158673505e-06 1.306540733646245439e-06 1.249131288834224279e+03 3.399618436857255510e+00 3.856057183098581254e-01 -5.421701872225485885e-02 -1.362056820322057327e+00 1.317490049750440288e+06 7.027914361471851170e+07 -3.131227796614156622e-01
1.000000000000000000e+00 -2.772737901646490855e+02 -2.719127578042280788e+02 -5.613560845195446163e+05 -2.736632914011717969e+13 -6.118797611058744793e-06 -4.072945433111546148e-06 1.169780247020462443e-06 6.501823711431078451e-07 -1.326176717339765219e+03 -3.593670558009901761e+00 2.209095746821239103e-01 5.730735989412179265e-02 5.514946350223762783e-01 -1.404836823780470761e+06 4.043735689531216025e+07 3.324104412692565624e-01
1.000000000000000000e+00 -3.030036870043509794e+02 -2.082764668355722790e+02 -5.659210230516289594e+05 -2.781322393772050000e+13 -6.740972816651619046e-06 -3.145115523108624618e-06 1.178684796065501849e-06 -1.238925265395037922e-06 9.101418247479482488e+02 2.455663522702391965e+00 -7.455330499749369677e-01 -3.916299530026415288e-02 1.543705970508317371e+00 9.683015603993620025e+05 -1.370604641465488374e+08 -2.281482938171265906e-01
1.000000000000000000e+00 -3.208993570026597126e+02 -1.392772202584485228e+02 -5.704859600681149168e+05 -2.826373800980926953e+13 -7.196687464961939223e-06 -2.120145292205421382e-06 1.179941138803744338e-06 7.630877616537962672e-06 -1.516947708387667149e+02 -4.075317033638135022e-01 9.938641915369946789e-01 6.497912184712296459e-03 2.797312000526718800e-01 -1.620843809561474482e+05 1.835022264848961830e+08 3.801755404777969194e-02
1.000000000000000000e+00 -3.304854085033798583e+02 -6.671086210330550159e+01 -5.750508998929660302e+05 -2.871787178465335938e+13 -7.470977215932053200e-06 -1.023630961154755679e-06 1.173266064407190747e-06 -1.372823612199877018e-06 -6.697112272153991626e+02 -1.791502339510598674e+00 -8.738455247845461349e-01 2.856835581371964389e-02 -1.540041526566722441e+00 -7.186528058666845318e+05 -1.620354167662193477e+08 1.678636092309474248e-01
1.000000000000000000e+00 -3.315902080353180850e+02 7.466904170189181400e+00 -5.796158470943707507e+05 -2.917562572882277734e+13 -7.555457782599252385e-06 1.154838891814618118e-07 1.159677417437761046e-06 1.518505488690108395e-06 1.248916980591717447e+03 3.326674570881374748e+00 4.299218038399407193e-01 -5.305371482070709438e-02 -1.468216881134644769e+00 1.345916658153339289e+06 8.006040953591607511e+07 -3.130690752521286258e-01
1.000000000000000000e+00 -3.242702044837795938e+02 8.141983443525923292e+01 -5.841808056182397995e+05 -2.963700026023610938e+13 -7.446859564852794545e-06 1.269164953300921039e-06 1.140922302924319371e-06 4.915670672597464139e-07 -1.368186878315323156e+03 -3.628916584679569457e+00 1.733543595007983051e-01 5.786942123186993719e-02 3.988694325210564995e-01 -1.480727705427781679e+06 3.241964741523442790e+07 3.429404331546712092e-01
1.000000000000000000e+00 -3.087186847086252328e+02 1.532872953976607278e+02 -5.887457793932784116e+05 -3.010199580756702344e+13 -7.145120496096977032e-06 2.408100130018078349e-06 1.118969150849367695e-06 -1.201792907516146594e-06 9.790314867459006791e+02 2.585775646032831609e+00 -7.123921078088426562e-01 -4.123799491445226395e-02 1.549392894256849562e+00 1.064054380670592887e+06 -1.337919557599955499e+08 -2.454169029431267912e-01
1.000000000000000000e+00 -2.854161717265282050e+02 2.212087807414845031e+02 -5.933107716620492283e+05 -3.057061274124172266e+13 -6.657016676686068625e-06 3.502072784521274087e-06 1.096539391621906266e-06 7.479775731081648999e-06 -2.220146492414540944e+02 -5.839103361707940198e-01 9.873631054813648555e-01 9.310670112395100229e-03 4.350013334842978696e-01 -2.423139660840984725e+05 1.862161946819133461e+08 5.564389614645243870e-02
1.000000000000000000e+00 -2.550289627477796444e+02 2.835896378837626344e+02 -5.978757850997273345e+05 -3.104285138305076172e+13 -5.994035404874454595e-06 4.524201037654360139e-06 1.076429145813214872e-06 -1.394698614160611863e-06 -6.240628625694613447e+02 -1.634447171663699905e+00 -8.962348305179934638e-01 2.606378411579124768e-02 -1.444843459513651007e+00 -6.839858790070037358e+05 -1.697400606318531632e+08 1.564213504547325440e-01
1.000000000000000000e+00 -2.183103297841460630e+02 3.389362417148456643e+02 -6.024408218716064002e+05 -3.151871200991702734e+13 -5.170202021924820734e-06 5.448450060609820643e-06 1.060619841007199287e-06 1.740936795157898262e-06 1.244925927685127817e+03 3.246920694158118348e+00 4.727057466333127733e-01 -5.178180654034220814e-02 -1.560739798575236925e+00 1.370177049209943041e+06 8.990167780634310842e+07 -3.120686546776305637e-01
1.000000000000000000e+00 -1.762385773295031015e+02 3.858738764427724277e+02 -6.070058837648750050e+05 -3.199819486576758984e+13 -4.205452327682580844e-06 6.249983221904276595e-06 1.050856323358753635e-06 3.452500008631641582e-07 -1.407333075153481332e+03 -3.655259567064928383e+00 1.261705552634790894e-01 5.828950773471876234e-02 2.438042601935410114e-01 -1.555381441103406018e+06 2.409582334337506816e+07 3.527525623298904400e-01
1.000000000000000000e+00 -1.298999814602320839e+02 4.233883409587706410e+02 -6.115709717535275267e+05 -3.248130011381855469e+13 -3.123020159399983744e-06 6.909177191764933233e-06 1.048688296068993919e-06 -1.162384966611511173e-06 1.046730297356864639e+03 2.707427010469400930e+00 -6.782855840595021224e-01 -4.317806661203323071e-02 1.539623013296602450e+00 1.161647008717498509e+06 -1.300755612803078890e+08 -2.623870167100086914e-01
1.000000000000000000e+00 -8.039068580756313054e+01 4.506355542848399978e+02 -6.161360861419347348e+05 -3.296802784871542969e+13 -1.947158093958970989e-06 7.408711305842752607e-06 1.054543830556279347e-06 7.286460459360468698e-06 -2.930763134874040361e+02 -7.549370348000576936e-01 9.787851393217902318e-01 1.203807438941873961e-02 5.815867988832831292e-01 -3.265968976545155165e+05 1.884787704949779809e+08 7.345614539976699775e-02
1.000000000000000000e+00 -2.895172923116003716e+01 4.669531650674063030e+02 -6.207012266843012767e+05 -3.345837810675693359e+13 -7.064410823228997317e-07 7.733863451040742557e-06 1.067985167702146758e-06 -1.413722742788816826e-06 -5.760386111599520973e+02 -1.477736523249669753e+00 -9.160563585496297456e-01 2.356470232754914740e-02 -1.340359816251916802e+00 -6.445661996771611739e+05 -1.771258163945529759e+08 1.443835300418214729e-01
1.000000000000000000e+00 2.315517552952803726e+01 4.720766936595671268e+02 -6.252663923141496489e+05 -3.395235083433551172e+13 5.691568917145295657e-07 7.876226900983161131e-06 1.088234784820656329e-06 1.970168736693435261e-06 1.237710070431651502e+03 3.162183239887107700e+00 5.132786874848248582e-01 -5.043042191488802256e-02 -1.638154775415334274e+00 1.390631819800323574e+06 9.965296108381664753e+07 -3.102598755064946423e-01
1.000000000000000000e+00 7.473924189856730038e+01 4.659264963089005391e+02 -6.298315818055376876e+05 -3.444994595701691016e+13 1.850512219804412017e-06 7.830372368905829056e-06 1.113511164113089338e-06 2.118260784735022954e-07 -1.443472695314312432e+03 -3.672878914647726756e+00 8.005895971796961330e-02 5.857048048653930306e-02 8.984471300664653715e-02 -1.628440448984558228e+06 1.560691226153078862e+07 3.618110829564356590e-01
1.000000000000000000e+00 1.245433188243288356e+02 4.486180999269816994e+02 -6.343967933107644785e+05 -3.495116332796913672e+13 3.105991399455557851e-06 7.594135528441127959e-06 1.141255547003142264e-06 -1.121140449509434659e-06 1.112672348531761372e+03 2.819696982712578848e+00 -6.437106290788853213e-01 -4.496852778762351621e-02 1.515680525859556038e+00 1.260356765723937424e+06 -1.259971205584731698e+08 -2.789167767820448507e-01
1.000000000000000000e+00 1.713712412406897840e+02 4.206558324726639739e+02 -6.389620241720532067e+05 -3.545600270459789844e+13 4.304590319823111440e-06 7.172037222805925412e-06 1.169210871470004297e-06 7.060539701256171893e-06 -3.642666911312049933e+02 -9.193880001768049981e-01 9.683696407859722077e-01 1.466060930781124504e-02 7.178074174456648970e-01 -4.142871247476180433e+05 1.903123093742196560e+08 9.130062975678940318e-02
1.000000000000000000e+00 2.141699078820019793e+02 3.827019094979808642e+02 -6.435272714837113163e+05 -3.596446380816917969e+13 5.418065378338053640e-06 6.571555168186438627e-06 1.195010939563507061e-06 -1.430098041729361928e-06 -5.260316612978082276e+02 -1.322338200832888777e+00 -9.333855218655807695e-01 2.108654424239773256e-02 -1.228645392164942951e+00 -6.006791684896684019e+05 -1.841770381023705602e+08 1.318487030307620711e-01
1.000000000000000000e+00 2.518882731558742023e+02 3.355889968326679877e+02 -6.480925320701139281e+05 -3.647654632034792969e+13 6.417469323391085029e-06 5.803437381629282972e-06 1.215995378608248270e-06 2.205772271883119532e-06 1.227411028879109836e+03 3.073116174879814810e+00 5.516909795560180907e-01 -4.900999053028249480e-02 -1.700934493797730651e+00 1.407221332502717618e+06 1.092979483981579691e+08 -3.076782394773465157e-01
1.000000000000000000e+00 2.836068535567401341e+02 2.804942713366245925e+02 -6.526578023156616837e+05 -3.699224986285204688e+13 7.276475828927688807e-06 4.884837296784725194e-06 1.230293171209363889e-06 8.950738343560999485e-08 -1.476670916783129996e+03 -3.682459078959138488e+00 3.492413659465414683e-02 5.872325433405852640e-02 -6.217842974679994861e-02 -1.699772737815158209e+06 6.946668175684555434e+06 3.701323324966592776e-01
1.000000000000000000e+00 3.086082100124602334e+02 2.186938363673236267e+02 -6.572230785574832698e+05 -3.751157404053557812e+13 7.973318563470602253e-06 3.835216819384249147e-06 1.236599411588331115e-06 -1.077828615482844794e-06 1.177078129107253289e+03 2.923692196644119168e+00 -6.085783304987950615e-01 -4.662702635339908974e-02 1.478688163608327777e+00 1.360317477435779292e+06 -1.215332775497048944e+08 -2.950614508710724948e-01
1.000000000000000000e+00 3.262321040413640389e+02 1.515773384530768624e+02 -6.617883568979901029e+05 -3.803451841965548438e+13 8.487204260924142193e-06 2.676664703168964969e-06 1.233787526869965105e-06 6.807560762206943295e-06 -4.360691897382938009e+02 -1.078849234561340520e+00 9.561747659803889743e-01 1.720356766714394720e-02 8.444832893448785960e-01 -5.059544196538418764e+05 1.917065746479594409e+08 1.092985216917946867e-01
1.000000000000000000e+00 3.360065349993817563e+02 8.080389124806926304e+01 -6.663536330243205884e+05 -3.856108250604390625e+13 8.801796616821138894e-06 1.436738131134450899e-06 1.222042437200826855e-06 -1.444239042819730997e-06 -4.734137851794343987e+02 -1.166627058538461492e+00 -9.485537968066332093e-01 1.860339348784584290e-02 -1.109738836874294199e+00 -5.514562973366979277e+05 -1.909307618717397451e+08 1.186593970424235228e-01
1.000000000000000000e+00 3.377036311424240012e+02 8.043274706149041720e+00 -6.709189030060513178e+05 -3.909126583641943750e+13 8.906859337785410024e-06 1.439937037581124543e-07 1.202676608159742365e-06 2.451100132178058370e-06 1.213559025043959991e+03 2.978822201178569884e+00 5.885557683970267240e-01 -4.750620258969841248e-02 -1.750316337753823337e+00 1.419183563707915368e+06 1.189348220294275731e+08 -3.042059886916916311e-01
1.000000000000000000e+00 3.311895775401507649e+02 -6.500943185512900868e+01 -6.754841630483940244e+05 -3.962506795094767969e+13 8.794490166187406401e-06 -1.171742317208702165e-06 1.177042554325274956e-06 -2.478816435145165098e-08 -1.506948770631872094e+03 -3.684523992925507141e+00 -9.973575749197022278e-03 5.875618435626128039e-02 -2.137585394189622234e-01 -1.769200013916035183e+06 -2.023359599636355415e+06 3.777215827638092382e-01
1.000000000000000000e+00 3.165544692809179423e+02 -1.364951063000843021e+02 -6.800494093400237616e+05 -4.016248837580495312e+13 8.462676749887126966e-06 -2.476840963035202042e-06 1.147154807794111247e-06 -1.031533414036180876e-06 1.240621635254776947e+03 3.021538368233937621e+00 -5.722922359958793059e-01 -4.818746250749365162e-02 1.428700118950886111e+00 1.462217353243419901e+06 -1.165558766999289989e+08 -3.109899881074478234e-01
1.000000000000000000e+00 2.941489589568170686e+02 -2.046608517894018178e+02 -6.846146385051696561e+05 -4.070352667687070312e+13 7.916483881673809424e-06 -3.738707860933053396e-06 1.115838151705579485e-06 6.528247333921476227e-06 -5.096828524525330408e+02 -1.236520261870369009e+00 9.420091379184261093e-01 1.971797315604290404e-02 9.635181403215081763e-01 -6.030594870862811804e+05 1.926011984574062526e+08 1.277503736580785088e-01
1.000000000000000000e+00 2.644253416902328695e+02 -2.678448778520992164e+02 -6.891798473234854173e+05 -4.124818242792221875e+13 7.163981882959345772e-06 -4.925569913662082802e-06 1.085721223364820108e-06 -1.456534244699374005e-06 -4.168586156737708848e+02 -1.007416333109300011e+00 -9.618984892373101392e-01 1.606443009254074697e-02 -9.820222310698786261e-01 -4.951421773844330455e+05 -1.974304434295800030e+08 1.044831428317960498e-01
1.000000000000000000e+00 2.280611405333623622e+02 -3.243512581154985241e+02 -6.937450330064259470e+05 -4.179645524455302344e+13 6.219708252940179260e-06 -6.004212389921703970e-06 1.059396273558481542e-06 2.711919800600828491e-06 1.195200769088839934e+03 2.877309309832368545e+00 6.246492740894658002e-01 -4.588729009415257881e-02 -1.787019774960974416e+00 1.425136695907891029e+06 1.287050645412468463e+08 -2.996041637237157329e-01
1.000000000000000000e+00 1.859716106287469586e+02 -3.727257144801366735e+02 -6.983101936780506512e+05 -4.234834484420057031e+13 5.105213032766596686e-06 -6.945096915058087546e-06 1.039500690280976842e-06 -1.340112164964361214e-07 -1.534099972552079180e+03 -3.679012565727286521e+00 -5.557635163926550464e-02 5.866829638082800974e-02 -3.671262734824217722e-01 -1.836273636636245763e+06 -1.149522586057835817e+07 3.845271281053427859e-01
1.000000000000000000e+00 1.391377083898378260e+02 -4.117319336167423103e+02 -7.028753280285117216e+05 -4.290385100746193750e+13 3.844518725436749932e-06 -7.722064482332859227e-06 1.027679839111605008e-06 -9.809761941765492456e-07 1.303918923934392978e+03 3.115060682840617101e+00 -5.340827608057937548e-01 -4.967894377445410126e-02 1.364669585882439140e+00 1.566736680606740294e+06 -1.108913628775717467e+08 -3.268568147137682622e-01
1.000000000000000000e+00 8.871851740425010746e+01 -4.402302801198352995e+02 -7.074404349767832318e+05 -4.346297353889644531e+13 2.467305857547732203e-06 -8.310178701144194015e-06 1.024533380176595843e-06 6.221383853196569277e-06 -5.862911024207641049e+02 -1.395320207686734815e+00 9.255259247868616868e-01 2.225037758043829639e-02 1.076111477226775692e+00 -7.071541081914661918e+05 1.929003838068166673e+08 1.469528208392040236e-01
1.000000000000000000e+00 3.603832997208170497e+01 -4.574467402857661682e+02 -7.120055144118128810e+05 -4.402571235958871094e+13 1.008711215885551874e-06 -8.690894284137034789e-06 1.030283914944554810e-06 -1.467161279278899307e-06 -3.550680620246923809e+02 -8.418275670071430072e-01 -9.735517715152510743e-01 1.342375036204983274e-02 -8.436975610503278933e-01 -4.298940380058097071e+05 -2.036819770803802907e+08 8.899455668043249057e-02
1.000000000000000000e+00 -1.759855458230297742e+01 -4.629243591371503612e+02 -7.165705670293761650e+05 -4.459206749068899219e+13 -4.957409563769866157e-07 -8.851351192061768662e-06 1.044280083069424264e-06 2.993394546145392695e-06 1.171357583331973274e+03 2.766675521075326216e+00 6.604400087797099861e-01 -4.412292098105383836e-02 -1.810540838103114281e+00 1.423580745573860360e+06 1.386978485767601132e+08 -2.936274423872388128e-01
1.000000000000000000e+00 -7.080567822019713731e+01 -4.563914834085667849e+02 -7.211355941358131822e+05 -4.516203903202948438e+13 -2.007261036247249700e-06 -8.782032430609977282e-06 1.064659960383440347e-06 -2.396777129184406815e-07 -1.557686294359854173e+03 -3.665321996295981322e+00 -1.024427049741535312e-01 5.844997767478142536e-02 -5.231073536142516467e-01 -1.900243300949593540e+06 -2.159503871640382707e+07 3.904391251183045863e-01
1.000000000000000000e+00 -1.221459254395411591e+02 -4.380084276258352816e+02 -7.257005980524114566e+05 -4.573562721551533594e+13 -3.484619001015599230e-06 -8.481653386978933485e-06 1.089264941132182540e-06 -9.251410854187470457e-07 1.367022691041595635e+03 3.204626434561876014e+00 -4.935087551589870114e-01 -5.110732750861608775e-02 1.285431736912726608e+00 1.673922635018911446e+06 -1.044235031069561541e+08 -3.426751391823544268e-01
1.000000000000000000e+00 -1.703213163701748556e+02 -4.082772735722786592e+02 -7.302655813621565467e+05 -4.631283231360741406e+13 -4.889547531011496874e-06 -7.955667260720331372e-06 1.115671825679066671e-06 5.888809895203593108e-06 -6.662118059747065217e+02 -1.555928623715497228e+00 9.064691518833377648e-01 2.481161774067924819e-02 1.181378993312339976e+00 -8.188348623480013339e+05 1.925221785557959080e+08 1.669855371530902244e-01
1.000000000000000000e+00 -2.140709090522283589e+02 -3.678885516563510691e+02 -7.348305471786489943e+05 -4.689365467468185938e+13 -6.183917546026660475e-06 -7.213466974204019215e-06 1.140746128545145512e-06 -1.476028506179613333e-06 -2.876777870356957578e+02 -6.693686872328900028e-01 -9.833611428371916707e-01 1.067350655890987252e-02 -6.948333191005207077e-01 -3.549021350776403560e+05 -2.096327175265227854e+08 7.210230832039275783e-02
1.000000000000000000e+00 -2.522063160832143751e+02 -3.179370688305605199e+02 -7.393954993366241688e+05 -4.747809474960092188e+13 -7.330803801807724579e-06 -6.272758123036527583e-06 1.161765151248953087e-06 3.296365565577272252e-06 1.141677530772799855e+03 2.646611814417666686e+00 6.957408059366921860e-01 -4.220816756944135995e-02 -1.819456030247354361e+00 1.413702437394753098e+06 1.488695127816650569e+08 -2.861876088393659479e-01
1.000000000000000000e+00 -2.837908479450742334e+02 -2.597860021447808094e+02 -7.439604421267729485e+05 -4.806615306030604688e+13 -8.299789246730232914e-06 -5.157107248897874581e-06 1.176967177474997191e-06 -3.412551208342264503e-07 -1.577255088996592121e+03 -3.642859544469034816e+00 -1.502844491705011831e-01 5.809177587982201907e-02 -6.795362358971624994e-01 -1.960301146273831138e+06 -3.227592061005801708e+07 3.953441158236509212e-01
1.000000000000000000e+00 -3.080220509839128340e+02 -1.948944465126415082e+02 -7.485253798765642568e+05 -4.865783014712820312e+13 -9.063734465477957944e-06 -3.892660850090076961e-06 1.184806453098236847e-06 -8.639318763658563039e-07 1.429218295285254271e+03 3.288809162997639923e+00 -4.508722621792267682e-01 -5.244986447596367007e-02 1.191243915054308822e+00 1.782870528680521762e+06 -9.718930923600547016e+07 -3.582658206804346657e-01
1.000000000000000000e+00 -3.242570718563878813e+02 -1.250087126046370116e+02 -7.530903170931013301e+05 -4.925312658761956250e+13 -9.599649033622330196e-06 -2.512047916039590752e-06 1.184509505843856906e-06 5.538967149932487542e-06 -7.484491945037781306e+02 -1.715963024980617035e+00 8.849405576840569942e-01 2.736369984911057873e-02 1.276367934597277598e+00 -9.370830254288717406e+05 1.914580289389165640e+08 1.875989225244981684e-01
1.000000000000000000e+00 -3.321684576754365139e+02 -5.199499765892674930e+01 -7.576552580854408443e+05 -4.985204294756454688e+13 -9.893475136705965359e-06 -1.051171983616330715e-06 1.176576417104752979e-06 -1.482899494933744228e-06 -2.157288977572948738e+02 -4.927938164058726089e-01 -9.910166297964834170e-01 7.857618884900888917e-03 -5.385385069190768981e-01 -2.710895304268627078e+05 -2.151934762257088423e+08 5.406735771262708573e-02
1.000000000000000000e+00 -3.316008989116280077e+02 2.233579051873311272e+01 -7.622202070407767314e+05 -5.045457979028054688e+13 -9.936078005737265293e-06 4.542786836604503320e-07 1.161886352279971797e-06 3.615655624266788617e-06 1.106810564536547417e+03 2.519111168897184783e+00 7.297737931365013697e-01 -4.017481402465611362e-02 -1.812665957081291301e+00 1.395920239670525538e+06 1.590447397782025039e+08 -2.774475911536589678e-01
1.000000000000000000e+00 -3.225819047636075538e+02 9.604391069483975230e+01 -7.667851683336313581e+05 -5.106073771731331250e+13 -9.723722158441729251e-06 1.965097539679114708e-06 1.141963420137469326e-06 -4.368519926913521269e-07 -1.592642037832095866e+03 -3.611728272098316150e+00 -1.980392717620080290e-01 5.759533435829911063e-02 -8.317270668068462713e-01 -2.015963323361485032e+06 -4.331711366563610733e+07 3.992009122414638123e-01
1.000000000000000000e+00 -3.054519870009676197e+02 1.672365445265617723e+02 -7.713501456126471749e+05 -5.167051724683333594e+13 -9.262182960986630796e-06 3.442098738283330317e-06 1.119511605564169361e-06 -7.982806863076925257e-07 1.489377321997720173e+03 3.365349615935784744e+00 -4.071484691525120159e-01 -5.367052409716965150e-02 1.084540024481065235e+00 1.892084949089053553e+06 -8.937837175115947425e+07 -3.733459967160144832e-01
1.000000000000000000e+00 -2.806963080791128391e+02 2.342264363833520520e+02 -7.759151418559295125e+05 -5.228391881821666406e+13 -8.561892344382862597e-06 4.849430179002646973e-06 1.097196145771977513e-06 5.185018756313557380e-06 -8.311777918328508576e+02 -1.871343871383819968e+00 8.614319850160260250e-01 2.984156734999454663e-02 1.357764692654722438e+00 -1.059730925760898739e+06 1.897869772451736629e+08 2.083354057726419239e-01
1.000000000000000000e+00 -2.489467181698519482e+02 2.953387833072706599e+02 -7.804801597409751266e+05 -5.290094283953417188e+13 -7.638131096260646348e-06 6.150677012203838773e-06 1.077194613256247879e-06 -1.487618327422084824e-06 -1.411271834911236169e+02 -3.165994652280901822e-01 -9.963022072974121457e-01 5.047794270444541306e-03 -3.798502382333140415e-01 -1.805811928980126977e+05 -2.202909591878774166e+08 3.536740978045197631e-02
1.000000000000000000e+00 -2.110931779409234252e+02 3.490788085422856284e+02 -7.850452013706837315e+05 -5.352158964900081250e+13 -6.514599123931455613e-06 7.312379476568957273e-06 1.061851232292408550e-06 3.942681612639450757e-06 1.068042876089710035e+03 2.387446240717323143e+00 7.616792234933948968e-01 -3.807505234540731198e-02 -1.790467278705215826e+00 1.371529395092963008e+06 1.690177359704019129e+08 -2.677298019481679225e-01
1.000000000000000000e+00 -1.680990160417608195e+02 3.942626426959566857e+02 -7.896102683455826482e+05 -5.414585952260307812e+13 -5.217912521653622763e-06 8.306900122669432429e-06 1.053064914252232137e-06 -5.248171198224720509e-07 -1.604051379109291020e+03 -3.572844671531179017e+00 -2.445309398669957834e-01 5.697526802413938746e-02 -9.749720243360647798e-01 -2.067206015720408643e+06 -5.445566180003990978e+07 4.020607061425058304e-01
1.000000000000000000e+00 -1.210040927946352554e+02 4.298081952855621921e+02 -7.941753616029621335e+05 -5.477375264991792969e+13 -3.777768182732181687e-06 9.108181458169785813e-06 1.051727672729616427e-06 -7.294557358514997843e-07 1.546610470854808227e+03 3.432679455878289598e+00 -3.633936673431703568e-01 -5.474429437334116244e-02 9.688984116387560075e-01 2.000276290928442962e+06 -8.121385657925862074e+07 -3.876927433602555539e-01
1.000000000000000000e+00 -7.102628446952597585e+01 4.548905434219092285e+02 -7.987404812857115176e+05 -5.540526911328691406e+13 -2.230199053774948013e-06 9.695119733601200316e-06 1.058306033225597340e-06 4.838633292321240416e-06 -9.128407985494977765e+02 -2.018874156222373539e+00 8.365364484418031932e-01 3.219423787105441664e-02 1.423792941216796004e+00 -1.184792187414331594e+06 1.876185373292090297e+08 2.288047644173545891e-01
1.000000000000000000e+00 -1.937002301677599547e+01 4.690434845048977763e+02 -8.033056267865038244e+05 -5.604040889083155469e+13 -6.116877468541572582e-07 1.005389833507826668e-05 1.072635792480258295e-06 -1.490226604432344979e-06 -6.545497753439614996e+01 -1.442527847094656757e-01 -9.992338739834262240e-01 2.299324616732952194e-03 -2.230917337056769478e-01 -8.525551781907078112e+04 -2.249006469422312975e+08 1.639909463654277977e-02
1.000000000000000000e+00 3.276245456194985195e+01 4.719351711617604224e+02 -8.078707972595809260e+05 -5.667917192529146094e+13 1.040488240952192025e-06 1.017336969765294758e-05 1.093283149840915829e-06 4.270466423831084890e-06 1.026433436158829863e+03 2.254161464526066361e+00 7.910277045185934996e-01 -3.594946076358275511e-02 -1.754318831534570799e+00 1.341645895554018673e+06 1.786662606267600060e+08 -2.572996949645080522e-01
1.000000000000000000e+00 8.407395674959263943e+01 4.635156815638446801e+02 -8.124359913497653324e+05 -5.732155808483977344e+13 2.685155719956570956e-06 1.004833623990995972e-05 1.118261972082925441e-06 -6.048860402554334728e-07 -1.611798094209524834e+03 -3.527304200101099685e+00 -2.891549674324327968e-01 5.624904571716188295e-02 -1.106822166471273405e+00 -2.114169028278118465e+06 -6.553955133827722818e+07 4.040024474532061816e-01
1.000000000000000000e+00 1.333640640864916236e+02 4.440924195650432011e+02 -8.170012068710381864e+05 -5.796756711545268750e+13 4.283318359899316406e-06 9.681365824877331185e-06 1.145584243564612473e-06 -6.581096746534518689e-07 1.600634313169861798e+03 3.490661655609528680e+00 -3.201337240185811450e-01 -5.566898971819571329e-02 8.470884399445293145e-01 2.106870469774364028e+06 -7.281500406994542480e+07 -4.012350113028531617e-01
1.000000000000000000e+00 1.795071484661888803e+02 4.140938427290300865e+02 -8.215664412643252872e+05 -5.861719870293965625e+13 5.797533601467444655e-06 9.077829820855681049e-06 1.172664147012783502e-06 4.505174803155263521e-06 -9.929222287650818544e+02 -2.157841259754438301e+00 8.105816889177560602e-01 3.441034783934763391e-02 1.474612935356685028e+00 -1.311512154914196581e+06 1.850110267749442160e+08 2.488776655187391884e-01
1.000000000000000000e+00 2.213576318283450917e+02 3.742148459418714310e+02 -8.261316914388677105e+05 -5.927045244870278906e+13 7.188902898976582437e-06 8.249181673703226712e-06 1.196812214630894245e-06 -1.490888926109539201e-06 1.088141195839816966e+01 2.356586443742171577e-02 -9.999800686047721765e-01 -3.769397690719520277e-04 -6.999928697648603870e-02 1.442276329349144726e+04 -2.290331284721193314e+08 -2.735740806524866384e-03
1.000000000000000000e+00 2.579388583129558015e+02 3.254689659104042789e+02 -8.306969541034029098e+05 -5.992732791541217969e+13 8.423221601351762612e-06 7.214276358603182864e-06 1.216065409043219941e-06 4.596937262322545748e-06 9.821515022011054725e+02 2.119706209331850388e+00 8.179503896489771497e-01 -3.380520578293712969e-02 -1.705636828809414807e+00 1.306299150459385710e+06 1.879900489420674443e+08 -2.461996995112629150e-01
1.000000000000000000e+00 2.884099484468142691e+02 2.689426404659923833e+02 -8.352622258981406922e+05 -6.058782464535749219e+13 9.470042177596150223e-06 5.994087500974187732e-06 1.228467256772838777e-06 -6.782028848882623861e-07 -1.615942544893519198e+03 -3.475580346508418739e+00 -3.320976334066666480e-01 5.542421790965313538e-02 -1.227463830397650613e+00 -2.156680659959563054e+06 -7.658953757590578496e+07 4.050412648718026976e-01
1.000000000000000000e+00 3.119729235946618360e+02 2.059410243536435701e+02 -8.398275029509420274e+05 -6.125194209543678125e+13 1.029972978213388253e-05 4.615019435487498964e-06 1.232294159115722837e-06 -5.837259566247301506e-07 1.651662959516020237e+03 3.540235964504847566e+00 -2.771485099885648840e-01 -5.645959694300729109e-02 7.198028975881184399e-01 2.211933137478548102e+06 -6.413673562555279583e+07 -4.140264704350101188e-01
1.000000000000000000e+00 3.280570666182497348e+02 1.380178050276632575e+02 -8.443927810999696376e+05 -6.191967966777937500e+13 1.088962047947177126e-05 3.109712224232270766e-06 1.227250327946278742e-06 4.183351037565160491e-06 -1.071979133188250444e+03 -2.289873933196972189e+00 7.834475583076764282e-01 3.651587150397007236e-02 1.511342368587725415e+00 -1.440530426646426553e+06 1.819239067361864746e+08 2.686937405801013701e-01
1.000000000000000000e+00 3.362735419817152547e+02 6.672127866262383122e+01 -8.489580562228320632e+05 -6.259103675713075781e+13 1.122271069098116629e-05 1.511440890214857887e-06 1.213818065397012940e-06 -1.489737440251986772e-06 8.873595516939467132e+01 1.889054104194961003e-01 -9.986854316210650451e-01 -3.013673579378018351e-03 8.032924918822899329e-02 1.196509651752460486e+05 -2.326960603377547860e+08 -2.225115471535795905e-02
1.000000000000000000e+00 3.363226855048521315e+02 -6.260129850229442461e+00 -8.535233245511114364e+05 -6.326601279763674219e+13 1.128470969341642600e-05 -1.425736631675458815e-07 1.192771859124771685e-06 4.924859303550636983e-06 9.343536971928227786e+02 1.982351368414104531e+00 8.429382580551081361e-01 -3.161471222032123662e-02 -1.644748728051689701e+00 1.264163735757836839e+06 1.970749944410291314e+08 -2.342184096519619452e-01
1.000000000000000000e+00 3.281716851580150660e+02 -7.909066948925746487e+01 -8.580885820863072295e+05 -6.394460717719930469e+13 1.107011329206235395e-05 -1.810914506747209262e-06 1.165969255697022038e-06 -7.466414226178998321e-07 -1.616079771429906941e+03 -3.417131391605894741e+00 -3.741142604981205766e-01 5.449214577307953666e-02 -1.338566449692739413e+00 -2.193942576201385353e+06 -8.776279849544979632e+07 4.050756524319767404e-01
1.000000000000000000e+00 3.119934974515406338e+02 -1.500471977110072999e+02 -8.626538253281202633e+05 -6.462681934568514844e+13 1.058037182164224549e-05 -3.453862262200545412e-06 1.135800023831541109e-06 -5.046563157549200669e-07 1.700052306845213252e+03 3.582578304775078326e+00 -2.336572924641550364e-01 -5.713486938377127650e-02 5.857289798319087470e-01 2.315742264892190229e+06 -5.499852170141372830e+07 -4.261563327949938751e-01
1.000000000000000000e+00 2.880701941972040458e+02 -2.173749941475342951e+02 -8.672190505964249605e+05 -6.531264871477267188e+13 9.820779725607708122e-06 -5.030127179958416869e-06 1.104548095774678810e-06 3.868122870609000197e-06 -1.151149008395390638e+03 -2.417711128293507095e+00 7.546291348696940737e-01 3.855448726947600241e-02 1.534791563297675854e+00 -1.573330725027526263e+06 1.782238359553632736e+08 2.885381127054725825e-01
1.000000000000000000e+00 2.569602994233802633e+02 -2.793010874101245804e+02 -8.717842548751941649e+05 -6.600209478502492969e+13 8.806308304994201874e-06 -6.497139930600946815e-06 1.075095252379174319e-06 -1.486760254853958634e-06 1.696918939354397367e+02 3.552043884199297397e-01 -9.953430416519293278e-01 -5.665712395689098506e-03 2.300993470506269012e-01 2.327047332486147934e+05 -2.358634479532902539e+08 -4.254400883855765508e-02
1.000000000000000000e+00 2.194166139983756523e+02 -3.342939322472124104e+02 -8.763494357529879780e+05 -6.669515713946432812e+13 7.559022800650696301e-06 -7.817112784523434893e-06 1.050428401235522950e-06 5.258959562161737999e-06 8.815733645099862770e+02 1.839182881713472550e+00 8.665132361148234486e-01 -2.933150782375250343e-02 -1.570700784815047824e+00 1.212979189955724403e+06 2.060221092487675548e+08 -2.209881847366299557e-01
1.000000000000000000e+00 1.762803620552423638e+02 -3.809170177672770592e+02 -8.809145913469193038e+05 -6.739183543433603125e+13 6.104591007528321613e-06 -8.953745625023712840e-06 1.032511230891267060e-06 -8.119457703952669947e-07 -1.611405147224610573e+03 -3.350620727770301066e+00 -4.160704916698846345e-01 5.343151450312245976e-02 -1.441599551816543201e+00 -2.224567398393942043e+06 -9.925479024519297481e+07 4.039039256285528179e-01
1.000000000000000000e+00 1.286343224005079833e+02 -4.178542174502847502e+02 -8.854797202202390181e+05 -6.809212938852847656e+13 4.477693034399739686e-06 -9.872882806423574544e-06 1.022725796160198438e-06 -4.187114728110950479e-07 1.745936368680221904e+03 3.618326981803840159e+00 -1.887697596903157582e-01 -5.770498653890876462e-02 4.428214542392441833e-01 2.418301016851000488e+06 -4.518123604491056502e+07 -4.376581907019264084e-01
1.000000000000000000e+00 7.769578905913910205e+01 -4.441568308721286371e+02 -8.900448216322170338e+05 -6.879603882397119531e+13 2.718492846589669172e-06 -1.054845358476894675e-05 1.022054612038621974e-06 3.554988610697769045e-06 -1.231397363799447930e+03 -2.543555793041566648e+00 7.235190459753593206e-01 4.056132568470812577e-02 1.544692968614530315e+00 -1.711262039544216124e+06 1.737448751262845695e+08 3.086527938027099904e-01
1.000000000000000000e+00 2.469955609864295454e+01 -4.590834057702269888e+02 -8.946098956199429231e+05 -6.950356368110474219e+13 8.686437137539270829e-07 -1.095887227769087092e-05 1.030277206313169271e-06 -1.481794624938680140e-06 2.551270907121825076e+02 5.252523675803375536e-01 -9.897877893928128668e-01 -8.377542821311159682e-03 3.807830853868124366e-01 3.557185232211898547e+05 -2.384710884247208834e+08 -6.395968638318336175e-02
1.000000000000000000e+00 -2.896316035076777951e+01 -4.621217491489742883e+02 -8.991749429385495605e+05 -7.021470401262868750e+13 -1.023785513120421523e-06 -1.108769261119199033e-05 1.046226220347180877e-06 5.601255644262399463e-06 8.225322343827092482e+02 1.687864090824030772e+00 8.889078977847888474e-01 -2.691832882962143583e-02 -1.482114802616224969e+00 1.150614189446060918e+06 2.148707510494064093e+08 -2.061886088455849031e-01
1.000000000000000000e+00 -8.187333125038502146e+01 -4.532075185646823456e+02 -9.037399653480321867e+05 -7.092946003136992188e+13 -2.908739205169081766e-06 -1.092901864791022529e-05 1.068413540995029508e-06 -8.749597409730484253e-07 -1.601096410752476004e+03 -3.274762561277598127e+00 -4.584013472176153292e-01 5.222181951223518748e-02 -1.536372924985775157e+00 -2.247069459500238765e+06 -1.111702639224084914e+08 4.013199788110151656e-01
1.000000000000000000e+00 -1.327057218634788569e+02 -4.325342968141004008e+02 -9.083049649454241153e+05 -7.164783200890931250e+13 -4.738492220782648042e-06 -1.048317439016568845e-05 1.094525803333978067e-06 -3.242271714747078035e-07 1.789017011795988765e+03 3.647197134363703519e+00 -1.420683534800600556e-01 -5.816540532622405807e-02 2.903524703695624098e-01 2.519016710971894208e+06 -3.456667955548147857e+07 -4.484573095267628817e-01
1.000000000000000000e+00 -1.800965220088893943e+02 -4.005570292288483643e+02 -9.128699501065537333e+05 -7.236982121901001562e+13 -6.462983872724306916e-06 -9.756944651977339649e-06 1.121484345251795413e-06 3.244010172399431764e-06 -1.312755114948456367e+03 -2.667568240496292820e+00 6.898419647210484174e-01 4.253894338562087818e-02 1.539859823255450788e+00 -1.854441962698944379e+06 1.683925505663738251e+08 3.290455330999723094e-01
1.000000000000000000e+00 -2.227806128171657178e+02 -3.581723944772724622e+02 -9.174349128602740820e+05 -7.309542635715185938e+13 -8.034733797480374419e-06 -8.768149502702042250e-06 1.146582134687005288e-06 -1.474646712860267702e-06 3.451703007884914314e+02 6.991282968725200941e-01 -9.818345018212296660e-01 -1.115042420011495491e-02 5.312151117605018458e-01 4.891829453739000601e+05 -2.404473051190480888e+08 -8.653046582878863580e-02
1.000000000000000000e+00 -2.597030731455184309e+02 -3.064899339324735479e+02 -9.219998628432492260e+05 -7.382464891325360938e+13 -9.412972293901506160e-06 -7.540282978310133830e-06 1.167459552385000472e-06 5.946682622747523541e-06 7.570974770297067380e+02 1.528521158698898486e+00 9.098942986580151882e-01 -2.437718785299066923e-02 -1.378820477014643942e+00 1.076449075112540973e+06 2.235508738959036469e+08 -1.897863920114613856e-01
1.000000000000000000e+00 -2.898795005780237375e+02 -2.468139392080272216e+02 -9.265648042377122911e+05 -7.455748952999828125e+13 -1.055874104773460430e-05 -6.102194634626963211e-06 1.181843577460845062e-06 -9.352776969016097695e-07 -1.584890551047139979e+03 -3.189478319340693258e+00 -5.007359350499454020e-01 5.086180743893316952e-02 -1.620631090284004427e+00 -2.260685995676592924e+06 -1.234222516994514912e+08 3.972578839204636836e-01
1.000000000000000000e+00 -3.125262559201670456e+02 -1.807901324522846664e+02 -9.311297415447725216e+05 -7.529394891490342188e+13 -1.143972390731818066e-05 -4.491852580148792845e-06 1.188562540182786745e-06 -2.211519618715358483e-07 1.828660364033236192e+03 3.668247644067915481e+00 -9.402307769055615050e-02 -5.850111673878504587e-02 1.306107646489978180e-01 2.616789581978093833e+06 -2.324951788365029544e+07 -4.583947944379961337e-01
1.000000000000000000e+00 -3.271460637495123365e+02 -1.101456887407180290e+02 -9.356946791352914879e+05 -7.603402776859425000e+13 -1.203357569579100585e-05 -2.750060419849390062e-06 1.187423620766642721e-06 2.940575048678257789e-06 -1.394130319617353734e+03 -2.787652598799623238e+00 6.539364613304262663e-01 4.445391783963413557e-02 1.519287837152012210e+00 -2.001379468842221657e+06 1.622203592711741626e+08 3.494426292170045856e-01
1.000000000000000000e+00 -3.333707550219803011e+02 -3.666273107766331663e+01 -9.402596212727819802e+05 -7.677772678802673438e+13 -1.232236644686835997e-05 -9.198418655685011963e-07 1.178422892825240955e-06 -1.465263868456897600e-06 4.384095904222590434e+02 8.738350123267768499e-01 -9.714717908082085573e-01 -1.393655953471724558e-02 6.775063633583849887e-01 6.313817087230683537e+05 -2.417607991318803430e+08 -1.099024287356438617e-01
1.000000000000000000e+00 -3.310748652061231496e+02 3.769090600489636955e+01 -9.448245724520417862e+05 -7.752504672163356250e+13 -1.229691654621469791e-05 9.502291071089884136e-07 1.162647308976968622e-06 6.283355733386580004e-06 6.865407750638410107e+02 1.364062454548307768e+00 9.289496590549399802e-01 -2.175446698583173230e-02 -1.262896655443176641e+00 9.918814372516496805e+05 2.319152698138136268e+08 -1.721003086322726305e-01
1.000000000000000000e+00 -3.204304771917944095e+02 1.110332087469806908e+02 -9.493895366748770466e+05 -7.827598825080973438e+13 -1.195906131884148918e-05 2.812793853963021858e-06 1.142410183391896362e-06 -9.917686781782160116e-07 -1.563336330033721424e+03 -3.096301475950225868e+00 -5.421016602940206264e-01 4.937593193068760128e-02 -1.691385383254087715e+00 -2.265807171852797735e+06 -1.357672440064422488e+08 3.918551870131450343e-01
1.000000000000000000e+00 -3.017308769618101110e+02 1.815816021413623673e+02 -9.539545173537660157e+05 -7.903055197199596875e+13 -1.131530485306392603e-05 4.622107961542310882e-06 1.119999578472328046e-06 -1.110399904198776702e-07 1.864290925442104708e+03 3.680711286225613499e+00 -4.575596044471520046e-02 -5.869988505940699347e-02 -3.166266263496617800e-02 2.710547138052869122e+06 -1.149568070647354610e+07 -4.673263831672844759e-01
1.000000000000000000e+00 -2.754899764566054614e+02 2.475206616117189924e+02 -9.585195177269332344e+05 -7.978873846344573438e+13 -1.038067507996753218e-05 6.330718322518965632e-06 1.097819587156235760e-06 2.652604340071221802e-06 -1.473816543601656576e+03 -2.900634858970005503e+00 6.166831221092400339e-01 4.625563374000274397e-02 1.483322956927125125e+00 -2.149587551594863180e+06 1.554237960251097977e+08 3.694163563550147411e-01
1.000000000000000000e+00 -2.424724288984014322e+02 3.072662453131736129e+02 -9.630845401531166863e+05 -8.055054816656556250e+13 -9.180061897436468191e-06 7.896230869784924206e-06 1.078595278774364674e-06 -1.453821608926737676e-06 5.325583106533655382e+02 1.044846904054225423e+00 -9.589521117527717298e-01 -1.666377652845122542e-02 8.148137921471576561e-01 7.791893686483587371e+05 -2.424468299885554016e+08 -1.335023930315756280e-01
1.000000000000000000e+00 -2.035050119105160604e+02 3.594508995002477150e+02 -9.676495866806985578e+05 -8.131598147808198438e+13 -7.741267237504389012e-06 9.281074588927766726e-06 1.064365989759980727e-06 6.597390949628759147e-06 6.129065190090392434e+02 1.198725814612582985e+00 9.455992306433285144e-01 -1.911774976114891111e-02 -1.138194501030101335e+00 8.995596550240368815e+05 2.398206506559644639e+08 -1.536428225062660136e-01
1.000000000000000000e+00 -1.595709918667609202e+02 4.027823731620140961e+02 -9.722146589083254803e+05 -8.208503872527512500e+13 -6.098667338337868361e-06 1.044896306897382499e-05 1.056549972164176769e-06 -1.043453463960793395e-06 -1.537503299886298919e+03 -2.997685274442510206e+00 -5.814956295170307099e-01 4.780331414031116499e-02 -1.746677269480995109e+00 -2.263640338442225475e+06 -1.479386192714845836e+08 3.853799731594215183e-01
1.000000000000000000e+00 -1.118257195334127942e+02 4.362914652852505810e+02 -9.767797574203768745e+05 -8.285772006842031250e+13 -4.293952018491699344e-06 1.137140011711878577e-05 1.056450214317270797e-06 3.999890286116739587e-09 1.895692010583466526e+03 3.684565904599554020e+00 1.596880894976884877e-03 -5.876135693340591576e-02 -1.915075149747421934e-01 2.799694063624912873e+06 4.075295077035493450e+05 -4.751977585896204892e-01
1.000000000000000000e+00 -6.140436335893691222e+01 4.592852190835064334e+02 -9.813448821738418192e+05 -8.363402556270945312e+13 -2.368861829485998509e-06 1.202665086921516580e-05 1.064400764897899546e-06 2.385270062711675690e-06 -1.550551653257216685e+03 -3.004398548642632338e+00 5.789378757829629629e-01 4.791034037803099110e-02 1.433625055351283484e+00 -2.297080839204771910e+06 1.482059850539427996e+08 3.886503566420014266e-01
1.000000000000000000e+00 -9.519738553542413939e+00 4.711978198572298311e+02 -9.859100327660931507e+05 -8.441395520161735938e+13 -3.689615775211130850e-07 1.239598754620593395e-05 1.079510181915481234e-06 -1.440588228006784617e-06 6.259167278066315703e+02 1.209051438689726199e+00 -9.446313827371963789e-01 -1.928243751676255238e-02 9.400371387840781301e-01 9.301429195893422002e+05 -2.425711984997581840e+08 -1.569042924019413421e-01
1.000000000000000000e+00 4.252895000392673097e+01 4.718223590399341560e+02 -9.904752081370159285e+05 -8.519750886423228125e+13 1.655949564224497091e-06 1.246989222489691089e-05 1.100541082020425393e-06 6.879414324061689006e-06 5.376571111871231778e+02 1.035367819127419153e+00 9.597081408420499171e-01 -1.651259162785534418e-02 -1.008189819025284484e+00 8.014519172755746404e+05 2.472037159977837503e+08 -1.347805095551644905e-01
1.000000000000000000e+00 9.354592333540182381e+01 4.612351319371339855e+02 -9.950404065641417401e+05 -8.598468631180820312e+13 3.659185430475621630e-06 1.224626546416050686e-05 1.125741647971133716e-06 -1.090218266242006988e-06 -1.508187813923077556e+03 -2.895408548408523686e+00 -6.184899732576165654e-01 4.617232064643041894e-02 -1.786418636406251537e+00 -2.255082051907526329e+06 -1.598024092342213690e+08 3.780318497667025102e-01
1.000000000000000000e+00 1.423331857675492245e+02 4.396431909984936510e+02 -9.996056261508221505e+05 -8.677548726989521875e+13 5.593114331261952848e-06 1.172653262028316358e-05 1.152516592025109258e-06 1.229790312621199428e-07 1.922965256619120510e+03 3.680400689784442125e+00 4.756464783990646539e-02 -5.869492876448784147e-02 -3.462656177937317725e-01 2.884092052698680665e+06 1.232723581587117724e+07 -4.820343984150330940e-01
1.000000000000000000e+00 1.876856866172549871e+02 4.076038693268948805e+02 -1.004170863905697362e+06 -8.756991126709692188e+13 7.408966050773081896e-06 1.092160554177096627e-05 1.178400109022583052e-06 2.138680640287557127e-06 -1.624036692938467695e+03 -3.098794696106832891e+00 5.410513580766143082e-01 4.941566258545525281e-02 1.371973892915189230e+00 -2.443206733474207111e+06 1.406522257150889933e+08 4.070696984210154246e-01
1.000000000000000000e+00 2.285754061466067810e+02 3.659251545254648477e+02 -1.008736116808721912e+06 -8.836795781750346875e+13 9.064125412580250208e-06 9.849414357486570003e-06 1.201272140498107667e-06 -1.425703979250717619e-06 7.181673328773835010e+02 1.366154919052911643e+00 -9.287240934022436001e-01 -2.178785817595864718e-02 1.052701376257677790e+00 1.083709021920991130e+06 -2.421684113872382939e+08 -1.800285352188047694e-01
1.000000000000000000e+00 2.640366240325051308e+02 3.155121319321638111e+02 -1.013301381665706169e+06 -8.916962639497739062e+13 1.051772087777475852e-05 8.530908243424094436e-06 1.218669527760414482e-06 7.126238061797254891e-06 4.609073281431722080e+02 8.741163957756497016e-01 9.714521618214518872e-01 -1.394103253935398065e-02 -8.743413184036900043e-01 6.976206154274420114e+05 2.540802160246490538e+08 -1.155421405651032435e-01
1.000000000000000000e+00 2.931648730881126426e+02 2.575772516434612953e+02 -1.017866654801283847e+06 -8.997491637818237500e+13 1.173063857884210400e-05 6.995825447687725199e-06 1.228570148688898358e-06 -1.132770270214225563e-06 -1.475365524651969736e+03 -2.789591576553653862e+00 -6.533279267895555353e-01 4.448486934325373426e-02 -1.811622466965010503e+00 -2.239855413838414010e+06 -1.713938817119360268e+08 3.698047118817280321e-01
1.000000000000000000e+00 3.152930044051773848e+02 1.935199145814721930e+02 -1.022431932319148094e+06 -9.078382709488940625e+13 1.267265392124720387e-05 5.279595393135988537e-06 1.230110836559872483e-06 2.468618863657596137e-07 1.946219460878700147e+03 3.668783702545381775e+00 9.247362401364993267e-02 -5.850965998439409260e-02 -4.961110000896014616e-01 2.963622337951178662e+06 2.433283239195404574e+07 -4.878635752690651528e-01
1.000000000000000000e+00 3.298666519930856111e+02 1.247711561717458721e+02 -1.026997210227603326e+06 -9.159635784349623438e+13 1.331761671439250876e-05 3.419196309528149894e-06 1.222846387314024751e-06 1.908805281354758401e-06 -1.694792282363651566e+03 -3.185224326006492301e+00 5.027266995409086503e-01 5.079394270290132213e-02 1.299062394377557883e+00 -2.588536406227873173e+06 1.326824520409907252e+08 4.248048803424543385e-01
1.000000000000000000e+00 3.364466577889497216e+02 5.299552053230343773e+01 -1.031562484335270245e+06 -9.241250787396271875e+13 1.364365072451792496e-05 1.458731208371356212e-06 1.207066720445870978e-06 -1.409029998690647958e-06 8.103020417306704530e+02 1.518335161271092248e+00 -9.111505832129198623e-01 -2.421476893172643322e-02 1.154134070117531774e+00 1.241330890457036439e+06 -2.411984570840146244e+08 -2.031237590010288030e-01
1.000000000000000000e+00 3.348740013952231038e+02 -2.004907017828233506e+01 -1.036127750762869138e+06 -9.323227647912114062e+13 1.363997493681394063e-05 -5.543041299905300460e-07 1.184331704763961731e-06 7.338218499283616888e-06 3.814516279566357753e+02 7.126253344613090457e-01 9.811185059703589895e-01 -1.136565619575392351e-02 -7.358124802557288735e-01 5.861098681622778531e+05 2.604982238267248869e+08 -9.562552907510334099e-02
1.000000000000000000e+00 3.251331960360845983e+02 -9.266933140153248871e+01 -1.040693005761610228e+06 -9.405566296308657812e+13 1.330156631818191456e-05 -2.573352250572761568e-06 1.156405036228880911e-06 -1.172210028566025672e-06 -1.438106063601889218e+03 -2.678660342956208584e+00 -6.866698485376618866e-01 4.271585935054077188e-02 -1.823162829999564138e+00 -2.216284620366933290e+06 -1.828632067856054902e+08 3.604653550115021199e-01
1.000000000000000000e+00 3.073554198249181582e+02 -1.630427383087450721e+02 -1.045258245677608531e+06 -9.488266663531390625e+13 1.262941729223704915e-05 -4.547425949589688958e-06 1.125258715760311494e-06 3.784493691200472182e-07 1.965288397820515911e+03 3.649739107018294071e+00 1.371795145417157025e-01 -5.820593598700118942e-02 -6.430180822905271487e-01 3.037750531031260267e+06 3.664028262489879131e+07 -4.926436212221481648e-01
1.000000000000000000e+00 2.819676506516311179e+02 -2.293759377749003079e+02 -1.049823466927624540e+06 -9.571328680655065625e+13 1.163682216293555958e-05 -6.425467131419090752e-06 1.093867522993854195e-06 1.690039608120755365e-06 -1.763638094515541525e+03 -3.265559751284712320e+00 4.632122951327340421e-01 5.207503851793737759e-02 1.214120894149783192e+00 -2.734151991387395654e+06 1.240900612396265566e+08 4.420613594051489570e-01
1.000000000000000000e+00 2.495398617896534574e+02 -2.900623532164355538e+02 -1.054388666768880095e+06 -9.654752293009715625e+13 1.034330889044066676e-05 -8.160798748920585031e-06 1.065211685339504270e-06 -1.390147461964031853e-06 9.039369345570009955e+02 1.668794036892146337e+00 -8.915570612052912125e-01 -2.661423171432298132e-02 1.245902222275583338e+00 1.405513011689631501e+06 -2.395463847027909160e+08 -2.265950605195761747e-01
1.000000000000000000e+00 2.107835522187268680e+02 -3.434927143301227943e+02 -1.058953842704980867e+06 -9.738537449587151562e+13 8.774706217853569531e-06 -9.705884821638898741e-06 1.041582890805193426e-06 7.514986899889896265e-06 2.974272237055413370e+02 5.474765948018900374e-01 9.888992982595327108e-01 -8.731953598764592359e-03 -5.905039905491704655e-01 4.638282786035516183e+05 2.664847204181025028e+08 -7.456374292530167092e-02
1.000000000000000000e+00 1.666803386750977154e+02 -3.882260404644501364e+02 -1.063518993003126699e+06 -9.822684112692576562e+13 6.968646901969233818e-06 -1.101718102768788567e-05 1.025144279584414978e-06 -1.209513897249224976e-06 -1.394972669745124904e+03 -2.560203807649297669e+00 -7.191822826106248900e-01 4.082684168307858935e-02 -1.820941468789394335e+00 -2.181816414792917669e+06 -1.943726804617014527e+08 3.496536430148698971e-01
1.000000000000000000e+00 1.183093226203273787e+02 -4.231359686422908908e+02 -1.068084116520951269e+06 -9.907192255034982812e+13 4.967561581891248026e-06 -1.205940758053046547e-05 1.017431922727486274e-06 5.213533795067061949e-07 1.979656019810724956e+03 3.622649529041326755e+00 1.825648669960903969e-01 -5.777391096493411649e-02 -7.888776026270433173e-01 3.105378166177560575e+06 4.948638203033045679e+07 -4.962451778894427235e-01
1.000000000000000000e+00 6.683649760104491122e+01 -4.472157665504510078e+02 -1.072649212411276065e+06 -9.992061854460617188e+13 2.818319574764598262e-06 -1.280015996650112810e-05 1.018728436328614593e-06 1.478075150821298333e-06 -1.831081426999787254e+03 -3.340994129291240178e+00 4.217348729971630572e-01 5.327797733953341247e-02 1.115614621228961267e+00 -2.880719341187179554e+06 1.146506557786964029e+08 4.589662936238224078e-01
1.000000000000000000e+00 1.362195964022060046e+01 -4.597493990798909067e+02 -1.077214280923987972e+06 -1.007729290907307188e+14 5.768468516873317068e-07 -1.321489891371778003e-05 1.028740382481556807e-06 -1.368530777216034323e-06 1.000297316574852516e+03 1.819836327335566217e+00 -8.695178057289965068e-01 -2.902300227581100511e-02 1.328339855078454868e+00 1.578291520897265989e+06 -2.370720403858189285e+08 -2.507495844145664066e-01
1.000000000000000000e+00 -3.997094494394401920e+01 -4.604291556129619494e+02 -1.081779323158310493e+06 -1.016288543301358594e+14 -1.699816054537096197e-06 -1.329052282092524822e-05 1.046629301939751028e-06 7.652208144140062066e-06 2.074197414193783118e+02 3.762635653818174886e-01 9.947718750291337786e-01 -6.001545809639590237e-03 -4.370116202472527078e-01 3.282232613834135700e+05 2.720110232701125741e+08 -5.200225406422132740e-02
1.000000000000000000e+00 -9.259323104850953712e+01 -4.491405831605771368e+02 -1.086344340860000346e+06 -1.024883945297117656e+14 -3.954263268417800420e-06 -1.301938223595553560e-05 1.070328708301007876e-06 -1.245097722713422123e-06 -1.344835025831033818e+03 -2.432504204278903792e+00 -7.511206368712179948e-01 3.879042273912339245e-02 -1.803925089688578787e+00 -2.134252356845294591e+06 -2.059824362601292431e+08 3.370862498320812972e-01
1.000000000000000000e+00 -1.428171964438402881e+02 -4.261182935564763170e+02 -1.090909336154159158e+06 -1.033515500337630156e+14 -6.124744792582260456e-06 -1.240393296416107569e-05 1.097175521720960444e-06 6.781998354454342536e-07 1.988675776501751443e+03 3.586697237709203900e+00 2.289591918893629230e-01 -5.720054389102294939e-02 -9.335128863275165001e-01 3.165152176149026956e+06 6.296981727942402661e+07 -4.985061740361603766e-01
1.000000000000000000e+00 -1.893352762697868741e+02 -3.920199208341477970e+02 -1.095474312025420135e+06 -1.042183213568780781e+14 -8.153659496528779793e-06 -1.145911050635881406e-05 1.124613761393152507e-06 1.272126859330918605e-06 -1.896857730443367018e+03 -3.411263402180836124e+00 3.780399674515063646e-01 5.439854848295365419e-02 1.002839743422279550e+00 -3.027719296035170089e+06 1.042707038374695331e+08 4.754533739546062954e-01
1.000000000000000000e+00 -2.309728716722248123e+02 -3.476809635154654643e+02 -1.100039271844096249e+06 -1.050887090968007969e+14 -9.988217688030514506e-06 -1.020539162727847136e-05 1.149769859018057918e-06 -1.343861205070671924e-06 1.099254567788430222e+03 1.971206532906102371e+00 -8.448622901119506867e-01 -3.143700601530610012e-02 1.399896320863875943e+00 1.759647893799883313e+06 -2.336991642653865516e+08 -2.755550914049421651e-01
1.000000000000000000e+00 -2.665951193093830511e+02 -2.942475734202386661e+02 -1.104604219731414458e+06 -1.059627140060318125e+14 -1.157651202960880022e-05 -8.672816561850287711e-06 1.169934188640048952e-06 7.741871847284661928e-06 1.115703431526014953e+02 1.994984592637991661e-01 9.985326410769792549e-01 -3.182601797979792233e-03 -2.766103582392037685e-01 1.791097953383295971e+05 2.769979615479791164e+08 -2.797645276459217317e-02
1.000000000000000000e+00 -2.952983525145236854e+02 -2.332063666516157525e+02 -1.109169160087698372e+06 -1.068403369039102031e+14 -1.287590147606828917e-05 -6.902060491008472334e-06 1.183543742629065791e-06 -1.278667581395711519e-06 -1.287746558979280735e+03 -2.296051639602627148e+00 -7.821159084683004803e-01 3.661441764360011397e-02 -1.771146237251335132e+00 -2.073196613172214944e+06 -2.175829949814010262e+08 3.227765612183302602e-01
1.000000000000000000e+00 -3.164020927143377548e+02 -1.661135778177382178e+02 -1.113734097091561183e+06 -1.077215785808424531e+14 -1.385286807364854568e-05 -4.936591839349034355e-06 1.189575989369269569e-06 8.489085952951095428e-07 1.992010258691829904e+03 3.541659692133932502e+00 2.758090694624825701e-01 -5.648228588201842371e-02 -1.073850719357653638e+00 3.216160091186739504e+06 7.694818297822444141e+07 -4.993420322687108781e-01
1.000000000000000000e+00 -3.293426443345368284e+02 -9.471230220405253419e+01 -1.118299035177103709e+06 -1.086064398901122656e+14 -1.447853944135836755e-05 -2.826213172738119405e-06 1.187308558817954060e-06 1.075111517937456938e-06 -1.959956836029521810e+03 -3.474795714493021492e+00 3.327048175102780836e-01 5.541168607416491892e-02 8.774352696336068513e-01 -3.173401939164545387e+06 9.308536442351306975e+07 4.912693989272857165e-01
1.000000000000000000e+00 -3.338461602429590016e+02 -2.093466281279184216e+01 -1.122863978762282524e+06 -1.094949216959175312e+14 -1.473643288992975613e-05 -6.272399232720151902e-07 1.177351496531135998e-06 -1.316284393513757490e-06 1.199136769176953749e+03 2.119934724186987474e+00 -8.179079623573124458e-01 -3.380887934785369031e-02 1.457944584065623772e+00 1.947046382080350304e+06 -2.294857650683635473e+08 -3.005924856506502207e-01
1.000000000000000000e+00 -3.298900906284147254e+02 5.337690558575378219e+01 -1.127428932254686719e+06 -1.103870248744375156e+14 -1.462100686181384246e-05 1.605769265376168542e-06 1.161278047022014270e-06 7.776858600850176909e-06 1.178673543205352381e+01 2.077886243441384381e-02 9.999835603491112890e-01 -3.324940285556238673e-04 -1.135933515449660119e-01 1.919228343782060983e+04 2.813647660353458524e+08 -2.964536068486052153e-03
1.000000000000000000e+00 -3.175804233951656670e+02 1.263498974659997458e+02 -1.131993899462367175e+06 -1.112827501979527500e+14 -1.413242355239034951e-05 3.816449788910502162e-06 1.140873997154094528e-06 -1.309537101119314045e-06 -1.225132332103795306e+03 -2.153719512226524024e+00 -8.113899147862884131e-01 3.434464790359744585e-02 -1.722950714540421258e+00 -2.000498388958247844e+06 -2.289436213603968024e+08 3.070817731915366777e-01
1.000000000000000000e+00 -2.973060653976112349e+02 1.960853843687167171e+02 -1.136558883938218933e+06 -1.121820984004517812e+14 -1.328356195166121076e-05 5.946723386021596041e-06 1.118688621970126628e-06 1.030635215235937510e-06 1.989927215144615957e+03 3.488387057400184066e+00 3.219584068708018498e-01 -5.563269556761016310e-02 -1.205291365746390619e+00 3.258450011413279455e+06 9.109979065632076561e+07 -4.988198719610633658e-01
1.000000000000000000e+00 -2.696716546085474420e+02 2.609253582803330573e+02 -1.141123888459879206e+06 -1.130850700735357656e+14 -1.209725769402005970e-05 7.944922374452695915e-06 1.097529077654482872e-06 8.911840635447651487e-07 -2.019222311198936040e+03 -3.529850803477392329e+00 2.868612324107586153e-01 5.628963871173323086e-02 7.432527682508124345e-01 -3.315685034687666222e+06 8.139631257171636820e+07 5.061245058462173763e-01
1.000000000000000000e+00 -2.353652183696922862e+02 3.193141542494937539e+02 -1.145688915430103661e+06 -1.139916657430168594e+14 -1.060053613619588419e-05 9.761699941595552001e-06 1.079469400642971022e-06 -1.286336930951575021e-06 1.297688294502415374e+03 2.262198571329079755e+00 -7.893372016011585002e-01 -3.607766454551504520e-02 1.500535183854133203e+00 2.136837007610526402e+06 -2.245987418817273080e+08 -3.252963516212907802e-01
1.000000000000000000e+00 -1.953014175231659522e+02 3.697946070249402624e+02 -1.150253967100570444e+06 -1.149018859121447969e+14 -8.831164415496636192e-06 1.134997450003687473e-05 1.066481725736976436e-06 7.755802336930571925e-06 -8.938037841869551414e+01 -1.553796056246981583e-01 9.991099333262987159e-01 2.476765275577742613e-03 4.678538014727650490e-02 -1.475882248568524956e+05 2.850798588838986158e+08 2.239412744788642912e-02
1.000000000000000000e+00 -1.505350918029317597e+02 4.112537489139497211e+02 -1.154819044519487768e+06 -1.158157308499212812e+14 -6.833929972678880603e-06 1.267256069873265381e-05 1.060468526119775984e-06 -1.337195450785198584e-06 -1.158915831247098822e+03 -2.009086138548660472e+00 -8.382715622988882176e-01 3.203817663157974838e-02 -1.661184741650262975e+00 -1.918962905643167440e+06 -2.398518958768817186e+08 2.904840173509292134e-01
1.000000000000000000e+00 -1.021291632742060074e+02 4.427582425386322598e+02 -1.159384148252832005e+06 -1.167332007315654219e+14 -4.654745782730969038e-06 1.369728795245668845e-05 1.062185752157905953e-06 1.219846607332563698e-06 1.983095313897649021e+03 3.428375747319819311e+00 3.663775385328199019e-01 -5.467563790430494258e-02 -1.324261091829543435e+00 3.292760234740279149e+06 1.051209068437359333e+08 -4.971073117398820962e-01
1.000000000000000000e+00 -5.129487190258304707e+01 4.635419145984433271e+02 -1.163949278224173700e+06 -1.176542956042202188e+14 -2.347074311106976059e-06 1.439672265718570358e-05 1.071498455823728781e-06 7.226424834219201590e-07 -2.074000620514985258e+03 -3.575651484226578081e+00 2.414962913198383243e-01 5.702001300269724654e-02 6.043942932233075105e-01 -3.453217459642313886e+06 6.948151027425307035e+07 5.198548852979882895e-01
1.000000000000000000e+00 7.043901678786356202e-01 4.732291057500796683e+02 -1.168514433836691547e+06 -1.185790154091697344e+14 3.235684747635410171e-08 1.475523402295976514e-05 1.087911602820676399e-06 -1.254547515524174805e-06 1.393395843230390938e+03 2.395662177009378002e+00 -7.597781742342769595e-01 -3.820610881806323772e-02 1.527415204401222804e+00 2.326402152145985514e+06 -2.192001424826306105e+08 -3.492873488064993093e-01
1.000000000000000000e+00 5.267797148121506723e+01 4.716447283574349285e+02 -1.173079613921612501e+06 -1.195073599692703125e+14 2.429267642992438769e-06 1.476328640216537490e-05 1.109919764749636301e-06 7.683125406589046420e-06 -1.902745896413953517e+02 -3.262420214337816704e-01 9.960720110548361150e-01 5.201561707780743248e-03 2.009983044934207375e-01 -3.185539792885475326e+05 2.881620038893666863e+08 4.768433941564143019e-02
1.000000000000000000e+00 1.033662941594911615e+02 4.587985273988650761e+02 -1.177644816925356165e+06 -1.204393290249621562e+14 4.785332359540982914e-06 1.441706687753239961e-05 1.135210545014213825e-06 -1.361636734424525363e-06 -1.090295151046156889e+03 -1.864294345415384191e+00 -8.625583547942650142e-01 2.972917545321275556e-02 -1.588042192035574063e+00 -1.830353714238129091e+06 -2.502206618652697802e+08 2.732836030346342815e-01
1.000000000000000000e+00 1.515408680649642861e+02 4.350895427579881698e+02 -1.182210040289651137e+06 -1.213749221054593750e+14 7.042765842365401660e-06 1.372504766858149786e-05 1.161661102974334973e-06 1.414880814712271768e-06 1.972026217561732892e+03 3.362773543096897910e+00 4.087165791864583730e-01 -5.362941782745255653e-02 -1.429647518833455422e+00 3.319625507511683274e+06 1.188891991061564535e+08 -4.943326130480753533e-01
1.000000000000000000e+00 1.961190570223713223e+02 4.010943347149222973e+02 -1.186775281214201823e+06 -1.223141386819742344e+14 9.149705665287186887e-06 1.270151696446396948e-05 1.186954194391134078e-06 5.686915583879866502e-07 -2.124286126235864685e+03 -3.612565319807327757e+00 1.969199867970979623e-01 5.760867057741601155e-02 4.631613038259553838e-01 -3.585681107479717117e+06 5.743705795808181167e+07 5.324591257309699843e-01
1.000000000000000000e+00 2.360197340807680462e+02 3.575529381391448851e+02 -1.191340536861912115e+06 -1.232569782092226094e+14 1.105358286398847445e-05 1.136624055933246294e-05 1.208355366111127997e-06 -1.221032203007959853e-06 1.486112671026037560e+03 2.520434391000228480e+00 -7.294388768956220348e-01 -4.019594750063197608e-02 1.539533060873716330e+00 2.515297871505409945e+06 -2.133390370663270652e+08 -3.725286888168701793e-01
1.000000000000000000e+00 2.702648480598088554e+02 3.055571263522806476e+02 -1.195905803673363291e+06 -1.242034399828852031e+14 1.270589820477110367e-05 9.750569075096355106e-06 1.223760338647744468e-06 7.564814363586090563e-06 -2.909052291366847385e+02 -4.920387891609190878e-01 9.910432534338629029e-01 7.845570045063558415e-03 3.483963205230078408e-01 -4.937021979851952055e+05 2.906363162674716711e+08 7.290844100495652569e-02
1.000000000000000000e+00 2.980830625607844695e+02 2.463198801769906936e+02 -1.200471078015926061e+06 -1.251535232720883750e+14 1.406720563862967083e-05 7.890267712286831882e-06 1.231662392509583439e-06 -1.383288409860541369e-06 -1.019079855326431357e+03 -1.719029605919508930e+00 -8.845033683770882060e-01 2.741262858271217157e-02 -1.504680798040344714e+00 -1.734180997516156640e+06 -2.600934621112256944e+08 2.554327944627229896e-01
1.000000000000000000e+00 3.187620918957096023e+02 1.811644868908494743e+02 -1.205036356028645067e+06 -1.261072272866480156e+14 1.510030269874389771e-05 5.825239569000208800e-06 1.230763815109321738e-06 1.617266162924456870e-06 1.956610312042733085e+03 3.291622036395901230e+00 4.493608380176339345e-01 -5.249469881199513022e-02 -1.522367352053014544e+00 3.338566728598683141e+06 1.324935332828424722e+08 -4.904683006451164839e-01
1.000000000000000000e+00 3.317509110040872429e+02 1.116967875878673624e+02 -1.209601633395588258e+06 -1.270645511285466406e+14 1.577514369443854057e-05 3.605152333821106544e-06 1.220944199911909912e-06 4.262070449994881577e-07 -2.170410577720174842e+03 -3.641506964751615172e+00 1.526919323077029211e-01 5.807019737500009049e-02 3.193523086551326440e-01 -3.713333842772652395e+06 4.514211757889927924e+07 5.440203826459214520e-01
1.000000000000000000e+00 3.367506020124644692e+02 3.955797719383011213e+01 -1.214166906255347654e+06 -1.280254939819306719e+14 1.607332060294707675e-05 1.281601597099214992e-06 1.203212687175176729e-06 -1.185327828115267257e-06 1.576810007115337612e+03 2.638489467642088471e+00 -6.980114632117323525e-01 -4.207866507337678502e-02 1.537834867056315113e+00 2.704984096281522419e+06 -2.069148410138489604e+08 -3.952638255366288655e-01
1.000000000000000000e+00 3.335609752962863581e+02 -3.358435751347654730e+01 -1.218732170830585295e+06 -1.289900550364948750e+14 1.598094090220428327e-05 -1.092159059348934516e-06 1.178656192113262226e-06 7.404364323805424216e-06 -3.927341227920523465e+02 -6.554121580890323040e-01 9.840523815109959438e-01 1.045092730905914681e-02 4.905452612416603686e-01 -6.755291993744341889e+05 2.924875900121312141e+08 9.843285710381728670e-02
1.000000000000000000e+00 3.221816126552803325e+02 -1.058808095067397517e+02 -1.223297423141499283e+06 -1.299582334269356719e+14 1.549357529513198980e-05 -3.456128542824832873e-06 1.149014300316720572e-06 -1.402736004709272233e-06 -9.438102694045934413e+02 -1.570881801688156276e+00 -9.045688803065020656e-01 2.505010158060865313e-02 -1.410628921283456849e+00 -1.627748239949362120e+06 -2.695801538267405629e+08 2.365657097063003367e-01
1.000000000000000000e+00 3.028860728688540007e+02 -1.755611885753547199e+02 -1.227862659519649809e+06 -1.309300283417290938e+14 1.462001882114852657e-05 -5.752000001078098608e-06 1.117053739526917039e-06 1.831394036098739814e-06 1.936012576979386949e+03 3.213756855336408869e+00 4.891187183911595016e-01 -5.125291176014150352e-02 -1.603949299488429014e+00 3.347839880407847464e+06 1.461552855469856262e+08 -4.853050609701622387e-01
1.000000000000000000e+00 2.760580068866289594e+02 -2.409416140544972222e+02 -1.232427876774720149e+06 -1.319054390600623750e+14 1.337459674234971541e-05 -7.923442330788320274e-06 1.085480869122947446e-06 2.913587936848235426e-07 -2.212616816674796155e+03 -3.663195906869793905e+00 1.079177860845217107e-01 5.841606702383574101e-02 1.710157633535919208e-01 -3.836309333457849454e+06 3.233286395964680240e+07 5.545995262972132078e-01
1.000000000000000000e+00 2.422873349145013719e+02 -3.002838364701714795e+02 -1.236993071987404488e+06 -1.328844649092308594e+14 1.178194023177384480e-05 -9.911509370816426042e-06 1.056919092876372692e-06 -1.146508199574388651e-06 1.666840560445325082e+03 2.752327683581039519e+00 -6.648434442000331623e-01 -4.389413509851805562e-02 1.522363438619686260e+00 2.897672688161606900e+06 -1.997185463083568811e+08 -4.178318397497443049e-01
1.000000000000000000e+00 2.024224522397336159e+02 -3.520635486596883084e+02 -1.241558242994318949e+06 -1.338671053702810156e+14 9.879719502169832066e-06 -1.166349567354851491e-05 1.034154182053356096e-06 7.201843407918618916e-06 -4.977888175567576354e+02 -8.197971208877844473e-01 9.749346457139991262e-01 1.307241228107136263e-02 6.295236817296715470e-01 -8.676513158994482365e+05 2.936427857950828075e+08 1.247658140365385943e-01
1.000000000000000000e+00 1.573908196905707939e+02 -3.949697134198600565e+02 -1.246123388186110649e+06 -1.348533600373105625e+14 7.710087017187608382e-06 -1.313304447231782777e-05 1.019089083102552619e-06 -1.420435368140587311e-06 -8.625099927926804639e+02 -1.416718542615430732e+00 -9.231297533214275486e-01 2.259164159825821291e-02 -1.304293197191443099e+00 -1.507322002223705640e+06 -2.787715117400700450e+08 2.161869424043795229e-01
1.000000000000000000e+00 1.082864506871662229e+02 -4.277696960761481932e+02 -1.250688506093347212e+06 -1.358432285297081875e+14 5.324049845865602079e-06 -1.427577671550592780e-05 1.012631941483040426e-06 2.062690821609488291e-06 1.908998202207565555e+03 3.127419598298918135e+00 5.287385367486115983e-01 -4.987601414672876432e-02 -1.675083618109489025e+00 3.344923820870369207e+06 1.600904461408390105e+08 -4.785333656792001289e-01
1.000000000000000000e+00 5.639690217041736986e+01 -4.495725335533816178e+02 -1.255253596485234564e+06 -1.368367107322533281e+14 2.782950994014037640e-06 -1.505815688174358043e-05 1.015398067089851061e-06 1.613295771289149505e-07 -2.250758951152460213e+03 -3.677678801021047938e+00 6.177363907518250430e-02 5.864702361412214848e-02 1.625104291422693401e-02 -3.954080634539645165e+06 1.875268506076317281e+07 5.641599892841316910e-01
1.000000000000000000e+00 3.007971424374151326e+00 -4.598065356861944792e+02 -1.259818659759889822e+06 -1.378338066666092656e+14 1.489706037549393233e-07 -1.545694812574568224e-05 1.027108478938783055e-06 -1.103576396941591936e-06 1.757030808794244876e+03 2.863461399843255428e+00 -6.293217242735386074e-01 -4.566647621405443835e-02 1.492184781209166200e+00 3.094772765347876586e+06 -1.915428087912338674e+08 -4.404399033496304017e-01
1.000000000000000000e+00 -5.051714033406953774e+01 -4.580746064998346014e+02 -1.264383696964085801e+06 -1.388345164981524219e+14 -2.510940840974327904e-06 -1.545452556757696507e-05 1.046191080560621329e-06 6.956652974759263937e-06 -6.073965509650777221e+02 -9.873119137284310787e-01 9.634318549640049634e-01 1.574380480392944051e-02 7.659406818642745529e-01 -1.072634129332296317e+06 2.939977655811506510e+08 1.522399950150338799e-01
1.000000000000000000e+00 -1.027320237996937209e+02 -4.443975947894336400e+02 -1.268948709951583995e+06 -1.398388405734406250e+14 -5.124703546460101715e-06 -1.504722243935249899e-05 1.070655650944817001e-06 -1.436509857606765065e-06 -7.738910313876194778e+02 -1.254685582310491654e+00 -9.402395391608838748e-01 2.000767821045237524e-02 -1.184480186824435677e+00 -1.370206633618417196e+06 -2.876659774808107018e+08 1.939736385661622320e-01
1.000000000000000000e+00 -1.523093802557352205e+02 -4.191540340979534562e+02 -1.273513701206464088e+06 -1.408467793843340938e+14 -7.625162578605077830e-06 -1.424353689381769086e-05 1.098145750300926518e-06 2.314611993172843454e-06 1.874650842271432339e+03 3.031457228650386693e+00 5.684178635146939218e-01 -4.834561787338987476e-02 -1.734811494707003021e+00 3.327749934099864680e+06 1.743579476169649661e+08 -4.699235177640984640e-01
1.000000000000000000e+00 -1.979616295147264111e+02 -3.829116097538437202e+02 -1.278078673521481222e+06 -1.418583334990933125e+14 -9.946205849973740706e-06 -1.305860228426006710e-05 1.125542227208639710e-06 3.557873780379408850e-08 -2.284289140343909366e+03 -3.684350977680374672e+00 1.408317154409510774e-02 5.875342468183697431e-02 -1.446477323019076666e-01 -4.065392681428229436e+06 4.331074292599312030e+06 5.725644540195039545e-01
1.000000000000000000e+00 -2.384433513733234236e+02 -3.366419371160613423e+02 -1.282643630658823065e+06 -1.428735037108063125e+14 -1.202292287872553528e-05 -1.152165319858633908e-05 1.150003331885321286e-06 -1.056037446351323033e-06 1.846971468069033790e+03 2.971336674140205858e+00 -5.913395151734113231e-01 -4.738685406841210146e-02 1.446291976975401461e+00 3.295564801366313826e+06 -1.823267153693010211e+08 -4.629854200601694059e-01
1.000000000000000000e+00 -2.727443398815826185e+02 -2.816157798499616547e+02 -1.287208576824553777e+06 -1.438922909237317812e+14 -1.380141155620781668e-05 -9.672672503653745578e-06 1.169536814078925801e-06 6.672383051207701253e-06 -7.210832749812381053e+02 -1.157075587305349984e+00 9.494144283034902099e-01 1.845105598897094079e-02 8.976911300099817970e-01 -1.289942822397472104e+06 2.934841174313479662e+08 1.807365712303025951e-01
1.000000000000000000e+00 -2.999961178614224195e+02 -2.192099710049887165e+02 -1.291773516097805928e+06 -1.449146960269888125e+14 -1.523424186197192785e-05 -7.555918307568049482e-06 1.182291988480122037e-06 -1.450739429206206491e-06 -6.784413899988243202e+02 -1.085865746629395057e+00 -9.555907885271880398e-01 1.731547881092132882e-02 -1.052177967405690140e+00 -1.216773892708073370e+06 -2.961510252154294848e+08 1.700481138735411846e-01
1.000000000000000000e+00 -3.194673483538384176e+02 -1.510993328865532419e+02 -1.296338452952787280e+06 -1.459407200115881250e+14 -1.628034919456154827e-05 -5.226627188237880747e-06 1.187040673999302657e-06 2.585951084022115931e-06 1.833124284194961319e+03 2.926483248319205366e+00 6.075917240219336213e-01 -4.667150745682600160e-02 -1.780964065042675237e+00 3.296090480507493950e+06 1.887829646937789023e+08 -4.595140722697654279e-01
1.000000000000000000e+00 -3.307335540360648451e+02 -7.911779103044881367e+01 -1.300903391878613504e+06 -1.469703638860987500e+14 -1.691383692314762848e-05 -2.746374588812572062e-06 1.183836615854428545e-06 -8.418003821649693180e-08 -2.312593368664813624e+03 -3.682532333031845795e+00 -3.442806757168123677e-02 5.872442477430912799e-02 -3.081854668008940368e-01 -4.168821780739667825e+06 -1.072433663773920573e+07 5.796590154641679815e-01
1.000000000000000000e+00 -3.335590896338500784e+02 -5.056545320611322225e+00 -1.305468337104510749e+06 -1.480036286143985938e+14 -1.711819455111149589e-05 -1.761411468677293394e-07 1.173287574877967524e-06 -1.004274520757630066e-06 1.935078513013198062e+03 3.073561138709103968e+00 -5.515121026476011989e-01 -4.901711531285855156e-02 1.384939542440531746e+00 3.497169407896787394e+06 -1.722331979592965543e+08 -4.850713199180532453e-01
1.000000000000000000e+00 -3.278779149320214970e+02 6.914987740672070515e+01 -1.310033293054101057e+06 -1.490405152180107812e+14 -1.688547696472315801e-05 2.417209654570527081e-06 1.156663642534040415e-06 6.359431102429477048e-06 -8.365713503101651440e+02 -1.325394070393596913e+00 9.330656829810097808e-01 2.113525581044490426e-02 1.020643654488271546e+00 -1.515731574118843069e+06 2.921293989173238873e+08 2.096846278176353884e-01
1.000000000000000000e+00 -3.139370411937752010e+02 1.415758080767894853e+02 -1.314598263515699888e+06 -1.500810245874286562e+14 -1.622386971992218993e-05 4.966182511366611709e-06 1.136431138909178820e-06 -1.462788227495982007e-06 -5.783973229381311967e+02 -9.140498083247705630e-01 -9.687429551949863216e-01 1.457549511240668547e-02 -9.110021819875030458e-01 -1.050616053139735013e+06 -3.040675351725905538e+08 1.449709018988508957e-01
1.000000000000000000e+00 -2.921533601872538384e+02 2.104933646405874583e+02 -1.319163251708211843e+06 -1.511251574946953438e+14 -1.515054533793229662e-05 7.409305935761625321e-06 1.115164370946163183e-06 2.871052179516943982e-06 1.785719791544296868e+03 2.814888641498906718e+00 6.452610040161383953e-01 -4.489181439323226830e-02 -1.811696253779174537e+00 3.251821898846811149e+06 2.030451391649366617e+08 -4.476312226134077088e-01
1.000000000000000000e+00 -2.630832970666729125e+02 2.741760001025739371e+02 -1.323728260505637387e+06 -1.521729146427640938e+14 -1.369023653887415664e-05 9.684313721260919903e-06 1.094998001595030851e-06 -1.955564224908114974e-07 -2.335420531648036558e+03 -3.672147115215268265e+00 -8.252879276665642250e-02 5.855881583733517359e-02 -4.690876951470918099e-01 -4.263550997555047274e+06 -2.603488109594103694e+07 5.853807329107749702e-01
1.000000000000000000e+00 -2.275475025602949017e+02 3.310467353683994247e+02 -1.328293292444250546e+06 -1.532242966657871250e+14 -1.188187250509750726e-05 1.173339960668266855e-05 1.078366514355651553e-06 -9.492926890448242548e-07 2.019546148751004921e+03 3.167514187493809086e+00 -5.108561875428040411e-01 -5.051546654640345219e-02 1.310091777187349038e+00 3.696156406746487599e+06 -1.615619011362212598e+08 -5.062449403133536530e-01
1.000000000000000000e+00 -1.864697491000769958e+02 3.798398349150116928e+02 -1.332858349083732581e+06 -1.542793039798782188e+14 -9.770374674660449284e-06 1.350905836629317666e-05 1.067471584691993722e-06 6.031805562625505939e-06 -9.511456608236221655e+02 -1.488073392153018037e+00 9.148226794940315099e-01 2.372952269501053119e-02 1.130975866370314886e+00 -1.745143148908835603e+06 2.900445347341181040e+08 2.384035964077308722e-01
1.000000000000000000e+00 -1.408448502436126830e+02 4.193869388879249414e+02 -1.337423431799264858e+06 -1.553379369632397500e+14 -7.405062618104087826e-06 1.496664306949762788e-05 1.063492062701493700e-06 -1.472487740367194374e-06 -4.763738803369896004e+02 -7.434307225343833592e-01 -9.794347625259762768e-01 1.185459295733187236e-02 -7.655234189968012082e-01 -8.762271858582755085e+05 -3.113063896115305424e+08 1.193974895360450095e-01
1.000000000000000000e+00 -9.185470491757084233e+01 4.487550295067251795e+02 -1.341988540848416742e+06 -1.564001957379349375e+14 -4.845839759235951363e-06 1.606936477160823154e-05 1.067155959275242232e-06 3.163401169947599021e-06 1.734046394743306564e+03 2.699424691725303305e+00 6.806327603159761930e-01 -4.305041600059951457e-02 -1.826678651263331510e+00 3.197507381513433065e+06 2.168739700946653187e+08 -4.346783087149105329e-01
1.000000000000000000e+00 -4.069787295788293591e+01 4.673778603759606085e+02 -1.346553675973991863e+06 -1.574660803064508125e+14 -2.154339859066253353e-06 1.679315817711321931e-05 1.078601786331042979e-06 -2.973308159323043575e-07 -2.352962870832730005e+03 -3.653812019592020288e+00 -1.292449644288342081e-01 5.826643207531883445e-02 -6.230927144196252154e-01 -4.349559680291712284e+06 -4.128455326374834776e+07 5.897777914845088176e-01
1.000000000000000000e+00 1.143579848688695222e+01 4.748257779862649954e+02 -1.351118836597962305e+06 -1.585355905951684375e+14 6.074057205871569885e-07 1.711860653735608438e-05 1.096660127960933585e-06 -8.919646440726179999e-07 2.099359735736128641e+03 3.251930701379602606e+00 -4.701674463185360753e-01 -5.186173141111599660e-02 1.224371283322439385e+00 3.890395826822179835e+06 -1.505577865573617220e+08 -5.262519371633790355e-01
1.000000000000000000e+00 6.325154630292436764e+01 4.709355802651217573e+02 -1.355684021510463208e+06 -1.596087263798599688e+14 3.370920107336064110e-06 1.703572236905708022e-05 1.119583298638008320e-06 5.700779384970563683e-06 -1.063229587289405117e+03 -1.642885974958620210e+00 8.950975038002829676e-01 2.619833373874805652e-02 1.227012882660615256e+00 -1.975186146539836191e+06 2.873393212197989225e+08 2.664982869420922107e-01
1.000000000000000000e+00 1.135234302585819108e+02 4.559155428385466848e+02 -1.360249228721117834e+06 -1.606854872480574688e+14 6.070477152496276463e-06 1.654792177754387065e-05 1.145589902299357635e-06 -1.479927278365888022e-06 -3.738001571405103505e+02 -5.761670823777392814e-01 -9.876992111733331470e-01 9.187196136375575667e-03 -6.189035463321261865e-01 -6.961324242457799846e+05 -3.178489844131699800e+08 9.368609509930897472e-02
1.000000000000000000e+00 1.611083643824416640e+02 4.301025731763273257e+02 -1.364814455846695229e+06 -1.617658726878538750e+14 8.643915994206722355e-06 1.566340680403226554e-05 1.172217734712672064e-06 3.459607352619295722e-06 1.678963028136295179e+03 2.581554642590944137e+00 7.135204949043997269e-01 -4.117064799510015971e-02 -1.826850517219686498e+00 3.134456806500952225e+06 2.301819935376375020e+08 -4.208706422839325056e-01
1.000000000000000000e+00 2.048334909709192004e+02 3.940883276142628233e+02 -1.369379700076269219e+06 -1.628498820780582812e+14 1.102665247972813061e-05 1.439985205400042512e-05 1.196753188597731818e-06 -3.901373051816854861e-07 -2.365518000749041676e+03 -3.628275802851965270e+00 -1.743574474892656267e-01 5.785921364331962635e-02 -7.686878875796666621e-01 -4.427041242676015012e+06 -5.638603432272781432e+07 5.929247883619833681e-01
1.000000000000000000e+00 2.436700275062505909e+02 3.488025895670983800e+02 -1.373944958159636939e+06 -1.639375146837364375e+14 1.316104221608645973e-05 1.278761663925212791e-05 1.217069533415682774e-06 -8.323697619265140338e-07 2.174576703221217031e+03 3.327248362520770719e+00 -4.296010151366887464e-01 -5.306288963912415141e-02 1.129492768552586401e+00 4.079675195440838113e+06 -1.392707434797121584e+08 -5.451067029400468167e-01
1.000000000000000000e+00 2.767341258461161715e+02 2.952599219697173112e+02 -1.378510226803100668e+06 -1.650287697492317500e+14 1.499655641363726850e-05 1.086063118519557713e-05 1.231035381585799374e-06 5.371011484543745660e-06 -1.172997103182489354e+03 -1.790385195296582577e+00 8.740142310221424848e-01 2.855051427503332850e-02 1.309232521522704307e+00 -2.206016452599958051e+06 2.840364327812250257e+08 2.940123118271978919e-01
1.000000000000000000e+00 3.031760281847269312e+02 2.346845344849997446e+02 -1.383075502325630281e+06 -1.661236464153942812e+14 1.648388527355923328e-05 8.661057715206998755e-06 1.236726811220591636e-06 -1.485337230964110842e-06 -2.702696096334931894e+02 -4.115175735370258381e-01 -9.937443012488388350e-01 6.561482977685908352e-03 -4.717111363614397423e-01 -5.095272184108658112e+05 -3.237341864303250909e+08 6.773481470203901456e-02
1.000000000000000000e+00 3.223518204400498917e+02 1.685743939413321471e+02 -1.387640780451217899e+06 -1.672221436679997188e+14 1.758433775104830689e-05 6.241791167298799277e-06 1.233591736766410467e-06 3.761051279501850351e-06 1.620045781597270661e+03 2.460722640664766203e+00 7.443047600508132522e-01 -3.924364588602602399e-02 -1.813268300238946029e+00 3.061633886660570279e+06 2.430639229938589931e+08 -4.061019643185103667e-01
1.000000000000000000e+00 3.338098242888739264e+02 9.843763361417092028e+01 -1.392206057274002349e+06 -1.683242605687662188e+14 1.826928152794975364e-05 3.656834088365706755e-06 1.221857007868421065e-06 -4.759545172757134041e-07 -2.373066931449684944e+03 -3.595771877530604677e+00 -2.183915979109570249e-01 5.734088263373775946e-02 -9.068844451829430886e-01 -4.495615805964780971e+06 -7.149223364668054879e+07 5.948169627587096553e-01
1.000000000000000000e+00 3.371811734833805758e+02 2.591626255836119341e+01 -1.396771328838736983e+06 -1.694299961550425312e+14 1.851430716675042193e-05 9.659135439097064364e-07 1.201981939354275673e-06 -7.695825822391028251e-07 2.245937018210057886e+03 3.394916000595838312e+00 -3.886531676270357227e-01 -5.414204671518203088e-02 1.025407241177028528e+00 4.265082729517868720e+06 -1.275368939766073972e+08 -5.629947233147003516e-01
1.000000000000000000e+00 3.323464645927142556e+02 -4.716890020590317789e+01 -1.401336591243441217e+06 -1.705393494645972500e+14 1.830848298169588851e-05 -1.763757142201066267e-06 1.175497110156838642e-06 5.041066476937376472e-06 -1.281964178033642611e+03 -1.933121732411507754e+00 8.513256671388166330e-01 3.082674061463370335e-02 1.379030589027208542e+00 -2.440360137910977006e+06 2.800383422513308525e+08 3.213256646088742952e-01
1.000000000000000000e+00 3.194051220969574842e+02 -1.190914136745268905e+02 -1.405901840742083965e+06 -1.716523195609040312e+14 1.765288577459060755e-05 -4.467617906141530477e-06 1.144653666908652139e-06 -1.488915484883934888e-06 -1.638995615530674286e+02 -2.465559487340150957e-01 -9.977592777692002590e-01 3.930787877156683915e-03 -3.223411676647698343e-01 -3.127529711502649006e+05 -3.289979299134565592e+08 4.107173288294692359e-02
