1.000000000000000000e+00 4.916569047900953819e+02 -6.023353220412849041e+00 -2.492974327434401959e+06 -1.076965221227040156e+14 6.627572973357479223e-06 -7.995085264323711613e-08 1.211307051204882667e-06 -1.032480629127245720e+03 -2.811192574604517436e+00 -9.505315051427321027e-01 6.549464244556398029e-02 5.565790788034287395e+00 5.478496065144221605e-01
1.000000000000000000e+00 4.925531204162087420e+02 -2.412806551103877339e+01 -2.515854890643638093e+06 -1.096824752820343438e+14 6.700592893159687106e-06 -3.232027545055936155e-07 1.218446099334932172e-06 -2.743288982390516594e+03 -7.446935100740053493e+00 -5.707083702058360908e-01 1.728954666637271820e-01 8.697776420391681640e+00 1.450580582113736750e+00
1.000000000000000000e+00 4.812968102485195345e+02 -4.163051394824025664e+01 -2.538735437474934384e+06 -1.116865708518482188e+14 6.607010515760070340e-06 -5.627249606908962326e-07 1.169043273298751173e-06 -3.346988065761818234e+03 -9.058606515236771628e+00 4.018819102777310137e-02 2.103426945344210319e-01 3.248686333777868640e+00 1.770045640066700843e+00
1.000000000000000000e+00 4.580877175663294452e+02 -5.811614422749186559e+01 -2.561615915401538368e+06 -1.137088041299126875e+14 6.345081863280347145e-06 -7.926432535013209270e-07 1.067696212801646786e-06 -2.597640216402475289e+03 -7.009569223846387587e+00 6.348581572522307148e-01 1.628267294079360772e-01 -2.859540370075156712e+00 1.374287616238827336e+00
1.000000000000000000e+00 4.233432460011731564e+02 -7.314869787672178347e+01 -2.584496270084290765e+06 -1.157491700850441719e+14 5.916203642981272079e-06 -1.006582721255639971e-06 9.238604739893679774e-07 -7.873460429416775241e+02 -2.118297400757508608e+00 9.727805005761035462e-01 4.950444792709148001e-02 -7.576663054859925639e-01 4.190706064968779954e-01
1.000000000000000000e+00 3.779173190910881317e+02 -8.632300103220397602e+01 -2.607376449503886513e+06 -1.178076637233356094e+14 5.328133563240657049e-06 -1.198387390105047155e-06 7.518007120874286074e-07 1.361778722829769549e+03 3.652923854066033815e+00 9.161482591408991460e-01 -8.384705478360075792e-02 6.510446909243664315e+00 -7.118983726871305207e-01
1.000000000000000000e+00 3.229047671062616018e+02 -9.731633969065389067e+01 -2.630256408663015347e+06 -1.198842805259941094e+14 4.592478305662835514e-06 -1.362858649732855803e-06 5.684770166784965723e-07 2.975141414418435488e+03 7.957163754477325490e+00 4.865207629062067163e-01 -1.830042417561542345e-01 8.329274672736264762e+00 -1.558384919878271324e+00
1.000000000000000000e+00 2.595852178585898287e+02 -1.058177689643214734e+02 -2.653136102352910209e+06 -1.219790158120633594e+14 3.724037593527409873e-06 -1.494806892796194114e-06 3.920185400866387487e-07 3.381660655101783505e+03 9.017810613663289843e+00 -1.417569799818322596e-01 -2.073573412849030184e-01 2.014940808910892223e+00 -1.770975663461626270e+00
1.000000000000000000e+00 1.896116090892263344e+02 -1.115820379659427601e+02 -2.676015493184351828e+06 -1.240918654824145000e+14 2.743646258983155972e-06 -1.589827022624176024e-06 2.405842242436909794e-07 2.403589894355169690e+03 6.390806002883469006e+00 -7.119610807843742561e-01 -1.468742972557305626e-01 -3.155414268331759864e+00 -1.258098949605801264e+00
1.000000000000000000e+00 1.147765784840706971e+02 -1.144731578003839161e+02 -2.698894556234783027e+06 -1.262228264854280469e+14 1.674995948374053319e-06 -1.644964547135732117e-06 1.296534511558877032e-07 4.394200362620737224e+02 1.164938652135266262e+00 -9.913782831105434346e-01 -2.639066244110386053e-02 4.100521510177477236e-01 -2.267207947386800371e-01
1.000000000000000000e+00 3.694143586659322409e+01 -1.143902671747319602e+02 -2.721773270622662269e+06 -1.283718960716352500e+14 5.436761552767610114e-07 -1.657707799606696714e-06 7.041639259265845056e-08 -1.706790552904873039e+03 -4.511646861056898494e+00 -8.674367134600263762e-01 1.048539604153612553e-01 7.470625415756418697e+00 9.034294287545506785e-01
1.000000000000000000e+00 -4.180231854595405849e+01 -1.113186007650546259e+02 -2.744651625752102118e+06 -1.305390724037474219e+14 -6.203862557058618099e-07 -1.626754169413931992e-06 6.895033391352952912e-08 -3.164710100536653044e+03 -8.341116436558984049e+00 -3.921542103501565180e-01 1.936538313357631103e-01 7.733259905314473492e+00 1.673401316342018053e+00
1.000000000000000000e+00 -1.193941729439377042e+02 -1.053613359472698505e+02 -2.767529622025442775e+06 -1.327243546657823438e+14 -1.786693176625114338e-06 -1.552531814393634166e-06 1.253467915701169924e-07 -3.347965947001024688e+03 -8.798534800172291170e+00 2.413726327058039467e-01 2.043198517802580216e-01 8.370535403512218142e-01 1.770702106458134306e+00
1.000000000000000000e+00 -1.938759438774310411e+02 -9.665835896328722754e+01 -2.790407268976672087e+06 -1.349277429261531406e+14 -2.925270887866872289e-06 -1.436064590826215190e-06 2.337484606233982604e-07 -2.178502596469338641e+03 -5.708607043549623228e+00 7.775418009415562270e-01 1.326622495524464040e-01 -3.223339399738850197e+00 1.153027202381490035e+00
1.000000000000000000e+00 -2.632412336104311521e+02 -8.543232507995666936e+01 -2.813284583025833126e+06 -1.371492379549214688e+14 -4.004443338621395674e-06 -1.279684336219328740e-06 3.826851503824546226e-07 -1.158472463859214230e+02 -3.026942512577207589e-01 9.998221755237668429e-01 7.507768519126997199e-03 1.440552000896286877e+00 6.544201746932279407e-02
1.000000000000000000e+00 -3.257001048155684657e+02 -7.200835362965135289e+01 -2.836161596664768178e+06 -1.393888421539979844e+14 -4.994861378046074889e-06 -1.087378684385041832e-06 5.566474007876933030e-07 2.014373335973666826e+03 5.248176554144038164e+00 8.172212184818351544e-01 -1.206301700729827675e-01 8.064636349412415584e+00 -1.054512496296859503e+00
1.000000000000000000e+00 -3.797276118925465767e+02 -5.672543481722526337e+01 -2.859038345110350754e+06 -1.416465582983640000e+14 -5.870386929692163206e-06 -8.635048385684638717e-07 7.379974657638595861e-07 3.342086102894922533e+03 8.682398680588848450e+00 3.024789542513131035e-01 -1.996774928986183029e-01 6.977447545117609451e+00 -1.750536976617958818e+00
1.000000000000000000e+00 -4.239039815105360276e+02 -3.997944077569530918e+01 -2.881914867607317865e+06 -1.439223896769972812e+14 -6.605766413666155370e-06 -6.134579857162289165e-07 9.080667814367426026e-07 3.312434024050765856e+03 8.580775156793292169e+00 -3.354680953638470298e-01 -1.972918529967644108e-01 -2.440630249632250726e-01 -1.734579181216163057e+00
1.000000000000000000e+00 -4.571596250745573116e+02 -2.223438357765884987e+01 -2.904791216177270282e+06 -1.462163409896199062e+14 -7.180544200028309049e-06 -3.438800474961931624e-07 1.049594972848146637e-06 1.928683381322581909e+03 4.981968477811416385e+00 -8.365576731175061731e-01 -1.144216096725427928e-01 -3.010067563857622641e+00 -1.008863196699964160e+00
1.000000000000000000e+00 -4.787841384751783380e+02 -3.930250044149679045e+00 -2.927667440687978640e+06 -1.485284168823970000e+14 -7.579421625664088021e-06 -6.126449893195429188e-08 1.148644406432087007e-06 -2.442067961174455775e+02 -6.290165427577893986e-01 -9.972193425583786297e-01 1.504157492752941812e-02 2.721950107243188643e+00 1.330004937372744056e-01
1.000000000000000000e+00 -4.882456202813324921e+02 1.447267702289601843e+01 -2.950543597398270387e+06 -1.508586228131804375e+14 -7.789596497921097749e-06 2.273619934099148143e-07 1.195311903581679437e-06 -2.321062177861822420e+03 -5.961545874215696372e+00 -7.536442456904022258e-01 1.384463466828876888e-01 8.570378173759261031e+00 1.227647398206504592e+00
1.000000000000000000e+00 -4.854080508147505952e+02 3.248600803840448492e+01 -2.973419744000921492e+06 -1.532069645660071562e+14 -7.804368464081064583e-06 5.143035595034552998e-07 1.185541747882689062e-06 -3.464128715232085142e+03 -8.872324487592059938e+00 -2.057749499625280976e-01 2.059981252834215959e-01 6.046029407167027081e+00 1.831825645495965160e+00
1.000000000000000000e+00 -4.704992897042420736e+02 4.968372342564173039e+01 -2.996295932696116157e+06 -1.555734475375041562e+14 -7.622865310449153672e-06 7.926214152702687423e-07 1.121097282437871817e-06 -3.214028228575791218e+03 -8.208576090377826873e+00 4.249998062551469946e-01 1.906372856484903899e-01 -1.180122146834476915e+00 1.700019752411733531e+00
1.000000000000000000e+00 -4.439112915665546666e+02 6.565271825706345510e+01 -3.019172216039540712e+06 -1.579580773270404688e+14 -7.247006447506695549e-06 1.055376841684353540e-06 1.008316549381782254e-06 -1.663554057587950183e+03 -4.236753984004342222e+00 8.846978974616911406e-01 9.855477805291729121e-02 -2.655029800799832085e+00 8.813443379567965641e-01
1.000000000000000000e+00 -4.063973302961816785e+02 7.998550298283292648e+01 -3.042048646027023438e+06 -1.603608596416317188e+14 -6.684848517250015812e-06 1.295520819375795222e-06 8.585956897433698302e-07 5.756589573322831939e+02 1.461985961320535932e+00 9.873534590660534294e-01 -3.327233256328206157e-02 3.769780316417536081e+00 -2.983799080416544847e-01
1.000000000000000000e+00 -3.590086000229341039e+02 9.236519689612677553e+01 -3.064925269287907053e+06 -1.627817997831516875e+14 -5.949758132704089720e-06 1.507284426258986461e-06 6.871412637607588561e-07 2.602824923530818523e+03 6.591858824736285705e+00 6.899079388923047285e-01 -1.515836477147904648e-01 8.764396982630060506e+00 -1.363181475944392096e+00
1.000000000000000000e+00 -3.028846210522793854e+02 1.025093863673211985e+02 -3.087802124750419520e+06 -1.652209023772201250e+14 -5.057096648097017411e-06 1.685311007156412464e-06 5.106168879698428639e-07 3.584547587161381216e+03 9.052857286044037721e+00 1.117378407799268225e-01 -2.081833363923784319e-01 5.019186772574960820e+00 -1.877409036068911741e+00
1.000000000000000000e+00 -2.394430639643285303e+02 1.101631373070479185e+02 -3.110679248270059004e+06 -1.676781718416542500e+14 -4.027467666782053875e-06 1.824561427444538576e-06 3.462043268079035049e-07 3.105777126530058013e+03 7.821919646946949634e+00 -5.120434033074935387e-01 -1.798233169915211538e-01 -1.990730312545057057e+00 -1.626174716303432355e+00
1.000000000000000000e+00 -1.702960738207623592e+02 1.151771815884661549e+02 -3.133556667438444216e+06 -1.701536118105266562e+14 -2.885471291136003303e-06 1.921635272125726790e-06 2.097689068221419382e-07 1.355557484423389724e+03 3.404521478040368532e+00 -9.269856792066227813e-01 -7.806114832631320943e-02 -1.979706781297386975e+00 -7.078823104822402623e-01
1.000000000000000000e+00 -9.704009519076898016e+01 1.174453188947195201e+02 -3.156434401584108826e+06 -1.726472251014945000e+14 -1.656237262434650279e-06 1.973783168916297360e-06 1.141843170124481521e-07 -9.503333871505835759e+02 -2.380194896153542405e+00 -9.646904020665765245e-01 5.552481006637643296e-02 5.025111886789423998e+00 5.049109767628038314e-01
1.000000000000000000e+00 -2.144757032802040797e+01 1.168988275348586257e+02 -3.179312468839595560e+06 -1.751590144617437188e+14 -3.687108207175932708e-07 1.978838404484072961e-06 6.867496390692803262e-08 -2.873871487567334498e+03 -7.178034929737324710e+00 -6.112053327702599015e-01 1.666562417247363370e-01 8.791658997997954472e+00 1.519664167396274301e+00
1.000000000000000000e+00 5.463018691513808278e+01 1.135782111479340841e+02 -3.202190873275624588e+06 -1.776889811354041250e+14 9.459201374965850395e-07 1.936462991509298161e-06 7.762277034780535258e-08 -3.639517486637785623e+03 -9.065400698732769769e+00 -1.064528085939886459e-02 2.104963649453855390e-01 3.858436344583337618e+00 1.924711622624113661e+00
1.000000000000000000e+00 1.294675568465899005e+02 1.075649229096354134e+02 -3.225069611426417716e+06 -1.802371255371544062e+14 2.257743574938372626e-06 1.847041805040559098e-06 1.401790671537294975e-07 -2.936959950828505043e+03 -7.295405764808144511e+00 5.943210339387878793e-01 1.694560178147123120e-01 -2.613464842888076234e+00 1.553709538219254505e+00
1.000000000000000000e+00 2.012675192785771685e+02 9.897790342504077898e+01 -3.247948677593251690e+06 -1.828034478193401875e+14 3.534739566197413701e-06 1.711647657753142761e-06 2.505010481402146210e-07 -1.038501449153838394e+03 -2.572586651411513881e+00 9.593868541032438690e-01 6.001869976034872323e-02 -1.239929432358679362e+00 5.518079343950424986e-01
1.000000000000000000e+00 2.682697294846763612e+02 8.803972082873094962e+01 -3.270828052608010359e+06 -1.853879465893744062e+14 4.744647523671166864e-06 1.533215963507146135e-06 3.981988232757838931e-07 1.300723619132500517e+03 3.213384070580969532e+00 9.358461081153435224e-01 -7.370604206458195029e-02 6.000082478782600148e+00 -6.795004423484651834e-01
1.000000000000000000e+00 3.289452514674855479e+02 7.500321786900398990e+01 -3.293707715022473130e+06 -1.879906201336069062e+14 5.858457016922516963e-06 1.315321488283437288e-06 5.694979538665802410e-07 3.131069065440651229e+03 7.714151678515169586e+00 5.315556467029194376e-01 -1.774143247472625418e-01 8.544939985988611042e+00 -1.640051249189516946e+00
1.000000000000000000e+00 3.817938590068202984e+02 6.014983091131838933e+01 -3.316587635891599581e+06 -1.906114658086500000e+14 6.846915772059927235e-06 1.062167111453892971e-06 7.479588932584060782e-07 3.692662358326323101e+03 9.073111284265321430e+00 -8.983731611530239303e-02 -2.086331155669711168e-01 2.644937182997225023e+00 -1.933885995472683916e+00
1.000000000000000000e+00 4.254616954877084254e+02 4.385062576438070892e+01 -3.339467775989257265e+06 -1.932504796894090000e+14 7.682672015462371532e-06 7.796864991826758582e-07 9.162563920309994090e-07 2.742379766167817252e+03 6.719988443780181342e+00 -6.744978906427296916e-01 -1.544544436057718462e-01 -3.034492476967773467e+00 -1.435567904889280211e+00
1.000000000000000000e+00 4.589214915253801337e+02 2.648822064104323459e+01 -3.362348094252392650e+06 -1.959076575123177812e+14 8.343641555470831850e-06 4.742009501089617389e-07 1.058509230158378994e-06 6.664232428528925993e+02 1.628615346881304049e+00 -9.834542390280989199e-01 -3.709315850687269073e-02 -1.441849334161727225e-01 -3.456922880631821404e-01
1.000000000000000000e+00 4.812631181914057947e+02 8.455876308693182963e+00 -3.385228545837929938e+06 -1.985829944400823438e+14 8.809375949194438732e-06 1.524100402273094564e-07 1.160745307913460749e-06 -1.684185091828779605e+03 -4.104769868162006397e+00 -8.916267916272453409e-01 9.543255800251486398e-02 7.061749109815420589e+00 8.917884292265886303e-01
1.000000000000000000e+00 4.918167011076448603e+02 -9.786450000153205764e+00 -3.408109078932448756e+06 -2.012764846698619375e+14 9.063403769280145906e-06 -1.775847341968729558e-07 1.212428830121217405e-06 -3.353885701270103255e+03 -8.152315833276270851e+00 -4.378593655776551463e-01 1.892691494454168677e-01 8.057157957425793882e+00 1.773418991600524075e+00
1.000000000000000000e+00 4.903113620912309329e+02 -2.779443767448238845e+01 -3.430989641884554178e+06 -2.039881222537353125e+14 9.096324264773461761e-06 -5.077433694147638813e-07 1.208314345145935502e-06 -3.669538429721848843e+03 -8.895718766623607721e+00 1.930974295885115599e-01 2.065725898386389925e-01 1.411574832721381068e+00 1.940739983271098312e+00
1.000000000000000000e+00 4.766537745977852865e+02 -4.513995675058947654e+01 -3.453870180261414964e+06 -2.067179007470030938e+14 8.901918537751385207e-06 -8.301070651715448255e-07 1.148184781887181496e-06 -2.499845386247157876e+03 -6.043975936388401138e+00 7.460440438882833813e-01 1.404368137553572704e-01 -3.222665832803857988e+00 1.322926307502563237e+00
1.000000000000000000e+00 4.510481183676410524e+02 -6.135970496851397371e+01 -3.476750637166179251e+06 -2.094658132354069375e+14 8.479514510149384630e-06 -1.135857284082970956e-06 1.037501618968079209e-06 -3.049785283537763689e+02 -7.353970956682153171e-01 9.970946485415186356e-01 1.751300930127813044e-02 8.895393758994544209e-01 1.654140501934481255e-01
1.000000000000000000e+00 4.141241914268069308e+02 -7.604043508460962641e+01 -3.499630960189345293e+06 -2.122318531684795938e+14 7.836595315536122423e-06 -1.416882397261905478e-06 8.873150079974697843e-07 2.035115303492161274e+03 4.894268764526404247e+00 8.433129927636856538e-01 -1.124729789814725989e-01 7.774041854158800113e+00 -1.065157100394699574e+00
1.000000000000000000e+00 3.666946967952357568e+02 -8.881742186834652841e+01 -3.522511100590392016e+06 -2.150160142774312812e+14 6.984439646357018907e-06 -1.665779429639333505e-06 7.120853978487167405e-07 3.563326359391973710e+03 8.546801356183113541e+00 3.458269789165328012e-01 -1.965614722418958515e-01 7.357631688895968303e+00 -1.866442649158809530e+00
1.000000000000000000e+00 3.098611269993310771e+02 -9.932621628820326976e+01 -3.545391008764268365e+06 -2.178182900326484375e+14 5.940264792190175713e-06 -1.874972889614516962e-06 5.290278465464653587e-07 3.640708084049766967e+03 8.709357865986850911e+00 -2.929430150508627873e-01 -2.002522671967416623e-01 2.356447463087672500e-01 -1.906520269905820575e+00
1.000000000000000000e+00 2.451042344764575773e+02 -1.072878059149419130e+02 -3.568270643879352603e+06 -2.206386748321671562e+14 4.729150886516224551e-06 -2.038332892211603995e-06 3.568961130761882922e-07 2.225978074801967523e+03 5.311002027210458998e+00 -8.118062424118955844e-01 -1.220026108579315011e-01 -3.120775453096247265e+00 -1.164602727768498935e+00
1.000000000000000000e+00 1.740131218190382185e+02 -1.125007185097186664e+02 -3.591149971973474137e+06 -2.234771637994927812e+14 3.379014925052035350e-06 -2.151076225193011366e-06 2.131670100370568730e-07 -1.011647774637155521e+02 -2.407372232013759994e-01 -9.992655112498906034e-01 6.070709468273527247e-03 2.209747839640186395e+00 5.810182791915541323e-02
1.000000000000000000e+00 9.837198814979555550e+01 -1.147926508539951413e+02 -3.614028965725584887e+06 -2.263337527822394688e+14 1.922372951560185066e-06 -2.208882811606492263e-06 1.125035347136769699e-07 -2.389176946482445601e+03 -5.670528966000966342e+00 -7.804625200126228401e-01 1.317012675499492913e-01 8.408420173124921959e+00 1.263801772861351536e+00
1.000000000000000000e+00 2.021567897693845950e+01 -1.141015132151822087e+02 -3.636907607893908396e+06 -2.292084388118280312e+14 3.975531236339599127e-07 -2.209482846367301448e-06 6.530477951548480351e-08 -3.712562485680051395e+03 -8.788471851937172730e+00 -2.457577072355781045e-01 2.040483364531488764e-01 6.453558533836022626e+00 1.963169180194514141e+00
1.000000000000000000e+00 -5.846476656018522533e+01 -1.104562205453516697e+02 -3.659785891502638813e+06 -2.321012201671287812e+14 -1.156976313689088878e-06 -2.152349626867459510e-06 7.638938638523202100e-08 -3.539596925469521011e+03 -8.357198535460199196e+00 3.880748516369194601e-01 1.940846648629411531e-01 -7.992026718814392305e-01 1.872184196094299313e+00
1.000000000000000000e+00 -1.356452358743106572e+02 -1.039247693699817319e+02 -3.682663816897275858e+06 -2.350120960393306875e+14 -2.701103273364872334e-06 -2.037736881552411432e-06 1.446666903262420401e-07 -1.933621736766024696e+03 -4.553535325521810506e+00 8.653451895124714133e-01 1.058937329783782993e-01 -2.840447984375027435e+00 1.024135288797620502e+00
1.000000000000000000e+00 -2.092317222492251574e+02 -9.468827698754540734e+01 -3.705541393638315611e+06 -2.379410668041624375e+14 -4.192313660601364249e-06 -1.868163336838648538e-06 2.629385161731255545e-07 4.704731640163859083e+02 1.105058514612909493e+00 9.929563729842689757e-01 -2.502725543465716962e-02 3.298002384998423242e+00 -2.426761354006687910e-01
1.000000000000000000e+00 -2.773591914518474368e+02 -8.300838480091277916e+01 -3.728418646617888473e+06 -2.408881348487998125e+14 -5.591673479531125454e-06 -1.647834519527753076e-06 4.189149483554015642e-07 2.705443443915661192e+03 6.338186862924014342e+00 7.179927350402341979e-01 -1.457421875337538142e-01 8.696123094232763862e+00 -1.416847041475558067e+00
1.000000000000000000e+00 -3.383023306374751655e+02 -6.917102304307476857e+01 -3.751295603346961550e+06 -2.438533029798498125e+14 -6.862160113374387469e-06 -1.381568583018762095e-06 5.965981263692325806e-07 3.853889015408939031e+03 9.005438369595189840e+00 1.509310270074507576e-01 -2.070959435227462397e-01 5.456646070376024227e+00 -2.018506724962509491e+00
1.000000000000000000e+00 -3.904353817862553342e+02 -5.355390289468381582e+01 -3.774172301455978304e+06 -2.468365754148363438e+14 -7.967929072627462508e-06 -1.076167349485740784e-06 7.776347764029421719e-07 3.432918154693356882e+03 8.001125414750477560e+00 -4.775892634191182262e-01 -1.839484670890535745e-01 -1.684703532123163150e+00 -1.797516177599686182e+00
1.000000000000000000e+00 -4.325120316997212058e+02 -3.658342246764817673e+01 -3.797048786645166110e+06 -2.498379575525816875e+14 -8.880122152172938507e-06 -7.396009687605811610e-07 9.437863942508574411e-07 1.608267092549807330e+03 3.738786441966114538e+00 -9.113200254252495913e-01 -8.576823989826043437e-02 -2.253478015744131202e+00 -8.402688763231491720e-01
1.000000000000000000e+00 -4.635424499142746981e+02 -1.867712065248885978e+01 -3.819925104128371459e+06 -2.528574548724542812e+14 -9.574562293068392935e-06 -3.798671461267481007e-07 1.078336820895603999e-06 -8.734855731129306378e+02 -2.025423939633771209e+00 -9.744557253421680665e-01 4.732009148032753632e-02 4.569556360765687941e+00 4.647823593641705053e-01
1.000000000000000000e+00 -4.827359776256118380e+02 -3.080822044653250269e-01 -3.842801310509303119e+06 -2.558950745141336250e+14 -1.003072136919344820e-05 -6.303496341362405170e-09 1.167557505571385513e-06 -3.003358506334063804e+03 -6.946370517221718721e+00 -6.429516786179130250e-01 1.612820485218327549e-01 8.823890711367591067e+00 1.588179280083085843e+00
1.000000000000000000e+00 -4.897492824199390498e+02 1.804278096100849638e+01 -3.865677462056580931e+06 -2.589508237519160000e+14 -1.023703039947675783e-05 3.713607958725074466e-07 1.203209087512950456e-06 -3.924458129349582578e+03 -9.053653384466850085e+00 -5.205076830623603379e-02 2.102202581399130188e-01 4.348034547107301862e+00 2.075365841494295260e+00
1.000000000000000000e+00 -4.845224140608796120e+02 3.594088635238830420e+01 -3.888553610895905644e+06 -2.620247094802143438e+14 -1.018770902906590883e-05 7.441214709011297197e-07 1.182417125383003599e-06 -3.266180787574579881e+03 -7.515893053714686189e+00 5.598348609982860546e-01 1.745700288241492371e-01 -2.367961323561545761e+00 1.727800418581079356e+00
1.000000000000000000e+00 -4.672055324993209524e+02 5.293281932542164725e+01 -3.911429813033828512e+06 -2.651167392848366562e+14 -9.881391080205375628e-06 1.102370364902570026e-06 1.107292154333799686e-06 -1.283204321865540123e+03 -2.945338330544782668e+00 9.462756491482658960e-01 6.864759115489535435e-02 -1.608133360355658459e+00 6.811616517212005784e-01
1.000000000000000000e+00 -4.383777162766826905e+02 6.859392598148664888e+01 -3.934306122275731992e+06 -2.682269206290700000e+14 -9.325909311450990348e-06 1.436880896796232471e-06 9.857716236213764118e-07 1.238132338073596657e+03 2.834707320620023729e+00 9.505269249862476899e-01 -6.496716715339909132e-02 5.540935924797041778e+00 -6.462745214973905084e-01
1.000000000000000000e+00 -3.988492163025507011e+02 8.257551246586339744e+01 -3.957182586556055583e+06 -2.713552603416628750e+14 -8.534329407214399520e-06 1.739820039058851009e-06 8.301444845889061226e-07 3.278568207758909466e+03 7.487380897890516529e+00 5.692656366965039849e-01 -1.721968958511055081e-01 8.680649698560422678e+00 -1.717290935356172277e+00
1.000000000000000000e+00 -3.495824962272968719e+02 9.453680880478732718e+01 -3.980059252580115572e+06 -2.745017652338395625e+14 -7.523393648699451514e-06 2.003352800671095358e-06 6.556286866910349951e-07 3.995304741763121910e+03 9.101289033049182464e+00 -4.376598692768342291e-02 -2.092847501578685154e-01 3.203385125531388766e+00 -2.092419945581780905e+00
1.000000000000000000e+00 -2.918920200533616480e+02 1.041909386187337958e+02 -4.002936160405434668e+06 -2.776664413426906875e+14 -6.317939391998470111e-06 2.220626796425405540e-06 4.795715180302150943e-07 3.081737018871573127e+03 7.002588305351878262e+00 -6.389719696628937129e-01 -1.609612406117721106e-01 -2.869848918536473281e+00 -1.613327568206646578e+00
1.000000000000000000e+00 -2.272253694091795921e+02 1.113438199073033275e+02 -4.025813339342921972e+06 -2.808492933329384062e+14 -4.946352033831836906e-06 2.386638889394831367e-06 3.189312901318487039e-07 9.073750140802168289e+02 2.056660342250779205e+00 -9.737204557294684149e-01 -4.697095319987514700e-02 -6.320609782734111226e-01 -4.719737870816901881e-01
1.000000000000000000e+00 -1.570884666335052771e+02 1.158229053991899349e+02 -4.048690818059194833e+06 -2.840503258718649375e+14 -3.439010347771918882e-06 2.496755581708710438e-06 1.888236273863365919e-07 -1.638533925348746834e+03 -3.704645319424669569e+00 -9.126398311612455849e-01 8.616977477672038699e-02 6.628249787194720355e+00 8.680165855722840051e-01
1.000000000000000000e+00 -8.323578522140496716e+01 1.175224404162661500e+02 -4.071568619071058929e+06 -2.872695428498775000e+14 -1.832510233890608121e-06 2.547707241210331501e-06 1.017930936772498750e-07 -3.523075433764820900e+03 -7.945683573482031470e+00 -4.819083762481984889e-01 1.844714501906066506e-01 8.324989206368183403e+00 1.862876659364384624e+00
1.000000000000000000e+00 -7.440546613974316159e+00 1.164342988350187795e+02 -4.094446752389726229e+06 -2.905069464542263750e+14 -1.647307359667135008e-07 2.538301003893262997e-06 6.612456174665424958e-08 -3.988189577921164982e+03 -8.972344018328342941e+00 1.434809482122476332e-01 2.083478741671592194e-01 2.010117382668388242e+00 2.109226475172394366e+00
1.000000000000000000e+00 6.857072802849026516e+01 1.125738564770991559e+02 -4.117325222826968879e+06 -2.937625381619862500e+14 1.526611405069881380e-06 2.467855225688612601e-06 8.512336346278565614e-08 -2.843092984000258184e+03 -6.380352080710905760e+00 7.111153142402271143e-01 1.482357542014282048e-01 -3.161019483538796138e+00 1.504401124852171368e+00
1.000000000000000000e+00 1.429326069715309586e+02 1.060259102445172346e+02 -4.140204028188511729e+06 -2.970363184602159375e+14 3.199835320016229636e-06 2.337226032631241382e-06 1.569433400331020943e-07 -5.363978865550056980e+02 -1.200789118159565350e+00 9.915982474788117562e-01 2.827664962657204517e-02 3.138209037542600277e-01 2.876818932462087419e-01
1.000000000000000000e+00 2.138759962183978303e+02 9.696812964478186814e+01 -4.163083155243698973e+06 -3.003282862366788750e+14 4.814505648563135852e-06 2.149369423480764738e-06 2.748120375257307332e-07 2.010015782269248120e+03 4.488568851795364800e+00 8.701374906318798397e-01 -1.031198091428513208e-01 7.399691617168416613e+00 -1.051714689284635407e+00
1.000000000000000000e+00 2.797825464575758474e+02 8.559437023009864731e+01 -4.185962588871097658e+06 -3.036384400628819375e+14 6.332723563211681559e-06 1.907688691534812071e-06 4.277785317011940979e-07 3.757467378606228067e+03 8.370183956103286249e+00 3.943902497118427775e-01 -1.925017330178428743e-01 7.743762908738251127e+00 -1.968154206706615561e+00
1.000000000000000000e+00 3.390017300779867355e+02 7.216175399191462247e+01 -4.208842306207706220e+06 -3.069667773331368125e+14 7.715056984712109775e-06 1.617099328555552650e-06 6.011410849835082818e-07 3.976949614785210997e+03 8.837386369619272486e+00 -2.425159959510329588e-01 -2.032004471732935247e-01 8.215411624399587831e-01 -2.082644619049552670e+00
1.000000000000000000e+00 3.900890294105212774e+02 5.700708517858316782e+01 -4.231722272783091292e+06 -3.103132936668946250e+14 8.925970831863898569e-06 1.284437435473528150e-06 7.782210292541498703e-07 2.566933563667511407e+03 5.690166194330167571e+00 -7.802511625322878785e-01 -1.307373116878715602e-01 -3.193585851365025707e+00 -1.343239613293447654e+00
1.000000000000000000e+00 4.318472768537040452e+02 4.046784080831036334e+01 -4.254602450763849542e+06 -3.136779840783976250e+14 9.934905503254965077e-06 9.167184679146161346e-07 9.422559473548832302e-07 1.044219152654973044e+02 2.309091452313723758e-01 -9.992933286177559937e-01 -4.823754145111933296e-03 1.594285485276326186e+00 -4.968210048661050177e-02
1.000000000000000000e+00 4.631443039018694208e+02 2.292979223045205472e+01 -4.277482799951039255e+06 -3.170608431112079375e+14 1.071221223141482222e-05 5.222222278895741237e-07 1.077172751729675662e-06 -2.402405074166830673e+03 -5.299531147772111872e+00 -8.115240104232261942e-01 1.231043059618526780e-01 8.155433881946088093e+00 1.271002177487870810e+00
1.000000000000000000e+00 4.831512409445875278e+02 4.836310046216992120e+00 -4.300363270864449441e+06 -3.204618637981088125e+14 1.123473447421833512e-05 1.107353392561282487e-07 1.169688781163392509e-06 -3.937291818684748250e+03 -8.664292740686475369e+00 -2.946424029112287846e-01 2.011619259110835889e-01 6.922701661857125544e+00 2.081970324862159050e+00
1.000000000000000000e+00 4.913652352671011840e+02 -1.339236010088717421e+01 -4.323243814779957756e+06 -3.238810391282260000e+14 1.148652664878760358e-05 -3.082718075560818255e-07 1.210632083251056457e-06 -3.882257902605362233e+03 -8.522494952562061243e+00 3.414317347120333634e-01 1.979185885886843022e-01 -2.954445346559487762e-01 2.053375984350275019e+00
1.000000000000000000e+00 4.874223417277986528e+02 -3.131188801561842538e+01 -4.346124377419752069e+06 -3.273183610996096250e+14 1.145465865769552930e-05 -7.245666950552117360e-07 1.195129475047267069e-06 -2.253310372064478088e+03 -4.934609490269275867e+00 8.395442904202975454e-01 1.147235700600498370e-01 -3.020155237369550605e+00 1.193122793386707237e+00
1.000000000000000000e+00 4.713299929267207062e+02 -4.845151809740897164e+01 -4.369004901980005205e+06 -3.307738211556606875e+14 1.113479377959858048e-05 -1.127085552400196043e-06 1.124361341249558179e-06 3.049672085997793261e+02 6.662494437254593560e-01 9.976862830435787588e-01 -1.488847497259686119e-02 2.716519966851975720e+00 -1.552139543819578693e-01
1.000000000000000000e+00 4.434612080842879323e+02 -6.439490094804703801e+01 -4.391885335713156499e+06 -3.342474111770120000e+14 1.053128092995297055e-05 -1.505807424762811490e-06 1.005370136477378901e-06 2.761990927793451192e+03 6.019500165792439184e+00 7.503344919316873307e-01 -1.384021266004386297e-01 8.564251420955276473e+00 -1.446334825268064561e+00
1.000000000000000000e+00 4.043539211939423126e+02 -7.873309308855711208e+01 -4.414765627348861657e+06 -3.377391231030080000e+14 9.652590472444473634e-06 -1.850682539910803938e-06 8.493202046905470877e-07 4.107915582639299828e+03 8.931341162088784813e+00 1.968764334215196143e-01 -2.053954461944727250e-01 5.950623383877007733e+00 -2.151591922106911969e+00
1.000000000000000000e+00 3.549286116811950933e+02 -9.106765481786264615e+01 -4.437645723703618161e+06 -3.412489484161321250e+14 8.516638380836512594e-06 -2.151710019562712473e-06 6.715209415423620710e-07 3.776745408961216526e+03 8.191668559468466171e+00 -4.370288244178609505e-01 -1.883345660741275185e-01 -1.298135351574218221e+00 -1.977605388401296516e+00
1.000000000000000000e+00 2.964436591866110575e+02 -1.010885590451064502e+02 -4.460525579947073944e+06 -3.447768797214963750e+14 7.149946118767202359e-06 -2.400794580399807370e-06 4.899551934576762082e-07 1.897138513035267124e+03 4.105023938502203151e+00 -8.921134187969215201e-01 -9.421111543802067334e-02 -2.521091540744442749e+00 -9.916302244963651757e-01
1.000000000000000000e+00 2.302734728756531695e+02 -1.085247448668786774e+02 -4.483405157122795470e+06 -3.483229103947320625e+14 5.582470891497582612e-06 -2.590620049496382495e-06 3.228517075392487101e-07 -7.590159708861614263e+02 -1.638445676426661501e+00 -9.832275727103765295e-01 3.837239999393429746e-02 4.064533459773834068e+00 4.048574110563594175e-01
1.000000000000000000e+00 1.581046368013330152e+02 -1.131491600331367380e+02 -4.506284418390410021e+06 -3.518870340183946250e+14 3.852456781892113514e-06 -2.714794090927375067e-06 1.874177010590988040e-07 -3.107719506114191518e+03 -6.692523465228281232e+00 -6.749109107730046908e-01 1.553943445218696762e-01 8.814729551445633859e+00 1.643430653237135664e+00
1.000000000000000000e+00 8.185013740847938379e+01 -1.148497292951639963e+02 -4.529163343155972660e+06 -3.554692466083873750e+14 2.004527256205235887e-06 -2.769586421667429670e-06 9.765861172988545137e-08 -4.201347155946396924e+03 -9.026223448347019840e+00 -9.358010071492950388e-02 2.095800174428252560e-01 4.829443084647819795e+00 2.221757339217127480e+00
1.000000000000000000e+00 3.408536050512683602e+00 -1.135729720578448649e+02 -4.552041915521243587e+06 -3.590695448561111250e+14 8.389744082054104693e-08 -2.752632321332085144e-06 6.272594349328900644e-08 -3.600378926378093183e+03 -7.716806341112228296e+00 5.254611277260875513e-01 1.792302437841384877e-01 -2.094808889357253623e+00 1.904522765151168251e+00
1.000000000000000000e+00 -7.515739938669962328e+01 -1.093266902513815353e+02 -4.574920154526802711e+06 -3.626879309422750000e+14 -1.859215931914976429e-06 -2.663033814642086346e-06 8.636225266609906353e-08 -1.538145156910107971e+03 -3.288978499460461613e+00 9.324193084072114335e-01 7.660397549727526734e-02 -1.922785607627518489e+00 8.159280428431031629e-01
1.000000000000000000e+00 -1.517341912459844195e+02 -1.022410499631258602e+02 -4.597798007852745242e+06 -3.663243957368563125e+14 -3.772314659471882685e-06 -2.502892231583810346e-06 1.661611369764233363e-07 1.165966092013611615e+03 2.487289796584413626e+00 9.622191073724363219e-01 -5.694799298939939858e-02 5.106934278214034784e+00 -6.079980948796045448e-01
1.000000000000000000e+00 -2.244012602127842513e+02 -9.250190814186711918e+01 -4.620675519095879048e+06 -3.699789453040745625e+14 -5.606674360568350840e-06 -2.275742526079272093e-06 2.939018389118976202e-07 3.418579424851453041e+03 7.275541428717133385e+00 6.014410424373579644e-01 -1.673221032236983652e-01 8.760384636532565494e+00 -1.790597338102656755e+00
1.000000000000000000e+00 -2.912519301545722215e+02 -8.034901822731728771e+01 -4.643552708849136718e+06 -3.736515821443350000e+14 -7.312969482340814880e-06 -1.986542752169639553e-06 4.563507012089961503e-07 4.290571268087630415e+03 9.109957437252086621e+00 -4.234049816597834637e-03 -2.094872573161898066e-01 3.679473503720352312e+00 -2.247090927318218245e+00
1.000000000000000000e+00 -3.505113992291512091e+02 -6.612756181544149570e+01 -4.666429611176811159e+06 -3.773423110020382500e+14 -8.844258652813180964e-06 -1.642987242400982086e-06 6.367217283273276452e-07 3.412004054118096974e+03 7.227610593019631047e+00 -6.080805364170425165e-01 -1.661419154528660513e-01 -2.692218682473505265e+00 -1.786315921292850550e+00
1.000000000000000000e+00 -4.007581674054293330e+02 -5.021207007006067613e+01 -4.689306263258003630e+06 -3.810511372358419375e+14 -1.016168081238079034e-05 -1.253671305955640304e-06 8.169078729941326435e-07 1.138707712951616713e+03 2.406488726415483725e+00 -9.639923320228391823e-01 -5.504218982379279618e-02 -1.010649658430396114e+00 -5.931825924292173369e-01
1.000000000000000000e+00 -4.407248696797066145e+02 -3.300213767148193966e+01 -4.712182709170882590e+06 -3.847780674490213125e+14 -1.122959901253888685e-05 -8.280015595330574148e-07 9.785435666254585429e-07 -1.598934678733930014e+03 -3.371250488797682632e+00 -9.281838839049091350e-01 7.845345144629169154e-02 6.247276140593034377e+00 8.474537720580852529e-01
1.000000000000000000e+00 -4.693999342993172945e+02 -1.496804977306264028e+01 -4.735059000719574280e+06 -3.885231096525107500e+14 -1.201829856196323396e-05 -3.773614875933757821e-07 1.105086322275776302e-06 -3.690655850786997235e+03 -7.763453170659930791e+00 -5.168131749775761730e-01 1.802411631225656063e-01 8.503095709093374310e+00 1.951492364625300846e+00
1.000000000000000000e+00 -4.862119575802518057e+02 3.430044753089264375e+00 -4.757935192247402854e+06 -3.922862724402443750e+14 -1.250888866077281142e-05 8.689309581353935517e-08 1.184435121907940406e-06 -4.296946037052252905e+03 -9.017885524168582023e+00 1.029251952130370018e-01 2.094021081364837722e-01 2.502817050328877801e+00 2.272482222509987437e+00
1.000000000000000000e+00 -4.907991190180688363e+02 2.174401207116493850e+01 -4.780811336934672669e+06 -3.960675643857958125e+14 -1.268761376730425248e-05 5.534880489383772200e-07 1.209075900626254261e-06 -3.172408278697352216e+03 -6.642470780510740802e+00 6.812526281659763150e-01 1.543136999295019185e-01 -3.064392206117970030e+00 1.678526373244728642e+00
1.000000000000000000e+00 -4.830903545109712809e+02 3.949401458358405392e+01 -4.803687492088257335e+06 -3.998669949183959375e+14 -1.254809164647807107e-05 1.010120046900130852e-06 1.176826473153035879e-06 -7.570692363380137522e+02 -1.581518415268560185e+00 9.850953412129451747e-01 3.708413485566058182e-02 -1.403430410259981498e-01 4.043093273274373511e-01
1.000000000000000000e+00 -4.634529078507029567e+02 5.624877464461929577e+01 -4.826563712144006975e+06 -4.036845731687599375e+14 -1.209534398961058821e-05 1.445499917168686807e-06 1.091585628229353882e-06 1.986731965012808359e+03 4.140743350628325992e+00 8.907258030765730084e-01 -9.509904942072637535e-02 7.049152611872639973e+00 -1.039205424960079727e+00
1.000000000000000000e+00 -4.324331971606080742e+02 7.162064249540468097e+01 -4.849440046424338594e+06 -4.075203075808268750e+14 -1.133927245560960510e-05 1.849254860928541624e-06 9.618694425826368643e-07 3.944481374520010377e+03 8.202223774228462716e+00 4.347862043685104538e-01 -1.886400845246010427e-01 8.029546632340919032e+00 -2.066124756993454881e+00
1.000000000000000000e+00 -3.908265302331136013e+02 8.522171710967913327e+01 -4.872316547315704636e+06 -4.113742072723539375e+14 -1.029660617997755425e-05 2.210816708867420729e-06 8.005181509514566349e-07 4.303717598297967925e+03 8.928744956366688967e+00 -1.982572227905547990e-01 -2.053048101481370902e-01 1.347731503256249130e+00 -2.253807065644909180e+00
1.000000000000000000e+00 -3.397980630314954738e+02 9.674054123253914383e+01 -4.895193258610864170e+06 -4.152462800692763750e+14 -8.994257362634330830e-06 2.521420715943867853e-06 6.238835835665492358e-07 2.905311045682485656e+03 6.013765654804990035e+00 -7.504590293546128388e-01 -1.381909005196663431e-01 -3.202954757285513487e+00 -1.520511975044386732e+00
1.000000000000000000e+00 -2.806053003315338970e+02 1.059285080891706343e+02 -4.918070215924918652e+06 -4.191365325425556250e+14 -7.462170440995989432e-06 2.773796158506037661e-06 4.490025592497603458e-07 3.196220513315043377e+02 6.600853084899760415e-01 -9.969772372528411530e-01 -1.473482947522560330e-02 1.045069284492467165e+00 -1.624972609854054284e-01
1.000000000000000000e+00 -2.146686179073608400e+02 1.125558245925978298e+02 -4.940947452822670341e+06 -4.230449710250154375e+14 -5.735263353018782433e-06 2.961046113919937910e-06 2.924601856111220911e-07 -2.397151787907749622e+03 -4.939358810889054041e+00 -8.386675994485358610e-01 1.147601585064466773e-01 7.867345986663641710e+00 1.268470469683146584e+00
1.000000000000000000e+00 -1.436761647171918241e+02 1.164842423454544189e+02 -4.963824995650642551e+06 -4.269716007141521875e+14 -3.856343909529750253e-06 3.078581126879730945e-06 1.693452173936748197e-07 -4.145981027498381991e+03 -8.523467146923310978e+00 -3.410470178561171295e-01 1.978896290794376067e-01 7.334906722668167234e+00 2.192291583048326942e+00
1.000000000000000000e+00 -6.929782600094151235e+01 1.176450200060642430e+02 -4.986702860169327818e+06 -4.309164250614860000e+14 -1.868562679452236636e-06 3.123589833332067312e-06 9.127494082339431817e-08 -4.224651592116271786e+03 -8.665548140809823607e+00 2.942582604678470881e-01 2.012362343846418322e-01 2.356295809350688608e-01 2.234422542973019787e+00
1.000000000000000000e+00 6.735631768143108822e+00 1.159953141355793065e+02 -5.009581060690140352e+06 -4.348794473169453125e+14 1.824543887442697769e-07 3.093918116674964770e-06 6.558380902338153271e-08 -2.595683772787889211e+03 -5.312210697052659469e+00 8.110176623858222911e-01 1.234744027094575314e-01 -3.145527727875427892e+00 1.374097935758821665e+00
1.000000000000000000e+00 8.253806500946900826e+01 1.115877695810284820e+02 -5.032459598726561293e+06 -4.388606685437467500e+14 2.245996884880190787e-06 2.989949517604839868e-06 9.461721427861832081e-08 9.882199950293149016e+01 2.017891055243142828e-01 1.000131891346708102e+00 -4.154375331922213754e-03 2.103921235132384382e+00 -4.633678691123862409e-02
1.000000000000000000e+00 1.563559924171182729e+02 1.045411988004203465e+02 -5.055338467131622136e+06 -4.428600882925655000e+14 4.274047434326094962e-06 2.813874188191073515e-06 1.755401528553653073e-07 2.777097366641384269e+03 5.657934860530234644e+00 7.835365903738980009e-01 -1.300725642072106114e-01 8.361340635171186975e+00 -1.454062681757044340e+00
1.000000000000000000e+00 2.264780024403000880e+02 9.499751788549619391e+01 -5.078217657599289902e+06 -4.468777058874274375e+14 6.218876129813730992e-06 2.568564826549529515e-06 3.007905424339651970e-07 4.341600525404200198e+03 8.825547081903000191e+00 2.476902916368679541e-01 -2.029661484452998932e-01 6.469259167524952225e+00 -2.274029522598131958e+00
1.000000000000000000e+00 2.911492127806640156e+02 8.318885643412477293e+01 -5.101097150081168860e+06 -4.509135185500835000e+14 8.030707060528093517e-06 2.259413455290247400e-06 4.583514636068834743e-07 4.136142205360990374e+03 8.389080210355260192e+00 -3.894136092516775616e-01 -1.928788606690590157e-01 -8.133794848416281420e-01 -2.165858152666650494e+00
1.000000000000000000e+00 3.488570119735724120e+02 6.940200421573128153e+01 -5.123976918475926854e+06 -4.549675223638018750e+14 9.665608287360512825e-06 1.893416419106652145e-06 6.332070856620948481e-07 2.235696218749540094e+03 4.524399544901833714e+00 -8.673194870653719857e-01 -1.038772195700689710e-01 -2.781162900363161938e+00 -1.169058979297889822e+00
1.000000000000000000e+00 3.982281824962037149e+02 5.393537547160021717e+01 -5.146856930493002757e+06 -4.590397122250567500e+14 1.108277859272520786e-05 1.478028350018328103e-06 8.086696279133179585e-07 -5.799748772043707277e+02 -1.171085939683965460e+00 -9.912791447346345208e-01 2.756871737122212201e-02 3.447478410842525154e+00 3.109576453918457828e-01
1.000000000000000000e+00 4.379514547724787121e+02 3.716357437613803683e+01 -5.169737146556882188e+06 -4.631300816226655000e+14 1.224246876813960658e-05 1.022946454556482157e-06 9.675863334987070951e-07 -3.160495600922959966e+03 -6.367491141700345025e+00 -7.121310100566855539e-01 1.478571761747793922e-01 8.744553926113594500e+00 1.671450469255510551e+00
1.000000000000000000e+00 4.670563563326235794e+02 1.949611442155549668e+01 -5.192617522713064216e+06 -4.672386231318671875e+14 1.311384936736680905e-05 5.390156332464799233e-07 1.094732960865494031e-06 -4.462675313321224166e+03 -8.971068295257968117e+00 -1.444352942860435418e-01 2.082953455387989428e-01 5.401314054887210503e+00 2.359907368014813045e+00
1.000000000000000000e+00 4.847953559112875155e+02 1.333923167998872561e+00 -5.215498012394988909e+06 -4.713653287163416250e+14 1.367189783611951265e-05 3.704192615187613550e-08 1.177605760539381151e-06 -3.962321153877547658e+03 -7.947607121378479356e+00 4.816989565607012747e-01 1.845838654625659159e-01 -1.712194353891765441e+00 2.095903497938587545e+00
1.000000000000000000e+00 4.905704164694583937e+02 -1.686905448487053860e+01 -5.238378564385608770e+06 -4.755101893477743750e+14 1.389545604426266448e-05 -4.704945350314835920e-07 1.207223209003136007e-06 -1.852395145359093249e+03 -3.707322102207527337e+00 9.131434954691897143e-01 8.629176935739932275e-02 -2.270338336946202684e+00 9.819897416454765882e-01
1.000000000000000000e+00 4.841980462222381334e+02 -3.465266173897829560e+01 -5.261259122793066315e+06 -4.796731949829841875e+14 1.377486317901683179e-05 -9.707183799789364605e-07 1.180450172948584628e-06 1.028306647769349183e+03 2.053484437601243329e+00 9.745251937412477972e-01 -4.693255091828551356e-02 4.551192615056021573e+00 -5.352659910448676062e-01
1.000000000000000000e+00 4.657695362611301562e+02 -5.159384402759062027e+01 -5.284139633454437368e+06 -4.838543357181318750e+14 1.330821886805167849e-05 -1.451573842344188431e-06 1.099762179658688990e-06 3.513838420962620148e+03 7.001559052567831287e+00 6.394192758846665159e-01 -1.610160634991298634e-01 8.805995902749293336e+00 -1.840435065002804738e+00
1.000000000000000000e+00 4.355726318341763772e+02 -6.724775214840524029e+01 -5.307020042626317590e+06 -4.880536015547397500e+14 1.249930545093013025e-05 -1.900183145344870509e-06 9.724909433713425009e-07 4.577767716623917295e+03 9.101500988779360313e+00 4.323208663184094358e-02 -2.092966096116849473e-01 4.242864509927683159e+00 -2.397547322078071197e+00
1.000000000000000000e+00 3.943337942990641523e+02 -8.119918539460130091e+01 -5.329900297485570423e+06 -4.922709824938542500e+14 1.136469152409667777e-05 -2.304293098966834598e-06 8.111763555631973429e-07 3.769207984688077886e+03 7.477523157733056536e+00 -5.705754608638824443e-01 -1.718952662441779744e-01 -2.439950283757065463e+00 -1.973424501046436852e+00
1.000000000000000000e+00 3.430470183550121419e+02 -9.310307880046458706e+01 -5.352780350327526219e+06 -4.965064693185198750e+14 9.929048701629481521e-06 -2.653447059362215858e-06 6.317787922546440133e-07 1.415579903400490593e+03 2.802157470747957735e+00 -9.510031203794671040e-01 -6.416935504243305444e-02 -1.414378128626923026e+00 -7.383015641554664388e-01
1.000000000000000000e+00 2.828801942309466995e+02 -1.026262385494595861e+02 -5.375660153990053572e+06 -5.007600527615507500e+14 8.222595305459685699e-06 -2.937360012233858415e-06 4.520760049363343262e-07 -1.516271222657945827e+03 -2.994936425258381885e+00 -9.437025663376696905e-01 6.974560112562162850e-02 5.798731230951906568e+00 8.042116675305416296e-01
1.000000000000000000e+00 2.153879721848093709e+02 -1.095008004425664865e+02 -5.398539668527751230e+06 -5.050317247564229375e+14 6.287417706470806957e-06 -3.147462413499642567e-06 2.906443343480781964e-07 -3.832716211520601973e+03 -7.553913713659149209e+00 -5.533287726869143830e-01 1.753778214382941680e-01 8.652805840386044167e+00 2.026625850900956038e+00
1.000000000000000000e+00 1.423039552141459296e+02 -1.135574512261809019e+02 -5.421418864416903816e+06 -5.093214790680773125e+14 4.171617715062605897e-06 -3.277898946550538572e-06 1.641021187749276270e-07 -4.601383225710162151e+03 -9.049205861517265248e+00 6.075970222790839925e-02 2.101259810901023317e-01 3.014846072920196907e+00 2.433447349102385804e+00
1.000000000000000000e+00 6.542847724285432776e+01 -1.146639151198954636e+02 -5.444297719592908397e+06 -5.136293107752474375e+14 1.926119591075346218e-06 -3.323805442135758515e-06 8.533757483467714143e-08 -3.512387978849940282e+03 -6.892603732923825888e+00 6.502759080262814351e-01 1.601142373621885773e-01 -2.927515396125285108e+00 1.858289553375571224e+00
1.000000000000000000e+00 -1.318463226982597725e+01 -1.127764023942470999e+02 -5.467176218867979944e+06 -5.179552161897031250e+14 -3.897675356159705985e-07 -3.282829069566747660e-06 6.265784791545951642e-08 -9.933808108735706810e+02 -1.945169319496615978e+00 9.771621001442331034e-01 4.549815011256517355e-02 -5.573890341438568763e-01 5.291957624438102803e-01
1.000000000000000000e+00 -9.146494949945501673e+01 -1.079613859677519798e+02 -5.490054357659820467e+06 -5.222991935929743125e+14 -2.715225556778142720e-06 -3.155818788545708913e-06 9.854420882275722019e-08 1.950205395789476825e+03 3.810525351002079564e+00 9.083586858866814495e-01 -8.748275360546203805e-02 6.694590473775912542e+00 -1.019722978862051654e+00
1.000000000000000000e+00 -1.674443293971992830e+02 -1.003273788284697190e+02 -5.512932141821039841e+06 -5.266612432458053750e+14 -4.991460752650198919e-06 -2.944889981215951406e-06 1.894105239483500964e-07 4.122289434341497326e+03 8.037257308070147488e+00 4.704064416909468083e-01 -1.848465308247856653e-01 8.251607531290003905e+00 -2.159266148949399167e+00
1.000000000000000000e+00 -2.390799225509774431e+02 -9.007129085092795151e+01 -5.535809585506141186e+06 -5.310413670202905625e+14 -7.156469408526657977e-06 -2.654816400877904085e-06 3.258126349273565023e-07 4.622674219347043618e+03 8.993517649494583210e+00 -1.592276384592244687e-01 -2.067973824075252653e-01 1.818136435059325429e+00 -2.420878519528200101e+00
1.000000000000000000e+00 -3.044994429813527859e+02 -7.748785849945825532e+01 -5.558686715448232368e+06 -5.354395692566914375e+14 -9.152363700983556725e-06 -2.293363089768162929e-06 4.936700038138557888e-07 3.234644441378658485e+03 6.279597070778835111e+00 -7.237733793561546003e-01 -1.443131793136353258e-01 -3.169610063629503482e+00 -1.693031461420107187e+00
1.000000000000000000e+00 -3.621028358588775973e+02 -6.289471083320734124e+01 -5.581563564857555553e+06 -5.398558556330158750e+14 -1.092854564265649948e-05 -1.869119040041375080e-06 6.760925257933239267e-07 5.254221601301152305e+02 1.017851787218817528e+00 -9.933316362228610252e-01 -2.299511062146643997e-02 5.981175410262705716e-01 -2.703482784235645142e-01
1.000000000000000000e+00 -4.103738818025600494e+02 -4.667394693708733655e+01 -5.604440170492010191e+06 -5.442902326216845625e+14 -1.243616624433788694e-05 -1.392751795985538690e-06 8.543655811215783489e-07 -2.397240603468106656e+03 -4.634049888879216539e+00 -8.595662042208362941e-01 1.076885140888847459e-01 7.595060732567104900e+00 1.268774868435943226e+00
1.000000000000000000e+00 -4.481117923051915568e+02 -2.927266744204123938e+01 -5.627316582045041025e+06 -5.487427093344948125e+14 -1.363522442631315295e-05 -8.770626343142588775e-07 1.010323436968706034e-06 -4.351292575077619404e+03 -8.393484065705610675e+00 -3.782956361912259702e-01 1.948700040938786404e-01 7.639677868663365956e+00 2.300833927695173919e+00
1.000000000000000000e+00 -4.744948817272687052e+02 -1.112527824877013849e+01 -5.650192848355697468e+06 -5.532132948735343125e+14 -1.449670737847212592e-05 -3.346887500427156662e-07 1.128648072332531138e-06 -4.554069539233332762e+03 -8.765980886889421342e+00 2.554120836349903501e-01 2.035650707174932184e-01 6.863679637152458879e-01 2.408610981269141860e+00
1.000000000000000000e+00 -4.888685160841608308e+02 7.306144042300930508e+00 -5.673069024871631525e+06 -5.577019997951213750e+14 -1.499632023779222857e-05 2.206852259011433866e-07 1.197575294258330368e-06 -2.920197624986083611e+03 -5.609083993592549611e+00 7.863109657583896572e-01 1.303553813789350146e-01 -3.202381731516782182e+00 1.545658432986681818e+00
1.000000000000000000e+00 -4.909532797987398567e+02 2.553493122168072205e+01 -5.695945167945977300e+06 -5.622088350101662500e+14 -1.512100074948495666e-05 7.744037620348866805e-07 1.210729268034501327e-06 -9.293210048364075249e+01 -1.781255600712447484e-01 1.000186644140317993e+00 4.627792567487215569e-03 1.608689138586779643e+00 5.498923245989281727e-02
1.000000000000000000e+00 -4.808651946158507826e+02 4.312518807756418227e+01 -5.718821332038037479e+06 -5.667338112329358750e+14 -1.486977651962248237e-05 1.313120230717961308e-06 1.167590055771684366e-06 2.796090338032699947e+03 5.348037187799454806e+00 8.093716168818637646e-01 -1.229317297517811131e-01 8.149014621959640436e+00 -1.463811099767581725e+00
1.000000000000000000e+00 -4.588822019535941195e+02 5.964837191136702188e+01 -5.741697568437954411e+06 -5.712769387197665000e+14 -1.424675960443460171e-05 1.823500426392917673e-06 1.072383137650767812e-06 4.567846504551630460e+03 8.718452021235492566e+00 2.897367640899397578e-01 -2.005060273343943211e-01 6.873498469851639925e+00 -2.392565385215390084e+00
1.000000000000000000e+00 -4.256335182739971970e+02 7.468643772423715177e+01 -5.764573932842187583e+06 -5.758382287699691250e+14 -1.326714891528782781e-05 2.292323575538190044e-06 9.347712072864778549e-07 4.483397863666133162e+03 8.539289579506249339e+00 -3.479594234522103702e-01 -1.963367731399790483e-01 -3.678976133583916619e-01 -2.347747848760136868e+00
1.000000000000000000e+00 -3.820848415156175406e+02 8.790159381116288273e+01 -5.787450473064546473e+06 -5.804176912784020000e+14 -1.195698446741887274e-05 2.708638199393441687e-06 7.688932700744928436e-07 2.567409672031375067e+03 4.879756199060760302e+00 -8.437842512447770726e-01 -1.120663176485645063e-01 -2.957547009960735718e+00 -1.342877550155046507e+00
1.000000000000000000e+00 -3.292938433081124003e+02 9.898721649633199604e+01 -5.810327229110374115e+06 -5.850153347191640000e+14 -1.034567359141581475e-05 3.062292465464545031e-06 5.908286781631031549e-07 -3.960735300168141748e+02 -7.512234940176549802e-01 -9.961940460584736146e-01 1.786537936525555564e-02 2.890969361069523291e+00 2.145275945695608311e-01
1.000000000000000000e+00 -2.685912841066395913e+02 1.076703429399733807e+02 -5.833204239484108984e+06 -5.896311673898023750e+14 -8.471760461845439225e-06 3.344030584562932659e-06 4.177811522817904671e-07 -3.198969376360184924e+03 -6.054742913630267509e+00 -7.445571722708272944e-01 1.406064837933261036e-01 8.624705201363507712e+00 1.691936213432194247e+00
1.000000000000000000e+00 -2.015439320370509790e+02 1.137751477679488659e+02 -5.856081535798699595e+06 -5.942651963113112500e+14 -6.381920817285491039e-06 3.547492491237998359e-06 2.664286745956768648e-07 -4.710795785952236656e+03 -8.897624366702096665e+00 -1.919963339034566341e-01 2.065864201801501099e-01 5.915406620306658425e+00 2.491071792299775378e+00
1.000000000000000000e+00 -1.297089494459902426e+02 1.171675644810027279e+02 -5.878959139579442330e+06 -5.989174265495980000e+14 -4.123300179529925720e-06 3.667539550925959199e-06 1.509736361047108372e-07 -4.325036072434008020e+03 -8.152026085781777454e+00 4.380717043707503255e-01 1.893255869616622677e-01 -1.296756379190264985e+00 2.287693026653127237e+00
1.000000000000000000e+00 -5.481516304401612416e+01 1.177580047437806314e+02 -5.901837071723205969e+06 -6.035878631103077500e+14 -1.749292747634465981e-06 3.700365441237326423e-06 8.239799574201497295e-08 -2.188297774399579794e+03 -4.116045316671071319e+00 8.916016947262106473e-01 9.575863984685835384e-02 -2.567016506056760683e+00 1.159493992773407145e+00
1.000000000000000000e+00 2.128690905733883554e+01 1.155593113383401231e+02 -5.924715339164570905e+06 -6.082765081984218750e+14 6.819533435532037216e-07 3.645351370643311632e-06 6.713961467907322942e-08 8.532441229036321602e+02 1.601573202052594125e+00 9.847295492646068737e-01 -3.649647942127456912e-02 3.960933528125208269e+00 -4.428348058510989116e-01
1.000000000000000000e+00 9.686624497578709736e+01 1.106256208086190895e+02 -5.947593941526181065e+06 -6.129833625337296250e+14 3.115217288311627102e-06 3.503192424513294577e-06 1.064465242378520205e-07 3.573025419955694360e+03 6.692851698348681211e+00 6.780874100244808078e-01 -1.539092141979415962e-01 8.792378096636802809e+00 -1.871344684957060078e+00
1.000000000000000000e+00 1.701259348704970193e+02 1.030561221851226748e+02 -5.970472875810403377e+06 -6.177084262926458750e+14 5.492294594023567418e-06 3.276042205283164547e-06 1.965620218586609165e-07 4.851421037797908866e+03 9.068751733075810506e+00 9.498550468630623245e-02 -2.085476495696036714e-01 4.843096629903379302e+00 -2.540920148465065864e+00
1.000000000000000000e+00 2.392618608696442664e+02 9.304820139728394679e+01 -5.993352128782541491e+06 -6.224516975157070000e+14 7.753857943657989599e-06 2.969236148337923087e-06 3.288641734474173526e-07 4.148582394317760190e+03 7.738976890604344128e+00 -5.269807607940679706e-01 -1.779139675788545816e-01 -2.102784679858325401e+00 -2.172153328509963899e+00
1.000000000000000000e+00 3.026968038647279968e+02 8.083139502937758891e+01 -6.016231677994675934e+06 -6.272131722804620000e+14 9.847068447729877830e-06 2.589235709561639981e-06 4.908525830766376129e-07 1.746311668270803239e+03 3.250968023633610038e+00 -9.336102256786380504e-01 -7.452022719400075434e-02 -1.836396659690834543e+00 -9.116906302567177045e-01
1.000000000000000000e+00 3.588893660484121142e+02 6.667217574776333322e+01 -6.039111498401741497e+06 -6.319928460496867500e+14 1.171947636712605938e-05 2.143801831522110782e-06 6.669549388872170827e-07 -1.369259012203807970e+03 -2.543814764118848881e+00 -9.596153854440089281e-01 5.930923269106042062e-02 5.239910900569697105e+00 7.270875245047256907e-01
1.000000000000000000e+00 4.063999864308823931e+02 5.092219747420201514e+01 -6.061991553194017150e+06 -6.367907117350562500e+14 1.332120712554623032e-05 1.643574616605282606e-06 8.400354538330324123e-07 -3.928539893435843169e+03 -7.283527967607924758e+00 -5.958231569179840426e-01 1.691035744025251863e-01 8.774283316311795033e+00 2.077334463177979096e+00
1.000000000000000000e+00 4.441149716683218571e+02 3.394812668913328224e+01 -6.084871804102423601e+06 -6.416067618237390000e+14 1.461239543249005812e-05 1.099851898887588297e-06 9.937160344108514717e-07 -4.899707321157635306e+03 -9.065532551626946045e+00 9.198017244793937897e-03 2.105009275603756114e-01 3.636209806191530003e+00 2.591165150331991462e+00
1.000000000000000000e+00 4.710468566012283418e+02 1.613681897196218529e+01 -6.107752206932941452e+06 -6.464409874273383750e+14 1.555679356085446418e-05 5.247667359191016551e-07 1.112958294609437969e-06 -3.890958072511575210e+03 -7.184459423558259950e+00 6.105704421159147133e-01 1.668828943514457652e-01 -2.705301100728125796e+00 2.058441557817149548e+00
1.000000000000000000e+00 4.864055394958361944e+02 -2.061991588924751539e+00 -6.130632713072011247e+06 -6.512933785782538750e+14 1.612420755744225869e-05 -6.730683197001772812e-08 1.185480720670711885e-06 -1.297546490998524632e+03 -2.390983799484619698e+00 9.650768990071184605e-01 5.581535169462265716e-02 -1.043028365870034335e+00 6.898651763542517079e-01
1.000000000000000000e+00 4.898058674159499901e+02 -2.020917052195710895e+01 -6.153513269818836823e+06 -6.561639242830242500e+14 1.629752643247234494e-05 -6.621228742835772591e-07 1.204032222125357517e-06 1.845136021749917290e+03 3.393126470463775135e+00 9.281460662218827817e-01 -7.785352178056881289e-02 6.220082081652641648e+00 -9.642083019520094611e-01
1.000000000000000000e+00 4.810529543314017928e+02 -3.787096111978615909e+01 -6.176393823530684225e+06 -6.610526131793977500e+14 1.606580293326824341e-05 -1.245398300968441087e-06 1.166325920705003057e-06 4.259177883475937051e+03 7.816587253118129297e+00 5.132222129210546324e-01 -1.797709948043878236e-01 8.476218434495690346e+00 -2.230963594529854266e+00
1.000000000000000000e+00 4.602123281174170302e+02 -5.458195718411965203e+01 -6.199274318568029441e+06 -6.659594333059591250e+14 1.542672266465489124e-05 -1.801593974010061683e-06 1.075531089421884376e-06 4.942974817268265724e+03 9.053183512715678560e+00 -1.114081118213675753e-01 -2.081732202524040620e-01 2.397917476449186847e+00 -2.588667060750729387e+00
1.000000000000000000e+00 4.277910008916729225e+02 -6.992056275154351397e+01 -6.222154700416734442e+06 -6.708843727674927500e+14 1.439285726422145831e-05 -2.316395334282832114e-06 9.406598279208652241e-07 3.602386526650934229e+03 6.584556639988636384e+00 -6.903840948169600589e-01 -1.513358547977723678e-01 -3.080968338438356824e+00 -1.885688138030583438e+00
1.000000000000000000e+00 3.844983919659911749e+02 -8.350250769680950214e+01 -6.245034919696511701e+06 -6.758274206070245000e+14 1.298386431411072779e-05 -2.776523483472041474e-06 7.746567402105143253e-07 7.861589333674091904e+02 1.434074312143639673e+00 -9.871052193893352644e-01 -3.260311377330684518e-02 9.317178873755077584e-02 -4.070633851610371279e-01
1.000000000000000000e+00 3.313063932461470813e+02 -9.494773565406848093e+01 -6.267914925595574081e+06 -6.807885653999892500e+14 1.122864829647475457e-05 -3.168652889270011590e-06 5.937664123380237014e-07 -2.349888111444889546e+03 -4.277946299941081776e+00 -8.816905843662172781e-01 9.944204814434182138e-02 7.248655702891097619e+00 1.244073900725120696e+00
1.000000000000000000e+00 2.695942068403954295e+02 -1.039552380387917196e+02 -6.290794672659015283e+06 -6.857677967285812500e+14 9.170449747123305597e-06 -3.481920486563538275e-06 4.166093415827669938e-07 -4.532447418277492943e+03 -8.234733007245734981e+00 -4.186508817545846473e-01 1.911828549379687436e-01 7.939554288865537934e+00 2.396604980739162727e+00
1.000000000000000000e+00 2.008784248618608501e+02 -1.102918627921308996e+02 -6.313674127106309868e+06 -6.907651065853618750e+14 6.857882284584541377e-06 -3.707597632533979065e-06 2.612378854456293071e-07 -4.884858797157627123e+03 -8.857254473216020330e+00 2.135790626374085566e-01 2.056810548655391979e-01 1.181397661602516136e+00 2.583517729169479971e+00
1.000000000000000000e+00 1.268569327259556161e+02 -1.137591064814852473e+02 -6.336553256896364503e+06 -6.957804872377511250e+14 4.346521828977966241e-06 -3.838011072729970312e-06 1.435091384587868618e-07 -3.262754065456014814e+03 -5.904233944824571090e+00 7.595483827765240337e-01 1.371972564585936805e-01 -3.218723650077357945e+00 1.726754005762987321e+00
1.000000000000000000e+00 4.951654579139476198e+01 -1.142637125842776697e+02 -6.359432041190262884e+06 -7.008139333205298750e+14 1.702720015857205063e-06 -3.868954507995841359e-06 7.572640173638217267e-08 -3.067772427031063671e+02 -5.540337372857426779e-01 9.985172450754881135e-01 1.331909747826205519e-02 1.126402336659567238e+00 1.679677825390935852e-01
1.000000000000000000e+00 -2.916255409900050211e+01 -1.117974838047396133e+02 -6.382310469319616444e+06 -7.058654416520590000e+14 -1.006417207307004195e-06 -3.799066692348318221e-06 6.497840695260684755e-08 2.797896279839872477e+03 5.042899043290824501e+00 8.326760441586955608e-01 -1.158991792932571180e-01 7.909619098229417666e+00 -1.464522204807114258e+00
1.000000000000000000e+00 -1.071732527373753499e+02 -1.063995215423414322e+02 -6.405188535875548609e+06 -7.109350101844212500e+14 -3.711871207423769566e-06 -3.628595473415365757e-06 1.125629907446317762e-07 4.783615029016324115e+03 8.604828257193037899e+00 3.280601007513523903e-01 -1.978952196523429130e-01 7.219226139428199573e+00 -2.505610622893168049e+00
1.000000000000000000e+00 -1.823970521095621109e+02 -9.821964722195394870e+01 -6.428066249606353231e+06 -7.160226400064935000e+14 -6.339758701353481949e-06 -3.361597219051751068e-06 2.135853374770620002e-07 4.823396592253595372e+03 8.659204629282374555e+00 -3.102990923432936143e-01 -1.990975228196870395e-01 5.241863835949688716e-02 -2.525835652910173756e+00
1.000000000000000000e+00 -2.529060047349497893e+02 -8.748686643507340932e+01 -6.450943629385909066e+06 -7.211283344987190000e+14 -8.821794912075664753e-06 -3.004921078248399012e-06 3.576363772196841936e-07 2.891421827594602291e+03 5.180566432327911919e+00 -8.218955000109688935e-01 -1.189973953825077813e-01 -3.071600402834627541e+00 -1.512641205812649270e+00
1.000000000000000000e+00 -3.169206579045887224e+02 -7.446549971636714815e+01 -6.473820700830314308e+06 -7.262520986141338750e+14 -1.109393929585676929e-05 -2.566745072973745631e-06 5.300970729947873448e-07 -2.199900885606490988e+02 -3.933791848962461812e-01 -9.986780684772120775e-01 9.597083461124204101e-03 2.418004546129477905e+00 1.222349145458933029e-01
1.000000000000000000e+00 -3.727253617379276420e+02 -5.951153190980249974e+01 -6.496697496662151068e+06 -7.313939389871128750e+14 -1.309351227207280388e-05 -2.058546761868151990e-06 7.132206363237437292e-07 -3.240864316546149439e+03 -5.783800179374973816e+00 -7.702940539803764253e-01 1.343262431829614079e-01 8.485312652750813811e+00 1.714244246134958960e+00
1.000000000000000000e+00 -4.189530149020609429e+02 -4.303157534510404503e+01 -6.519574060820836574e+06 -7.365538648902752500e+14 -1.476927280909463405e-05 -1.493734564111720901e-06 8.884636095055396157e-07 -4.952903137672506091e+03 -8.821818689320471307e+00 -2.307345581242663812e-01 2.048234816841328909e-01 6.316804725027744816e+00 2.619061607693639715e+00
1.000000000000000000e+00 -4.545134237171104132e+02 -2.543596170779771981e+01 -6.542450438272380270e+06 -7.417318859683696250e+14 -1.607909958612412665e-05 -8.860445643565552872e-07 1.038237937677246403e-06 -4.671342884580590180e+03 -8.304004665947852359e+00 4.017590571223000895e-01 1.928508430036504906e-01 -9.284901035727957108e-01 2.470813506213600963e+00
1.000000000000000000e+00 -4.784905959246401608e+02 -7.191192307258114980e+00 -6.565326682153837755e+06 -7.469280138679680000e+14 -1.698651617397801053e-05 -2.513762281796450940e-07 1.147322565661075142e-06 -2.502697381439204491e+03 -4.440208842713031068e+00 8.724802431909410849e-01 1.032682201411317391e-01 -2.768134207026256011e+00 1.325671430316559984e+00
1.000000000000000000e+00 -4.903973632119194690e+02 1.122571562456269767e+01 -6.588202848796459846e+06 -7.521422611334910000e+14 -1.746986939617226338e-05 3.937748371113697265e-07 1.205415491861479841e-06 6.952888640732066960e+02 1.231150705195534378e+00 9.911597438895515255e-01 -2.794028154958067695e-02 3.472203196045622331e+00 -3.593760217103631471e-01
1.000000000000000000e+00 -4.900642231133451219e+02 2.937168746455138191e+01 -6.611078990957180969e+06 -7.573746396690460000e+14 -1.751862086618648316e-05 1.033875410778361779e-06 1.207429916515169216e-06 3.636743015278000712e+03 6.427041468633104770e+00 7.084066046410013584e-01 -1.477886455957632128e-01 8.734325634000541072e+00 -1.904613435252658693e+00
1.000000000000000000e+00 -4.775163596614725066e+02 4.678512956428864555e+01 -6.633955163806485943e+06 -7.626251621009628750e+14 -1.712913201002082590e-05 1.652522305606285405e-06 1.153147448258416180e-06 5.115703087004117151e+03 9.023146579097454989e+00 1.376278733673472199e-01 -2.075022740041208846e-01 5.323936578109822015e+00 -2.679380803111870879e+00
1.000000000000000000e+00 -4.532010068778729988e+02 6.303169003083120714e+01 -6.656831422910237685e+06 -7.678938413217518750e+14 -1.631296838314817794e-05 2.234053003098704549e-06 1.048414587975310653e-06 4.511720013828215087e+03 7.942379912158433086e+00 -4.892370352057981986e-01 -1.825961598841343292e-01 -1.777343227211654941e+00 -2.362367104030316245e+00
1.000000000000000000e+00 -4.178405937845570861e+02 7.774199940629411287e+01 -6.679707818703026511e+06 -7.731806892122442500e+14 -1.509185644440446189e-05 2.764904489854001984e-06 9.040543605546511357e-07 2.065057975462288141e+03 3.628258590893689739e+00 -9.166906352879193864e-01 -8.321989708345131631e-02 -2.157088430277887436e+00 -1.078761538612097892e+00
1.000000000000000000e+00 -3.722993659449584243e+02 9.055678644639280606e+01 -6.702584397205823101e+06 -7.784857167879605000e+14 -1.349301978399508806e-05 3.231694175079917194e-06 7.342057801065717791e-07 -1.222219046176833444e+03 -2.143256365599914837e+00 -9.713962345855271519e-01 5.004487115738498471e-02 4.729197952942262084e+00 6.499781591097708588e-01
1.000000000000000000e+00 -3.177945211803792631e+02 1.011707511952386938e+02 -6.725461203070037067e+06 -7.838089348911466250e+14 -1.155694500710879603e-05 3.622797072720104459e-06 5.557044387364289053e-07 -4.013464683625238649e+03 -7.024335222734515938e+00 -6.325612662756240345e-01 1.630903480416203422e-01 8.828762890025959820e+00 2.122299829553904171e+00
1.000000000000000000e+00 -2.557242002414769502e+02 1.093622140459303722e+02 -6.748338267422989011e+06 -7.891503513426483750e+14 -9.331323423493586292e-06 3.929443962020475366e-06 3.857811512661186380e-07 -5.186155072100071266e+03 -9.059278267404684115e+00 -3.830401855165216363e-02 2.103518626328147734e-01 4.200966867172986952e+00 2.742600329733918763e+00
1.000000000000000000e+00 -1.875357774847292944e+02 1.149352551845706358e+02 -6.771215622730678879e+06 -7.945099743761877500e+14 -6.866340660885566507e-06 4.143686303672333036e-06 2.403957993176501827e-07 -4.269432638515414510e+03 -7.443585596089648426e+00 5.714893215393384018e-01 1.728929558224859830e-01 -2.441540431442962067e+00 2.258549125560731508e+00
1.000000000000000000e+00 -1.149302667158704594e+02 1.177617847618613069e+02 -6.794093291877814569e+06 -7.998878100723953750e+14 -4.222216415665791544e-06 4.259933767650461862e-06 1.335252142557972614e-07 -1.620513577078031631e+03 -2.819877289349637550e+00 9.509087919411193246e-01 6.574313405739797000e-02 -1.478806990736519555e+00 8.604727689288798054e-01
1.000000000000000000e+00 -3.967486075555651581e+01 1.178038857867429812e+02 -6.816971289573277347e+06 -8.052838626528817500e+14 -1.462451409791731012e-06 4.275806495322719713e-06 7.528744956944788107e-08 1.707232603805744247e+03 2.965086279129752977e+00 9.457058094467964970e-01 -6.797634195088834985e-02 5.708565711254022013e+00 -8.914098199033202441e-01
1.000000000000000000e+00 3.651908065580349216e+01 1.150533411020842038e+02 -6.839849623416584916e+06 -8.106981347006337500e+14 1.350644203138899615e-06 4.189987722429231241e-06 7.098337351848006128e-08 4.365837057345658650e+03 7.567995187465209384e+00 5.562799844009028716e-01 -1.740519742937215730e-01 8.650703820947349243e+00 -2.286808999548952670e+00
1.000000000000000000e+00 1.117945112629851110e+02 1.095725569454762223e+02 -6.862728294726968743e+06 -8.161306273290215000e+14 4.148507273810198644e-06 4.003737197525926602e-06 1.209152929690030396e-07 5.255931929066758130e+03 9.093547038532685534e+00 -6.006764912972843706e-02 -2.091054957434055339e-01 3.020801758486103772e+00 -2.752619135181029630e+00
1.000000000000000000e+00 1.843452665285392129e+02 1.015109296583132874e+02 -6.885607292578802444e+06 -8.215813387335320000e+14 6.863550127696175378e-06 3.721534220847975174e-06 2.202864752731223002e-07 3.997282246908648631e+03 6.902719603525354408e+00 -6.519147310704874743e-01 -1.586617775073217995e-01 -2.922875085392771854e+00 -2.092575619756723793e+00
1.000000000000000000e+00 2.525250232592591146e+02 9.104218331768319672e+01 -6.908486606002768502e+06 -8.270502670645491250e+14 9.433262267793473768e-06 3.348825714857829991e-06 3.597778845646811417e-07 1.102644129651671165e+03 1.900483851545341274e+00 -9.775436426399235490e-01 -4.336717840206456842e-02 -4.490668220800819177e-01 -5.730554083592098724e-01
1.000000000000000000e+00 3.146484389341145516e+02 7.840431832181215555e+01 -6.931366212503197603e+06 -8.325374076687788750e+14 1.179285600772981584e-05 2.893515345979866335e-06 5.259469413025930332e-07 -2.240762564956508868e+03 -3.854780122230936357e+00 -9.050637641462084826e-01 8.964491639012317492e-02 6.802458212425348094e+00 1.186823560474284722e+00
1.000000000000000000e+00 3.691929733958083375e+02 6.391073585454595474e+01 -6.954246082180852070e+06 -8.380427540372053750e+14 1.388283144006076869e-05 2.366414589743076378e-06 7.027518255786274951e-07 -4.674505332078830179e+03 -8.026310217161505278e+00 -4.653513133016173309e-01 1.863431365107926230e-01 8.242437459679432976e+00 2.471709248793482416e+00
1.000000000000000000e+00 4.148929095386106951e+02 4.788556433151170921e+01 -6.977126178716163151e+06 -8.435662980134915000e+14 1.565262422928313387e-05 1.778886129540181077e-06 8.734959131420589436e-07 -5.219713292567185817e+03 -8.945507665026960709e+00 1.626416746881030884e-01 2.077262127207991083e-01 1.793051461003825953e+00 2.760560203544716540e+00
1.000000000000000000e+00 4.505425565084205459e+02 3.070223360073897467e+01 -7.000006464774301276e+06 -8.491080310798001250e+14 1.705331560018059643e-05 1.144288081763610007e-06 1.021536340949765959e-06 -3.654183814691699354e+03 -6.250695465583786969e+00 7.250050449488676385e-01 1.452296093849392566e-01 -3.181072279863991881e+00 1.933666091353677619e+00
1.000000000000000000e+00 4.751991061275066386e+02 1.278922424462879626e+01 -7.022886892146786675e+06 -8.546679419532851250e+14 1.804537278731931164e-05 4.782190121036819872e-07 1.132223779110904466e-06 -5.953182638501405108e+02 -1.016408543033979095e+00 9.940973982877392423e-01 2.401194726004114710e-02 5.471159626730436321e-01 3.203115092669487352e-01
1.000000000000000000e+00 4.882580989511166649e+02 -5.436416753852309824e+00 -7.045767412532824092e+06 -8.602460191756468750e+14 1.860168680014459837e-05 -2.039426257774189933e-07 1.194648547059387376e-06 2.730580560659827825e+03 4.653254234545880941e+00 8.596283475692350073e-01 -1.069170174702690351e-01 7.565325832506713866e+00 -1.428924594416394189e+00
