5.399999825435171078e+04 -3.489990452784865577e-08 9.999999999999999547e-08
5.400917623154792818e+04 1.015508709703862880e-07 9.999999999999999547e-08
5.401835425386019779e+04 -8.349586070592313824e-08 9.999999999999999547e-08
5.402753229983356141e+04 1.298453592116674597e-07 9.999999999999999547e-08
5.403671034700341261e+04 7.424938649295110212e-08 9.999999999999999547e-08
5.404588837165945006e+04 5.762466360129117614e-08 9.999999999999999547e-08
5.405506635206506326e+04 -7.740619358782398800e-08 9.999999999999999547e-08
5.406424426578853308e+04 -6.332686068364242114e-09 9.999999999999999547e-08
5.407342209149769042e+04 7.221386988806139870e-08 9.999999999999999547e-08
5.408259981161015457e+04 -1.000435104175896666e-07 9.999999999999999547e-08
5.409177741079122643e+04 -1.679884669583518484e-07 9.999999999999999547e-08
5.410095487609109841e+04 1.407120440466660366e-08 9.999999999999999547e-08
5.411013219935318921e+04 1.077767379142158370e-08 9.999999999999999547e-08
5.411930937539500155e+04 -6.324688859024847832e-08 9.999999999999999547e-08
5.412848640265670838e+04 -9.789802848249262807e-08 9.999999999999999547e-08
5.413766328557799716e+04 8.089005724168286530e-08 9.999999999999999547e-08
5.414684003127925826e+04 -5.832698732219693615e-08 9.999999999999999547e-08
5.415601664951489511e+04 1.681402127861906734e-07 9.999999999999999547e-08
5.416519315505342092e+04 1.087232327598212783e-07 9.999999999999999547e-08
5.417436956449168065e+04 1.786433508980201941e-07 9.999999999999999547e-08
5.418354589650975686e+04 -8.613332011213075477e-08 9.999999999999999547e-08
5.419272217292372079e+04 -5.351968376882540295e-08 9.999999999999999547e-08
5.420189841516571323e+04 6.732039371029330127e-08 9.999999999999999547e-08
5.421107464458001778e+04 5.880869165978898030e-09 9.999999999999999547e-08
5.422025088450964540e+04 9.588271441597517438e-08 9.999999999999999547e-08
5.422942715671010228e+04 -1.760785058174914844e-07 9.999999999999999547e-08
5.423860348131232604e+04 -1.685560495488845063e-07 9.999999999999999547e-08
5.424777987835141539e+04 1.532234637086487016e-08 9.999999999999999547e-08
5.425695636438672955e+04 1.206780170070831269e-07 9.999999999999999547e-08
5.426613295408015256e+04 -3.828983356671103671e-08 9.999999999999999547e-08
5.427530966130561865e+04 2.590048853255810571e-07 9.999999999999999547e-08
5.428448649572303839e+04 -1.252025629823216440e-07 9.999999999999999547e-08
5.429366346362559852e+04 -1.347720651935808650e-07 9.999999999999999547e-08
5.430284056964534830e+04 -1.223954033674881670e-07 9.999999999999999547e-08
5.431201781440064224e+04 -1.786702908219591748e-07 9.999999999999999547e-08
5.432119519542055787e+04 9.498508396648555343e-08 9.999999999999999547e-08
5.433037270861596335e+04 -7.526004925367262384e-10 9.999999999999999547e-08
5.433955034469520615e+04 -9.280146637379611074e-08 9.999999999999999547e-08
5.434872809150321700e+04 -3.787171472917048786e-08 9.999999999999999547e-08
5.435790593605751201e+04 -2.815953221721410679e-08 9.999999999999999547e-08
5.436708386151034938e+04 7.152434968024852812e-08 9.999999999999999547e-08
5.437626184882670350e+04 -8.645690091115721828e-08 9.999999999999999547e-08
5.438543987791900145e+04 -5.014166373856298837e-08 9.999999999999999547e-08
5.439461792593750579e+04 -3.894015908840903509e-08 9.999999999999999547e-08
5.440379596971935098e+04 -2.929150816324523921e-08 9.999999999999999547e-08
5.441297398775391048e+04 1.185595162534893982e-08 9.999999999999999547e-08
5.442215195662446058e+04 -1.152269901547621907e-07 9.999999999999999547e-08
5.443132985384966742e+04 -3.914597864936677595e-08 9.999999999999999547e-08
5.444050766012472013e+04 -6.765385455696463970e-08 9.999999999999999547e-08
5.444968535707219417e+04 -9.160379471719917933e-08 9.999999999999999547e-08
5.445886292994395626e+04 -1.775217359160279742e-07 9.999999999999999547e-08
5.446804036789060774e+04 -7.070574999358996338e-08 9.999999999999999547e-08
5.447721766198021942e+04 2.449263735228638253e-08 9.999999999999999547e-08
5.448639480763130268e+04 -1.137866455545899859e-07 9.999999999999999547e-08
5.449557180588389019e+04 -5.684568889436320753e-08 9.999999999999999547e-08
5.450474866064601520e+04 6.143524261661013920e-08 9.999999999999999547e-08
5.451392537948414247e+04 -5.038890538788171309e-08 9.999999999999999547e-08
5.452310197436208546e+04 1.886171385133021498e-08 9.999999999999999547e-08
5.453227845893692574e+04 -1.782291773467080761e-08 9.999999999999999547e-08
5.454145485074552562e+04 3.711540181518561083e-08 9.999999999999999547e-08
5.455063117044655519e+04 7.420817955139798685e-08 9.999999999999999547e-08
5.455980743821419310e+04 -1.835736890642781375e-07 9.999999999999999547e-08
5.456898367550088005e+04 1.047698595425539404e-07 9.999999999999999547e-08
5.457815990544040687e+04 2.929046179041734871e-08 9.999999999999999547e-08
5.458733614987490000e+04 4.410772369352271910e-08 9.999999999999999547e-08
5.459651243055328814e+04 1.142929659774821838e-07 9.999999999999999547e-08
5.460568876860050659e+04 -1.463154254657351137e-07 9.999999999999999547e-08
5.461486518178581173e+04 3.760016554038546950e-08 9.999999999999999547e-08
5.462404168663844030e+04 -2.379523105213253517e-07 9.999999999999999547e-08
5.463321829918880394e+04 -1.116110304106974991e-07 9.999999999999999547e-08
5.464239503089991922e+04 3.063664802291288835e-08 9.999999999999999547e-08
5.465157189103920973e+04 -6.442984167404864366e-08 9.999999999999999547e-08
5.466074888641889993e+04 -4.581670667272650200e-08 9.999999999999999547e-08
5.466992601970677060e+04 4.021969182737294488e-08 9.999999999999999547e-08
5.467910329143908166e+04 6.906916948373781350e-09 9.999999999999999547e-08
5.468828069981572480e+04 7.762941877865177301e-08 9.999999999999999547e-08
5.469745823796621698e+04 -1.640414468997637752e-07 9.999999999999999547e-08
5.470663589638320263e+04 4.424445581776716329e-08 9.999999999999999547e-08
5.471581366416204401e+04 1.123186776229714719e-07 9.999999999999999547e-08
5.472499152588361176e+04 1.143879849323903101e-07 9.999999999999999547e-08
5.473416946491129056e+04 2.104402519915925475e-07 9.999999999999999547e-08
5.474334746250811440e+04 7.236297928160527587e-08 9.999999999999999547e-08
5.475252549668864958e+04 1.766400422764954089e-08 9.999999999999999547e-08
5.476170354518134991e+04 -5.585059694091148672e-08 9.999999999999999547e-08
5.477088158609849779e+04 9.569952323692682174e-08 9.999999999999999547e-08
5.478005959582088690e+04 -1.193508363373664484e-08 9.999999999999999547e-08
5.478923755154675018e+04 3.755288386543385586e-08 9.999999999999999547e-08
5.479841543247613299e+04 1.776023187732423683e-07 9.999999999999999547e-08
5.480759321778762387e+04 2.735269777046507925e-08 9.999999999999999547e-08
5.481677089084494219e+04 6.805918253710687339e-08 9.999999999999999547e-08
5.482594843809046870e+04 1.120488075917433457e-07 9.999999999999999547e-08
5.483512585894965741e+04 2.560152305949011435e-07 9.999999999999999547e-08
5.484430312318249344e+04 6.940296418763218870e-08 9.999999999999999547e-08
5.485348023965198809e+04 8.791181626561349909e-08 9.999999999999999547e-08
5.486265720853443054e+04 2.849262149269257320e-08 9.999999999999999547e-08
5.487183403509793425e+04 2.820506267308388291e-07 9.999999999999999547e-08
5.488101072860240674e+04 1.908547546642846939e-07 9.999999999999999547e-08
5.489018729967825493e+04 2.632619319343001641e-07 9.999999999999999547e-08
5.489936376397212734e+04 1.399815573554970712e-08 9.999999999999999547e-08
5.490854014020381874e+04 2.375222740693125363e-07 9.999999999999999547e-08
5.491771644726665545e+04 5.794176468469258575e-08 9.999999999999999547e-08
5.492689270687313547e+04 1.029056757308909468e-07 9.999999999999999547e-08
5.493606894113899034e+04 5.087305303386941511e-08 9.999999999999999547e-08
5.494524517164417193e+04 -1.477996853261005995e-07 9.999999999999999547e-08
5.495442142134707683e+04 -2.608809875110579750e-08 9.999999999999999547e-08
5.496359771211168845e+04 1.454507291833654207e-07 9.999999999999999547e-08
5.497277406311948289e+04 -3.495169163007082291e-08 9.999999999999999547e-08
5.498195049293444754e+04 2.621546895184149256e-09 9.999999999999999547e-08
5.499112701845831180e+04 5.020989463786709141e-08 9.999999999999999547e-08
5.500030365322318539e+04 -6.501924268203757217e-08 9.999999999999999547e-08
5.500948040970264992e+04 -2.705124773143710477e-08 9.999999999999999547e-08
5.501865729669055145e+04 -3.218398057458549620e-09 9.999999999999999547e-08
5.502783431882105651e+04 -1.754865483591973608e-07 9.999999999999999547e-08
5.503701147949635924e+04 -3.228781978927433592e-08 9.999999999999999547e-08
5.504618877905070258e+04 1.106190684636293480e-07 9.999999999999999547e-08
5.505536621337559336e+04 7.668722762854527849e-08 9.999999999999999547e-08
5.506454377616034617e+04 -1.649396855819349303e-08 9.999999999999999547e-08
5.507372145772155636e+04 -1.144501583100405416e-07 9.999999999999999547e-08
5.508289924482061906e+04 1.344368444460212105e-08 9.999999999999999547e-08
5.509207712322580483e+04 3.406234205465891106e-08 9.999999999999999547e-08
5.510125507590783673e+04 -1.314212928737496335e-07 9.999999999999999547e-08
5.511043308193224948e+04 -1.454301343184611831e-07 9.999999999999999547e-08
5.511961112051614327e+04 1.686219897674696065e-07 9.999999999999999547e-08
5.512878916940268391e+04 -2.529210231214719588e-07 9.999999999999999547e-08
5.513796720536197245e+04 -9.793381878676542500e-08 9.999999999999999547e-08
5.514714520596766670e+04 1.547013332025928576e-07 9.999999999999999547e-08
5.515632314871061681e+04 -1.421110518578587372e-07 9.999999999999999547e-08
5.516550101129092945e+04 -1.621946773238431128e-07 9.999999999999999547e-08
5.517467877519569447e+04 -2.560485370925556012e-08 9.999999999999999547e-08
5.518385642444248515e+04 7.260207066361434806e-08 9.999999999999999547e-08
5.519303394436978851e+04 3.456325444614310404e-08 9.999999999999999547e-08
5.520221132515039790e+04 2.994073668933702351e-08 9.999999999999999547e-08
5.521138856004833360e+04 7.920783700669392396e-08 9.999999999999999547e-08
5.522056564620907011e+04 -1.879079607213256392e-07 9.999999999999999547e-08
5.522974258628726966e+04 -9.011806679626238918e-08 9.999999999999999547e-08
5.523891938586274046e+04 1.033544585570576307e-08 9.999999999999999547e-08
5.524809605318945250e+04 -3.918750198328440035e-08 9.999999999999999547e-08
5.525727260150913935e+04 -8.780020164528848608e-08 9.999999999999999547e-08
5.526644904688837414e+04 -1.326518819919496510e-07 9.999999999999999547e-08
5.527562540709773020e+04 1.894175233649792171e-07 9.999999999999999547e-08
5.528480170309183450e+04 6.401411881260601895e-08 9.999999999999999547e-08
5.529397795594787749e+04 -1.971793081833117211e-08 9.999999999999999547e-08
5.530315418679285358e+04 -2.708550535516207103e-07 9.999999999999999547e-08
5.531233041935563961e+04 1.326607829950618041e-07 9.999999999999999547e-08
5.532150667573636747e+04 4.955858197199184284e-08 9.999999999999999547e-08
5.533068297642454127e+04 4.237946204165102559e-08 9.999999999999999547e-08
5.533985934155806899e+04 -9.647922387449591417e-08 9.999999999999999547e-08
5.534903578920898144e+04 1.915276951528558352e-08 9.999999999999999547e-08
5.535821233475986082e+04 -1.011249774865512328e-07 9.999999999999999547e-08
5.536738899319040502e+04 -5.197334772654404545e-08 9.999999999999999547e-08
5.537656577520522114e+04 -9.782452420837084415e-08 9.999999999999999547e-08
5.538574268795586977e+04 5.237538522609542530e-08 9.999999999999999547e-08
5.539491973756189691e+04 -3.717291789723033796e-08 9.999999999999999547e-08
5.540409692614681262e+04 -6.834566544549652641e-08 9.999999999999999547e-08
5.541327425243453763e+04 -1.096966794257185936e-07 9.999999999999999547e-08
5.542245171318960638e+04 -3.847959305124650951e-08 9.999999999999999547e-08
5.543162930036680336e+04 -1.137741417283447506e-07 9.999999999999999547e-08
5.544080700334154244e+04 -2.152732172437504506e-07 9.999999999999999547e-08
5.544998481012470438e+04 -7.038687711294732784e-08 9.999999999999999547e-08
5.545916270501355029e+04 -5.624611270793180253e-08 9.999999999999999547e-08
5.546834066925699153e+04 -1.623745400552168821e-07 9.999999999999999547e-08
5.547751868362799723e+04 -1.154595765097570538e-07 9.999999999999999547e-08
5.548669672600990452e+04 -1.371295560836270419e-08 9.999999999999999547e-08
5.549587477363781363e+04 -7.696702833019657668e-08 9.999999999999999547e-08
5.550505280467841658e+04 -8.976026499909105374e-08 9.999999999999999547e-08
5.551423079548313399e+04 -3.761779087311342156e-08 9.999999999999999547e-08
5.552340872319111077e+04 -8.354242100628367399e-08 9.999999999999999547e-08
5.553258656770631933e+04 -1.006961013086175127e-07 9.999999999999999547e-08
5.554176431012520334e+04 6.790130198787724691e-09 9.999999999999999547e-08
5.555094193399113283e+04 -1.364406425898123568e-07 9.999999999999999547e-08
5.556011942716204067e+04 -1.778862705427159616e-07 9.999999999999999547e-08
5.556929677917571826e+04 -1.313385752539734614e-07 9.999999999999999547e-08
5.557847398389257432e+04 -1.557827455989538459e-07 9.999999999999999547e-08
5.558765104099370365e+04 4.813572754172946116e-08 9.999999999999999547e-08
5.559682795239029656e+04 -6.931706593869412344e-08 9.999999999999999547e-08
5.560600472421436280e+04 -7.543709482743283247e-09 9.999999999999999547e-08
5.561518136689360836e+04 -1.323374132930209284e-07 9.999999999999999547e-08
5.562435789326098893e+04 -1.430317789499572130e-07 9.999999999999999547e-08
5.563353431960265880e+04 -8.395943955773742885e-09 9.999999999999999547e-08
5.564271066564025386e+04 -2.106819218448153801e-08 9.999999999999999547e-08
5.565188695121013734e+04 1.051520734152288031e-08 9.999999999999999547e-08
5.566106319727726805e+04 -4.820837983449211063e-08 9.999999999999999547e-08
5.567023942703899229e+04 6.112011582156323659e-08 9.999999999999999547e-08
5.567941566242533008e+04 3.253748272608014656e-08 9.999999999999999547e-08
5.568859192556362541e+04 2.395386299526078114e-07 9.999999999999999547e-08
5.569776823794483062e+04 1.668963098772922698e-07 9.999999999999999547e-08
5.570694461804782622e+04 8.534827877144881613e-08 9.999999999999999547e-08
5.571612108345374145e+04 1.063237763458888432e-07 9.999999999999999547e-08
5.572529765084469545e+04 3.745209391379716610e-08 9.999999999999999547e-08
5.573447433310372435e+04 8.537814621065808543e-08 9.999999999999999547e-08
5.574365114017196174e+04 2.613568955405322938e-07 9.999999999999999547e-08
5.575282808029598527e+04 7.885605932014277655e-08 9.999999999999999547e-08
5.576200515733620705e+04 7.232369600562833741e-08 9.999999999999999547e-08
5.577118237302418856e+04 2.077595733883935528e-07 9.999999999999999547e-08
5.578035972705089807e+04 4.283856001824225346e-08 9.999999999999999547e-08
5.578953721351142303e+04 1.745686981595908501e-07 9.999999999999999547e-08
5.579871482423622365e+04 1.736690301432738176e-07 9.999999999999999547e-08
5.580789254926979629e+04 1.481909907966479833e-07 9.999999999999999547e-08
5.581707037481167208e+04 1.877950633197979894e-07 9.999999999999999547e-08
5.582624828469462227e+04 2.251247556585516363e-07 9.999999999999999547e-08
