1.000000000000000000e+00 2.961226741597723731e+02 1.935393607029621990e+02 -9.598711880779034691e+05 -4.146632672029434375e+13 7.709371405484811980e-07 4.040992153844008499e+02 5.746503324457014727e+00 -1.135724149135591832e-01 -2.991020243462129691e-01 -3.177432819913860129e+01
1.000000000000000000e+00 3.359916322011893612e+02 1.382328252997997424e+02 -9.686804148389832117e+05 -4.223093448992043750e+13 8.511559621392194168e-07 -4.090623849330111739e+02 -5.776846153799877648e+00 4.960071535346755045e-02 3.006768411285640208e-01 -3.229988355360016783e+01
1.000000000000000000e+00 3.675679503959578938e+02 7.952468331691619596e+01 -9.774897173970110016e+05 -4.300253407040910938e+13 9.382728440601607701e-07 4.123535070454967126e+02 5.783321046849747127e+00 1.447164564026109934e-02 -3.010179892709399230e-01 -3.269615376279067931e+01
1.000000000000000000e+00 3.900471646111515156e+02 1.879501808861558487e+01 -9.862990857565717306e+05 -4.378112475468907812e+13 1.023568979880783030e-06 -4.139497709318373495e+02 -5.766098825951600837e+00 -7.853949633523230056e-02 3.001178319774181480e-01 -3.295729133886219842e+01
1.000000000000000000e+00 4.027303069670407467e+02 -4.244330286967673516e+01 -9.951085090533429757e+05 -4.456670572615761719e+13 1.098080245630006098e-06 4.138150074097268885e+02 5.725160879770623268e+00 1.421871390608568098e-01 -2.979904211088774124e-01 -3.307890613740993047e+01
1.000000000000000000e+00 4.052364023765063052e+02 -1.025838671836418996e+02 -1.003917973792127683e+06 -4.535927589601569531e+13 1.154109108727201392e-06 -4.119315196467969713e+02 -5.660742960569333349e+00 -2.053155928923625084e-01 2.946345614502041133e-01 -3.305912086508246972e+01
1.000000000000000000e+00 3.974761695094420020e+02 -1.601433156776312217e+02 -1.012727466010674019e+06 -4.615883409008491406e+13 1.185837311019525879e-06 4.082853951804595454e+02 5.573126177005724990e+00 2.675133611652841248e-01 -2.900767737586951722e-01 -3.289860416479734795e+01
1.000000000000000000e+00 3.795199180829368970e+02 -2.136229085718067040e+02 -1.021536970599615015e+06 -4.696537898442350781e+13 1.189245033843429636e-06 -4.028640016859212096e+02 -5.462601532207578714e+00 -3.286878220139112239e-01 2.843218877707250347e-01 -3.259948489249154591e+01
1.000000000000000000e+00 3.517926398809734678e+02 -2.615619004252212108e+02 -1.030346471123796771e+06 -4.777890908420732031e+13 1.163621453704648790e-06 3.956762227861711949e+02 5.329742170572650650e+00 3.884374825731556902e-01 -2.774085086570301506e-01 -3.216744953537862983e+01
1.000000000000000000e+00 3.150131013925849857e+02 -3.027508197935146654e+02 -1.039155951776342816e+06 -4.859942290124943750e+13 1.111735435200922130e-06 -3.867149541676803892e+02 -5.174892255963984944e+00 -4.466763811393796857e-01 2.693472645898071782e-01 -3.160846542556021888e+01
1.000000000000000000e+00 2.700439984097754973e+02 -3.360871851711996214e+02 -1.047965397757411352e+06 -4.942691899221906250e+13 1.038501073559276019e-06 3.760120155033600895e+02 4.998904451744051514e+00 5.030174705549383951e-01 -2.601884116749549336e-01 -3.093288782404944826e+01
1.000000000000000000e+00 2.180621509085679577e+02 -3.606284361992765071e+02 -1.056774794138514204e+06 -5.026139585460614844e+13 9.512103546228688203e-07 -3.635669560395627968e+02 -4.802183101168456147e+00 -5.573817314154880798e-01 2.499484270688957510e-01 -3.015017091757955470e+01
1.000000000000000000e+00 1.604607279696435853e+02 -3.757856216541634922e+02 -1.065584127809924772e+06 -5.110285211299795312e+13 8.590118999434932913e-07 3.494339223728483148e+02 4.585838647385389599e+00 6.094021627911290206e-01 -2.386884928138467699e-01 -2.927468941955905990e+01
1.000000000000000000e+00 9.868274013291124902e+01 -3.811563181627412860e+02 -1.074393387318774825e+06 -5.195128651063303906e+13 7.712003194703510589e-07 -3.336208389541975521e+02 -4.350350418464617341e+00 -6.590071449701198070e-01 2.264312138725974033e-01 -2.831885544300914148e+01
1.000000000000000000e+00 3.437081092500578450e+01 -3.765637313283883145e+02 -1.083202562455879990e+06 -5.280669787568634375e+13 6.967804552487078050e-07 3.162030365238033482e+02 4.097058944183281426e+00 7.058547117186022568e-01 -2.132478260830035499e-01 -2.730015469100063186e+01
1.000000000000000000e+00 -3.075509420852248965e+01 -3.622184812442371253e+02 -1.092011646721269470e+06 -5.366908536854716406e+13 6.436923579960655247e-07 -2.971988829862455646e+02 -3.826537499987697544e+00 -7.498822110904856952e-01 1.991674115118607369e-01 -2.623325311329552179e+01
1.000000000000000000e+00 -9.506728519508220643e+01 -3.385188190747192039e+02 -1.100820635850700317e+06 -5.453844835052235938e+13 6.173692521046369067e-07 2.767033981340388209e+02 3.540325708984632946e+00 7.907770166407790402e-01 -1.842703425571590725e-01 -2.513763680566663439e+01
1.000000000000000000e+00 -1.568850869324430732e+02 -3.060730501567512079e+02 -1.109629527093399083e+06 -5.541478632056156250e+13 6.204193061336809268e-07 -2.547473593174586313e+02 -3.239107987517584331e+00 -8.284885284230532054e-01 1.685923302718021488e-01 -2.402934527247477803e+01
1.000000000000000000e+00 -2.146011678878809334e+02 -2.658299097297732487e+02 -1.118438321060568793e+06 -5.629809910735170312e+13 6.526785630189506354e-07 2.314429147920886294e+02 2.924580019829357891e+00 8.627382890905501700e-01 -1.522214219504487154e-01 -2.292857963953166944e+01
1.000000000000000000e+00 -2.668361687212136530e+02 -2.188507347846279458e+02 -1.127247021285638446e+06 -5.718838683802613281e+13 7.109863903054669971e-07 -2.068355435911197446e+02 -2.597558490800460973e+00 -8.934906289252965150e-01 1.352002567419838264e-01 -2.185175980184086342e+01
1.000000000000000000e+00 -3.122810404906265376e+02 -1.663244106477654327e+02 -1.136055632783533772e+06 -5.808564980242271094e+13 7.894087499779086309e-07 1.810514508229005912e+02 2.259847717906902087e+00 9.205051992912374192e-01 -1.176228981543839675e-01 -2.081845203768561348e+01
1.000000000000000000e+00 -3.498124073541384860e+02 -1.096778342192822322e+02 -1.144864163701765938e+06 -5.898988862910342188e+13 8.802968542219561803e-07 -1.541522688251057787e+02 -1.912407076393681793e+00 -9.437655648058366209e-01 9.953865002632099335e-02 -1.984435505314965553e+01
1.000000000000000000e+00 -3.786206811418458074e+02 -5.033480650567943115e+01 -1.153672624022840057e+06 -5.990110416302543750e+13 9.751459812292797746e-07 1.262748307966612202e+02 1.557100073574474663e+00 9.630722123179920047e-01 -8.104580701209034010e-02 -1.894708705016930139e+01
1.000000000000000000e+00 -3.980319315294701141e+02 1.026317361836718689e+01 -1.162481023875128943e+06 -6.081929729606966406e+13 1.064709894760011795e-06 -9.749763671206613935e+01 -1.195030486962924465e+00 -9.784323860406705098e-01 6.219966897403891165e-02 -1.814050812582846461e+01
1.000000000000000000e+00 -4.076095999985934100e+02 7.055350944874528807e+01 -1.171289376218281686e+06 -6.174446925074092188e+13 1.140247181679887354e-06 6.796398422147069596e+01 8.280652430424727539e-01 9.896891238517140366e-01 -4.310057326537591188e-02 -1.743910116610883421e+01
1.000000000000000000e+00 -4.072547695273731847e+02 1.290924612303240337e+02 -1.180097694985407405e+06 -6.267662139404885938e+13 1.194997903650293356e-06 -3.776994230401331976e+01 -4.574549691549029684e-01 -9.968771188914246073e-01 2.380928431181170493e-02 -1.685386710339049543e+01
1.000000000000000000e+00 -3.970091277502619960e+02 1.845193261963656255e+02 -1.188905993696150370e+06 -6.361575509294400781e+13 1.223991419149863795e-06 7.060901776899979332e+00 8.501465300186293594e-02 9.998822398767444053e-01 -4.425892981721061062e-03 -1.639520284153053353e+01
1.000000000000000000e+00 -3.771489376456968898e+02 2.354529459693138449e+02 -1.197714287190308096e+06 -6.456187189957705469e+13 1.224640164368658701e-06 2.405032884483675915e+01 2.878732596438089431e-01 -9.987703622965300454e-01 -1.498466943305561648e-02 -1.607037188910227243e+01
1.000000000000000000e+00 -3.482619890630679720e+02 2.807226738995573783e+02 -1.206522589601609623e+06 -6.551497333648167969e+13 1.197495416046583918e-06 -5.542015153518985926e+01 -6.594921442840726566e-01 9.934687198264742225e-01 3.432454517921677828e-02 -1.588506311031511764e+01
1.000000000000000000e+00 -3.110376008048531844e+02 3.193143851274880944e+02 -1.215330914170430508e+06 -6.647506087328776562e+13 1.145190269107609629e-06 8.692061200013164068e+01 1.028350227649251991e+00 -9.840771579392363355e-01 -5.352614349714167330e-02 -1.584217561598702062e+01
1.000000000000000000e+00 -2.663598476302877316e+02 3.502655151142236036e+02 -1.224139275285140378e+06 -6.744213614811001562e+13 1.072543260094512056e-06 -1.184135074812014068e+02 -1.392869547108543937e+00 9.705615463014488631e-01 7.249569915599329839e-02 -1.594242709622830922e+01
1.000000000000000000e+00 -2.153660377255577600e+02 3.728853611621101436e+02 -1.232947685600216733e+06 -6.841620065226796094e+13 9.869322064362968961e-07 1.497575261655424015e+02 1.751471919693812440e+00 -9.530577565402760243e-01 -9.116429018886193503e-02 -1.618403010734130731e+01
1.000000000000000000e+00 -1.592294068111232548e+02 3.866830270989850078e+02 -1.241756155735211680e+06 -6.939725568976535938e+13 8.965823916015257315e-07 -1.808235306905133939e+02 -2.102756680155329239e+00 9.315662045050010498e-01 1.094442243347544808e-01 -1.656283988281287023e+01
1.000000000000000000e+00 -9.925522053089787278e+01 3.912617417868349321e+02 -1.250564695794455241e+06 -7.038530254029023438e+13 8.097961409665922159e-07 2.114598501623335096e+02 2.445094329773905617e+00 -9.062596170999889233e-01 -1.272670001830528141e-01 -1.707239847246940911e+01
1.000000000000000000e+00 -3.692351924378696992e+01 3.865294534362425338e+02 -1.259373314394706627e+06 -7.138034234694870312e+13 7.349409690759683831e-07 -2.415483961883080326e+02 -2.777278194319277471e+00 8.771683088218253932e-01 1.445520460897880000e-01 -1.770415383764984085e+01
1.000000000000000000e+00 2.633170715285502439e+01 3.726087840552697230e+02 -1.268182017910309369e+06 -7.238237602420171875e+13 6.791203806919870713e-07 2.709306151695067229e+02 3.097665970930358892e+00 -8.445017819845839213e-01 -1.612330062047909462e-01 -1.844732945702256188e+01
1.000000000000000000e+00 8.902341640823196656e+01 3.497302660057760590e+02 -1.276990812046519713e+06 -7.339140442982096875e+13 6.474039821073731578e-07 -2.995011016218116424e+02 -3.405256218312472605e+00 8.083149667160205443e-01 1.772373899456342050e-01 -1.928970854578312100e+01
1.000000000000000000e+00 1.495831274958489416e+02 3.184336320664452842e+02 -1.285799699137937976e+06 -7.440742804956467188e+13 6.428410560472171868e-07 3.270982367246224385e+02 3.698434092476734936e+00 -7.688531539886779287e-01 -1.925026180345107973e-01 -2.021685844803665688e+01
1.000000000000000000e+00 2.065824087829622329e+02 2.794582741936271759e+02 -1.294608679033057531e+06 -7.543044708689142188e+13 6.659609793987955723e-07 -3.536303632927085232e+02 -3.976407017655291476e+00 7.261898999694030854e-01 2.069650159995960748e-01 -2.121386473987177723e+01
1.000000000000000000e+00 2.586311939641952335e+02 2.336328935600887178e+02 -1.303417750831904588e+06 -7.646046165696918750e+13 7.143980028747644317e-07 3.789367654970333206e+02 4.237627510740666459e+00 -6.806045612341593554e-01 -2.205672399868613409e-01 -2.226355669026472128e+01
1.000000000000000000e+00 3.043613697564679796e+02 1.820658559692345193e+02 -1.312226910930882441e+06 -7.749747155277285938e+13 7.832710993368144606e-07 -4.029390566933137734e+02 -4.481497488054566603e+00 6.321846490644801309e-01 2.332543631001876283e-01 -2.334938594507443099e+01
1.000000000000000000e+00 3.426448897301177681e+02 1.260135602025600861e+02 -1.321036153206692543e+06 -7.854147625623485938e+13 8.658093157669560921e-07 4.254819907588300225e+02 4.706581640979183412e+00 -5.812405332395603752e-01 -2.449758796420642148e-01 -2.445256420627494265e+01
1.000000000000000000e+00 3.724867048989357272e+02 6.676366765894094613e+01 -1.329845469779218780e+06 -7.959247501957373438e+13 9.536174122678200861e-07 -4.464997634378119642e+02 -4.912459666528882885e+00 5.278687914948823057e-01 2.556855082886136388e-01 -2.555602714394514408e+01
1.000000000000000000e+00 3.930141556979906454e+02 5.812289770606765771e+00 -1.338654850405794103e+06 -8.065046678534059375e+13 1.037582128918710987e-06 4.658467619808766358e+02 5.097846930434882573e+00 -4.724077107792285513e-01 -2.653407922181193479e-01 -2.664058531461160939e+01
1.000000000000000000e+00 4.036842268976461696e+02 -5.529024945639782374e+01 -1.347464282469491474e+06 -8.171545017563157812e+13 1.109358592150959539e-06 -4.834685217374039894e+02 -5.262478343547608794e+00 4.149587988128899951e-01 2.739037265955664435e-01 -2.768973721777520680e+01
1.000000000000000000e+00 4.041622610611838695e+02 -1.150615552243217650e+02 -1.356273753963306779e+06 -8.278742384698487500e+13 1.161513506075303441e-06 4.992330823672534166e+02 5.405255392129588721e+00 -3.558850714520522818e-01 -2.813409437013237313e-01 -2.868513002823698343e+01
1.000000000000000000e+00 3.943064960183307903e+02 -1.719220290850365700e+02 -1.365083250243760645e+06 -8.386638609390175000e+13 1.188005095455538610e-06 -5.130956379343258504e+02 -5.526041411186204400e+00 2.952907037112905697e-01 2.876221117007055073e-01 -2.961179301694159349e+01
1.000000000000000000e+00 3.743542197734861361e+02 -2.243658642387200359e+02 -1.373892755027846666e+06 -8.495233496168225000e+13 1.185913396613787437e-06 5.249421423911653619e+02 5.623960813325427743e+00 -2.335582733493271057e-01 -2.927241033722975949e-01 -3.045342915515489679e+01
1.000000000000000000e+00 3.447739108046527008e+02 -2.710793328324187996e+02 -1.382702252885897178e+06 -8.604526855018553125e+13 1.155365756657445228e-06 -5.347359350388263692e+02 -5.698981034942743662e+00 1.707927159972734144e-01 2.966237193583368126e-01 -3.119744353540623649e+01
1.000000000000000000e+00 3.062342125065510459e+02 -3.107791660609031510e+02 -1.391511727947000414e+06 -8.714518485506356250e+13 1.099029605127426272e-06 5.423843600028220635e+02 5.750476519941025266e+00 -1.073928637684437581e-01 -2.993088087548267939e-01 -3.183065915117408906e+01
1.000000000000000000e+00 2.597613256778216169e+02 -3.423862579237896284e+02 -1.400321164885941660e+06 -8.825208189041106250e+13 1.022704768933500509e-06 -5.478578273710137410e+02 -5.778499822468282865e+00 4.346313784569666439e-02 3.007629302636454227e-01 -3.234355342981481840e+01
1.000000000000000000e+00 2.065572929627686847e+02 -3.651236483928763050e+02 -1.409130550019108923e+06 -8.936595782993284375e+13 9.342700960390702863e-07 5.510884967711031095e+02 5.782701037931701649e+00 2.058605113836020628e-02 -3.009857003057357372e-01 -3.272697623805731126e+01
1.000000000000000000e+00 1.479513331156366007e+02 -3.783439282503986192e+02 -1.417939870000019437e+06 -9.048681084696079688e+13 8.424632642839135022e-07 -5.520532895587166422e+02 -5.763204707141659000e+00 -8.465133496359436571e-02 2.999672147584874216e-01 -3.297500275650423163e+01
1.000000000000000000e+00 8.553092350244152442e+01 -3.816891732079708959e+02 -1.426749112976120785e+06 -9.161463926435296875e+13 7.568801484922249204e-07 5.507121087944378814e+02 5.719956066058591304e+00 1.483166748693929005e-01 -2.977194966297125878e-01 -3.308318541250069700e+01
1.000000000000000000e+00 2.093270086261079044e+01 -3.751539634962338141e+02 -1.435558270379112568e+06 -9.274944179175743750e+13 6.866249280192258737e-07 -5.470485188714037577e+02 -5.653145955458793281e+00 -2.114798572253640541e-01 2.942391644741468304e-01 -3.304953799281387461e+01
1.000000000000000000e+00 -4.421213159179171015e+01 -3.588904737576480102e+02 -1.444367336194537580e+06 -9.389121744367357812e+13 6.388080905564063551e-07 5.410525499907190579e+02 5.563027836311984053e+00 2.737241908465712359e-01 -2.895511458041848396e-01 -3.287470143896891273e+01
1.000000000000000000e+00 -1.081592239156408652e+02 -3.333465851344283237e+02 -1.453176305572010810e+06 -9.503996536779120312e+13 6.183730672442720259e-07 -5.327152602890096205e+02 -5.449860593746507220e+00 -3.349502748672202324e-01 2.836587541699422954e-01 -3.256077491129182988e+01
1.000000000000000000e+00 -1.692688469340608606e+02 -2.992917455821200861e+02 -1.461985177438535262e+06 -9.619568519350796875e+13 6.276312910118721599e-07 5.220582299863318667e+02 5.314208624755234922e+00 3.947479197902968862e-01 -2.765999843789481716e-01 -3.211354481778308667e+01
1.000000000000000000e+00 -2.260470873497492903e+02 -2.576002483448480120e+02 -1.470793952395691536e+06 -9.735837676851625000e+13 6.656400671323311119e-07 -5.090814544857865371e+02 -5.156406485029493503e+00 -4.530216357206311439e-01 2.683851170567941868e-01 -3.153911021569149042e+01
1.000000000000000000e+00 -2.770233556595156870e+02 -2.093732320250938415e+02 -1.479602633977239020e+06 -9.852804033293182812e+13 7.284593664990412954e-07 4.938384093076354588e+02 4.977321127069568973e+00 5.093749445082269567e-01 -2.590650044183199219e-01 -3.084809744359853312e+01
1.000000000000000000e+00 -3.209580098522146727e+02 -1.559385823982757131e+02 -1.488411228878337191e+06 -9.970467656162764062e+13 8.100179839110350600e-07 -4.763399269325385035e+02 -4.777374774297357796e+00 -5.637182920469441250e-01 2.486571942368098476e-01 -3.005027949916366836e+01
1.000000000000000000e+00 -3.568558282669544610e+02 -9.862366158868692878e+01 -1.497219745306927944e+06 -1.008882863545866250e+14 9.025427629746858359e-07 4.566705896939505465e+02 4.557717434861715766e+00 6.156759904563680053e-01 -2.372247985703957174e-01 -2.916046009234192127e+01
1.000000000000000000e+00 -3.838306660508173422e+02 -3.887481626801258017e+01 -1.506028192153803306e+06 -1.020788707303920625e+14 9.969057028243939512e-07 -4.348536821288051897e+02 -4.318867943143981591e+00 -6.651682688435947011e-01 2.247925940629895147e-01 -2.819149231729418403e+01
1.000000000000000000e+00 -4.012946731267446125e+02 2.175374206305549407e+01 -1.514836581557143945e+06 -1.032764311786175938e+14 1.084047941212456263e-06 4.110026875133430622e+02 4.062226577775293279e+00 7.118470434198760355e-01 -2.114348281771511184e-01 -2.716136339643895781e+01
1.000000000000000000e+00 -4.089410348716584735e+02 8.182429535601396253e+01 -1.523644926111199195e+06 -1.044809692898811875e+14 1.155868093278825251e-06 -3.851555120182997030e+02 -3.788423255151683655e+00 -7.556448924377368037e-01 1.971836089353397603e-01 -2.608520664886676954e+01
1.000000000000000000e+00 -4.065963592526733237e+02 1.398869316580512248e+02 -1.532453239425049396e+06 -1.056924868347279844e+14 1.205450924493715177e-06 3.574509433629717705e+02 3.499063337823887121e+00 7.962478003637695201e-01 -1.821226759258270655e-01 -2.498293986303580638e+01
1.000000000000000000e+00 -3.943938926114977903e+02 1.944923213009325025e+02 -1.541261536327303620e+06 -1.069109857960508906e+14 1.228438845545746027e-06 -3.279431721604780705e+02 -3.194897390879813504e+00 -8.336043118486897718e-01 1.662912117150638636e-01 -2.387098027632598018e+01
1.000000000000000000e+00 -3.727305925891749894e+02 2.444042850308805725e+02 -1.550069830457345117e+06 -1.081364680378440156e+14 1.223292007032076627e-06 2.967917056620368044e+02 2.877682880521895026e+00 8.674393491528670230e-01 -1.497804786999893112e-01 -2.276977625719346676e+01
1.000000000000000000e+00 -3.421122408099239465e+02 2.884566594360761655e+02 -1.558878135742508108e+06 -1.093689355077620938e+14 1.190399995920784689e-06 -2.640679977213355869e+02 -2.548294330126354090e+00 -8.977212334615869427e-01 1.326360977896059168e-01 -2.169590529888657215e+01
1.000000000000000000e+00 -3.033173817163605008e+02 3.255657570689577938e+02 -1.567686466739293886e+06 -1.106083902864111875e+14 1.132906145900378596e-06 2.299473023019251343e+02 2.208586792321080239e+00 9.242167247309540645e-01 -1.149548316478005566e-01 -2.066893180568580135e+01
1.000000000000000000e+00 -2.573352619889384982e+02 3.549276124337281431e+02 -1.576494836879698560e+06 -1.118548343409912656e+14 1.056731506169442506e-06 -1.945194942941871545e+02 -1.859564386614974696e+00 -9.469169159842292238e-01 9.678822515783162828e-02 -1.970445535629619727e+01
1.000000000000000000e+00 -2.052080642356623343e+02 3.758599441412191027e+02 -1.585303257937049726e+06 -1.131082694446158125e+14 9.690373249154952664e-07 1.579693462591311004e+02 1.503115501675077237e+00 9.656325448651414955e-01 -7.823598403274757696e-02 -1.881980765918897447e+01
1.000000000000000000e+00 -1.481910021089636871e+02 3.878159542118239074e+02 -1.594111741225716425e+06 -1.143686973418819062e+14 8.780655090690096154e-07 -1.204053630920593463e+02 -1.140371161303314285e+00 -9.803804175639628804e-01 5.935468421009142820e-02 -1.802851130546391900e+01
1.000000000000000000e+00 -8.767524660517526058e+01 3.905654536911116566e+02 -1.602920296366763534e+06 -1.156361195689578281e+14 7.926354986893875790e-07 8.201628297163469483e+01 7.731979008231349981e-01 9.910149805738894813e-01 -4.024480791780780248e-02 -1.734454463115672240e+01
1.000000000000000000e+00 -2.502958226107004336e+01 3.840227888011339132e+02 -1.611728931082899449e+06 -1.169105374171228125e+14 7.206209243094002975e-07 -4.292886496671999197e+01 -4.028463364786446510e-01 -9.975812454982906363e-01 2.096693416587327649e-02 -1.677838757446118478e+01
1.000000000000000000e+00 3.824092884525131808e+01 3.682629299773593630e+02 -1.620537652552844491e+06 -1.181919521228002500e+14 6.686411476514089036e-07 3.330355934102100068e+00 3.110922893995944280e-02 9.999758006343996142e-01 -1.620197277063514579e-03 -1.633982370814976193e+01
1.000000000000000000e+00 1.005855438041944154e+02 3.436857389649957781e+02 -1.629346465124961687e+06 -1.194803645300815938e+14 6.417500191764060482e-07 3.663491575463078931e+01 3.406523936773993011e-01 -9.982738133995844310e-01 -1.773179762649304200e-02 -1.603553044881081036e+01
1.000000000000000000e+00 1.605651051163848422e+02 3.108297027128073751e+02 -1.638155370167705463e+06 -1.207757750574541406e+14 6.424534335864569705e-07 -7.678676070546171673e+01 -7.107702370889444898e-01 9.924111208009398499e-01 3.699349051704667324e-02 -1.587058660799528020e+01
1.000000000000000000e+00 2.166940875061128224e+02 2.703883387092575958e+02 -1.646964368647028459e+06 -1.220781840680782188e+14 6.704832634517615651e-07 1.169647011802349112e+02 1.077787758814356511e+00 -9.824944578814116536e-01 -5.609934394184950407e-02 -1.584736029703674198e+01
1.000000000000000000e+00 2.675436187899941842e+02 2.233557894830276211e+02 -1.655773458501612535e+06 -1.233875914769982656e+14 7.231137291508278172e-07 -1.569991128544976391e+02 -1.440190690798447415e+00 9.684949353015888107e-01 7.495869103674081269e-02 -1.596608183936435310e+01
1.000000000000000000e+00 3.118940230660516590e+02 1.708249425910350396e+02 -1.664582635172005743e+06 -1.247039968184221562e+14 7.952120706867939837e-07 1.967159313784140693e+02 1.796451314670026500e+00 -9.505517922200087400e-01 -9.350544647822402189e-02 -1.622458137734623662e+01
1.000000000000000000e+00 3.485755390936608933e+02 1.139999885058599745e+02 -1.673391893077465706e+06 -1.260273994582667656e+14 8.793245430426941438e-07 -2.359591483175595101e+02 -2.145233285310196969e+00 9.286668317766364478e-01 1.116550663488692224e-01 -1.661842563172559295e+01
1.000000000000000000e+00 3.765797790488601322e+02 5.432148144876803997e+01 -1.682201223244277993e+06 -1.273577982309929375e+14 9.668461062479864330e-07 2.745436516952213424e+02 2.484960541575088833e+00 -9.030123521464203940e-01 -1.293420163500468290e-01 -1.714097387034300013e+01
1.000000000000000000e+00 3.951996616575083294e+02 -6.751796628583226045e+00 -1.691010614660268882e+06 -1.286951916323244688e+14 1.049190223812951573e-06 -3.123294002566878476e+02 -2.814491003528072799e+00 8.736156996703200450e-01 1.464889174377958792e-01 -1.778361188958474060e+01
1.000000000000000000e+00 4.038625840317096731e+02 -6.773657654520400229e+01 -1.699820055939471116e+06 -1.300395780658661875e+14 1.117801142200863941e-06 3.491232507428698000e+02 3.132226260774968463e+00 -8.406825586376440729e-01 -1.630318495733263373e-01 -1.853557318357061590e+01
1.000000000000000000e+00 4.022412172049411652e+02 -1.270191646757638040e+02 -1.708629533573473571e+06 -1.313909555726841094e+14 1.165217614479723067e-06 -3.848014635178734011e+02 -3.437215832114866032e+00 8.042614406963353169e-01 1.789008429072187489e-01 -1.938476267818749577e+01
1.000000000000000000e+00 3.903691335290058078e+02 -1.830858316106546226e+02 -1.717439032346304273e+06 -1.327493218870267500e+14 1.186502997706955253e-06 4.191672332874081803e+02 3.727875999052134848e+00 -7.645909413467883997e-01 -1.940350495208577608e-01 -2.031690015253905202e+01
1.000000000000000000e+00 3.684563159244588064e+02 -2.345180293004683278e+02 -1.726248537100888090e+06 -1.341146747040319219e+14 1.179071693352206870e-06 -4.521129979495694897e+02 -4.003440772862475683e+00 7.217364781651546268e-01 2.083720882071100899e-01 -2.131728117025425817e+01
1.000000000000000000e+00 3.369873439931339476e+02 -2.798971615026765676e+02 -1.735058031519788550e+06 -1.354870114895412500e+14 1.143282343743151060e-06 4.834424597091229430e+02 4.262375050054204806e+00 -6.759693347658410900e-01 -2.218553292576126157e-01 -2.236893629241124515e+01
1.000000000000000000e+00 2.968026254359223230e+02 -3.180357930320183186e+02 -1.743867499850956257e+06 -1.368663297463882969e+14 1.083014502563338459e-06 -5.130634297008464273e+02 -4.504084089063555396e+00 6.273682685028847406e-01 2.344299704832294995e-01 -2.345552514060245386e+01
1.000000000000000000e+00 2.488882209319108938e+02 -3.479600381295911120e+02 -1.752676927912301151e+06 -1.382526271751234219e+14 1.004285352941898813e-06 5.407848938274878492e+02 4.727119483501569519e+00 -5.762368843194350942e-01 -2.460448534899820072e-01 -2.455839305744416379e+01
1.000000000000000000e+00 1.944545914248564600e+02 -3.688103011155914714e+02 -1.761486312018753495e+06 -1.396459030956655156e+14 9.148247264041851963e-07 -5.665274793526859867e+02 -4.931029226826399103e+00 5.226678662936964370e-01 2.566520376430630468e-01 -2.566051999035311937e+01
1.000000000000000000e+00 1.349838358321186433e+02 -3.800575742582748831e+02 -1.770295617048063781e+06 -1.410461518068075000e+14 8.241142610744709621e-07 5.901141850708966103e+02 5.114522917820723436e+00 -4.669885680170894338e-01 -2.662087555871788247e-01 -2.674286987538858540e+01
1.000000000000000000e+00 7.199607268914999736e+01 -3.814558822272401812e+02 -1.779104843834139407e+06 -1.424533732539810312e+14 7.416730491057696319e-07 -6.114781023816311745e+02 -5.277282031171573351e+00 4.093005887998121262e-01 2.746742508812904382e-01 -2.778882790050728602e+01
1.000000000000000000e+00 7.115443614786617132e+00 -3.729258283850143130e+02 -1.787913983561805217e+06 -1.438675658324043438e+14 6.759161181246950886e-07 6.304563389244057134e+02 5.418168536171510397e+00 -3.499661362279707921e-01 -2.820130500882808144e-01 -2.877994051432767009e+01
1.000000000000000000e+00 -5.790351875049208985e+01 -3.547459424916476110e+02 -1.796723029984856956e+06 -1.452887283248088750e+14 6.338373620908841763e-07 -6.469952404353425663e+02 -5.536998334972439650e+00 2.890904342688308537e-01 2.881924206063041227e-01 -2.970107719521997680e+01
1.000000000000000000e+00 -1.214170729121000392e+02 -3.274667490026464520e+02 -1.805531980189791415e+06 -1.467168600357452188e+14 6.199623545078379848e-07 6.609548653305525932e+02 5.632855023914177472e+00 -2.270608722609788188e-01 -2.931870235692662363e-01 -3.053575461007873670e+01
1.000000000000000000e+00 -1.818221531690768131e+02 -2.917758091241882994e+02 -1.814340832459585974e+06 -1.481519604559259375e+14 6.356745803437184704e-07 -6.722926609391455486e+02 -5.705663954749244482e+00 1.639876373278074118e-01 2.969715753746105524e-01 -3.127118872649578663e+01
1.000000000000000000e+00 -2.375311930263293334e+02 -2.486661811007507481e+02 -1.823149588157491991e+06 -1.495940295761088750e+14 6.794208536220620047e-07 6.808975886758846627e+02 5.754772875315884662e+00 -1.002778089993681676e-01 -2.995324106859665325e-01 -3.189406131751126594e+01
1.000000000000000000e+00 -2.872029800768632981e+02 -1.993191890339583381e+02 -1.831958252145335311e+06 -1.510430679682856562e+14 7.470413855292032023e-07 -6.867378045125730068e+02 -5.780206845608227617e+00 3.604521057009196783e-02 3.008518001854745827e-01 -3.239472976552799111e+01
1.000000000000000000e+00 -3.296510525325219874e+02 -1.449614691643830042e+02 -1.840766830637622625e+06 -1.524990764439966875e+14 8.319361431873166330e-07 6.897362962183715354e+02 5.781611888307788938e+00 2.828928678051562118e-02 -3.009289882330335453e-01 -3.276405305303742210e+01
1.000000000000000000e+00 -3.638076307228228643e+02 -8.702202000496333767e+01 -1.849575331907249056e+06 -1.539620561771816562e+14 9.257541127305067059e-07 -6.898721179995804960e+02 -5.759107850807930085e+00 -9.261148106884739550e-02 2.997540020051872034e-01 -3.299616254836361406e+01
1.000000000000000000e+00 -3.889335771004509752e+02 -2.699926971328117986e+01 -1.858383766585840611e+06 -1.554320087625799375e+14 1.019639797862037284e-06 6.871062720323971007e+02 5.712662531139053534e+00 1.564939312057758991e-01 -2.973398498733568762e-01 -3.308683665369877502e+01
1.000000000000000000e+00 -4.044979531223128220e+02 3.367568486327932220e+01 -1.867192145843033446e+06 -1.569089359190727812e+14 1.104604046702251767e-06 -6.814290163952042576e+02 -5.642486494343455838e+00 -2.198245791667928772e-01 2.936843766472269079e-01 -3.303436587659280832e+01
1.000000000000000000e+00 -4.101306332741491474e+02 9.348202013226067209e+01 -1.876000482726005604e+06 -1.583928397180120938e+14 1.172295154018729784e-06 6.728418611921241563e+02 5.548879691142125203e+00 2.821777985278241530e-01 -2.888147226029941783e-01 -3.283983928472884628e+01
1.000000000000000000e+00 -4.058110445830690196e+02 1.509444969179364477e+02 -1.884808791869431268e+06 -1.598837225414554375e+14 1.216746513856621350e-06 -6.613469369653489593e+02 -5.432142337334060045e+00 -3.434459542050344316e-01 2.827365630292991705e-01 -3.250582359144657829e+01
1.000000000000000000e+00 -3.917214214578892779e+02 2.047546446016070831e+02 -1.893617086893518688e+06 -1.613815866449594062e+14 1.234246424989910070e-06 6.469870337392628699e+02 5.292902470011522809e+00 4.032137707484658717e-01 -2.754909953042398718e-01 -3.203870628672163434e+01
1.000000000000000000e+00 -3.681945221308856731e+02 2.536077674587922388e+02 -1.902425381716279779e+06 -1.628864343782721250e+14 1.223031193909956008e-06 -6.297766838442956896e+02 -5.131547853776551094e+00 -4.613819338488567290e-01 2.670912741777120014e-01 -3.144515223510262558e+01
1.000000000000000000e+00 -3.358860688450188263e+02 2.963345693952491047e+02 -1.911233691135214409e+06 -1.643982682865828125e+14 1.184443306375910057e-06 6.097990428594387140e+02 4.949017023845279972e+00 5.175529476327414002e-01 -2.575917827828854145e-01 -3.073642449965551293e+01
1.000000000000000000e+00 -2.956081720555565653e+02 3.320035550221040239e+02 -1.920042028698932379e+06 -1.659170907461684062e+14 1.122427521376200399e-06 -5.870820675811602314e+02 -4.745787451625480990e+00 -5.716381410476363278e-01 2.470131251217216606e-01 -2.992283604263363728e+01
1.000000000000000000e+00 -2.482782589283452808e+02 3.597508525397041126e+02 -1.928850407767635537e+06 -1.674429041435629688e+14 1.042683011219477758e-06 5.617464340637303621e+02 4.523075641787833057e+00 6.232656168456499612e-01 -2.354217121867075435e-01 -2.901972285886986569e+01
1.000000000000000000e+00 -1.950799485682096019e+02 3.789079526242890097e+02 -1.937658840551875532e+06 -1.689757107071589688e+14 9.529799191729617173e-07 -5.338345686678228503e+02 -4.281451418694678601e+00 -6.723599730964984200e-01 2.228451144900343295e-01 -2.804034643876055455e+01
1.000000000000000000e+00 -1.372824069266232527e+02 3.890855279256968515e+02 -1.946467337289126823e+06 -1.705155123583813438e+14 8.619633025524967589e-07 5.035002551349126634e+02 4.022365312694783590e+00 7.185812832661169214e-01 -2.093600805601848192e-01 -2.700300719822642748e+01
1.000000000000000000e+00 -7.619320978281828616e+01 3.899960920587253099e+02 -1.955275907326010056e+06 -1.720623108943356562e+14 7.778585377738994264e-07 -4.708013786943702144e+02 -3.746482122099413559e+00 -7.618699491983196292e-01 1.950006206525251584e-01 -2.592301667212127825e+01
1.000000000000000000e+00 -1.331005800972798347e+01 3.815793814213447490e+02 -1.964084559006034397e+06 -1.736161079644306875e+14 7.085187104957988508e-07 4.359196604836262736e+02 3.455437950671657266e+00 8.019222833905170766e-01 -1.798520171430948722e-01 -2.482034472519170620e+01
1.000000000000000000e+00 4.987038648489978243e+01 3.640677384197202855e+02 -1.972893298297503032e+06 -1.751769048227404375e+14 6.605870967945583714e-07 -3.989296698863892061e+02 -3.149997521178621973e+00 -8.386966216155729015e-01 1.639542166456973704e-01 -2.371133159277630753e+01
1.000000000000000000e+00 1.118955449149942325e+02 3.378004815343405198e+02 -1.981702128939376678e+06 -1.767447023446071250e+14 6.383870479110176268e-07 3.600343198585826485e+02 2.831923294310928707e+00 8.719292759122042602e-01 -1.473987442888339827e-01 -2.261621225507215271e+01
1.000000000000000000e+00 1.712133569880504353e+02 3.033470101976288902e+02 -1.990511052953242557e+06 -1.783195011095326875e+14 6.438450100801645637e-07 -3.193259506850781122e+02 -2.502084289327396238e+00 -9.015983870052921567e-01 1.302309028184292228e-01 -2.155127445703232425e+01
1.000000000000000000e+00 2.263714642009974796e+02 2.615520794301036176e+02 -1.999320069584540557e+06 -1.799013012038306562e+14 6.764656748661996080e-07 2.770219257397124579e+02 2.162312118909570646e+00 9.274817405292452577e-01 -1.125462936716849910e-01 -2.053565930382557880e+01
1.000000000000000000e+00 2.760554091403971597e+02 2.133394599502044287e+02 -2.008129176668019965e+06 -1.814901024564337188e+14 7.329805013604661010e-07 -2.332333758438638256e+02 -1.813584449799212184e+00 -9.495789717786808914e-01 9.439500141044979142e-02 -1.958453581180294734e+01
1.000000000000000000e+00 3.189509653100845981e+02 1.598305544187935254e+02 -2.016938370530589251e+06 -1.830859044156632812e+14 8.074680829924649517e-07 1.881857200248232402e+02 1.457749428043669804e+00 9.677092819646146982e-01 -7.587474237580732472e-02 -1.871473189454584229e+01
1.000000000000000000e+00 3.539474333657627767e+02 1.023666791047252360e+02 -2.025747643418297637e+06 -1.846887058740838125e+14 8.924125472924853568e-07 -1.420093450192872240e+02 -1.095893889883251981e+00 -9.818955982977809471e-01 5.703966894506828922e-02 -1.793930007508778957e+01
1.000000000000000000e+00 3.801661170133172618e+02 4.230048771255435724e+01 -2.034556986363167875e+06 -1.862985053773380625e+14 9.793915091647514073e-07 9.493066172210949105e+01 7.298265318179093519e-01 9.919975951818353899e-01 -3.798739145785492988e-02 -1.727173067052711986e+01
1.000000000000000000e+00 3.968223110787429846e+02 -1.889235996122168615e+01 -2.043366388746297220e+06 -1.879153011389757188e+14 1.059341969803833689e-06 -4.710035114500990971e+01 -3.607488783160177070e-01 -9.980627494902589714e-01 1.877578380633346256e-02 -1.672211314206032995e+01
1.000000000000000000e+00 4.034252387211178075e+02 -7.961469399473237729e+01 -2.052175838269107975e+06 -1.895390910285967812e+14 1.123982557998682650e-06 -1.259504212850125038e+00 -9.610683549242764190e-03 9.999888843905508917e-01 4.992123949774938171e-04 -1.629986302436186918e+01
1.000000000000000000e+00 3.997863570191174176e+02 -1.383653937278272679e+02 -2.060985320992044406e+06 -1.911698725723700938e+14 1.166649595860382816e-06 4.997822150357905002e+01 3.799402633309084121e-01 -9.978498529712948040e-01 -1.977671216815505770e-02 -1.601141156391347664e+01
1.000000000000000000e+00 3.858705332546919635e+02 -1.936328489021711619e+02 -2.069794822552095167e+06 -1.928076431733587812e+14 1.182320483546455438e-06 -9.884266645070842117e+01 -7.486259228839151625e-01 9.915787760408274476e-01 3.896382030465753155e-02 -1.586164943192681243e+01
1.000000000000000000e+00 3.619822959599720775e+02 -2.439141488349170572e+02 -2.078604326107599307e+06 -1.944523997253160000e+14 1.169100444966729161e-06 1.476629975948454785e+02 1.114253360538939308e+00 -9.812776954636776017e-01 -5.799736152372727410e-02 -1.585286245860356935e+01
1.000000000000000000e+00 3.287416751019519552e+02 -2.879306013644636550e+02 -2.087413816062464612e+06 -1.961041393026082812e+14 1.128565714272431012e-06 -1.962387730674042245e+02 -1.475349421069226841e+00 9.669117997477290061e-01 7.678864824035290526e-02 -1.598526183301442494e+01
1.000000000000000000e+00 2.869148439629304903e+02 -3.245163709234367957e+02 -2.096223277902186615e+06 -1.977628591342133438e+14 1.064511425480320808e-06 2.443615187448003780e+02 1.830402411117135753e+00 -9.486136484857187190e-01 -9.527258499373184031e-02 -1.625672426370164558e+01
1.000000000000000000e+00 2.375793372247543971e+02 -3.526410874079261930e+02 -2.105032695697486401e+06 -1.994285561350030938e+14 9.832928389088414017e-07 -2.918462442817871647e+02 -2.178098014072296973e+00 9.263773750933596007e-01 1.133656250315732000e-01 -1.666290190761493761e+01
1.000000000000000000e+00 1.820622516256547669e+02 -3.716067682600191233e+02 -2.113842055939388461e+06 -2.011012276298385000e+14 8.935358866659846822e-07 3.384692487061076918e+02 2.516853215252922382e+00 -9.003681422574119075e-01 -1.310020138046951443e-01 -1.719724381325884721e+01
1.000000000000000000e+00 1.217502237569369044e+02 -3.809163758543055565e+02 -2.122651346176383551e+06 -2.027808711027768438e+14 8.044439848780887436e-07 -3.840621237037098581e+02 -2.845517647088565028e+00 8.706062404012712141e-01 1.481038081755363389e-01 -1.785122046162634035e+01
1.000000000000000000e+00 5.823675575041120567e+01 -3.802837973706804178e+02 -2.131460555781937204e+06 -2.044674843485174375e+14 7.252839907553636683e-07 4.283897901929065597e+02 3.162465404633377108e+00 -8.372915942712017001e-01 -1.646057796290845143e-01 -1.861410037879810631e+01
1.000000000000000000e+00 -6.768089887525694515e+00 -3.697995637286972510e+02 -2.140269677072413266e+06 -2.061610656950046250e+14 6.646040783791132380e-07 -4.713015212917410963e+02 -3.466714475355416880e+00 8.004679819697442245e-01 1.804362059645904237e-01 -1.947377970090962762e+01
1.000000000000000000e+00 -7.163496035546754115e+01 -3.497687590191101776e+02 -2.149078704913913272e+06 -2.078616139390422500e+14 6.287649608292363281e-07 5.125558985096732840e+02 3.756632246375550821e+00 -7.603720319268789662e-01 -1.955317927243114262e-01 -2.041586721592220854e+01
1.000000000000000000e+00 -1.346714731349024419e+02 -3.207015958457748752e+02 -2.157887635401575360e+06 -2.095691280998760312e+14 6.214818820012626364e-07 -5.520209377100956090e+02 -4.031408659598177735e+00 7.170680038178538496e-01 2.098277809668395444e-01 -2.142550644647095481e+01
1.000000000000000000e+00 -1.942216052839456779e+02 -2.834482965020505958e+02 -2.166696467678776011e+06 -2.112836077788621875e+14 6.437333009933071340e-07 5.894559277028373572e+02 4.289453994613618981e+00 -6.708294745064787845e-01 -2.232647660345089546e-01 -2.248546584283780803e+01
1.000000000000000000e+00 -2.488506229480026093e+02 -2.390085384075492243e+02 -2.175505204880413599e+06 -2.130050533562673125e+14 6.934995415969908714e-07 -6.247472763102754243e+02 -4.530122859249170020e+00 6.217390131055611224e-01 2.357852596951372781e-01 -2.357910368436396453e+01
1.000000000000000000e+00 -2.971887105897533843e+02 -1.885097532611499105e+02 -2.184313850958689582e+06 -2.147334653829964062e+14 7.658365098489381589e-07 6.576625716659220870e+02 4.751920462162367187e+00 -5.701065977493560144e-01 -2.473357189280566137e-01 -2.468740945687960675e+01
1.000000000000000000e+00 -3.380225087409163507e+02 -1.333230675965473324e+02 -2.193122413205834106e+06 -2.164688450818364062e+14 8.537414738701894152e-07 -6.881071500775685763e+02 -4.954364869426752804e+00 5.160294275074076564e-01 2.578666377752580896e-01 -2.579306842861117488e+01
1.000000000000000000e+00 -3.704543318225214534e+02 -7.485671447880957885e+01 -2.201930900598449167e+06 -2.182111940325455938e+14 9.490094789625352183e-07 7.158649892072193097e+02 5.136110200260191050e+00 -4.598517434875866172e-01 -2.673323450231904763e-01 -2.687654856487313637e+01
1.000000000000000000e+00 -3.937248014178946960e+02 -1.453651450871845796e+01 -2.210739322670682333e+06 -2.199605139543007188e+14 1.042348600846356661e-06 -7.408601567038639359e+02 -5.296830999751045432e+00 4.016815728613186698e-01 2.756917650914865736e-01 -2.792101482866036832e+01
1.000000000000000000e+00 -4.072909428642534522e+02 4.608370048085589588e+01 -2.219547692153581418e+06 -2.217168072352111875e+14 1.124621325740230520e-06 7.629012585720681727e+02 5.435383721968183757e+00 -3.418933072867402778e-01 -2.829090695598476257e-01 -2.890778131865998191e+01
1.000000000000000000e+00 -4.109577707259401791e+02 1.055313195721636674e+02 -2.228356022629369982e+06 -2.234800764744905938e+14 1.188452903557012969e-06 -7.819300898846486234e+02 -5.551586340653858365e+00 2.806030371889642883e-01 2.889517284127083863e-01 -2.982158876177764384e+01
1.000000000000000000e+00 -4.046807182386425552e+02 1.624202014721741989e+02 -2.237164327563743573e+06 -2.252503242909625000e+14 1.228044266396830906e-06 7.977877406886964309e+02 5.644546834816559056e+00 -2.182091872892816808e-01 -2.937955505119621002e-01 -3.064596487731399677e+01
1.000000000000000000e+00 -3.886344480388377747e+02 2.153386092952878528e+02 -2.245972621098273899e+06 -2.270275534827936875e+14 1.239703320913551228e-06 -8.104330426930788462e+02 -5.714215674145532553e+00 1.548314245387475974e-01 2.974167065781320174e-01 -3.136823464893516800e+01
1.000000000000000000e+00 -3.633221664574608099e+02 2.630530246763204332e+02 -2.254780917757736053e+06 -2.288117669707737500e+14 1.222838594696972370e-06 8.197458398979429148e+02 5.759988995359827335e+00 -9.088589324322854379e-02 -2.998038791260859148e-01 -3.197535518258231235e+01
1.000000000000000000e+00 -3.293628752282594974e+02 3.044936480582639433e+02 -2.263589231417855714e+06 -2.306029675895121250e+14 1.179102250253053183e-06 -8.257008301433183988e+02 -5.781935429016130001e+00 2.649232323436739867e-02 3.009417985571001264e-01 -3.245803946164867426e+01
1.000000000000000000e+00 -2.875578631018992155e+02 3.386399917047898498e+02 -2.272397576120013837e+06 -2.324011582515077500e+14 1.112474419474289320e-06 8.282216198776661713e+02 5.779766124687269802e+00 3.792317129731709313e-02 -3.008328892710617208e-01 -3.280765762180732992e+01
1.000000000000000000e+00 -2.389838740367815149e+02 3.647166285088109134e+02 -2.281205965209224727e+06 -2.342063417708020625e+14 1.029717744407870777e-06 -8.272976189063228958e+02 -5.753653816686106204e+00 -1.022438579629328659e-01 2.994701547632011573e-01 -3.301886982196875664e+01
1.000000000000000000e+00 -1.847698215946897164e+02 3.821584571948282587e+02 -2.290014409489263315e+06 -2.360185204799381875e+14 9.387066954507608068e-07 8.228993405250495243e+02 5.703637927770087046e+00 1.660422916328136156e-01 -2.968700984040364421e-01 -3.308811129192778822e+01
1.000000000000000000e+00 -1.261657373382160898e+02 3.904955415544649213e+02 -2.298822919776011724e+06 -2.378376967482287812e+14 8.476578288582810855e-07 -8.150297969275351306e+02 -5.629981843530440067e+00 -2.292080351546778583e-01 2.930335518416860574e-01 -3.301427048081445292e+01
1.000000000000000000e+00 -6.462316428575411464e+01 3.895405377525083281e+02 -2.307631505701341201e+06 -2.396638727333541875e+14 7.652018262056525613e-07 8.037076764351581915e+02 5.533053325419773572e+00 2.913193005801312241e-01 -2.879909476102321952e-01 -3.279910662933168197e+01
1.000000000000000000e+00 -1.564208369615448513e+00 3.793347326929767291e+02 -2.316440174270153511e+06 -2.414970500758020000e+14 6.990418739419503571e-07 -7.889488238027656735e+02 -5.413195691919347574e+00 -3.522745665282387417e-01 2.817504364068052491e-01 -3.244573202001533474e+01
1.000000000000000000e+00 6.154533238643991666e+01 3.600322211463064264e+02 -2.325248931375383399e+06 -2.433372302055434062e+14 6.551111353808352599e-07 7.708193045540010644e+02 5.271091094508385311e+00 4.116659368220955684e-01 -2.743557101912261764e-01 -3.196109151147253513e+01
1.000000000000000000e+00 1.231275932216024813e+02 3.320783382247631152e+02 -2.334057780550617725e+06 -2.451844140755593125e+14 6.374785272752397216e-07 -7.493474800051516240e+02 -5.107155615024904449e+00 -4.694024276817562180e-01 2.658217053968934818e-01 -3.135224329419650147e+01
1.000000000000000000e+00 1.817288658708143032e+02 2.961365081735540343e+02 -2.342866722541073803e+06 -2.470386020620123750e+14 6.477751703202687655e-07 7.246440715808221285e+02 4.922359264254777322e+00 5.250971167611095947e-01 -2.562042535832271262e-01 -3.063079466400976969e+01
1.000000000000000000e+00 2.359415912198889203e+02 2.529690335355486752e+02 -2.351675757375610527e+06 -2.488997943917937188e+14 6.847590887978385698e-07 -6.967501923322188304e+02 -4.717187925489106703e+00 -5.786709245714083405e-01 2.455245653891501845e-01 -2.980723564257296587e+01
1.000000000000000000e+00 2.843472688059984534e+02 2.036044314507635420e+02 -2.360484882546612062e+06 -2.507679907529592500e+14 7.445049296254705315e-07 6.658173787083802608e+02 4.492866192837462691e+00 6.297630210766214098e-01 -2.338493274429531421e-01 -2.889700261511097779e+01
1.000000000000000000e+00 3.257536135044829848e+02 1.492437583205725389e+02 -2.369294092371963430e+06 -2.526431901486055000e+14 8.210222341744789734e-07 -6.319000027693523407e+02 -4.249949037451544065e+00 -6.783079870673864864e-01 2.212054575776644938e-01 -2.791330298677072719e+01
1.000000000000000000e+00 3.591087192122136003e+02 9.113409297252903229e+01 -2.378103379842215683e+06 -2.545253912796835312e+14 9.065299444228037092e-07 5.951847775389750268e+02 3.989871304212682990e+00 7.239760091665365938e-01 -2.076687933410661380e-01 -2.687431183984814353e+01
1.000000000000000000e+00 3.834511222677750766e+02 3.072270764449688230e+01 -2.386912735612172168e+06 -2.564145923230772188e+14 9.921101075413026772e-07 -5.557410331034353703e+02 -3.713264747653727937e+00 -7.667156659495584226e-01 1.932716936630230753e-01 -2.579511481392270866e+01
1.000000000000000000e+00 3.981395546702348156e+02 -3.045776617994701496e+01 -2.395722147984129842e+06 -2.583107909187284688e+14 1.069180590515682729e-06 5.137842563815117956e+02 3.421726263698476878e+00 8.062315781576159246e-01 -1.780973571514832821e-01 -2.469538905622142622e+01
1.000000000000000000e+00 4.027516945156094721e+02 -9.092388907524869524e+01 -2.404531605288680177e+06 -2.602139846756014688e+14 1.129753569213008449e-06 -4.694009456551365815e+02 -3.115975724881907105e+00 -8.424870685966101558e-01 1.621834145003911987e-01 -2.359116886427107573e+01
1.000000000000000000e+00 3.970320191367220559e+02 -1.490986268072796861e+02 -2.413341093166369479e+06 -2.621241705812909375e+14 1.166898759419965339e-06 4.228289696545390370e+02 2.797725241053488521e+00 8.752230549533283055e-01 -1.456187748227084355e-01 -2.250235233526215595e+01
1.000000000000000000e+00 3.811025903896638738e+02 -2.034432040598546791e+02 -2.422150595857395791e+06 -2.640413452725394375e+14 1.176635679572510657e-06 -3.741737673949361920e+02 -2.467791379620558612e+00 -9.044192952573444355e-01 1.284459845392784405e-01 -2.144492846556518728e+01
1.000000000000000000e+00 3.553354981200704401e+02 -2.525921741755479388e+02 -2.430960097802347504e+06 -2.659655053799503125e+14 1.157974040931338166e-06 3.236888875087944371e+02 2.127953866554048279e+00 9.298540220451275706e-01 -1.107579905147248606e-01 -2.043775996587311639e+01
1.000000000000000000e+00 3.202868734411382547e+02 -2.952129315294623666e+02 -2.439769583713103086e+06 -2.678966475443525312e+14 1.112355956439196573e-06 -2.715021739059626498e+02 -1.779145831326315097e+00 -9.515244519721469674e-01 9.260249505123484270e-02 -1.949582791944329685e+01
1.000000000000000000e+00 2.768796475365718948e+02 -3.301431893626839269e+02 -2.448579037312226370e+06 -2.698347681400379375e+14 1.044443140302291774e-06 2.178761009221666143e+02 1.423167860815716335e+00 9.692467143763082715e-01 -7.407481960577930180e-02 -1.863579684039234863e+01
1.000000000000000000e+00 2.262427230168348444e+02 -3.565105357916889943e+02 -2.457388444837545045e+06 -2.717798640460305000e+14 9.613167406623689266e-07 -1.629632361192288386e+02 -1.061081940405341095e+00 -9.830379213234357039e-01 5.522772772794107277e-02 -1.787068470390439501e+01
1.000000000000000000e+00 1.696260446385969658e+02 -3.735792108923626529e+02 -2.466197792096935678e+06 -2.737319320022604688e+14 8.712785469945706518e-07 1.070291898776200696e+02 6.946702450473982715e-01 9.927518155565998592e-01 -3.615755816886328383e-02 -1.721396522542455898e+01
1.000000000000000000e+00 1.085567674065998034e+02 -3.808779359157604176e+02 -2.475007066522788256e+06 -2.756909690655535938e+14 7.838687293909773713e-07 -5.025242388910452007e+01 -3.251285071734154597e-01 -9.984285475746349503e-01 1.692176228289753864e-02 -1.667580277810774092e+01
1.000000000000000000e+00 4.465003405691341953e+01 -3.782872357016511842e+02 -2.483816259142050985e+06 -2.776569730565213438e+14 7.085298790586139820e-07 -7.103512456209201353e+00 -4.581388616886524628e-02 9.999588948729571936e-01 2.383534086768068945e-03 -1.626569344912900661e+01
1.000000000000000000e+00 -2.048646417296751565e+01 -3.658616025600355783e+02 -2.492625362180012744e+06 -2.796299420361830312e+14 6.530506361262721964e-07 6.483300528826829634e+01 4.168218124098059252e-01 -9.974095993794410697e-01 -2.169637895260123628e-02 -1.599018600356839670e+01
1.000000000000000000e+00 -8.510878568758315055e+01 -3.439382997818276522e+02 -2.501434370410196483e+06 -2.816098746146586875e+14 6.233212118940863666e-07 -1.226806640867735609e+02 -7.862578987345467674e-01 9.907078035063808796e-01 4.092250629961812630e-02 -1.585424382818988676e+01
1.000000000000000000e+00 -1.475377148572593740e+02 -3.131869983778877327e+02 -2.510243281087747775e+06 -2.835967699462203750e+14 6.227486102706213371e-07 1.804150052707213092e+02 1.152658007819366004e+00 -9.799507442542046975e-01 -5.999630553501199282e-02 -1.586020303100143281e+01
1.000000000000000000e+00 -2.062460183508627267e+02 -2.744075848115777490e+02 -2.519052094447829761e+06 -2.855906278521396875e+14 6.515728262992688483e-07 -2.377933518430079118e+02 -1.514504979451622990e+00 9.651005776946697257e-01 7.882663414365459476e-02 -1.600823870317795894e+01
1.000000000000000000e+00 -2.597091058254499103e+02 -2.286229774552406013e+02 -2.527860812462821137e+06 -2.875914485497183125e+14 7.069660302895937706e-07 2.945615181737562693e+02 1.870227451954914910e+00 -9.462887179736074739e-01 -9.734545949201010850e-02 -1.629611692530335176e+01
1.000000000000000000e+00 -3.066000083708760258e+02 -1.771002634350357710e+02 -2.536669441200523172e+06 -2.895992331976248750e+14 7.837144296292523528e-07 -3.504938509096842836e+02 -2.218454138181962243e+00 9.235104627708418112e-01 1.154660994200220614e-01 -1.671927648735039185e+01
1.000000000000000000e+00 -3.458516064241628101e+02 -1.211358770444995230e+02 -2.545477987927438691e+06 -2.916139832484245625e+14 8.746582480987296532e-07 4.053181377532250167e+02 2.557536911952412062e+00 -8.969345567206375991e-01 -1.331195794259519005e-01 -1.727085163090758968e+01
1.000000000000000000e+00 -3.764912399526721742e+02 -6.214415270944271441e+01 -2.554286460779553745e+06 -2.936357003776386250e+14 9.708832034536761878e-07 -4.588304868096870450e+02 -2.886277721496653292e+00 8.665863332504897265e-01 1.502253096920264375e-01 -1.794192656951054587e+01
1.000000000000000000e+00 -3.978210165974305710e+02 -1.665562901640307514e+00 -2.563094871388392523e+06 -2.956643870930442500e+14 1.063126957443747317e-06 5.107473615671120797e+02 3.202993757579640555e+00 -8.326736810653007081e-01 -1.667152569082687164e-01 -1.872128524639016689e+01
1.000000000000000000e+00 -4.094487347457769033e+02 5.884674213565603651e+01 -2.571903231982690282e+06 -2.977000460775644375e+14 1.142922314844256105e-06 -5.608886771695855487e+02 -3.506669592290935444e+00 7.952488420901197008e-01 1.825158140708361132e-01 -1.959632595232278973e+01
1.000000000000000000e+00 -4.111069689741339062e+02 1.179310793073261721e+02 -2.580711555952728726e+06 -2.997426803227260000e+14 1.202692564647861476e-06 6.089680514515521281e+02 3.795639647055466082e+00 -7.545590935316658365e-01 -1.975621012293478085e-01 -2.055211148129535204e+01
1.000000000000000000e+00 -4.028200731079042498e+02 1.741103077688502765e+02 -2.589519857478514779e+06 -3.017922930465975625e+14 1.237074056013795303e-06 -6.548313767553963771e+02 -4.069080555818652023e+00 7.106792403757191678e-01 2.117885553595760528e-01 -2.157328577380266665e+01
1.000000000000000000e+00 -3.849069309041420297e+02 2.260952441230195120e+02 -2.598328150601106696e+06 -3.038488874797213750e+14 1.243451839227534154e-06 6.981982482950619442e+02 4.325396517522943185e+00 -6.638947694583150483e-01 -2.251355443733351891e-01 -2.264213217856958238e+01
1.000000000000000000e+00 -3.577908252280467423e+02 2.726751194797857352e+02 -2.607136448991401587e+06 -3.059124668103025625e+14 1.221110530932814645e-06 -7.389415194820918487e+02 -4.563957609597103726e+00 6.142980263118039685e-01 2.375463215118860383e-01 -2.374165413423942184e+01
1.000000000000000000e+00 -3.221586994696903048e+02 3.127081127505060749e+02 -2.615944767726792023e+06 -3.079830346010838750e+14 1.172175504112392432e-06 7.767955862549495123e+02 4.783288919060529665e+00 -5.622104064225851294e-01 -2.489684143424185370e-01 -2.485253415658624476e+01
1.000000000000000000e+00 -2.789422945244795642e+02 3.453121196286480199e+02 -2.624753120384468697e+06 -3.100605941081890000e+14 1.101820844779130544e-06 -8.116595341337088030e+02 -4.982944332600811599e+00 5.077373545655277098e-01 2.593541748372827360e-01 -2.595731854673296723e+01
1.000000000000000000e+00 -2.291246223556629502e+02 3.697396785154403460e+02 -2.633561519191826694e+06 -3.121451483108295625e+14 1.016635797267050301e-06 8.432921523762832976e+02 5.161624360191224170e+00 -4.512313685049748058e-01 -2.686603225776371673e-01 -2.703644456264925466e+01
1.000000000000000000e+00 -1.738959293436301721e+02 3.853670548785769938e+02 -2.642369975927551277e+06 -3.142367001202727500e+14 9.244992622330920020e-07 -8.716174215875093978e+02 -5.319053128026683730e+00 3.928059836074806466e-01 2.768484166846126859e-01 -2.807318995225319469e+01
1.000000000000000000e+00 -1.146186146948333970e+02 3.918726450805826289e+02 -2.651178500782975461e+06 -3.163352521063406250e+14 8.342381249206544126e-07 8.964264485883137468e+02 5.454149605960325609e+00 -3.328400254040992379e-01 -2.838857992446344736e-01 -2.904911538788368830e+01
1.000000000000000000e+00 -5.263311708798912036e+01 3.890960930622680962e+02 -2.659987102020332124e+06 -3.184408064092929375e+14 7.540787973854353185e-07 -9.176659800844444135e+02 -5.566789765411743751e+00 2.714504161200300136e-01 2.897430698573805752e-01 -2.994932115540663276e+01
1.000000000000000000e+00 1.058770290954404913e+01 3.770276697379472921e+02 -2.668795788022823632e+06 -3.205533652246543750e+14 6.912876717022146789e-07 9.351665563074386682e+02 5.656148200051371866e+00 -2.090365328666292100e-01 -2.943993687921047098e-01 -3.075779149043171046e+01
1.000000000000000000e+00 7.348683750290634009e+01 3.559740211791266802e+02 -2.677604563358539715e+06 -3.226729298550353750e+14 6.518070914162688830e-07 -9.488949187556895595e+02 -5.722230615071635107e+00 1.457149867722697389e-01 2.978338991894942667e-01 -3.146236391990421666e+01
1.000000000000000000e+00 1.346169627361472294e+02 3.264006869048653812e+02 -2.686413430500128306e+06 -3.247995011108399375e+14 6.391965057086440497e-07 9.587270684959241862e+02 5.764497065101564566e+00 -8.189782530859690546e-02 -3.000384951199130956e-01 -3.205058672777002471e+01
1.000000000000000000e+00 1.924870772651644302e+02 2.889213046434026069e+02 -2.695222391200378072e+06 -3.269330796356772500e+14 6.543238669383539981e-07 -9.646466953772658144e+02 -5.783059546337320000e+00 1.769864822355837752e-02 3.010003330879440497e-01 -3.251372279229904194e+01
1.000000000000000000e+00 2.456220483742193323e+02 2.444483364286176368e+02 -2.704031444348868448e+06 -3.290736653818277500e+14 6.955156060540083221e-07 9.665791366242067397e+02 5.777679953324649453e+00 4.646383503617446120e-02 -3.007242804698920247e-01 -3.284373337854751895e+01
1.000000000000000000e+00 2.927542014091344527e+02 1.940173998305917848e+02 -2.712840586568436120e+06 -3.312212577445411250e+14 7.585899027831349329e-07 -9.645225025288278857e+02 -5.748556697200873700e+00 -1.104820930630563136e-01 2.992048803477852514e-01 -3.303576217331070808e+01
