5.399999565819358395e+04 -2.710505318912395197e-08 9.999999999999999547e-08
5.400917325370231993e+04 4.806747770343352544e-08 9.999999999999999547e-08
5.401835096774690464e+04 -1.977205091785239129e-07 9.999999999999999547e-08
5.402752878714381222e+04 -3.151184799829986828e-08 9.999999999999999547e-08
5.403670669592837658e+04 -7.818362619693682823e-08 9.999999999999999547e-08
5.404588467403063987e+04 -5.604670084344311825e-08 9.999999999999999547e-08
5.405506270159169071e+04 -1.606053267693852112e-08 9.999999999999999547e-08
5.406424075643300603e+04 -6.286143994736695672e-09 9.999999999999999547e-08
5.407341881364944129e+04 -1.039392900130671458e-07 9.999999999999999547e-08
5.408259684945048502e+04 -1.926517135192245938e-07 9.999999999999999547e-08
5.409177484141143941e+04 -2.819282144224492291e-07 9.999999999999999547e-08
5.410095276593897870e+04 2.008016472853277106e-08 9.999999999999999547e-08
5.411013060314154427e+04 -9.462004187917800583e-08 9.999999999999999547e-08
5.411930833480563160e+04 -2.178265404230947385e-07 9.999999999999999547e-08
5.412848594438464352e+04 -1.350341762372180817e-07 9.999999999999999547e-08
5.413766342044650810e+04 -9.369120560501751979e-08 9.999999999999999547e-08
5.414684075581336219e+04 -1.153063623589946636e-09 9.999999999999999547e-08
5.415601794489454187e+04 -2.817679216307104637e-07 9.999999999999999547e-08
5.416519498732888314e+04 4.317202331555892342e-08 9.999999999999999547e-08
5.417437188662087283e+04 -7.153380970082379023e-08 9.999999999999999547e-08
5.418354864932272903e+04 -5.623572423265556480e-08 9.999999999999999547e-08
5.419272528667391452e+04 -4.391712143333389416e-08 9.999999999999999547e-08
5.420190181244152336e+04 4.336176496970821845e-08 9.999999999999999547e-08
5.421107824100541620e+04 1.655863953449609057e-07 9.999999999999999547e-08
5.422025459121167660e+04 1.329871032105928002e-07 9.999999999999999547e-08
5.422943088303717377e+04 -2.003744592141404927e-08 9.999999999999999547e-08
5.423860713685711380e+04 1.846249651825605670e-07 9.999999999999999547e-08
5.424778337477897003e+04 2.388960253190112843e-08 9.999999999999999547e-08
5.425695961827121209e+04 -1.516211881345506264e-07 9.999999999999999547e-08
5.426613588708337920e+04 -6.191109463111859885e-08 9.999999999999999547e-08
5.427531220323001617e+04 -1.357279004553853644e-07 9.999999999999999547e-08
5.428448858627714071e+04 1.310088818637050410e-07 9.999999999999999547e-08
5.429366505292466900e+04 1.634339139460833935e-08 9.999999999999999547e-08
5.430284161971916183e+04 1.089254672480061293e-07 9.999999999999999547e-08
5.431201830005631200e+04 -1.149183287051770796e-07 9.999999999999999547e-08
5.432119510464612540e+04 1.825382858302095672e-07 9.999999999999999547e-08
5.433037204289629153e+04 1.216319331132228762e-07 9.999999999999999547e-08
5.433954912013088324e+04 2.171805628666040574e-07 9.999999999999999547e-08
5.434872633723160106e+04 2.404531847960689551e-07 9.999999999999999547e-08
5.435790369421085779e+04 -5.549922434472871287e-09 9.999999999999999547e-08
5.436708118646311777e+04 1.537234119372431355e-07 9.999999999999999547e-08
5.437625880594817863e+04 2.369000478643306791e-07 9.999999999999999547e-08
5.438543654255295405e+04 9.182010748791871994e-08 9.999999999999999547e-08
5.439461438146944420e+04 8.243872943699269919e-08 9.999999999999999547e-08
5.440379230479675607e+04 2.024099232837240445e-07 9.999999999999999547e-08
5.441297029486362590e+04 6.781497503369701285e-08 9.999999999999999547e-08
5.442214833023845131e+04 2.059734750570465474e-07 9.999999999999999547e-08
5.443132638688565203e+04 8.771235031411500569e-08 9.999999999999999547e-08
5.444050444198277546e+04 8.693818042302132842e-08 9.999999999999999547e-08
5.444968247095108381e+04 2.132843347167005301e-07 9.999999999999999547e-08
5.445886045079500036e+04 -4.807479802024818412e-08 9.999999999999999547e-08
5.446803835984187026e+04 2.004173366380994215e-07 9.999999999999999547e-08
5.447721617766936106e+04 7.017818638673247429e-08 9.999999999999999547e-08
5.448639388554055040e+04 8.683726419939492083e-08 9.999999999999999547e-08
5.449557146930915042e+04 1.489845393056002517e-07 9.999999999999999547e-08
5.450474891825417581e+04 1.748523721627008504e-07 9.999999999999999547e-08
5.451392622420116822e+04 2.075713751198760832e-07 9.999999999999999547e-08
5.452310338418443280e+04 1.511011463636530532e-07 9.999999999999999547e-08
5.453228039761438413e+04 1.363537306803976159e-07 9.999999999999999547e-08
5.454145726845997706e+04 -6.141573124634271360e-08 9.999999999999999547e-08
5.455063400561038725e+04 4.264254234628300993e-08 9.999999999999999547e-08
5.455981061987947760e+04 -5.459029897317162154e-08 9.999999999999999547e-08
5.456898712435443304e+04 1.379088939794849748e-07 9.999999999999999547e-08
5.457816353575811809e+04 -1.029822019847241778e-07 9.999999999999999547e-08
5.458733987293653627e+04 1.796289537035279784e-07 9.999999999999999547e-08
5.459651615504735673e+04 1.395336481726406978e-08 9.999999999999999547e-08
5.460569240459025605e+04 -4.336597280512988690e-08 9.999999999999999547e-08
5.461486864195514499e+04 -1.654048119833858962e-07 9.999999999999999547e-08
5.462404488807054440e+04 -6.468946311764917370e-08 9.999999999999999547e-08
5.463322116506296152e+04 6.946327335292832358e-08 9.999999999999999547e-08
5.464239749309665785e+04 -1.159033093552341019e-07 9.999999999999999547e-08
5.465157389096326369e+04 7.772335903263741609e-09 9.999999999999999547e-08
5.466075037674384657e+04 -3.932609166785781480e-08 9.999999999999999547e-08
5.466992696502690524e+04 4.101471457775171218e-08 9.999999999999999547e-08
5.467910366868642450e+04 -1.413425774666851881e-07 9.999999999999999547e-08
5.468828049970634311e+04 -1.482555183513282754e-07 9.999999999999999547e-08
5.469745746540220716e+04 1.022576941284720315e-07 9.999999999999999547e-08
5.470663456984044751e+04 -7.940132468653090561e-08 9.999999999999999547e-08
5.471581181510733586e+04 -1.499040560922052089e-07 9.999999999999999547e-08
5.472498919930758711e+04 -1.013556521292263336e-08 9.999999999999999547e-08
5.473416671721415332e+04 -1.430751522051727123e-07 9.999999999999999547e-08
5.474334436135381111e+04 -1.120908787812955690e-07 9.999999999999999547e-08
5.475252211944798910e+04 -1.588227518129817088e-07 9.999999999999999547e-08
5.476169997595386667e+04 -1.011660690919172688e-07 9.999999999999999547e-08
5.477087791465285409e+04 4.484797483485868560e-08 9.999999999999999547e-08
5.478005591546381766e+04 -2.266973518147483768e-07 9.999999999999999547e-08
5.478923395623503893e+04 -1.083481199062307763e-07 9.999999999999999547e-08
5.479841201476131391e+04 2.187008095114491569e-08 9.999999999999999547e-08
5.480759006646581111e+04 -8.078386497913040911e-08 9.999999999999999547e-08
5.481676808701219124e+04 -1.368086497636880965e-07 9.999999999999999547e-08
5.482594605462289474e+04 -4.856561239375740203e-08 9.999999999999999547e-08
5.483512395869143074e+04 7.543732225429512551e-08 9.999999999999999547e-08
5.484430175521515775e+04 -1.764699227570941679e-07 9.999999999999999547e-08
5.485347943969427433e+04 2.506133206553727690e-08 9.999999999999999547e-08
5.486265699750596832e+04 -5.399413907559213347e-08 9.999999999999999547e-08
5.487183441783521994e+04 7.776330354143758834e-08 9.999999999999999547e-08
5.488101169519229006e+04 -1.211186310616493598e-07 9.999999999999999547e-08
5.489018882581131038e+04 1.590213730174127291e-08 9.999999999999999547e-08
5.489936580983638123e+04 -1.990179350761075430e-07 9.999999999999999547e-08
5.490854265380186553e+04 2.848988893675077352e-09 9.999999999999999547e-08
5.491771936512085085e+04 5.444678664601987168e-09 9.999999999999999547e-08
5.492689595575055137e+04 -7.623868445878945720e-08 9.999999999999999547e-08
5.493607244072177855e+04 3.800183258934196441e-08 9.999999999999999547e-08
5.494524883557864814e+04 -1.674055389649614024e-07 9.999999999999999547e-08
5.495442515965639905e+04 -3.108589683918929560e-07 9.999999999999999547e-08
5.496360143394672195e+04 -2.154855563770839858e-08 9.999999999999999547e-08
5.497277767906084046e+04 -2.817095835539859796e-08 9.999999999999999547e-08
5.498195391588701750e+04 -1.509109438228359412e-07 9.999999999999999547e-08
5.499113016671504738e+04 -7.053135127063692713e-08 9.999999999999999547e-08
5.500030645187039772e+04 -5.242293452624861097e-08 9.999999999999999547e-08
5.500948279190540779e+04 -1.515073042360436432e-08 9.999999999999999547e-08
5.501865920650152111e+04 -1.475288736568890453e-07 9.999999999999999547e-08
5.502783571111202036e+04 -9.370018391672806294e-08 9.999999999999999547e-08
5.503701232097447792e+04 5.528328696977865352e-08 9.999999999999999547e-08
5.504618904951254081e+04 5.035646834632857934e-08 9.999999999999999547e-08
5.505536590648199490e+04 -4.032974720627275871e-08 9.999999999999999547e-08
5.506454289917326241e+04 2.665372543051766416e-08 9.999999999999999547e-08
5.507372003206037334e+04 -7.184002998556441755e-08 9.999999999999999547e-08
5.508289730500164296e+04 -2.880446802969390927e-08 9.999999999999999547e-08
5.509207471591939247e+04 1.336100783324810865e-07 9.999999999999999547e-08
5.510125226020099217e+04 -1.812140626649405676e-07 9.999999999999999547e-08
5.511042992776352912e+04 9.364887885084348743e-10 9.999999999999999547e-08
5.511960770632344793e+04 4.559820256139094535e-08 9.999999999999999547e-08
5.512878558078155766e+04 7.264614470972418865e-08 9.999999999999999547e-08
5.513796353309472761e+04 -1.866496133793035172e-08 9.999999999999999547e-08
5.514714154326361313e+04 -1.031453678362102842e-07 9.999999999999999547e-08
5.515631958983430377e+04 -2.918706381938548295e-08 9.999999999999999547e-08
5.516549764840804710e+04 -1.002268179761725559e-07 9.999999999999999547e-08
5.517467569496075157e+04 5.624576198514794209e-08 9.999999999999999547e-08
5.518385370711876749e+04 1.407616028869787950e-07 9.999999999999999547e-08
5.519303166120798414e+04 8.372446257995863240e-09 9.999999999999999547e-08
5.520220953555464075e+04 1.965559443376327710e-07 9.999999999999999547e-08
5.521138731130847009e+04 1.451482862779231060e-07 9.999999999999999547e-08
5.522056497092662903e+04 -2.386714268660311455e-07 9.999999999999999547e-08
5.522974250162758108e+04 -1.235359517065936499e-07 9.999999999999999547e-08
5.523891989448723325e+04 -5.574658581066565340e-08 9.999999999999999547e-08
5.524809714217861620e+04 -2.420649892709675642e-07 9.999999999999999547e-08
5.525727424268928735e+04 7.044346557007307567e-08 9.999999999999999547e-08
5.526645119863437867e+04 9.632446661768245069e-08 9.999999999999999547e-08
5.527562801495264284e+04 -1.796920203577533501e-08 9.999999999999999547e-08
5.528480470100000821e+04 7.643379514334164417e-08 9.999999999999999547e-08
5.529398126976597996e+04 1.889790064248959756e-08 9.999999999999999547e-08
5.530315773446877574e+04 1.534394578655446324e-07 9.999999999999999547e-08
5.531233411329350929e+04 2.856452175139870379e-07 9.999999999999999547e-08
5.532151042615086044e+04 8.969823315366241589e-08 9.999999999999999547e-08
5.533068669242679607e+04 1.565845006023334486e-07 9.999999999999999547e-08
5.533986293368115730e+04 5.987778834911614404e-08 9.999999999999999547e-08
5.534903917198260024e+04 -6.963782968920453688e-08 9.999999999999999547e-08
5.535821542738802964e+04 4.969135501481219294e-08 9.999999999999999547e-08
5.536739172177955334e+04 2.150890950813407609e-07 9.999999999999999547e-08
5.537656807557556021e+04 2.594922334769598619e-07 9.999999999999999547e-08
5.538574450601867284e+04 2.291436245221885754e-07 9.999999999999999547e-08
5.539492103010298160e+04 1.371468148814948176e-07 9.999999999999999547e-08
5.540409766286119702e+04 3.907232567290069492e-09 9.999999999999999547e-08
5.541327441591183015e+04 -6.395922709852570783e-08 9.999999999999999547e-08
5.542245129932322016e+04 5.281868054982554555e-08 9.999999999999999547e-08
5.543162831996384193e+04 9.436456102668417882e-08 9.999999999999999547e-08
5.544080548005335731e+04 2.245026753436019269e-07 9.999999999999999547e-08
5.544998278038018907e+04 7.809538136390454922e-08 9.999999999999999547e-08
5.545916021883325448e+04 1.899319045744406839e-08 9.999999999999999547e-08
5.546833778794176033e+04 -1.651659200581625860e-09 9.999999999999999547e-08
5.547751547856265825e+04 2.775996925347657200e-07 9.999999999999999547e-08
5.548669327764528134e+04 7.384277409450421598e-08 9.999999999999999547e-08
5.549587116852497275e+04 4.380014600282791413e-08 9.999999999999999547e-08
5.550504913385615509e+04 2.810492796047758835e-07 9.999999999999999547e-08
5.551422715346840414e+04 7.304071158169647109e-08 9.999999999999999547e-08
5.552340520368421130e+04 2.424274945918214930e-08 9.999999999999999547e-08
5.553258326144019520e+04 1.339371283003901544e-07 9.999999999999999547e-08
5.554176130334050686e+04 -5.391501022171662442e-08 9.999999999999999547e-08
5.555093930505422031e+04 6.578767224945833116e-08 9.999999999999999547e-08
5.556011724471033085e+04 8.187249724511498632e-08 9.999999999999999547e-08
5.556929510124207445e+04 3.335130654493074234e-08 9.999999999999999547e-08
5.557847285430412012e+04 -1.890821372987442847e-08 9.999999999999999547e-08
5.558765048908389872e+04 1.415512154742145790e-07 9.999999999999999547e-08
5.559682799310724658e+04 6.635174964652550520e-08 9.999999999999999547e-08
5.560600535659703019e+04 3.819528527899828015e-08 9.999999999999999547e-08
5.561518257515825098e+04 -3.058289201331657085e-08 9.999999999999999547e-08
5.562435964666467771e+04 -4.889864790280682755e-08 9.999999999999999547e-08
5.563353657350935100e+04 -8.483966765583583345e-08 9.999999999999999547e-08
5.564271336278197123e+04 3.408633099696649171e-08 9.999999999999999547e-08
5.565189002476446331e+04 -1.669780516167171461e-07 9.999999999999999547e-08
5.566106657056422409e+04 -2.857845399623405711e-08 9.999999999999999547e-08
5.567024301674335584e+04 -9.188680437284571657e-08 9.999999999999999547e-08
5.567941938086521986e+04 5.766102223839119900e-09 9.999999999999999547e-08
5.568859568217052583e+04 -8.431601361086005405e-09 9.999999999999999547e-08
5.569777194184734981e+04 -8.347257005937844988e-08 9.999999999999999547e-08
5.570694818099952681e+04 -6.529328450788832597e-08 9.999999999999999547e-08
5.571612442004035256e+04 -2.025115757289107094e-07 9.999999999999999547e-08
5.572530068157200731e+04 -1.901435323597696821e-07 9.999999999999999547e-08
5.573447698646727804e+04 -1.372327852088937663e-07 9.999999999999999547e-08
5.574365335357054573e+04 2.294939372957396410e-08 9.999999999999999547e-08
5.575282980143494206e+04 -1.210708664433493030e-07 9.999999999999999547e-08
5.576200634619982884e+04 -1.336701911221537016e-07 9.999999999999999547e-08
5.577118300123547670e+04 6.211254998927957106e-08 9.999999999999999547e-08
5.578035977980410826e+04 -8.216532787432464319e-08 9.999999999999999547e-08
5.578953669031419122e+04 -3.392759235098484394e-07 9.999999999999999547e-08
5.579871373792632949e+04 5.971881237642828409e-08 9.999999999999999547e-08
5.580789092602785968e+04 -4.823066151154306046e-08 9.999999999999999547e-08
5.581706825432426558e+04 -1.022743518894656410e-07 9.999999999999999547e-08
5.582624571894301334e+04 -8.078817456875146029e-08 9.999999999999999547e-08
