5.399999561611533863e+04 -4.020762149325044896e-07 9.999999999999999547e-08
5.400917310032888054e+04 -3.435975387867587137e-07 9.999999999999999547e-08
5.401835070714481117e+04 -3.836097745957106015e-07 9.999999999999999547e-08
5.402752842545005115e+04 -3.985233035423782399e-07 9.999999999999999547e-08
5.403670624215983844e+04 -2.606022979418440568e-07 9.999999999999999547e-08
5.404588413994733128e+04 -3.224847347886566873e-07 9.999999999999999547e-08
5.405506210058947909e+04 -3.437169231899758501e-07 9.999999999999999547e-08
5.406424010371229087e+04 -2.582688464917052119e-07 9.999999999999999547e-08
5.407341812625314924e+04 -8.653472989372499983e-08 9.999999999999999547e-08
5.408259614514941495e+04 -2.083296200843349260e-07 9.999999999999999547e-08
5.409177413817494380e+04 -1.196379947887956275e-07 9.999999999999999547e-08
5.410095208250608266e+04 -2.120890738162232761e-07 9.999999999999999547e-08
5.411012995699214662e+04 -2.702692232239575077e-07 9.999999999999999547e-08
5.411930774287234090e+04 -2.657861388762500975e-07 9.999999999999999547e-08
5.412848542204309342e+04 -5.803568028874818639e-08 9.999999999999999547e-08
5.413766298130016366e+04 -1.747956548741185872e-07 9.999999999999999547e-08
5.414684041108391102e+04 -9.001348970981998947e-09 9.999999999999999547e-08
5.415601770332839078e+04 -7.421501002406210471e-09 9.999999999999999547e-08
5.416519485510596132e+04 1.198221782365923260e-07 9.999999999999999547e-08
5.417437186713359552e+04 2.293398827959087679e-08 9.999999999999999547e-08
5.418354874299616495e+04 -3.969337569291154436e-08 9.999999999999999547e-08
5.419272549087909283e+04 -1.499291813813770479e-07 9.999999999999999547e-08
5.420190212207472359e+04 9.612739655585813706e-09 9.999999999999999547e-08
5.421107864853258798e+04 -4.284894003202823758e-08 9.999999999999999547e-08
5.422025508632483979e+04 5.341023290415301208e-08 9.999999999999999547e-08
5.422943145385377284e+04 2.170963345700162956e-07 9.999999999999999547e-08
5.423860776940219512e+04 1.083860275559767769e-07 9.999999999999999547e-08
5.424778405370258406e+04 1.300268122229550163e-07 9.999999999999999547e-08
5.425696032718865172e+04 -8.016996556100237630e-08 9.999999999999999547e-08
5.426613660933817300e+04 7.458524440196725816e-09 9.999999999999999547e-08
5.427531292130184011e+04 2.087439335426747143e-07 9.999999999999999547e-08
5.428448928309514304e+04 1.736742533428916047e-07 9.999999999999999547e-08
5.429366571222418133e+04 1.465443026467293244e-07 9.999999999999999547e-08
5.430284222547805985e+04 1.901954246449151824e-07 9.999999999999999547e-08
5.431201883803270903e+04 3.855819634330770563e-07 9.999999999999999547e-08
5.432119556183766690e+04 3.047513794785850488e-07 9.999999999999999547e-08
5.433037240836451383e+04 1.803908044682936205e-07 9.999999999999999547e-08
5.433954938508170744e+04 2.901325837117332685e-07 9.999999999999999547e-08
5.434872649527537578e+04 2.782599484787231974e-07 9.999999999999999547e-08
5.435790374109643744e+04 3.273866022325780196e-07 9.999999999999999547e-08
5.436708112123043975e+04 2.164107522161003048e-07 9.999999999999999547e-08
5.437625863024034334e+04 1.159959428564673623e-07 9.999999999999999547e-08
5.438543626035893976e+04 1.476961170588910000e-07 9.999999999999999547e-08
5.439461399993542000e+04 1.683734130641340369e-07 9.999999999999999547e-08
5.440379183355486748e+04 1.548719140858615770e-07 9.999999999999999547e-08
5.441296974556337227e+04 2.294369296204503093e-07 9.999999999999999547e-08
5.442214771690141060e+04 3.293544448166116480e-07 9.999999999999999547e-08
5.443132572540256660e+04 2.339507004735622757e-07 9.999999999999999547e-08
5.444050374907968217e+04 2.351171257187746133e-07 9.999999999999999547e-08
5.444968176487011078e+04 1.392836200601329233e-07 9.999999999999999547e-08
5.445885974953200639e+04 3.816167936790335562e-07 9.999999999999999547e-08
5.446803768179514736e+04 1.367831393694383327e-07 9.999999999999999547e-08
5.447721554056860623e+04 1.669675053728268930e-07 9.999999999999999547e-08
5.448639330589662859e+04 5.244508703027602742e-07 9.999999999999999547e-08
5.449557096212529723e+04 2.164867360599600529e-07 9.999999999999999547e-08
5.450474849664785143e+04 3.262934565125116665e-07 9.999999999999999547e-08
5.451392589900843450e+04 5.122846286893984067e-07 9.999999999999999547e-08
5.452310316365050676e+04 3.399735907658196855e-07 9.999999999999999547e-08
5.453228028746718337e+04 2.316362543743839225e-07 9.999999999999999547e-08
5.454145727135468042e+04 9.923081947047489712e-08 9.999999999999999547e-08
5.455063412122802401e+04 2.293463725035220646e-07 9.999999999999999547e-08
5.455981084533240937e+04 3.643271451425213406e-07 9.999999999999999547e-08
5.456898745394443540e+04 1.706989393580423116e-07 9.999999999999999547e-08
5.457816396146331681e+04 2.427886018299849530e-07 9.999999999999999547e-08
5.458734038402094302e+04 1.653592244977746714e-07 9.999999999999999547e-08
5.459651673918313463e+04 1.248374957004533072e-08 9.999999999999999547e-08
5.460569304726414703e+04 -5.703741108355568267e-08 9.999999999999999547e-08
5.461486932804046228e+04 1.369716153597933614e-07 9.999999999999999547e-08
5.462404560087035497e+04 9.257699351523886254e-08 9.999999999999999547e-08
5.463322188756175456e+04 1.575169631477950120e-07 9.999999999999999547e-08
5.464239820824963681e+04 8.202744621292753979e-08 9.999999999999999547e-08
5.465157458169479651e+04 -1.453366472457273182e-07 9.999999999999999547e-08
5.466075102635929215e+04 5.455953079751163840e-08 9.999999999999999547e-08
5.466992755837500590e+04 -9.988110614577858574e-08 9.999999999999999547e-08
5.467910419154367264e+04 1.024644710124509192e-07 9.999999999999999547e-08
5.468828093942802661e+04 2.138373757693771864e-08 9.999999999999999547e-08
5.469745781158769387e+04 9.117078534407464702e-08 9.999999999999999547e-08
5.470663481393771508e+04 7.360916497692061260e-08 9.999999999999999547e-08
5.471581195131765708e+04 -2.107038535057765893e-08 9.999999999999999547e-08
5.472498922414574190e+04 -8.611176693489916419e-08 9.999999999999999547e-08
5.473416663003207213e+04 -1.035159276876458297e-08 9.999999999999999547e-08
5.474334416413707368e+04 9.940460950781502574e-08 9.999999999999999547e-08
5.475252181708034914e+04 -1.072698682714564089e-07 9.999999999999999547e-08
5.476169957595640153e+04 5.281866318552173517e-08 9.999999999999999547e-08
5.477087742696348869e+04 -3.579205790849809370e-08 9.999999999999999547e-08
5.478005535247603257e+04 -1.317248721599055620e-07 9.999999999999999547e-08
5.478923333229929995e+04 -2.497902733150750009e-08 9.999999999999999547e-08
5.479841134588006389e+04 -1.257437079247309488e-07 9.999999999999999547e-08
5.480758936973746313e+04 -1.795691530036963035e-07 9.999999999999999547e-08
5.481676738062962977e+04 -1.372273719827476475e-07 9.999999999999999547e-08
5.482594535698762775e+04 -3.993236316417176610e-07 9.999999999999999547e-08
5.483512328781787801e+04 -2.168977280890796298e-07 9.999999999999999547e-08
5.484430112878755608e+04 -2.151627573942849673e-07 9.999999999999999547e-08
5.485347887380239263e+04 -3.608770836880765137e-07 9.999999999999999547e-08
5.486265650679024111e+04 -2.561616563739495455e-07 9.999999999999999547e-08
5.487183401508459065e+04 -1.868686350518384727e-07 9.999999999999999547e-08
5.488101139079873246e+04 -1.588994816748267519e-07 9.999999999999999547e-08
5.489018862736041046e+04 -3.098559795552805172e-07 9.999999999999999547e-08
5.489936572261872061e+04 -1.273711068306900522e-07 9.999999999999999547e-08
5.490854267956103286e+04 -3.887458392328405467e-07 9.999999999999999547e-08
5.491771950356465823e+04 -1.736768181262717035e-07 9.999999999999999547e-08
5.492689620317351364e+04 -2.921329263849088532e-07 9.999999999999999547e-08
5.493607279075538099e+04 -3.429812170399002667e-07 9.999999999999999547e-08
5.494524927981325891e+04 -3.600081710613580492e-07 9.999999999999999547e-08
5.495442568689727341e+04 -1.544922684910326731e-07 9.999999999999999547e-08
5.496360203142542014e+04 -1.681601206301824577e-07 9.999999999999999547e-08
5.497277833233774436e+04 -3.561410328606877499e-07 9.999999999999999547e-08
5.498195460929125693e+04 -3.024624848718536406e-07 9.999999999999999547e-08
5.499113088355614309e+04 -3.862316115886844099e-07 9.999999999999999547e-08
5.500030717514790013e+04 -1.643439888852519095e-07 9.999999999999999547e-08
5.500948350438076159e+04 -3.914719051762398417e-07 9.999999999999999547e-08
5.501865989097147394e+04 -2.776715445031861825e-07 9.999999999999999547e-08
5.502783635164941370e+04 -2.630858015206134719e-07 9.999999999999999547e-08
5.503701290206847625e+04 -3.758052234677948140e-07 9.999999999999999547e-08
5.504618955746434949e+04 -2.949608549998591478e-07 9.999999999999999547e-08
5.505536632930859196e+04 -2.899550859407566618e-07 9.999999999999999547e-08
5.506454322656336444e+04 -2.503842926018411564e-07 9.999999999999999547e-08
5.507372025598015898e+04 -2.453282682866416181e-07 9.999999999999999547e-08
5.508289742006838060e+04 -2.289573744731414706e-07 9.999999999999999547e-08
5.509207471918652300e+04 -2.711979313422354091e-07 9.999999999999999547e-08
5.510125215166163980e+04 -2.433558809447696044e-07 9.999999999999999547e-08
5.511042971008502354e+04 -2.059014799192329528e-07 9.999999999999999547e-08
5.511960738471778313e+04 -1.136614504314236509e-07 9.999999999999999547e-08
5.512878516337137989e+04 -1.894324043124310754e-07 9.999999999999999547e-08
5.513796303033216100e+04 -6.866399087359727897e-08 9.999999999999999547e-08
5.514714096791479824e+04 -7.385755984337638582e-08 9.999999999999999547e-08
5.515631895670127415e+04 -4.741713529925427895e-08 9.999999999999999547e-08
5.516549697362895677e+04 7.509230416079407025e-09 9.999999999999999547e-08
5.517467499611321546e+04 6.191554061876746332e-08 9.999999999999999547e-08
5.518385300222660589e+04 4.827833742504010274e-08 9.999999999999999547e-08
5.519303096854803880e+04 -1.796821334299593370e-07 9.999999999999999547e-08
5.520220887338907050e+04 4.121165214617263481e-08 9.999999999999999547e-08
5.521138669673421100e+04 8.783410677110145122e-08 9.999999999999999547e-08
5.522056442006166617e+04 4.572636199883798814e-08 9.999999999999999547e-08
5.522974202873323520e+04 9.930485019526360689e-08 9.999999999999999547e-08
5.523891951175533904e+04 -9.627733853984112723e-08 9.999999999999999547e-08
5.524809685962807998e+04 3.298781436475243688e-07 9.999999999999999547e-08
5.525727406745214830e+04 1.334784243412622973e-07 9.999999999999999547e-08
5.526645113510804367e+04 1.467282338792459678e-07 9.999999999999999547e-08
5.527562806462719891e+04 9.006471899015377725e-08 9.999999999999999547e-08
5.528480486282084894e+04 3.122028667744288532e-07 9.999999999999999547e-08
5.529398153942787030e+04 2.077354104623592658e-07 9.999999999999999547e-08
5.530315810550160677e+04 3.060176391563130963e-07 9.999999999999999547e-08
5.531233457639721746e+04 1.775062354002832667e-07 9.999999999999999547e-08
5.532151096985978802e+04 1.751926907406761416e-07 9.999999999999999547e-08
5.533068730375388986e+04 2.564389134574775843e-07 9.999999999999999547e-08
5.533986359779627674e+04 2.764138377967901495e-07 9.999999999999999547e-08
5.534903987271941151e+04 2.544704699137297862e-07 9.999999999999999547e-08
5.535821614824004791e+04 2.876181307076843511e-07 9.999999999999999547e-08
5.536739244550889271e+04 4.955722770783060630e-07 9.999999999999999547e-08
5.537656878513890115e+04 2.348579994020230332e-07 9.999999999999999547e-08
5.538574518451667973e+04 2.694973924464639597e-07 9.999999999999999547e-08
5.539492166144704970e+04 2.495860947168886304e-07 9.999999999999999547e-08
5.540409823200215760e+04 3.366025072492105645e-07 9.999999999999999547e-08
5.541327490932649380e+04 3.578457570652685528e-07 9.999999999999999547e-08
5.542245170530987525e+04 3.621389381432998143e-07 9.999999999999999547e-08
5.543162862867544754e+04 1.889578232335564016e-07 9.999999999999999547e-08
5.544080568408356339e+04 1.834038286752067855e-07 9.999999999999999547e-08
5.544998287488007190e+04 2.568915112422081660e-07 9.999999999999999547e-08
5.545916020130397374e+04 8.098286554976217294e-08 9.999999999999999547e-08
5.546833765893394593e+04 5.858845029230380359e-07 9.999999999999999547e-08
5.547751524113797495e+04 1.462226013997402922e-07 9.999999999999999547e-08
5.548669293775894766e+04 2.698780253054232602e-07 9.999999999999999547e-08
5.549587073475615034e+04 -6.915670271924839822e-08 9.999999999999999547e-08
5.550504861719264591e+04 -1.455778492817042124e-08 9.999999999999999547e-08
5.551422656690511940e+04 -2.299503395515567631e-08 9.999999999999999547e-08
5.552340456238439219e+04 1.960981260774090909e-07 9.999999999999999547e-08
5.553258258200177079e+04 3.633696742472239291e-08 9.999999999999999547e-08
5.554176060329211759e+04 1.433720992355266795e-07 9.999999999999999547e-08
5.555093860265506373e+04 1.652456806717796071e-07 9.999999999999999547e-08
5.556011655834244448e+04 7.051347124932762095e-08 9.999999999999999547e-08
5.556929444866582344e+04 8.421111662360682106e-09 9.999999999999999547e-08
5.557847225283298758e+04 -8.302429884339381432e-08 9.999999999999999547e-08
5.558764995417432510e+04 -1.650310360784711593e-07 9.999999999999999547e-08
5.559682753882835095e+04 -8.846268377673092420e-08 9.999999999999999547e-08
5.560600499484552711e+04 4.586916505091646896e-08 9.999999999999999547e-08
5.561518231493661733e+04 1.954860257908427840e-09 9.999999999999999547e-08
5.562435949497902766e+04 -2.987181596434697240e-08 9.999999999999999547e-08
5.563353653407655656e+04 -1.359920617302991552e-07 9.999999999999999547e-08
5.564271343665052700e+04 1.242295041003327950e-07 9.999999999999999547e-08
5.565189020999016793e+04 -3.670179823579765570e-08 9.999999999999999547e-08
5.566106686275888933e+04 -2.010572187833123213e-07 9.999999999999999547e-08
5.567024340851943998e+04 -1.961210108111244111e-07 9.999999999999999547e-08
5.567941986256724340e+04 -3.983670458473992368e-08 9.999999999999999547e-08
5.568859624204989086e+04 4.603965797912479940e-09 9.999999999999999547e-08
5.569777256644515001e+04 -3.693692372396475143e-08 9.999999999999999547e-08
5.570694885523078119e+04 -6.832407303527264594e-08 9.999999999999999547e-08
5.571612512788454478e+04 -1.788414659098066375e-07 9.999999999999999547e-08
5.572530140597538411e+04 -1.501007929397533179e-07 9.999999999999999547e-08
5.573447771041500528e+04 -1.116408736324720268e-07 9.999999999999999547e-08
5.574365405984469544e+04 -1.798673041418864587e-07 9.999999999999999547e-08
5.575283047344348597e+04 2.920748185572467249e-08 9.999999999999999547e-08
5.576200696788098867e+04 -4.002393064461945761e-07 9.999999999999999547e-08
5.577118355797464756e+04 -1.675473295216447248e-07 9.999999999999999547e-08
5.578036025830292056e+04 -1.549258984847849286e-07 9.999999999999999547e-08
5.578953707926189963e+04 -5.170603453932208777e-08 9.999999999999999547e-08
5.579871402790182037e+04 -7.906495088658129030e-08 9.999999999999999547e-08
5.580789111007796600e+04 -1.145967691065573663e-07 9.999999999999999547e-08
5.581706832812049106e+04 -2.425933006274762470e-07 9.999999999999999547e-08
5.582624568059545709e+04 -3.532587549515876317e-07 9.999999999999999547e-08
