1.000000000000000000e+00 -2.955424343241208476e+02 1.995187464196986298e+02 -6.900927876111968653e+05 -2.981193422957138672e+13 -4.705019651033887331e-06 2.648300538393440620e-06 8.037992815982821051e-07 1.761382824441712671e+02 -1.265905217786651993e-01 2.647891586549721676e+00 -1.566250142745619556e+01 4.063792510735134478e+00
1.000000000000000000e+00 -2.490499215095449301e+02 1.987708516356827033e+02 -6.964254368256570306e+05 -3.036158417799735547e+13 -4.001244972245444728e-06 2.662584482493005749e-06 6.254132110683849281e-07 1.128137117326279935e+02 -7.731832863212059204e-01 1.692865850492418334e+00 3.165426461331025898e+00 1.586847301580336911e+01
1.000000000000000000e+00 -1.964161641823442892e+02 1.931236347634054198e+02 -7.027581552205994958e+05 -3.091626104931070312e+13 -3.184323827187943357e-06 2.610462108196339287e-06 4.507543463370146883e-07 -1.245947738400404603e+01 -9.975529801098252936e-01 -1.866277008911474689e-01 1.602292300472848652e+01 -2.257055364832025735e+00
1.000000000000000000e+00 -1.388671027839418457e+02 1.826771396082851879e+02 -7.090909519958135206e+05 -3.147596582480451172e+13 -2.271618650055510392e-06 2.491507618100374770e-06 2.968205521582308079e-07 -1.313703077053506831e+02 -6.771574128592945385e-01 -1.964221793517583192e+00 -1.341667782591224878e+00 -1.612539264937542782e+01
1.000000000000000000e+00 -7.779012915939910044e+01 1.676311239348817992e+02 -7.154238357090116479e+05 -3.204069945743922266e+13 -1.283872820440371139e-06 2.306716037997306249e-06 1.787653012612733275e-07 -1.788378697116890521e+02 1.304931267299054565e-02 -2.669139195805041442e+00 -1.617560043998901875e+01 4.222688020697855649e-01
1.000000000000000000e+00 -1.476916861926676638e+01 1.483605967956726488e+02 -7.217568120994585333e+05 -3.261046267263230469e+13 -2.459127505041155028e-07 2.059612581260425729e-06 1.084397375144170013e-07 -1.286310289839583447e+02 6.961374764911507640e-01 -1.916360885616344323e+00 -4.981391927331158542e-01 1.617344174503489995e+01
1.000000000000000000e+00 4.864234359320790446e+01 1.253239704324604276e+02 -7.280898841928587062e+05 -3.318525596664661328e+13 8.170217070925028184e-07 1.755073122925079252e-06 9.282980955827747009e-08 -7.864504755904203392e+00 9.990396921979529665e-01 -1.169564399275827421e-01 1.611898568156520994e+01 1.416566670817162032e+00
1.000000000000000000e+00 1.108376390580739184e+02 9.906404497571405443e+01 -7.344230540025864029e+05 -3.376507975226104688e+13 1.877879299105800585e-06 1.399388920637368297e-06 1.335406637258296128e-07 1.176400927753241490e+02 7.563060075666063753e-01 1.746347664797894828e+00 2.330040440299262272e+00 -1.601247239129374478e+01
1.000000000000000000e+00 1.701408078059176887e+02 7.027027120024619933e+01 -7.407563199375651311e+05 -3.434993411435666406e+13 2.907488213713089960e-06 1.001205134143356972e-06 2.263071695332947696e-07 1.792276160755605190e+02 1.004901656719578151e-01 2.655854286151091870e+00 -1.585430865677561485e+01 -3.235623209068720030e+00
1.000000000000000000e+00 2.250426509739692165e+02 3.967346123809380742e+01 -7.470896772290877998e+05 -3.493981883554932422e+13 3.878570391296447420e-06 5.700971893726564037e-07 3.615391761744457693e-07 1.429669721877901623e+02 -6.102205034888277257e-01 2.114756527567682731e+00 -4.130420779108738394e+00 1.564506263083919890e+01
1.000000000000000000e+00 2.741153524248118742e+02 8.040319485909343200e+00 -7.534231196178987157e+05 -3.553473354273142188e+13 4.764380184178544146e-06 1.165167391054362293e-07 5.253272305960681660e-07 2.834646944760829967e+01 -9.876306010947636382e-01 4.185528830762390573e-01 1.538546023456839329e+01 5.011583971748754252e+00
1.000000000000000000e+00 3.160025657492012670e+02 -2.377614981480697764e+01 -7.597566382664720295e+05 -3.613467759769561719e+13 5.538590024783251393e-06 -3.474498310529313272e-07 7.005193783606088147e-07 -1.021948908741195368e+02 -8.255783646279269972e-01 -1.506290093928684293e+00 5.876320577876769313e+00 -1.507637943942100378e+01
1.000000000000000000e+00 3.496476136917946178e+02 -5.495079858807601880e+01 -7.660902216543306131e+05 -3.673965007687139844e+13 6.179375613299704844e-06 -8.097109272979286887e-07 8.690377839295351306e-07 -1.772797338825503175e+02 -2.125661636099890617e-01 -2.608362583906047583e+00 -1.471884446687404413e+01 -6.721902862682981983e+00
1.000000000000000000e+00 3.741886258078316700e+02 -8.469187543791369421e+01 -7.724238576622938272e+05 -3.734964996224939844e+13 6.667766278984764522e-06 -1.258269015144483522e-06 1.013378335355626764e-06 -1.556211979031735950e+02 5.165628564260246192e-01 -2.285643105741609116e+00 -7.545666898638653919e+00 1.431402359891037968e+01
1.000000000000000000e+00 3.889387409094115355e+02 -1.121960212247660138e+02 -7.787575315668208059e+05 -3.796467594345398438e+13 6.987431618983530117e-06 -1.680566834741481442e-06 1.118259253491328713e-06 -4.872632362396045380e+01 9.635230509783835329e-01 -7.143901501955268740e-01 1.386322108095650485e+01 8.345026171073250509e+00
1.000000000000000000e+00 3.935895963734517977e+02 -1.367616785237547674e+02 -7.850912274895402370e+05 -3.858472654989603125e+13 7.128494879091630514e-06 -2.065192883932841469e-06 1.173315561731308836e-06 8.521145105086354476e+01 8.841560735155568063e-01 1.247105730445580152e+00 9.117472437379282368e+00 -1.336787406018636304e+01
1.000000000000000000e+00 3.880726365032451781e+02 -1.577849964002349736e+02 -7.914249304211952258e+05 -3.920980034673936719e+13 7.085277344662949535e-06 -2.401881094906637024e-06 1.173298221809233106e-06 1.729926694336513151e+02 3.218134973352728134e-01 2.527364407163557480e+00 -1.282955238091605565e+01 -9.860575350389321869e+00
1.000000000000000000e+00 3.725216443323325848e+02 -1.747120296075532906e+02 -7.977586245504027465e+05 -3.983989577142363281e+13 6.855784002500063538e-06 -2.680836882449884167e-06 1.118091502935509798e-06 1.664177982332323609e+02 -4.163207717034884681e-01 2.427035530226615112e+00 -1.057199423149454098e+01 1.224995095927410382e+01
1.000000000000000000e+00 3.474454063158961503e+02 -1.871425688896650286e+02 -8.040922940288935788e+05 -4.047501120752262500e+13 6.445054307737082014e-06 -2.894373409502843413e-06 1.013808593813242131e-06 6.875298243161984146e+01 -9.270366943498946632e-01 1.000934009766345278e+00 1.163088672049738292e+01 1.124948152717857397e+01
1.000000000000000000e+00 3.135547134695026443e+02 -1.948097508409236127e+02 -8.104259247524907114e+05 -4.111514516530627344e+13 5.862201818474948308e-06 -3.036687410882087344e-06 8.714131341890096108e-07 -6.687694003776455531e+01 -9.313597629184633409e-01 -9.719170031075925476e-01 1.189088401674323059e+01 -1.097429896784914227e+01
1.000000000000000000e+00 2.717121363889223176e+02 -1.975247489149122941e+02 -8.167595029876998160e+05 -4.176029614821356250e+13 5.119615442342010705e-06 -3.103071535058041413e-06 7.053909243822229379e-07 -1.663866434552131466e+02 -4.269384101128806952e-01 -2.413856604521686045e+00 -1.028224162684922227e+01 -1.249415333916081750e+01
1.000000000000000000e+00 2.230813188948217203e+02 -1.952682307608821475e+02 -8.230930165431248024e+05 -4.241046277503902344e+13 4.235905155217932820e-06 -3.091409813146396598e-06 5.329609377201701626e-07 -1.751990403825893736e+02 3.106846492701371698e-01 -2.537267662475976682e+00 -1.305734928079434098e+01 9.556881829065057232e+00
1.000000000000000000e+00 1.689314801761468345e+02 -1.881536784357542729e+02 -8.294264564384720288e+05 -4.306564395936455469e+13 3.232381246231569607e-06 -3.001695749214683601e-06 3.714279004970129305e-07 -8.817748973029068793e+01 8.785997172787815002e-01 -1.274779815113023407e+00 8.800500677644139458e+00 1.357864309709034778e+01
1.000000000000000000e+00 1.105864447941965665e+02 -1.763652381466318388e+02 -8.357598142481350806e+05 -4.372583864433130469e+13 2.132148692812880484e-06 -2.835114134615042053e-06 2.366018225285640236e-07 4.739411191042157157e+01 9.666146115978969666e-01 6.839841693439698833e-01 1.405633091498656739e+01 -8.015480131830360122e+00
1.000000000000000000e+00 4.956361055057364240e+01 -1.602398099850706501e+02 -8.420930834427030059e+05 -4.439104594627520312e+13 9.628466929142899973e-07 -2.595413710201696898e-06 1.419211158807979149e-07 1.575050032485437157e+02 5.266739583320717566e-01 2.269141357116686297e+00 -7.204301317163134932e+00 -1.448883718822514410e+01
1.000000000000000000e+00 -1.262972326999380890e+01 -1.402187208632828117e+02 -8.484262608217485249e+05 -4.506126531444085156e+13 -2.471963445689308706e-07 -2.288211565470599951e-06 9.663583999010293072e-08 1.818220518199935327e+02 -2.009174081869584405e-01 2.614933252569285660e+00 -1.487471934429301434e+01 6.369543544390724676e+00
1.000000000000000000e+00 -7.453769137003578749e+01 -1.167824495300460512e+02 -8.547593448340075556e+05 -4.573649636441225781e+13 -1.469785308026440723e-06 -1.919983563342387683e-06 1.050754174140258898e-07 1.067462983585526217e+02 -8.187673032220096347e-01 1.532551397042792418e+00 5.513872122700084866e+00 1.521267809262672799e+01
1.000000000000000000e+00 -1.346174061048135684e+02 -9.052819115577810294e+01 -8.610923361220953520e+05 -4.641673894337646875e+13 -2.674145595240798188e-06 -1.499372839937326488e-06 1.664210112278577311e-07 -2.698904206776337134e+01 -9.894452010526223473e-01 -3.868113206504839585e-01 1.550156299779946067e+01 -4.640032883571937106e+00
1.000000000000000000e+00 -1.914415351752103049e+02 -6.211484055647019886e+01 -8.674252380771413445e+05 -4.710199319905567969e+13 -3.830913352020162958e-06 -1.036342960176498285e-06 2.748262545971861239e-07 -1.464203762872563459e+02 -6.197564018293437726e-01 -2.094903444610984433e+00 -3.750846384222178642e+00 -1.574037839244475556e+01
1.000000000000000000e+00 -2.437249154423165862e+02 -3.219838592703355573e+01 -8.737580550348616671e+05 -4.779225939326295312e+13 -4.912756374382371142e-06 -5.411296949182812599e-07 4.201655198505786080e-07 -1.861617985675863167e+02 8.838662147733233887e-02 -2.658919231889867785e+00 -1.592829123905310595e+01 2.849192646922702910e+00
1.000000000000000000e+00 -2.901827141605089082e+02 -1.508396143011099255e+00 -8.800907933368798112e+05 -4.848753802259089062e+13 -5.891598233539092741e-06 -2.553400646262620906e-08 5.885153489019293026e-07 -1.242005206490891709e+02 7.482545147189978429e-01 -1.770889151536048978e+00 1.938005827518602064e+00 1.606463488374006943e+01
1.000000000000000000e+00 -3.297287112839276801e+02 2.921089506744345954e+01 -8.864234622938296525e+05 -4.918782993324871875e+13 -6.742673258488385670e-06 4.980376556773949541e-07 7.639121703600971047e-07 5.915313417967150933e+00 9.995024205385699689e-01 8.419773191258256295e-02 1.614891368481306344e+01 -1.020268266600353746e+00
1.000000000000000000e+00 -3.614857403252529480e+02 5.926190830521860420e+01 -8.927560719797566999e+05 -4.989313608630443750e+13 -7.444886648630881494e-06 1.017617384707145842e-06 9.301293736548959442e-07 1.332413486789336616e+02 7.049405160405893822e-01 1.893292034871278062e+00 -9.899179399999810669e-02 -1.618080842109240791e+01
1.000000000000000000e+00 -3.846401639002632464e+02 8.791692491362778128e+01 -8.990886332258710172e+05 -5.060345756000719531e+13 -7.977948805764499115e-06 1.520376223618219831e-06 1.071339152066651492e-06 1.881186615780913201e+02 2.543271920139448042e-02 2.668503037692127489e+00 -1.616017859036018223e+01 -8.227930864067490857e-01
1.000000000000000000e+00 -3.986358237152529114e+02 1.144801130677211063e+02 -9.054211590186239919e+05 -5.131879571127268750e+13 -8.326472858139725110e-06 1.993686012850772326e-06 1.174163374866068567e-06 1.402819923044231700e+02 -6.679599404214697778e-01 1.986535142864890524e+00 -1.742042835836237424e+00 1.608706459530408139e+01
1.000000000000000000e+00 -4.031672523616836656e+02 1.383438648366241353e+02 -9.117536621901475592e+05 -5.203915192058575000e+13 -8.480019916593305870e-06 2.426126789855870921e-06 1.228927356001577517e-06 1.554803626380144266e+01 -9.966041310829998334e-01 2.198009901201758431e-01 1.596168869495408593e+01 2.655721096190124975e+00
1.000000000000000000e+00 -3.980303729098548615e+02 1.589113187229951620e+02 -9.180861567826548126e+05 -5.276452774821862500e+13 -8.430120053504359606e-06 2.806172365834951654e-06 1.229800618743284731e-06 -1.181160323829962238e+02 -7.810439653381398006e-01 -1.666955408937890404e+00 3.560804844458735019e+00 -1.578445530878571645e+01
1.000000000000000000e+00 -3.833118946703012853e+02 1.756611497720008117e+02 -9.244186577919056872e+05 -5.349492490933709375e+13 -8.174385322513567876e-06 3.123348868600913597e-06 1.176555089123176929e-06 -1.876268436450356489e+02 -1.389877856336856898e-01 -2.643457865101682014e+00 -1.555595061094757092e+01 -4.454296928263117294e+00
1.000000000000000000e+00 -3.593625907967727358e+02 1.881972666363859616e+02 -9.307511789557929151e+05 -5.423034502008372656e+13 -7.716148329004252944e-06 3.369170421991740087e-06 1.074419451266329581e-06 -1.547434455751393330e+02 5.789658877876504572e-01 -2.176472672213588311e+00 -5.333245742219004271e+00 1.527693851491447319e+01
1.000000000000000000e+00 -3.266421465854107851e+02 1.961697118145770560e+02 -9.370837338319051778e+05 -5.497078971901478906e+13 -7.061301046240261143e-06 3.535789699560320022e-06 9.325408462703322686e-07 -3.710405483275498995e+01 9.807689055905344233e-01 -5.209872651646445529e-01 1.494835799851477098e+01 6.194752108326357032e+00
1.000000000000000000e+00 -2.859014538663632834e+02 1.993406439566902577e+02 -9.434163362127706641e+05 -5.571626071543285156e+13 -6.222341790569726952e-06 3.617223319572029999e-06 7.642938151601443291e-07 1.012307109598886399e+02 8.470025570238723933e-01 1.419005365071316582e+00 7.035978601796094800e+00 -1.457131996939336460e+01
1.000000000000000000e+00 -2.381315423983855624e+02 1.976249485097980596e+02 -9.497489985350253992e+05 -5.646675960115491406e+13 -5.217468986157684038e-06 3.610161969828470827e-06 5.860089273593911725e-07 1.846602566438271822e+02 2.507018195433689534e-01 2.584118544215894264e+00 -1.414710016335836329e+01 -7.854165614709186727e+00
1.000000000000000000e+00 -1.843990101609097678e+02 1.910071090573808021e+02 -9.560817317077574553e+05 -5.722228782459073438e+13 -4.067126799260207574e-06 3.512534708698446798e-06 4.148027091365492437e-07 1.673594605070518071e+02 -4.825109556956961865e-01 2.338071232996723481e+00 -8.646641430460613620e+00 1.367713246658144932e+01
1.000000000000000000e+00 -1.260172104273886333e+02 1.796046883158236653e+02 -9.624145457014164422e+05 -5.798284675564847656e+13 -2.797861078845151668e-06 3.324726463128634315e-06 2.676314941600079530e-07 5.844929205164314823e+01 -9.522288485164415173e-01 8.151854524294400717e-01 1.316300323940415851e+01 9.410829201234607311e+00
1.000000000000000000e+00 -6.446769224523900732e+01 1.636964819722524851e+02 -9.687474475241045002e+05 -5.874843743656417969e+13 -1.440743942237907601e-06 3.050183659456351439e-06 1.592001734781491872e-07 -8.280301211175235210e+01 -9.019201634186558847e-01 -1.152906827182435423e+00 1.014426164131036856e+01 -1.260643947702972234e+01
1.000000000000000000e+00 -1.224524205843303903e+00 1.436317967053498990e+02 -9.750804425265578320e+05 -5.951906072947118750e+13 -2.754494612092712737e-08 2.693810936638250138e-06 1.002244571858349008e-07 -1.792336569736612262e+02 -3.590401304104483549e-01 -2.491378790761759277e+00 -1.200930310941376611e+01 -1.084458387221931197e+01
1.000000000000000000e+00 6.208730126228898882e+01 1.198867449521031148e+02 -9.814135345497933449e+05 -6.029471732797227344e+13 1.405687985202655682e-06 2.263076759462687150e-06 9.676458705898679604e-08 -1.779353545033382318e+02 3.799368346398840357e-01 -2.469197184248909327e+00 -1.150955974569886919e+01 1.137358320827533120e+01
1.000000000000000000e+00 1.237949270368531813e+02 9.307735745737920752e+01 -9.877467239475712413e+05 -6.107540750660022656e+13 2.820866628832136209e-06 1.768339775292052773e-06 1.492041055699470570e-07 -7.928673428728504291e+01 9.114138049287902055e-01 -1.098420390185175011e+00 1.070138191679206408e+01 1.213708307651925722e+01
1.000000000000000000e+00 1.823588008187296907e+02 6.385904903630994767e+01 -9.940800083242417313e+05 -6.186113119882449219e+13 4.181982147509669547e-06 1.221011796235625352e-06 2.522113814475068158e-07 6.307072306504734627e+01 9.450983729577642212e-01 8.723114954941718624e-01 1.272517973569019922e+01 -9.994906764435265600e+00
1.000000000000000000e+00 2.362209361221275969e+02 3.297359596147981620e+01 -1.000413383509140345e+06 -6.265188810819550000e+13 5.451700466273627677e-06 6.344857578200679973e-07 3.951786927989578343e-07 1.713981703526524427e+02 4.625723219150468246e-01 2.366611075933911845e+00 -9.256464450278048872e+00 -1.327200913261112269e+01
1.000000000000000000e+00 2.839197362122122854e+02 1.248406681650157335e+00 -1.006746841979784542e+06 -6.344767750255877344e+13 6.594015532011221393e-06 2.417421794705142646e-08 5.632549033899588967e-07 1.863113174925614715e+02 -2.726214612860780040e-01 2.568254547571381607e+00 -1.377587120567732271e+01 8.488447034644488909e+00
1.000000000000000000e+00 3.242617658052339493e+02 -3.051133742387481007e+01 -1.013080374341998482e+06 -6.424849838850110938e+13 7.578334183071205770e-06 -5.945401930791110648e-07 7.392889822561473269e-07 9.933631599752818886e+01 -8.589095188673981918e-01 1.367055623441840950e+00 7.693327507458494807e+00 1.423520538658845069e+01
1.000000000000000000e+00 3.561619600115605522e+02 -6.148103188124702001e+01 -1.019413969904034631e+06 -6.505434957720450781e+13 8.375914209557969308e-06 -1.205501629221409775e-06 9.048892490978173506e-07 -4.227984229943484706e+01 -9.760352510243595070e-01 -5.808874435304207662e-01 1.464859207392375673e+01 -6.873653379910312111e+00
1.000000000000000000e+00 3.787517496167545232e+02 -9.082467153568754270e+01 -1.025747614739300800e+06 -6.586522943050860156e+13 8.962502099662804388e-06 -1.791927459084322897e-06 1.042588271830525859e-06 -1.612329240420972383e+02 -5.600079064191293421e-01 -2.211536129814434037e+00 -6.032031689732982649e+00 -1.501475788114584908e+01
1.000000000000000000e+00 3.915238920675718646e+02 -1.178021433682352779e+02 -1.032081294007912860e+06 -6.668113614806781250e+13 9.321939563902839821e-06 -2.338531218653388604e-06 1.138573196322298958e-06 -1.923603027433946124e+02 1.619260036492883581e-01 -2.634138593010705520e+00 -1.533257276194921737e+01 5.171128796975305697e+00
1.000000000000000000e+00 3.941492837090955277e+02 -1.417236086879224786e+02 -1.038414992949879146e+06 -6.750206789285303125e+13 9.442039188428249524e-06 -2.830669888216043687e-06 1.183108436984729431e-06 -1.183385047811404291e+02 7.954088687581056805e-01 -1.617831502424661894e+00 4.293666553268018049e+00 1.560105086411559228e+01
1.000000000000000000e+00 3.865656626044366817e+02 -1.619558363990232692e+02 -1.044748695541686611e+06 -6.832802261574578906e+13 9.316852477454902416e-06 -3.254501782438947546e-06 1.171667845867740230e-06 2.067783680598887486e+01 9.943951052816061287e-01 2.822263325686474866e-01 1.581935418162387030e+01 -3.402410000531047807e+00
1.000000000000000000e+00 3.690870447769758016e+02 -1.780199678870184243e+02 -1.051082385911945952e+06 -6.915899823682114844e+13 8.949518427414851818e-06 -3.598997537179831063e-06 1.105990587108005096e-06 1.488378826439190163e+02 6.501879189294932360e-01 2.028113736560778868e+00 -2.500165180876739335e+00 -1.598679250518082995e+01
1.000000000000000000e+00 3.421919845231232102e+02 -1.895332573761754986e+02 -1.057416049188780133e+06 -6.999499275813563281e+13 8.347373324606068289e-06 -3.854849234515054059e-06 9.928398265229944508e-07 1.959818634118354908e+02 -4.918393724845040310e-02 2.666135848057018976e+00 -1.610282507924183903e+01 1.589775142186605095e+00
1.000000000000000000e+00 3.065943165365420100e+02 -1.962079710775432204e+02 -1.063749670455282321e+06 -7.083600412857662500e+13 7.523806980679238454e-06 -4.014506434398942037e-06 8.438647506869921195e-07 1.360497763285659403e+02 -7.216856023305200374e-01 1.847791493780563954e+00 6.741086086088631246e-01 1.616706337338892752e+01
1.000000000000000000e+00 2.633227849850257485e+02 -1.979352708335700015e+02 -1.070083236466890201e+06 -7.168203047376914062e+13 6.500400383654431909e-06 -4.073960587119621961e-06 6.748107700634257008e-07 1.483958814091852041e+00 -9.999715885404972804e-01 2.012180277680753610e-02 1.617927233701803047e+01 2.439409354278661846e-01
1.000000000000000000e+00 2.134882956694164022e+02 -1.947116688122345920e+02 -1.076416736614786088e+06 -7.253307023254248438e+13 5.301376137122683317e-06 -4.031331329028014223e-06 5.026683846907718343e-07 -1.343330430838461496e+02 -7.320446384675738383e-01 -1.818523714020090720e+00 1.161459216091167868e+00 -1.613937337769751323e+01
1.000000000000000000e+00 1.583489467615289072e+02 -1.866307575207054299e+02 -1.082750160816935124e+06 -7.338912188148909375e+13 3.955282820410800812e-06 -3.886758425046028679e-06 3.444687940143346359e-07 -1.970974998667436466e+02 -6.426712425770907122e-02 -2.663848184377314965e+00 -1.604744672841631470e+01 -2.075527411048792459e+00
1.000000000000000000e+00 9.937288530864108793e+01 -1.739547198136922930e+02 -1.089083501107643126e+06 -7.425018415379581250e+13 2.496681743660546901e-06 -3.643958887097727498e-06 2.160410523340481938e-07 -1.522348776989077805e+02 6.386060523987642235e-01 -2.054167802287046207e+00 -2.983224417325391453e+00 1.590373329162835070e+01
1.000000000000000000e+00 3.799764297302031224e+01 -1.570288608245167268e+02 -1.095416752609097632e+06 -7.511625618087890625e+13 9.602186640608752810e-07 -3.308528891438575496e-06 1.298861230240599696e-07 -2.394206088409666222e+01 9.926733885458101092e-01 -3.225357385652404818e-01 1.570863754677303881e+01 3.881631996916588889e+00
1.000000000000000000e+00 -2.429766538939393072e+01 -1.362702081223441439e+02 -1.101749911404207582e+06 -7.598733721120778125e+13 -6.175635829295287180e-07 -2.887752818121074319e-06 9.433707430850813674e-08 1.178641822369904162e+02 8.045667836234358106e-01 1.585235802051858434e+00 4.767852102286577853e+00 -1.546272766578056945e+01
1.000000000000000000e+00 -8.593550027481488485e+01 -1.122308388172169913e+02 -1.108082976749127731e+06 -7.686342692106285938e+13 -2.196741726901325248e-06 -2.391996636837925442e-06 1.127827865237809707e-07 1.956518784959757795e+02 1.770433718238285103e-01 2.627198633764055380e+00 -1.516673822126351290e+01 -5.639008092123901861e+00
1.000000000000000000e+00 -1.454777831704990660e+02 -8.550596658632646552e+01 -1.114415950460675173e+06 -7.774452534164553125e+13 -3.740055965585672271e-06 -1.832819990684818872e-06 1.833805392246058354e-07 1.666633697588066241e+02 -5.471633978891008443e-01 2.234328656302546623e+00 -6.492257161456085335e+00 1.482157068211384043e+01
1.000000000000000000e+00 -2.015394728410560390e+02 -5.672347604456276571e+01 -1.120748834931360791e+06 -7.863063259070267188e+13 -5.210777405195839345e-06 -1.222776843826362304e-06 2.994657860695789202e-07 4.641429833428792051e+01 -9.725417363658982461e-01 6.212377507344166716e-01 1.442829005462047220e+01 7.324807617617974387e+00
1.000000000000000000e+00 -2.527332855152750426e+02 -2.660259643490074666e+01 -1.127081635424369713e+06 -7.952174919865548438e+13 -6.571309519491301550e-06 -5.767073315809217048e-07 4.498449174572926063e-07 -9.961043356956687944e+01 -8.667987060606126004e-01 -1.331101492116406826e+00 8.133920888866468246e+00 -1.398812680486690674e+01
1.000000000000000000e+00 -2.978991342749166620e+02 4.140261863227827632e+00 -1.133414359659165377e+06 -8.041787606117518750e+13 -7.789185714397808553e-06 9.025943148394548774e-08 6.202865048838871142e-07 -1.916193900747998384e+02 -2.876985685650818581e-01 -2.556508363562625785e+00 -1.350247498208434216e+01 -8.916923790947233641e+00
1.000000000000000000e+00 -3.360019384830766285e+02 3.479873659500669447e+01 -1.139747016005926533e+06 -8.131901419127185938e+13 -8.834548387937541964e-06 7.628655680252514993e-07 7.947899845176091088e-07 -1.791136207568088139e+02 4.485052476985953440e-01 -2.385826902980068720e+00 -9.671225029401860240e+00 1.297288583801018902e+01
1.000000000000000000e+00 -3.660778163923091029e+02 6.462069751389867633e+01 -1.146079614926032489e+06 -8.222516492856792188e+13 -9.678817635809336699e-06 1.424500159642610570e-06 9.566853276300391088e-07 -6.859990097676892162e+01 9.397849602169455752e-01 -9.122996022966136653e-01 1.240106679897348485e+01 1.039432069847625506e+01
1.000000000000000000e+00 -3.874527738912660197e+02 9.290266465453370870e+01 -1.152412168576634489e+06 -8.313632989053400000e+13 -1.030055717078042436e-05 2.059264245581157059e-06 1.090933628838253683e-06 7.978854753072280914e+01 9.178736917827438058e-01 1.059398500930356368e+00 1.108380598406377260e+01 -1.178887634352852309e+01
1.000000000000000000e+00 -3.996252220931580723e+02 1.189928852580555656e+02 -1.158744688675061334e+06 -8.405251066938884375e+13 -1.068254556947080402e-05 2.652069032938815200e-06 1.184844283039113956e-06 1.850120840339844790e+02 3.947449975879721573e-01 2.452589151013062185e+00 -1.113831279549097175e+01 -1.173739104763816243e+01
1.000000000000000000e+00 -4.022140237948106005e+02 1.422375528825172069e+02 -1.165077188926471397e+06 -8.497370918447195312e+13 -1.081050582454907898e-05 3.187462206384273322e-06 1.228854989900921065e-06 1.893820186674910246e+02 -3.439367598345783872e-01 2.506515944694151177e+00 -1.235290319663799963e+01 1.045151391664695772e+01
1.000000000000000000e+00 -3.951648860488136279e+02 1.620747361998864733e+02 -1.171409684137994191e+06 -8.589992756020248438e+13 -1.067877076077913474e-05 3.651743007508274783e-06 1.218797286962265410e-06 9.018644520771606210e+01 -8.948085321719181362e-01 1.191738929469480457e+00 9.730747779759191474e+00 1.292829873502642712e+01
1.000000000000000000e+00 -3.786169126593109695e+02 1.780325076163993288e+02 -1.177742187930047745e+06 -8.683116779297289062e+13 -1.028689599602953182e-05 4.032975782001494799e-06 1.155613444699693745e-06 -5.865151881533283529e+01 -9.570626174684989662e-01 -7.737993252325036098e-01 1.346167657904294401e+01 -8.978397641930380146e+00
1.000000000000000000e+00 -3.528505435897143343e+02 1.896759874591508606e+02 -1.184074714596433798e+06 -8.776743202219714062e+13 -9.638379116169758917e-06 4.319838727632127245e-06 1.044760679094141909e-06 -1.758851951695131106e+02 -4.967012485032261671e-01 -2.316800775248020638e+00 -8.196958385193784835e+00 -1.395128072138094666e+01
1.000000000000000000e+00 -3.184792415613301273e+02 1.966997646994411753e+02 -1.190407278215861879e+06 -8.870872240056260938e+13 -8.746026941357687608e-06 4.503762565265040445e-06 8.967897012328446449e-07 -1.972935818447602401e+02 2.348946866108906073e-01 -2.594679812210860526e+00 -1.439550897531229978e+01 7.389024419845787506e+00
1.000000000000000000e+00 -2.762970855508829118e+02 1.989191696564107303e+02 -1.196739891542769037e+06 -8.965504092698712500e+13 -7.627991118314580235e-06 4.578808479438293862e-06 7.257368358954285908e-07 -1.108612617282959718e+02 8.382250927678571717e-01 -1.455670656801507423e+00 6.557275783341873776e+00 1.479292042960322817e+01
1.000000000000000000e+00 -2.272220174040711811e+02 1.962155414913735569e+02 -1.203072567011532839e+06 -9.060638959262939062e+13 -6.306324909098100516e-06 4.540475117799056398e-06 5.478035294202906132e-07 3.648156232375321650e+01 9.838183681560410676e-01 4.782668881770316127e-01 1.514223798095110141e+01 -5.704471006466438787e+00
1.000000000000000000e+00 -1.724697234033324946e+02 1.886246471087942496e+02 -1.209405316060158657e+06 -9.156277027721551562e+13 -4.811924971381088267e-06 4.387795580941600156e-06 3.806485554823275691e-07 1.643378105436144949e+02 5.921535200422269885e-01 2.151042705475974870e+00 -4.833434126394589470e+00 -1.544235328831647180e+01
1.000000000000000000e+00 -1.133786513940261216e+02 1.763176426900558340e+02 -1.215738146896362538e+06 -9.252418440506371875e+13 -3.179841242709650903e-06 4.122986262154019060e-06 2.408169765033467322e-07 2.027105091453496470e+02 -1.228958916177557981e-01 2.649131531511380810e+00 -1.569233163052061286e+01 3.947035410676808187e+00
1.000000000000000000e+00 -5.134434600897930068e+01 1.595407467905226611e+02 -1.222071066830301657e+06 -9.349063328919559375e+13 -1.447515408884645762e-06 3.750111284089967770e-06 1.420646821588743764e-07 1.303243831117445950e+02 -7.708370273807684248e-01 1.700472933147607613e+00 3.048188761496319010e+00 1.589140981189717827e+01
1.000000000000000000e+00 1.202547716480796147e+01 1.386958635237708108e+02 -1.228404081395647489e+06 -9.446211799260260938e+13 3.407828068640336655e-07 3.277033133220172178e-06 9.446000577964070813e-08 -1.357827107460394345e+01 -9.978019178905301878e-01 -1.768912583726104382e-01 1.603899794262401102e+01 -2.139837734940911673e+00
1.000000000000000000e+00 7.510818852467976114e+01 1.143075259816573919e+02 -1.234737192698947387e+06 -9.543863906603298438e+13 2.139419376346025018e-06 2.714722411049193248e-06 1.029081100005947092e-07 -1.505075673500124935e+02 -6.798155060911581504e-01 -1.957668458666031341e+00 -1.224938523483209307e+00 -1.613467961098270820e+01
1.000000000000000000e+00 1.363387998601507718e+02 8.695404805264610104e+01 -1.241070401277109981e+06 -9.642019682302545312e+13 3.903462322947740394e-06 2.075689057807285391e-06 1.666496613495319453e-07 -2.055360254366371180e+02 9.470005177235670674e-03 -2.669246783022452885e+00 -1.617820895043122675e+01 3.064566715887773740e-01
1.000000000000000000e+00 1.940682068260783240e+02 5.733767928063717534e+01 -1.247403704568522284e+06 -9.740679109491282812e+13 5.584644460423353622e-06 1.375698340686729345e-06 2.791505610509970795e-07 -1.483000202048122560e+02 6.935913901431242090e-01 -1.922927913051160509e+00 -6.126486999194653560e-01 1.616950902488573760e+01
1.000000000000000000e+00 2.467736449817928417e+02 2.623683049270357515e+01 -1.253737096831195755e+06 -9.839842120568871875e+13 7.137388869715393667e-06 6.326942954436038059e-07 4.288400043474770904e-07 -9.755365763575861493e+00 9.988801194883096812e-01 -1.262953674101655044e-01 1.610866816886892394e+01 1.529434653930499710e+00
1.000000000000000000e+00 2.931255993741766019e+02 -5.569945397605251536e+00 -1.260070570743276505e+06 -9.939508621189643750e+13 8.520846146439679675e-06 -1.349963043069353231e-07 6.005410164243683067e-07 1.345604831890514674e+02 7.585688800356751305e-01 1.739340138054359164e+00 2.440977125196308606e+00 -1.599593670935349543e+01
1.000000000000000000e+00 3.318459225151532905e+02 -3.724230543494412871e+01 -1.266404125077368924e+06 -1.003967861131595312e+14 9.694890520547828347e-06 -9.071622028484274534e-07 7.763188287009450586e-07 2.057121775747047252e+02 1.039035735692862422e-01 2.654918202874263500e+00 -1.583173020718447432e+01 -3.344350337852927346e+00
1.000000000000000000e+00 3.619142901048153362e+02 -6.793530610990704588e+01 -1.272737731434151763e+06 -1.014035165754442500e+14 1.062621889163494863e-05 -1.663069997850816979e-06 9.378153664362553078e-07 1.645424365232718174e+02 -6.075221184983304878e-01 2.120285165318713805e+00 -4.236761049014186042e+00 1.561660066560359184e+01
1.000000000000000000e+00 3.826107331092392769e+02 -9.687573047258248948e+01 -1.279071384300134610e+06 -1.024152768395770781e+14 1.128979454802842644e-05 -2.383339144633996773e-06 1.068591180361891234e-06 3.322344987099684488e+01 -9.870955500675447913e-01 4.274519736940763925e-01 1.535126698165693249e+01 5.115365343087824535e+00
1.000000000000000000e+00 3.933580534352703353e+02 -1.233011769536691986e+02 -1.285405069084525341e+06 -1.034320646680595469e+14 1.166439347743602167e-05 -3.048479670984810332e-06 1.155040535332748774e-06 -1.166804966539349522e+02 -8.274677925987415916e-01 -1.498884463708518577e+00 5.977397884173349496e+00 -1.503659120511209224e+01
1.000000000000000000e+00 3.939092245645064736e+02 -1.465175938419517934e+02 -1.291738769820906455e+06 -1.044538775546385156e+14 1.173829318915633484e-05 -3.640328245124733198e-06 1.188526520742765936e-06 -2.032129650068855824e+02 -2.158311461883909987e-01 -2.606451388079305431e+00 -1.467357911069525045e+01 -6.820149310502105600e+00
1.000000000000000000e+00 3.843515825353448463e+02 -1.659659665205641090e+02 -1.298072471261875704e+06 -1.054807130592704688e+14 1.150963948033162605e-05 -4.143754831107391263e-06 1.166178401722023008e-06 -1.788344822241757299e+02 5.137046174402258858e-01 -2.290228652105225748e+00 -7.640965574555409923e+00 1.426337988079380281e+01
1.000000000000000000e+00 3.649274789079302082e+02 -1.811538064771289100e+02 -1.304406157859230647e+06 -1.065125686444239844e+14 1.098129387789489955e-05 -4.545026055669011045e-06 1.090127251733970793e-06 -5.654000120551972941e+01 9.626256440668951031e-01 -7.229592122090747752e-01 1.380728171241615421e+01 8.437258574285419144e+00
1.000000000000000000e+00 3.361987318205726751e+02 -1.917048779185161607e+02 -1.310739813779213000e+06 -1.075494416763890156e+14 1.016591956664354469e-05 -4.833099407645149010e-06 9.684080298314893876e-07 9.706423179549113911e+01 8.857106343984637586e-01 1.239220642081766188e+00 9.206512741427161473e+00 -1.330670822094306160e+01
1.000000000000000000e+00 2.990141813649150890e+02 -1.974107750602844931e+02 -1.317073424945232691e+06 -1.085913297609860469e+14 9.085229031967673969e-06 -5.001000677937096136e-06 8.140577597816593103e-07 1.980381700029472825e+02 3.249825080150867684e-01 2.524473340913755859e+00 -1.276321942194785919e+01 -9.946285262478012257e+00
1.000000000000000000e+00 2.543145451679242512e+02 -1.981504471103734488e+02 -1.323406979081096826e+06 -1.096382307576962969e+14 7.764235994491078410e-06 -5.043877729092849316e-06 6.426565890885389511e-07 1.909796443674099180e+02 -4.132582566105749144e-01 2.430762132001117237e+00 -1.065421363868200544e+01 1.217850944396302815e+01
1.000000000000000000e+00 2.032828111163341305e+02 -1.939303057833362516e+02 -1.329740464623087086e+06 -1.106901426056793125e+14 6.235936002130719871e-06 -4.960079528089176917e-06 4.714993664817427193e-07 7.942098858323592481e+01 -9.257610913322402713e-01 1.009311441136073295e+00 1.155440072918442063e+01 1.132802649735587863e+01
1.000000000000000000e+00 1.472881282689066609e+02 -1.849214183018802089e+02 -1.336073872753804550e+06 -1.117470636668137344e+14 4.539754016366878967e-06 -4.752189604377287941e-06 3.177645581207451538e-07 -7.592617408414545821e+01 -9.325974793628832860e-01 -9.634229248902064224e-01 1.196554529922209120e+01 -1.089284564416656131e+01
1.000000000000000000e+00 8.768742807014001528e+01 -1.713687100846611031e+02 -1.342407196089632809e+06 -1.128089925159887969e+14 2.715536913081278371e-06 -4.424781933171209047e-06 1.964161124874613327e-07 -1.902128922017767536e+02 -4.300509072171966318e-01 -2.409916444108238576e+00 -1.019591938649537610e+01 -1.256469611249958085e+01
1.000000000000000000e+00 2.597420882665650055e+01 -1.536248448026736071e+02 -1.348740429087386234e+06 -1.138759280154574219e+14 8.081738812056516185e-07 -3.985344843132831623e-06 1.193660080626284920e-07 -2.007971304901067811e+02 3.073766061354073487e-01 -2.540136971433736512e+00 -1.312351621651836098e+01 9.465816533725654125e+00
1.000000000000000000e+00 -3.628733367951205224e+01 -1.321774913158075719e+02 -1.355073569246168016e+06 -1.149478695260354219e+14 -1.134362966549047617e-06 -3.445057319443851751e-06 9.406949052293495162e-08 -1.015764473456702746e+02 8.769160929763335499e-01 -1.283013625611057362e+00 8.704849951818813381e+00 1.364015937779666743e+01
1.000000000000000000e+00 -9.765350496504177613e+01 -1.075527101623929553e+02 -1.361406616595353000e+06 -1.160248168318907031e+14 -3.066971918140938675e-06 -2.816341328506175909e-06 1.228135050051796146e-07 5.350668058512776781e+01 9.675184640408603931e-01 6.748168060199886131e-01 1.411290561071522376e+01 -7.915444128942928259e+00
1.000000000000000000e+00 -1.566453977864548222e+02 -8.034735752341320847e+01 -1.367739572025222238e+06 -1.171067698647101094e+14 -4.942596521431315417e-06 -2.113737651074875677e-06 2.028090909249052210e-07 1.797933037470238844e+02 5.297212294149733491e-01 2.264081399838905995e+00 -7.100123358462067102e+00 -1.454017224210207537e+01
1.000000000000000000e+00 -2.118164908681014822e+02 -5.125063266909599236e+01 -1.374072439299275167e+06 -1.181937290532993281e+14 -6.714342711481207739e-06 -1.354518473813523796e-06 3.263073334989165691e-07 2.081231650922735525e+02 -1.973642284212512588e-01 2.616860658721462229e+00 -1.492051726935723899e+01 6.261511395037683947e+00
1.000000000000000000e+00 -2.619314189588009185e+02 -2.094575304217277534e+01 -1.380405224184983876e+06 -1.192856951847435938e+14 -8.341195434384243818e-06 -5.561329740055948968e-07 4.816309308345987592e-07 1.227075282524543951e+02 -8.166596260889815717e-01 1.540543767848547629e+00 5.402321097177352982e+00 1.525264853388967445e+01
1.000000000000000000e+00 -3.058003011037697547e+02 9.855851728017000823e+00 -1.386737933901313692e+06 -1.203826693164303594e+14 -9.782872905627185798e-06 2.628842879165985147e-07 6.539772368142400826e-07 -3.007815758815855745e+01 -9.899739086689318679e-01 -3.770489382491337138e-01 1.553543116259172230e+01 -4.525344089431027506e+00
1.000000000000000000e+00 -3.423462743246793138e+02 4.039657997288983182e+01 -1.393070578016425949e+06 -1.214846529383735156e+14 -1.100203020160583147e-05 1.082414973803538444e-06 8.268708237653682901e-07 -1.668745324230220888e+02 -6.226762601880274639e-01 -2.088724732351150415e+00 -3.633445063319117097e+00 -1.576789261465260772e+01
1.000000000000000000e+00 -3.707700739656862083e+02 6.997029417007522056e+01 -1.399403167396921199e+06 -1.225916477984270000e+14 -1.196965500437170323e-05 1.883356890067011469e-06 9.843543772560936805e-07 -2.128187577843145846e+02 8.464746515953913697e-02 -2.659786025633497530e+00 -1.594922964546707256e+01 2.729548360357186176e+00
1.000000000000000000e+00 -3.903739471155852243e+02 9.788489558173090188e+01 -1.405735712908904068e+06 -1.237036556788207344e+14 -1.265955999122105116e-05 2.646643419551418716e-06 1.111479942093652567e-06 -1.425117530738852167e+02 7.457439601331862233e-01 -1.778419108749504041e+00 1.816622745206196488e+00 1.607881346172577253e+01
1.000000000000000000e+00 -4.006300690213988105e+02 1.234473533692926281e+02 -1.412068227904730011e+06 -1.248206788357932188e+14 -1.305068568509083655e-05 3.352845469984703314e-06 1.195730896030569732e-06 5.944669808102590380e+00 9.996149165869457898e-01 7.407280534852282716e-02 1.615619171565645473e+01 -8.976802227564547598e-01
1.000000000000000000e+00 -4.013294910364085695e+02 1.460594026810330774e+02 -1.418400726362487767e+06 -1.259427196790483438e+14 -1.313209833991275850e-05 3.984781735501441677e-06 1.229200781486063077e-06 1.515960829462207471e+02 7.076362652407223175e-01 1.886112694362926279e+00 2.424201928522912858e-02 -1.618109306752406340e+01
1.000000000000000000e+00 -3.923947441923189672e+02 1.651762305550491590e+02 -1.424733221870998852e+06 -1.270697805931829062e+14 -1.289706355483471823e-05 4.526444243563683550e-06 1.208436597083564913e-06 2.147796549612451997e+02 2.924711992625838447e-02 2.668224557112229167e+00 -1.615342877515059072e+01 -9.460968985844931955e-01
1.000000000000000000e+00 -3.739491763515762841e+02 1.802938979388946450e+02 -1.431065729233044665e+06 -1.282018642233932188e+14 -1.234543136840236253e-05 4.962684689306308907e-06 1.135012339024786631e-06 1.606937734911365396e+02 -6.651137096679864413e-01 1.993328312887775011e+00 -1.864832720052678416e+00 1.607329336077691551e+01
1.000000000000000000e+00 -3.464472239494010637e+02 1.910417210788542377e+02 -1.437398262438536156e+06 -1.293389731155337969e+14 -1.148810266983345968e-05 5.281793410353729010e-06 1.016041966278362207e-06 1.856505844356780699e+01 -9.962827927233556258e-01 2.299469342830531837e-01 1.594096421846762368e+01 2.777412522638526227e+00
1.000000000000000000e+00 -3.104730051247041729e+02 1.971358396748802875e+02 -1.443730834613483865e+06 -1.304811097036712812e+14 -1.034056298644115501e-05 5.474291154329882206e-06 8.624535703036678000e-07 -1.341421363172400447e+02 -7.834145422615065302e-01 -1.659009990377513954e+00 3.680825623270945979e+00 -1.575689954484848521e+01
1.000000000000000000e+00 -2.668078963808270032e+02 1.983670554405109669e+02 -1.450063459476765711e+06 -1.316282765711341719e+14 -8.925237766756319633e-06 5.532642752801162142e-06 6.886307713890766273e-07 -2.139444151157918839e+02 -1.427403550086094597e-01 -2.642032618318711723e+00 -1.552173712721431897e+01 -4.572093293999029306e+00
1.000000000000000000e+00 -2.165376519402292672e+02 1.946872834578567222e+02 -1.456396149236253928e+06 -1.327804760692412188e+14 -7.275235433679424105e-06 5.453724308892033754e-06 5.117414293814658909e-07 -1.769781474598779312e+02 5.758877294192730201e-01 -2.182283950652185389e+00 -5.448287693118153641e+00 1.523628963194095931e+01
1.000000000000000000e+00 -1.608336774301398293e+02 1.861554077132032603e+02 -1.462728913648390910e+06 -1.339377101390886094e+14 -5.427188990408696339e-06 5.237397972840480177e-06 3.490534380280031173e-07 -4.310965989321422853e+01 9.800310745148363978e-01 -5.307885600960872141e-01 1.490153830403333224e+01 6.306545544813084270e+00
1.000000000000000000e+00 -1.010145659883136773e+02 1.729217378375327883e+02 -1.469061761768526165e+06 -1.350999806237667188e+14 -3.423404079210285448e-06 4.886137891169206712e-06 2.165477442962207217e-07 1.147357826023179967e+02 8.489719813148247640e-01 1.410594318734500030e+00 7.144071449126542461e+00 -1.451862953811926893e+01
1.000000000000000000e+00 -3.862712644254317240e+01 1.553047915150105496e+02 -1.475394700483398279e+06 -1.362672889945019844e+14 -1.314724412934461067e-06 4.407264821740494312e-06 1.275980238866666838e-07 2.102977397133836348e+02 2.542652611132482643e-01 2.581636466880265157e+00 -1.408886691080981102e+01 -7.958152405229668602e+00
1.000000000000000000e+00 2.478974844589053106e+01 1.337260196284551057e+02 -1.481727733975629555e+06 -1.374396362427177344e+14 8.473730286126694352e-07 3.811188248042912986e-06 9.117112163632166148e-08 1.911207385553323377e+02 -4.793135016729340725e-01 2.342752832003133001e+00 -8.746167868957167357e+00 1.361370295486850956e+01
1.000000000000000000e+00 8.765084234705147992e+01 1.086867784128484402e+02 -1.488060864940242376e+06 -1.386170230959577344e+14 3.008921768320044921e-06 3.110809983489068180e-06 1.110891096927835174e-07 6.734971621819461518e+01 -9.511205202914977397e-01 8.243535989623710369e-01 1.309473397168452102e+01 9.505593234837354188e+00
1.000000000000000000e+00 1.482660641660074248e+02 8.083262570426040838e+01 -1.494394092968371231e+06 -1.397994497095842500e+14 5.111413412446368408e-06 2.323420952084805198e-06 1.853705078145917287e-07 -9.362758277584867983e+01 -9.034563009765859132e-01 -1.144304552007448184e+00 1.023401200621048446e+01 -1.253368895386007331e+01
1.000000000000000000e+00 2.050861534845925576e+02 5.087519512753355144e+01 -1.500727414086963050e+06 -1.409869155679859062e+14 7.100227473245617781e-06 1.468533901483102963e-06 3.064614889233417257e-07 -2.038674717797169933e+02 -3.623334548705207103e-01 -2.487979112504866031e+00 -1.193241961852960742e+01 -1.092912268129075670e+01
1.000000000000000000e+00 2.566484350819226847e+02 1.956081127214958215e+01 -1.507060823318015551e+06 -1.421794199533350312e+14 8.922848265042174191e-06 5.670139138687223902e-07 4.620912917471553238e-07 -2.029154331005083520e+02 3.767033666709719841e-01 -2.472724777458101375e+00 -1.158873624831702109e+01 1.129289833046935243e+01
1.000000000000000000e+00 3.015276071339993109e+02 -1.227629730435428179e+01 -1.513394312830736628e+06 -1.433769615914787500e+14 1.052720998449044434e-05 -3.573514659331364677e-07 6.360722902572822338e-07 -9.096103121420054549e+01 9.099857443313154048e-01 -1.106824880238643560e+00 1.061720554550875129e+01 1.221078649964008633e+01
1.000000000000000000e+00 3.385748895828623404e+02 -4.380180619459653713e+01 -1.519727871866893256e+06 -1.445795386264240938e+14 1.187010828978635825e-05 -1.280365374111659719e-06 8.104562206561060220e-07 7.108192312336176144e+01 9.462118736552190823e-01 8.636672864322298970e-01 1.279333377614167411e+01 -9.907520952670601844e+00
1.000000000000000000e+00 3.668478328029440263e+02 -7.421578815893614944e+01 -1.526061488689619349e+06 -1.457871489810755625e+14 1.291493121580722245e-05 -2.178434014615212849e-06 9.672545217873983578e-07 1.947163041775509100e+02 4.655800487652968500e-01 2.362404746241542064e+00 -9.166121137836629629e+00 -1.333456350323769968e+01
1.000000000000000000e+00 3.855526658480162610e+02 -1.027035919666033834e+02 -1.532395149263253435e+06 -1.469997901000728750e+14 1.362977184003492894e-05 -3.027139774080927924e-06 1.089984173027375490e-06 2.121937939151281682e+02 -2.693762638988900227e-01 2.570693373314606234e+00 -1.383279278223680464e+01 8.395368031186704272e+00
1.000000000000000000e+00 3.942603781545789730e+02 -1.285251595863213936e+02 -1.538728838105811970e+06 -1.482174591049041875e+14 1.399520725445313268e-05 -3.803875707892578528e-06 1.166390539732418855e-06 1.136409253558734349e+02 -8.571877094704489775e-01 1.374734702336444903e+00 7.597703860646637608e+00 1.428647110315523427e+01
1.000000000000000000e+00 3.928051521457812783e+02 -1.510430363135467644e+02 -1.545062540468932595e+06 -1.494401532098636562e+14 1.400094487812800661e-05 -4.488723390118576398e-06 1.189045343800849976e-06 -4.736777380951234306e+01 -9.767566071343927181e-01 -5.721824905853531984e-01 1.469417938843571925e+01 -6.775651454719700872e+00
1.000000000000000000e+00 3.812073304033929730e+02 -1.696682323051811352e+02 -1.551396240408644546e+06 -1.506678693502359062e+14 1.364325778038469276e-05 -5.062899920718645596e-06 1.155429619251952026e-06 -1.829329926017765899e+02 -5.627663878650414064e-01 -2.206541013113494820e+00 -5.931800965835493322e+00 -1.505463708752514052e+01
1.000000000000000000e+00 3.598605622938011379e+02 -1.839425742204498420e+02 -1.557729921710391063e+06 -1.519006043579604375e+14 1.293184597619943594e-05 -5.511254862893873044e-06 1.069387952789519415e-06 -2.188186893309342054e+02 1.586360387264168503e-01 -2.635564639262415465e+00 -1.536670318746869590e+01 5.068805942587837343e+00
1.000000000000000000e+00 3.293948183348970815e+02 -1.935523677249497041e+02 -1.564063569879527204e+06 -1.531383553503408750e+14 1.188516651204257506e-05 -5.822760964618233921e-06 9.401749589467566967e-07 -1.351046931102901851e+02 7.933806828488887408e-01 -1.624912230450587858e+00 4.189383803310649412e+00 1.562937695123937942e+01
1.000000000000000000e+00 2.905831593661930015e+02 -1.982639790251413103e+02 -1.570397170886485372e+06 -1.543811194901463750e+14 1.052722856859476881e-05 -5.988656385089734261e-06 7.809539307882225800e-07 2.275911302949593917e+01 9.947438429961418249e-01 2.733291395118477296e-01 1.584180345957319069e+01 -3.296304549587193655e+00
1.000000000000000000e+00 2.445073578614093321e+02 -1.979956317916999353e+02 -1.576730711909350706e+06 -1.556288941340458125e+14 8.893722338347220409e-06 -6.004670884826280771e-06 6.082028776856479853e-07 1.686293767439308624e+02 6.527439916591122326e-01 2.022254827062037741e+00 -2.392386400094397292e+00 -1.600327615983732699e+01
1.000000000000000000e+00 1.923942053388005320e+02 -1.928151346144817637e+02 -1.583064182931936113e+06 -1.568816771541357500e+14 7.026266489523843139e-06 -5.871049146117153516e-06 4.393181095814830512e-07 2.226776914113312102e+02 -4.579566701149286045e-02 2.666565857023023955e+00 -1.611323977854751632e+01 1.480494638426064435e+00
1.000000000000000000e+00 1.355190536407646107e+02 -1.828661915690219359e+02 -1.589397574783553137e+06 -1.581394665589930000e+14 4.968977305246458140e-06 -5.590389133286938497e-06 2.908268820900599142e-07 1.550766800428879719e+02 -7.193143240182026110e-01 1.854368189462219041e+00 5.635265102349703570e-01 1.617129550801780269e+01
1.000000000000000000e+00 7.536263467463082577e+01 -1.684315595917878738e+02 -1.595730880097496090e+06 -1.594022606885196562e+14 2.774277051110536669e-06 -5.169626802835386293e-06 1.775114823374838486e-07 2.456548331605848290e+00 -9.999396237906544860e-01 2.933253291813476757e-02 1.617720352817428875e+01 3.555932274378345581e-01
1.000000000000000000e+00 1.343415660422268587e+01 -1.499185848109268591e+02 -1.602064094906859100e+06 -1.606700585411832500e+14 4.965058854008767575e-07 -4.619675112616742829e-06 1.104414855657009745e-07 -1.519452339588106611e+02 -7.344142221027107897e-01 -1.811703082726703551e+00 1.273914603142433322e+00 -1.613088658813503784e+01
1.000000000000000000e+00 -4.881552148638292010e+01 -1.277808292658406373e+02 -1.608397216807275312e+06 -1.619428594175234688e+14 -1.811279004663235259e-06 -3.953075309198862592e-06 9.596175316284463840e-08 -2.236823709119471459e+02 -6.778035821896293001e-02 -2.663227651603159440e+00 -1.603243345005970255e+01 -2.188478513666759273e+00
1.000000000000000000e+00 -1.098368520753254813e+02 -1.025767889553472969e+02 -1.614730245275048306e+06 -1.632206629906626250e+14 -4.091496316808274731e-06 -3.185848744392344662e-06 1.353968768828321908e-07 -1.732844691774979253e+02 6.358638686943774987e-01 -2.060220336905110639e+00 -3.096324904237681253e+00 1.588210101412189879e+01
1.000000000000000000e+00 -1.681613136164504567e+02 -7.494827575032164191e+01 -1.621063182924638269e+06 -1.645034695689777500e+14 -6.288689330826977402e-06 -2.336886723311822296e-06 2.248909707174087381e-07 -2.796959489507674590e+01 9.922325087202455984e-01 -3.320615580321828464e-01 1.568031720520115968e+01 3.994497825715629169e+00
1.000000000000000000e+00 -2.224715654728896936e+02 -4.554166772184363765e+01 -1.627396033429846168e+06 -1.657912796849819062e+14 -8.352218955246148294e-06 -1.425536219915905766e-06 3.559830083653071466e-07 1.330566757041625010e+02 8.067187052714601680e-01 1.577423789970252788e+00 4.880063581969157127e+00 -1.542768096543718137e+01
1.000000000000000000e+00 -2.714414049612930739e+02 -1.506563140378308674e+01 -1.633728802312674932e+06 -1.670840942608798750e+14 -1.023034234694629356e-05 -4.734164846845796688e-07 5.160412398292595508e-07 2.217744107476506770e+02 1.806522156437120885e-01 2.625447497538416108e+00 -1.512496287973916154e+01 -5.750118122429036305e+00
1.000000000000000000e+00 -3.139132415395261546e+02 1.573421723939174477e+01 -1.640061498384294100e+06 -1.683819149117764062e+14 -1.187692122291894674e-05 4.963423679913126944e-07 6.898015261024617370e-07 1.894613342552562756e+02 -5.440616815960952479e-01 2.239719195285258646e+00 -6.601792624616770411e+00 1.477310714362181621e+01
1.000000000000000000e+00 -3.489497639793196981e+02 4.615210754461092080e+01 -1.646394130798835075e+06 -1.696847433514168125e+14 -1.325350740600700687e-05 1.461508750814755361e-06 8.611702827562482656e-07 5.344651967618756316e+01 -9.716665886822328790e-01 6.309201160691433330e-01 1.437322672300378734e+01 7.432275163400783313e+00
1.000000000000000000e+00 -3.756714358478217832e+02 7.546357542449456446e+01 -1.652726710106985411e+06 -1.709925816115571562e+14 -1.432330789411677936e-05 2.398912993481598406e-06 1.013835962464923409e-06 -1.121822671526888229e+02 -8.686664074161163374e-01 -1.322397453520837152e+00 8.238817549005457153e+00 -1.392660209561449669e+01
1.000000000000000000e+00 -3.934301702289128002e+02 1.029530672296832137e+02 -1.659059248628879432e+06 -1.723054321249547500e+14 -1.505787416938603449e-05 3.285316831266398511e-06 1.133210260285424015e-06 -2.169347760259881852e+02 -2.913166258147811272e-01 -2.553587220835901839e+00 -1.343467903470502911e+01 -9.018744911007935627e+00
1.000000000000000000e+00 -4.018425022433446543e+02 1.279879481184524082e+02 -1.665391759325319668e+06 -1.736232974970231875e+14 -1.543854570404501499e-05 4.099789518791411257e-06 1.208067865001822526e-06 -2.033557504576147892e+02 4.451080332083063862e-01 -2.390355962643623045e+00 -9.769470134444574683e+00 1.289906251739132692e+01
1.000000000000000000e+00 -4.006245376334292700e+02 1.499581853820624531e+02 -1.671724255756648490e+06 -1.749461804997632812e+14 -1.545027793954490712e-05 4.821818880981128455e-06 1.230803889696420916e-06 -7.853596375334532809e+01 9.384761535582762937e-01 -9.218498174559058844e-01 1.232151137364600757e+01 1.048850408802353407e+01
1.000000000000000000e+00 -3.897609650095821507e+02 1.683056067205115482e+02 -1.678056752656752942e+06 -1.762740841947336875e+14 -1.508825772265220666e-05 5.432269423133132618e-06 1.199085991579855027e-06 8.958348754754510423e+01 9.193816186416098324e-01 1.050040150697916230e+00 1.117346379417344515e+01 -1.170393384190416342e+01
1.000000000000000000e+00 -3.695185847405900290e+02 1.825943206588910357e+02 -1.684389264149990864e+06 -1.776070115616780625e+14 -1.435862513992805406e-05 5.915695384090437017e-06 1.116083350984595917e-06 2.091913005091638809e+02 3.982495078488576534e-01 2.448548819588505676e+00 -1.104837632231132716e+01 -1.182208700593786155e+01
1.000000000000000000e+00 -3.402758152459277881e+02 1.924472676138275915e+02 -1.690721803593422519e+06 -1.789449654627123438e+14 -1.327202965792716020e-05 6.258351845035578556e-06 9.890864330002901112e-07 2.147435781194334936e+02 -3.403541527563764824e-01 2.509998149584552252e+00 -1.243224065639628861e+01 1.035701466624536238e+01
1.000000000000000000e+00 -3.026849354846862639e+02 1.975758718369727092e+02 -1.697054385528812418e+06 -1.802879490540284062e+14 -1.185006340741189453e-05 6.449198440276081361e-06 8.299221401818496524e-07 1.028804970606213942e+02 -8.931045066902096874e-01 1.200812487110227034e+00 9.632151434872639584e+00 1.300192367578948982e+01
1.000000000000000000e+00 -2.576627985946811350e+02 1.978447255440924266e+02 -1.703387022442373447e+06 -1.816359650995599375e+14 -1.012509625829209553e-05 6.482072493008272347e-06 6.540731410563163538e-07 -6.555862944223304112e+01 -9.581533726612135871e-01 -7.641203853854700023e-01 1.352928229042736419e+01 -8.876197453938418747e+00
1.000000000000000000e+00 -2.062097960311413942e+02 1.932023671171008914e+02 -1.709719725963449804e+06 -1.829890162194212500e+14 -8.133328659627158869e-06 6.353505912212479572e-06 4.784174616923838619e-07 -1.986214800105768177e+02 -4.999657077767089008e-01 -2.311792032298006117e+00 -8.091665347922116780e+00 -1.401261261980116402e+01
1.000000000000000000e+00 -1.495622681274612944e+02 1.837085240174917544e+02 -1.716052506584107410e+06 -1.843471048262651250e+14 -5.920886303671910054e-06 6.063675513066677236e-06 3.202222468364654562e-07 -2.234390021613467070e+02 2.312583111391842139e-01 -2.597006323571282582e+00 -1.445036641571415004e+01 7.281158629433567064e+00
1.000000000000000000e+00 -8.915701060995050398e+01 1.695891792990366014e+02 -1.722385372319752118e+06 -1.857102328319471562e+14 -3.542582181258690452e-06 5.618295011524634278e-06 1.952599424853398376e-07 -1.261313044082581314e+02 8.361966157429305824e-01 -1.463960062974005272e+00 6.447356654468485715e+00 1.484115739103440923e+01
1.000000000000000000e+00 -2.643645160305544550e+01 1.511580080076027457e+02 -1.728718329246137757e+06 -1.870784017539359688e+14 -1.054293443877104359e-06 5.026103987709204803e-06 1.158860038751334312e-07 4.043086330396853612e+01 9.844702655531055724e-01 4.686110396532779943e-01 1.518376266821972997e+01 -5.593005611525098786e+00
1.000000000000000000e+00 3.700962405502816921e+01 1.288375022003601202e+02 -1.735051382231977535e+06 -1.884516128667685312e+14 1.481361731308515767e-06 4.299626292618447942e-06 9.021621306344800584e-08 1.853487600979813692e+02 5.950821730747610783e-01 2.145276039737312512e+00 -4.720910633195973816e+00 -1.547712387133835499e+01
1.000000000000000000e+00 9.950476081002959461e+01 1.032005199569465077e+02 -1.741384532724191202e+06 -1.898298667144013750e+14 3.997354361298473216e-06 3.456627979153251161e-06 1.209437185086295838e-07 2.293010274098325283e+02 -1.193213799085332955e-01 2.650295682485177995e+00 -1.572035111693410236e+01 3.833917225982204080e+00
1.000000000000000000e+00 1.594899445549482095e+02 7.488007921701928638e+01 -1.747717779274787521e+06 -1.912131632119347500e+14 6.430410800866479643e-06 2.517176521732507394e-06 2.049878339154171583e-07 1.479622192320010470e+02 -7.685630449214091442e-01 1.707791427556752062e+00 2.934902576494693882e+00 1.591272155861024196e+01
1.000000000000000000e+00 2.153867010165071463e+02 4.458235132592218974e+01 -1.754051118678980740e+06 -1.926015018840741875e+14 8.715558802250337504e-06 1.504115853514492408e-06 3.337914426602424520e-07 -1.453284226142024593e+01 -9.980291940708809761e-01 -1.675062622015194014e-01 1.605367760438971914e+01 -2.026769821585653553e+00
1.000000000000000000e+00 2.656733992245324316e+02 1.311428693292160297e+01 -1.760384544532156084e+06 -1.939948815401197188e+14 1.078921199225035780e-05 4.440463467611107612e-07 4.940251969428429363e-07 -1.695326009645314116e+02 -6.823676205110195125e-01 -1.951331419569838355e+00 -1.112432965851790190e+00 -1.614282668654596264e+01
1.000000000000000000e+00 3.090834893428280452e+02 -1.871608860040615241e+01 -1.766718048443974461e+06 -1.953933005298309375e+14 1.259729092542431997e-05 -6.360018970472103640e-07 6.693223053310516151e-07 -2.322332333702008498e+02 6.019852899136333979e-03 -2.669318113902405365e+00 -1.617993846426945126e+01 1.948122886992217362e-01
1.000000000000000000e+00 3.444595752833843676e+02 -5.009172111069504041e+01 -1.773051620314546628e+06 -1.967967567968599375e+14 1.408944053699531435e-05 -1.708297111647625529e-06 8.414217449243710787e-07 -1.680786252182048202e+02 6.911250111129809692e-01 -1.929245209602937550e+00 -7.231733107323824461e-01 1.616494295993706132e+01
1.000000000000000000e+00 3.708285772434100522e+02 -8.016703536044225586e+01 -1.779385246983120451e+06 -1.982052475709282188e+14 1.522219522036959663e-05 -2.743733220956918002e-06 9.921961535665472233e-07 -1.180679991766845838e+01 9.987139825965949402e-01 -1.353340102470019235e-01 1.609792798622625298e+01 1.638619872224159613e+00
1.000000000000000000e+00 3.875744324884732919e+02 -1.081695561682894606e+02 -1.785718914040048840e+06 -1.996187697607954375e+14 1.596622794911239129e-05 -3.715302837558617220e-06 1.106469181640163812e-06 1.513564607341853900e+02 7.607585230089823902e-01 1.732512353332850363e+00 2.548639267578289402e+00 -1.597913634772331370e+01
1.000000000000000000e+00 3.942683678118063995e+02 -1.333888914941976793e+02 -1.792052606979375239e+06 -2.010373202079076250e+14 1.629959436112199303e-05 -4.597762045492000475e-06 1.172644696094974349e-06 2.321773443139971960e+02 1.072353343886765509e-01 2.653974023336056920e+00 -1.580896453769334364e+01 -3.450362413041361709e+00
1.000000000000000000e+00 3.907288661820232392e+02 -1.551557088140448570e+02 -1.798386310067918384e+06 -2.024608954313794062e+14 1.621035747023072916e-05 -5.366940993298278592e-06 1.183846250689192227e-06 1.862174737934130917e+02 -6.048666210307481750e-01 2.125688065444442110e+00 -4.340951069756555647e+00 1.558796023684156573e+01
1.000000000000000000e+00 3.771575512550343205e+02 -1.729361453983848094e+02 -1.804720007236136356e+06 -2.038894918244200312e+14 1.570242570737110120e-05 -6.003046128223834803e-06 1.139417272967530397e-06 3.826808570220870109e+01 -9.865562444873383630e-01 4.362334245685700052e-01 1.531682058592262230e+01 5.217601716692383818e+00
1.000000000000000000e+00 3.539402081739553410e+02 -1.863093837177291334e+02 -1.811053683361305855e+06 -2.053231059439530625e+14 1.478751958575518290e-05 -6.489961583122274069e-06 1.044072474838506693e-06 -1.310207838519259838e+02 -8.293356456394531673e-01 -1.491510490671080102e+00 6.077548132325302888e+00 -1.499639187386897987e+01
1.000000000000000000e+00 3.216896363518052340e+02 -1.949377172717745452e+02 -1.817387323069349397e+06 -2.067617342417418125e+14 1.348710290427532420e-05 -6.814271661551048859e-06 9.076992800526503410e-07 -2.291054441088333533e+02 -2.190931246881649141e-01 -2.604511426316619804e+00 -1.462766638490638194e+01 -6.918073190365523040e+00
1.000000000000000000e+00 2.813489503095429995e+02 -1.986488965514363088e+02 -1.823720912585170474e+06 -2.082053734858810000e+14 1.183689470405250542e-05 -6.968200013457458343e-06 7.448047633722578167e-07 -2.021396949811625348e+02 5.108229637333865369e-01 -2.294816808401980879e+00 -7.736509654578587636e+00 1.421178310065231365e+01
1.000000000000000000e+00 2.339702752907892602e+02 -1.973988944585729541e+02 -1.830054440776353469e+06 -2.096540210062729062e+14 9.877767562991593908e-06 -6.948399787389234943e-06 5.718576164961584108e-07 -6.453363118730591452e+01 9.617062938931684180e-01 -7.316256037502457676e-01 1.375002857518416555e+01 8.530244704402873523e+00
1.000000000000000000e+00 1.807500303735701834e+02 -1.912321535431780433e+02 -1.836387896577335196e+06 -2.111076741128812500e+14 7.657321956497579302e-06 -6.754627602864628844e-06 4.060097323125995751e-07 1.087454983093451517e+02 8.872830846633317226e-01 1.231179212416973145e+00 9.296736819684822350e+00 -1.324383045198370468e+01
1.000000000000000000e+00 1.231137378276876859e+02 -1.803531293387229653e+02 -1.842721271303004352e+06 -2.125663306297659688e+14 5.233596943107893139e-06 -6.392333196563431400e-06 2.639571709376194089e-07 2.230173141653646667e+02 3.282210554167780958e-01 2.521486091707595634e+00 -1.269475938294789330e+01 -1.003351607087120634e+01
1.000000000000000000e+00 6.248499794311556599e+01 -1.650763463042184469e+02 -1.849054559008029290e+06 -2.140299889877068125e+14 2.665382811185960937e-06 -5.870980617871950626e-06 1.596595080720332736e-07 2.156225215877235541e+02 -4.101066208391897505e-01 2.434562563728277951e+00 -1.073819186488351285e+01 1.210452791348443569e+01
1.000000000000000000e+00 3.255859103377167774e-01 -1.457810182538663639e+02 -1.855387755213515367e+06 -2.154986479392753125e+14 1.393587992540400829e-08 -5.202495801034085526e-06 1.032337779377034252e-07 9.027850988411098854e+01 -9.244347584303187482e-01 1.017936850346163435e+00 1.147498462393301821e+01 1.140846564687272569e+01
1.000000000000000000e+00 -6.178525838404525672e+01 -1.229761678236140483e+02 -1.861720858115313342e+06 -2.169723068462912812e+14 -2.653588269511276711e-06 -4.403637818697460730e-06 1.001286387676084875e-07 -8.477904901225990386e+01 -9.338654786389417595e-01 -9.546307965341870316e-01 1.204213611931451133e+01 -1.080811353656479490e+01
1.000000000000000000e+00 -1.223814245087431232e+02 -9.724235105777746924e+01 -1.868053868606228847e+06 -2.184509656956217188e+14 -5.273986414376083351e-06 -3.493984056963326865e-06 1.505803253998659937e-07 -2.139452074890768358e+02 -4.332682462584627192e-01 -2.405806621218570918e+00 -1.010603038751741067e+01 -1.263710846443714786e+01
1.000000000000000000e+00 -1.800565754644508445e+02 -6.918581082839210694e+01 -1.874386788314390695e+06 -2.199346246495293125e+14 -7.785783218442832173e-06 -2.494320881012117472e-06 2.498237649836302896e-07 -2.264589138406452662e+02 3.039449044177570114e-01 -2.543077715050995558e+00 -1.319140805174177267e+01 9.370971889180793823e+00
1.000000000000000000e+00 -2.333845376451485549e+02 -3.950097719877963698e+01 -1.880719621477233712e+06 -2.214232844898479688e+14 -1.012582091077119590e-05 -1.428920174794323260e-06 3.882643492778729275e-07 -1.151650408472017091e+02 8.751603129413092486e-01 -1.291527743878756906e+00 8.605295316346214918e+00 1.370318404801760792e+01
1.000000000000000000e+00 -2.811444150252524992e+02 -8.907512990588237756e+00 -1.887052375422853278e+06 -2.229169467420510000e+14 -1.223904472495117064e-05 -3.233080301493687035e-07 5.527674049631835567e-07 5.940634938739754745e+01 9.684412097168981770e-01 6.653185016628172521e-01 1.417071743370761361e+01 -7.811474121405602489e+00
1.000000000000000000e+00 -3.222504023374643225e+02 2.189263019786904607e+01 -1.893385057872883976e+06 -2.244156130481443750e+14 -1.407558716901155428e-05 7.972838362731040636e-07 7.279522516773424593e-07 2.019625194668551558e+02 5.328631014634517271e-01 2.258821820475096054e+00 -6.992081949081731196e+00 -1.459243470270467924e+01
1.000000000000000000e+00 -3.556720084317982469e+02 5.215350048143988460e+01 -1.899717678586897673e+06 -2.259192855593380312e+14 -1.558737050628001595e-05 1.905673962580355016e-06 8.971402336088830663e-07 2.344648955071339174e+02 -1.936983239348467056e-01 2.618811721836233897e+00 -1.496691168561446972e+01 6.149789844408616979e+00
1.000000000000000000e+00 -3.806518510526623231e+02 8.115071095584778504e+01 -1.906050248991616536e+06 -2.274279668556401562e+14 -1.673772386630104634e-05 2.975108081066282542e-06 1.044533489971142703e-06 1.388466288353334335e+02 -8.144817437325035936e-01 1.548737560419042536e+00 5.287356437485444260e+00 1.529288143020652591e+01
1.000000000000000000e+00 -3.966174739961430191e+02 1.082201492355926149e+02 -1.912382780658339383e+06 -2.289416595879144688e+14 -1.749769232815343695e-05 3.980696124299416597e-06 1.156236862724864043e-06 -3.295026285110544251e+01 -9.905014456970798742e-01 -3.670440653603743719e-01 1.556924237387192633e+01 -4.407613009215448407e+00
1.000000000000000000e+00 -4.031032427834989562e+02 1.326965375217337737e+02 -1.918715287047060207e+06 -2.304603668974309375e+14 -1.784271483513506448e-05 4.897181492097680350e-06 1.221087302422597805e-06 -1.871911693648962967e+02 -6.256463032321408768e-01 -2.082391087308100630e+00 -3.513459801702510266e+00 -1.579506127741183974e+01
1.000000000000000000e+00 -3.999592475443603234e+02 1.539803716885342340e+02 -1.925047782754331362e+06 -2.319840922420751875e+14 -1.776197945938391394e-05 5.701418890793413934e-06 1.232971208547508594e-06 -2.394908085260868802e+02 8.084790621508380903e-02 -2.660628176693659253e+00 -1.596957931575188283e+01 2.607852950855160667e+00
1.000000000000000000e+00 -3.872437851233783590e+02 1.715718576818204326e+02 -1.931380281318264315e+06 -2.335128388700825000e+14 -1.725386344753036900e-05 6.373675073014222698e-06 1.190814842399995793e-06 -1.609787832234111420e+02 7.431946886464682045e-01 -1.786006975298920052e+00 1.693785171265894895e+00 1.609221713527921693e+01
1.000000000000000000e+00 -3.651466924216761072e+02 1.850090875490972451e+02 -1.937712796871955274e+06 -2.350466102169664688e+14 -1.632265816004303040e-05 6.895385345288646562e-06 1.097998463429372590e-06 5.765782425927983290e+00 9.997135814009457944e-01 6.388408943763460024e-02 1.616257559686007284e+01 -7.742807056602108995e-01
1.000000000000000000e+00 -3.341861982990143360e+02 1.939347030678678436e+02 -1.944045343910852214e+06 -2.365854098512559688e+14 -1.498749348086681216e-05 7.251669337524481538e-06 9.632011670489399165e-07 1.698040116300085174e+02 7.103248521861149634e-01 1.878897656096792490e+00 1.476169001817032311e-01 -1.618043787374603326e+01
1.000000000000000000e+00 -2.950795235236828944e+02 1.981238064576802174e+02 -1.950377935592471389e+06 -2.381292410607437188e+14 -1.327675544342961165e-05 7.432441700916504313e-06 7.991803628361174749e-07 2.414316889954562555e+02 3.304615312880693212e-02 2.667908544808831106e+00 -1.614577011887680769e+01 -1.068862855449270510e+00
