5.399999916246086650e+04 -5.959286095436945669e-08 9.999999999999999547e-08
5.400917547442852083e+04 -1.650438448680321864e-07 9.999999999999999547e-08
5.401835185031914443e+04 -4.275821917567583279e-09 9.999999999999999547e-08
5.402752830886114680e+04 -2.628875736854987655e-07 9.999999999999999547e-08
5.403670486825375701e+04 -8.052270549356470976e-09 9.999999999999999547e-08
5.404588154373344878e+04 1.673200862546348193e-07 9.999999999999999547e-08
5.405505834700627747e+04 -1.768682228204791035e-08 9.999999999999999547e-08
5.406423528837574850e+04 -4.243489683690356718e-09 9.999999999999999547e-08
5.407341237425355939e+04 1.815519916129287741e-08 9.999999999999999547e-08
5.408258960529404430e+04 8.852821451985341424e-08 9.999999999999999547e-08
5.409176697997662268e+04 4.619967106068795963e-08 9.999999999999999547e-08
5.410094449254691426e+04 6.774817179426409544e-08 9.999999999999999547e-08
5.411012213271164364e+04 1.329629432485625091e-07 9.999999999999999547e-08
5.411929988841280283e+04 1.148005000191645931e-07 9.999999999999999547e-08
5.412847774292402028e+04 5.924249084407441276e-08 9.999999999999999547e-08
5.413765567616131739e+04 6.882011228872201892e-08 9.999999999999999547e-08
5.414683366796400514e+04 1.740044351367098378e-07 9.999999999999999547e-08
5.415601169634240796e+04 1.148254343420142721e-07 9.999999999999999547e-08
5.416518973762195674e+04 1.489903997957117810e-07 9.999999999999999547e-08
5.417436776901358098e+04 2.550411189056307048e-07 9.999999999999999547e-08
5.418354576774927409e+04 1.574715163186031714e-07 9.999999999999999547e-08
5.419272371166000084e+04 2.444310853502201095e-07 9.999999999999999547e-08
5.420190158226369385e+04 1.637828759774164126e-07 9.999999999999999547e-08
5.421107936215033988e+04 1.495945401117162171e-07 9.999999999999999547e-08
5.422025703496872302e+04 1.967765839811111542e-07 9.999999999999999547e-08
5.422943458897432720e+04 1.944088884414455419e-08 9.999999999999999547e-08
5.423861201489366067e+04 6.741731703699103979e-08 9.999999999999999547e-08
5.424778930627182854e+04 6.808396970117827709e-08 9.999999999999999547e-08
5.425696646092602896e+04 1.171988523339940332e-07 9.999999999999999547e-08
5.426614347851929051e+04 3.355149620375301421e-08 9.999999999999999547e-08
5.427532036127845640e+04 3.469013332168436448e-07 9.999999999999999547e-08
5.428449711641061003e+04 9.261011280990936202e-08 9.999999999999999547e-08
5.429367375348262431e+04 5.155424543556076758e-08 9.999999999999999547e-08
5.430285028351020446e+04 1.319568946025522471e-07 9.999999999999999547e-08
5.431202672112554137e+04 2.605450302026551317e-07 9.999999999999999547e-08
5.432120308227754140e+04 1.355627036911170141e-07 9.999999999999999547e-08
5.433037938481691526e+04 2.982494421203134611e-07 9.999999999999999547e-08
5.433955564962117933e+04 4.514511338733116313e-07 9.999999999999999547e-08
5.434873189728157013e+04 1.814492724589829142e-07 9.999999999999999547e-08
5.435790814823684923e+04 8.428072071681939501e-08 9.999999999999999547e-08
5.436708442465272674e+04 9.908573972040255149e-08 9.999999999999999547e-08
5.437626074815620814e+04 1.081408836987293907e-07 9.999999999999999547e-08
5.438543713883399323e+04 1.662938446742061810e-07 9.999999999999999547e-08
5.439461361670553742e+04 1.086669424265248610e-07 9.999999999999999547e-08
5.440379019830208563e+04 2.383299608720625371e-07 9.999999999999999547e-08
5.441296689791601239e+04 -2.478417636067010505e-08 9.999999999999999547e-08
5.442214372861859738e+04 -5.526076195067490033e-08 9.999999999999999547e-08
5.443132069898259215e+04 1.001970068373455662e-07 9.999999999999999547e-08
5.444049781354206789e+04 4.686837496384191409e-08 9.999999999999999547e-08
5.444967507384412602e+04 -2.604676438499484037e-08 9.999999999999999547e-08
5.445885247686391085e+04 -7.229070269579390385e-08 9.999999999999999547e-08
5.446803001548800967e+04 -1.416313731973280604e-07 9.999999999999999547e-08
5.447720768060808768e+04 5.627833284311057859e-08 9.999999999999999547e-08
5.448638545782400615e+04 -8.841932567624493330e-08 9.999999999999999547e-08
5.449556332918059343e+04 -4.189867186614717995e-08 9.999999999999999547e-08
5.450474127626526752e+04 -2.280196553632765679e-07 9.999999999999999547e-08
5.451391927755910729e+04 -1.691733251767425994e-07 9.999999999999999547e-08
5.452309731024905341e+04 -1.645855947201778770e-07 9.999999999999999547e-08
5.453227535190566414e+04 -1.648514655544475618e-07 9.999999999999999547e-08
5.454145337879738508e+04 -1.185838707417944801e-07 9.999999999999999547e-08
5.455063136786215910e+04 -3.600863055419678709e-07 9.999999999999999547e-08
5.455980929927893158e+04 -2.495014572035656766e-07 9.999999999999999547e-08
5.456898715350893326e+04 -2.992047091511498677e-07 9.999999999999999547e-08
5.457816491276068700e+04 -1.290551766520043421e-07 9.999999999999999547e-08
5.458734256325253955e+04 -3.169380844696820614e-08 9.999999999999999547e-08
5.459652009250832634e+04 -4.609256444109976045e-08 9.999999999999999547e-08
5.460569749183193198e+04 -7.730293285316484930e-09 9.999999999999999547e-08
5.461487475679121417e+04 -3.582296930042971805e-08 9.999999999999999547e-08
5.462405188412970892e+04 -6.086508307646415832e-08 9.999999999999999547e-08
5.463322887415181322e+04 1.218106655129685597e-08 9.999999999999999547e-08
5.464240573145882809e+04 4.853152624344020903e-08 9.999999999999999547e-08
5.465158246255433187e+04 3.612472504721326169e-08 9.999999999999999547e-08
5.466075907701018878e+04 -6.692852864868370362e-08 9.999999999999999547e-08
5.466993558800916799e+04 -1.482100496457481876e-07 9.999999999999999547e-08
5.467911200916464441e+04 -2.194352396229610593e-09 9.999999999999999547e-08
5.468828835684975638e+04 -1.021798100830404150e-07 9.999999999999999547e-08
5.469746465093451116e+04 -1.462463750440897939e-07 9.999999999999999547e-08
5.470664091076626210e+04 -2.358227054222055706e-10 9.999999999999999547e-08
5.471581715711471043e+04 -1.816646811333276314e-07 9.999999999999999547e-08
5.472499341201101197e+04 -2.215057610766499751e-07 9.999999999999999547e-08
5.473416969617488212e+04 9.662559803505891078e-08 9.999999999999999547e-08
5.474334603116012295e+04 1.450856478478973671e-07 9.999999999999999547e-08
5.475252243844812619e+04 6.320273300929742685e-09 9.999999999999999547e-08
5.476169893581068027e+04 -1.421320604529858593e-07 9.999999999999999547e-08
5.477087553963142273e+04 -1.802874591149441733e-07 9.999999999999999547e-08
5.478005226505985775e+04 -1.356485144150063698e-07 9.999999999999999547e-08
5.478922912291721150e+04 -1.855162521889144656e-07 9.999999999999999547e-08
5.479840612160447199e+04 1.390488070132106480e-08 9.999999999999999547e-08
5.480758326588293130e+04 -1.095970002348631502e-08 9.999999999999999547e-08
5.481676055497263587e+04 7.056306012681294268e-08 9.999999999999999547e-08
5.482593798537146358e+04 -5.503682382118411386e-08 9.999999999999999547e-08
5.483511556233044394e+04 -2.251016670524983172e-07 9.999999999999999547e-08
5.484429325099500420e+04 -1.048361981718239984e-07 9.999999999999999547e-08
5.485347104827179282e+04 2.385364634703361119e-07 9.999999999999999547e-08
5.486264893693142221e+04 3.855961883916026554e-09 9.999999999999999547e-08
5.487182689639110322e+04 1.243772135383679020e-07 9.999999999999999547e-08
5.488100490568565147e+04 -7.859739914864467414e-09 9.999999999999999547e-08
5.489018294276488450e+04 1.002474362110739410e-08 9.999999999999999547e-08
5.489936098331427638e+04 -1.491048715401309465e-08 9.999999999999999547e-08
5.490853900423508458e+04 4.102316776693511602e-08 9.999999999999999547e-08
5.491771698399673187e+04 -4.967747443101170370e-08 9.999999999999999547e-08
5.492689490146882599e+04 -1.420314824898794780e-07 9.999999999999999547e-08
5.493607273808705941e+04 -5.783790832429291854e-08 9.999999999999999547e-08
5.494525047747910139e+04 4.371499857491431946e-08 9.999999999999999547e-08
5.495442810447468219e+04 -2.428139642093039272e-07 9.999999999999999547e-08
5.496360560819019884e+04 6.893044204363744116e-08 9.999999999999999547e-08
5.497278298180495767e+04 -6.987508298408879578e-08 9.999999999999999547e-08
5.498196021938025660e+04 -8.197806542516156262e-08 9.999999999999999547e-08
5.499113731920183636e+04 1.055583545041671252e-09 9.999999999999999547e-08
5.500031428278108069e+04 -1.233285209793140674e-07 9.999999999999999547e-08
5.500949111403508869e+04 7.080056669766562254e-08 9.999999999999999547e-08
5.501866782106511528e+04 -1.105367930215763339e-07 9.999999999999999547e-08
5.502784441456316563e+04 2.061316628113027158e-07 9.999999999999999547e-08
5.503702090618491638e+04 4.848794582211427306e-08 9.999999999999999547e-08
5.504619731099776982e+04 -3.087965152495211062e-08 9.999999999999999547e-08
5.505537364699942555e+04 -3.609265678425224877e-08 9.999999999999999547e-08
5.506454993247913080e+04 6.106061154626573388e-08 9.999999999999999547e-08
5.507372618801750650e+04 -3.615426120699075935e-08 9.999999999999999547e-08
5.508290243487212138e+04 -1.723130826840058614e-07 9.999999999999999547e-08
5.509207869339387980e+04 1.399157076781663508e-08 9.999999999999999547e-08
5.510125498606973997e+04 1.703355252297668933e-07 9.999999999999999547e-08
5.511043133463394042e+04 2.462773349277502865e-07 9.999999999999999547e-08
5.511960775825091696e+04 1.204522518427009390e-07 9.999999999999999547e-08
5.512878427541895508e+04 8.511559178971263088e-08 9.999999999999999547e-08
5.513796090297375486e+04 1.391946912966588248e-07 9.999999999999999547e-08
5.514713765373764181e+04 2.495096503900286718e-07 9.999999999999999547e-08
5.515631453936958860e+04 2.018251706678239932e-07 9.999999999999999547e-08
5.516549156751968985e+04 2.936515731629541845e-07 9.999999999999999547e-08
5.517466874032027408e+04 3.356493013764168328e-08 9.999999999999999547e-08
5.518384605793043738e+04 1.175717406766508922e-07 9.999999999999999547e-08
5.519302351648189506e+04 -2.164700366670645753e-07 9.999999999999999547e-08
5.520220110722396203e+04 -1.144906738239873588e-07 9.999999999999999547e-08
5.521137881881612702e+04 -5.212675463789216981e-08 9.999999999999999547e-08
5.522055663618919061e+04 1.463949099654322937e-07 9.999999999999999547e-08
5.522973454018252232e+04 1.239010907100084020e-07 9.999999999999999547e-08
5.523891251149169693e+04 -1.919097118466993616e-07 9.999999999999999547e-08
5.524809052870173764e+04 -2.491234407634919750e-07 9.999999999999999547e-08
5.525726856792537728e+04 -5.402956460791479324e-08 9.999999999999999547e-08
5.526644660644754185e+04 9.607283957382764600e-08 9.999999999999999547e-08
5.527562462131054781e+04 -8.496086952460165373e-08 9.999999999999999547e-08
5.528480258996667544e+04 -1.318346054519234296e-07 9.999999999999999547e-08
5.529398049304802407e+04 1.369172107599590738e-07 9.999999999999999547e-08
5.530315831195674400e+04 5.776356436249627994e-08 9.999999999999999547e-08
5.531233602953169611e+04 -1.242113271529789889e-07 9.999999999999999547e-08
5.532151363285611296e+04 4.961755639571878997e-08 9.999999999999999547e-08
5.533069111176169099e+04 1.567459325677078296e-07 9.999999999999999547e-08
5.533986845815860579e+04 1.348683147452784272e-08 9.999999999999999547e-08
5.534904566855009034e+04 1.685507119406337098e-07 9.999999999999999547e-08
5.535822274135625048e+04 5.848940031490391732e-08 9.999999999999999547e-08
5.536739967765874462e+04 2.343806196968729652e-07 9.999999999999999547e-08
5.537657648368836090e+04 7.714165250806229806e-08 9.999999999999999547e-08
5.538575316751532955e+04 -8.395414834122524361e-08 9.999999999999999547e-08
5.539492973923953105e+04 7.908858092930377457e-08 9.999999999999999547e-08
5.540410621240882028e+04 1.596397936004758001e-07 9.999999999999999547e-08
5.541328260243180557e+04 2.075451682205894790e-07 9.999999999999999547e-08
5.542245892639717204e+04 -7.557692202796849588e-08 9.999999999999999547e-08
5.543163520441813307e+04 -4.420971201741737074e-08 9.999999999999999547e-08
5.544081145688176184e+04 4.015532554966682319e-08 9.999999999999999547e-08
5.544998770384054660e+04 2.603909350786380835e-07 9.999999999999999547e-08
5.545916396763717057e+04 1.653509472868765356e-07 9.999999999999999547e-08
5.546834027002049697e+04 -1.498392377883563631e-07 9.999999999999999547e-08
5.547751663154058770e+04 3.115643932201766915e-08 9.999999999999999547e-08
5.548669307268557895e+04 3.643182242202737756e-08 9.999999999999999547e-08
5.549586961088359385e+04 -1.824801663166418501e-07 9.999999999999999547e-08
5.550504626136342267e+04 6.786709321403196577e-08 9.999999999999999547e-08
5.551422303844908311e+04 9.388117480504748407e-08 9.999999999999999547e-08
5.552339995239824202e+04 -4.325908045037711539e-08 9.999999999999999547e-08
5.553257700868350366e+04 1.101551474017406048e-09 9.999999999999999547e-08
5.554175421071857272e+04 -1.126241472448680338e-07 9.999999999999999547e-08
5.555093155696067697e+04 -7.784354108620506564e-08 9.999999999999999547e-08
5.556010904216746712e+04 -1.591503494882364491e-07 9.999999999999999547e-08
5.556928665844648640e+04 4.328923786654658375e-09 9.999999999999999547e-08
5.557846439268568793e+04 1.024884425243927503e-07 9.999999999999999547e-08
5.558764222822596639e+04 -5.124354494180754879e-08 9.999999999999999547e-08
5.559682014744116168e+04 4.075317764129783058e-08 9.999999999999999547e-08
5.560599812990102510e+04 -2.522517004038093470e-09 9.999999999999999547e-08
5.561517615289130481e+04 -4.657970006882981245e-08 9.999999999999999547e-08
5.562435419421858387e+04 -8.429287178568214679e-08 9.999999999999999547e-08
5.563353222986422043e+04 -1.254211319227938610e-08 9.999999999999999547e-08
5.564271023655137105e+04 -1.580266404300198410e-07 9.999999999999999547e-08
5.565188819405936374e+04 -2.490553572839024222e-08 9.999999999999999547e-08
5.566106608193250577e+04 4.137429952579731315e-08 9.999999999999999547e-08
5.567024388141782401e+04 -1.553563308177571436e-07 9.999999999999999547e-08
5.567942157727821177e+04 -3.022709078839914042e-07 9.999999999999999547e-08
5.568859915652269410e+04 -2.411354454508892908e-07 9.999999999999999547e-08
5.569777660905124503e+04 -1.457404251835419678e-07 9.999999999999999547e-08
5.570695392897209967e+04 -8.936867942228951793e-08 9.999999999999999547e-08
5.571613111196146201e+04 -2.277447220879981499e-07 9.999999999999999547e-08
5.572530815654038452e+04 -1.411577219437891432e-07 9.999999999999999547e-08
5.573448506664604065e+04 -2.806827610726812562e-07 9.999999999999999547e-08
5.574366184761733894e+04 4.995273809027124419e-09 9.999999999999999547e-08
5.575283850781709771e+04 -2.090609951461043460e-07 9.999999999999999547e-08
5.576201505908060062e+04 -2.989031433961722673e-07 9.999999999999999547e-08
5.577119151415560191e+04 -1.579944931439183028e-07 9.999999999999999547e-08
5.578036788899915700e+04 -9.289906344524159203e-08 9.999999999999999547e-08
5.578954420266603847e+04 -6.871058453461572247e-08 9.999999999999999547e-08
5.579872047406365164e+04 -1.624815279433375660e-07 9.999999999999999547e-08
5.580789672305848217e+04 -1.651174708961904710e-07 9.999999999999999547e-08
5.581707297189614474e+04 -3.971144584398353958e-08 9.999999999999999547e-08
5.582624924157928763e+04 1.212495785171293456e-07 9.999999999999999547e-08
