1.000000000000000000e+00 -4.999150991480855168e+02 1.244609894233719816e+00 -5.054485250643329928e+05 -2.183538678717736719e+13 -6.648392808343718253e-06 1.652030649280768620e-08 1.218774991224864907e-06 7.760942287646830664e+03 9.533522247201450250e-01 1.835910506422338440e+00 1.404217972686970239e-01 -9.883193522411798382e-02
1.000000000000000000e+00 -4.875518847520991699e+02 -3.425104879726397655e+01 -5.100866891121379449e+05 -2.223796300439614453e+13 -6.543472982709276319e-06 -4.588025073940677261e-07 1.164980557150817554e-06 -1.346203677224595776e+04 8.539111462538432340e-01 -3.165182506997153311e+00 7.870186534668717482e-02 1.526173285025891890e-01
1.000000000000000000e+00 -4.631605095870645528e+02 -6.889333339512441512e+01 -5.147248686853460968e+05 -2.264421788903803125e+13 -6.272637035183330616e-06 -9.312370954529075275e-07 1.069172883426529436e-06 -2.564978333905910404e+04 1.691965278847261944e-01 -5.994302673858650898e+00 -1.618834459151301808e-01 5.726938542501065765e-02
1.000000000000000000e+00 -4.272562026387091692e+02 -1.018556164250456106e+02 -5.193630732156410231e+05 -2.305415231536167969e+13 -5.838522088457262011e-06 -1.389197416591354698e-06 9.405279617230807204e-07 -2.031657306592875102e+04 -6.307751599666227005e-01 -4.719415968201394307e+00 -3.507199287782799407e-02 -1.680951750761837948e-01
1.000000000000000000e+00 -3.805841483437592387e+02 -1.322748504644708589e+02 -5.240013123228531331e+05 -2.346776720438994141e+13 -5.247187140677388201e-06 -1.820193551550585775e-06 7.912930752147220294e-07 -9.714451339011549180e+02 -9.993196452853286837e-01 -2.243130674623366183e-01 1.712478253904554104e-01 -1.265760116907622794e-02
1.000000000000000000e+00 -3.243147942495241409e+02 -1.593369978223836085e+02 -5.286395945158738177e+05 -2.388506340726526562e+13 -4.510969927069286825e-06 -2.211995483173833588e-06 6.362892507925411153e-07 1.924528992877599012e+04 -6.873550308954878840e-01 4.417481262012991294e+00 -9.459112223328444702e-03 1.714542439377391980e-01
1.000000000000000000e+00 -2.598140622688739541e+02 -1.823719566165982258e+02 -5.332779269263306633e+05 -2.430604167656880859e+13 -3.645522177879800792e-06 -2.553992297478504935e-06 4.908122143846744775e-07 2.654577413397154669e+04 9.012198047298554393e-02 6.057241559201250958e+00 -1.689256465772374372e-01 -3.082464106486183103e-02
1.000000000000000000e+00 -1.886194733310332197e+02 -2.007398596029794078e+02 -5.379163163310178788e+05 -2.473070275487364453e+13 -2.669590996294716833e-06 -2.835673674350624014e-06 3.692626309081470862e-07 1.589242051251377961e+04 8.053899671237321201e-01 3.605071509042582889e+00 5.105189200181652759e-02 -1.639504098541695043e-01
1.000000000000000000e+00 -1.126043081012599316e+02 -2.139184899285114057e+02 -5.425547680277710315e+05 -2.515904726908407812e+13 -1.607467030428543515e-06 -3.047893770074652112e-06 2.841254160298038982e-07 -5.607230459880692251e+03 9.781469059542123867e-01 -1.264536869094480043e+00 1.568689684440145449e-01 6.984382082636991784e-02
1.000000000000000000e+00 -3.371314123574164512e+01 -2.215857466301864918e+02 -5.471932847012712155e+05 -2.559107561848512500e+13 -4.853817713778578919e-07 -3.184127853137469489e-06 2.440702786732278120e-07 -2.354434043079920593e+04 4.966405848737026063e-01 -5.278902192319097963e+00 -8.700733532711499296e-02 1.480397114546981030e-01
1.000000000000000000e+00 4.607425690451675848e+01 -2.234988573779408227e+02 -5.518318680311954813e+05 -2.602678811607790625e+13 6.689730157447394441e-07 -3.238843786210591058e-06 2.530146966451483636e-07 -2.590215346686530029e+04 -3.141584070082253377e-01 -5.774063116890964409e+00 -1.378199825919548538e-01 -1.024289264156788976e-01
1.000000000000000000e+00 1.246032789827939666e+02 -2.195754305588550892e+02 -5.564705179020792712e+05 -2.646618490943632812e+13 1.824379210156686088e-06 -3.208734772782443521e-06 3.099161985495198086e-07 -1.104536995328044395e+04 -9.154129558326000726e-01 -2.448098530499106307e+00 1.160727564788290450e-01 -1.265430668654816126e-01
1.000000000000000000e+00 1.998301530160179311e+02 -2.099556151590985849e+02 -5.611092319231333677e+05 -2.690926592753363672e+13 2.950203123407456451e-06 -3.093732971822781951e-06 4.088869944571614216e-07 1.126480424314972515e+04 -9.129048248338917926e-01 2.482501319916095461e+00 1.144979033240864086e-01 1.279697726133146862e-01
1.000000000000000000e+00 2.698527726286166057e+02 -1.948669286589556577e+02 -5.657480067289872095e+05 -2.735603099751304688e+13 4.016922015839216054e-06 -2.895136803889659688e-06 5.396424176906516199e-07 2.636597054978285087e+04 -3.124392946371319923e-01 5.777512515261499004e+00 -1.381899225383351748e-01 1.019292788023354185e-01
1.000000000000000000e+00 3.327775913441167290e+02 -1.746944807142787397e+02 -5.703868367683729157e+05 -2.780647972271965625e+13 4.994212895913655746e-06 -2.616716037375436679e-06 6.883268462159893953e-07 2.432125851929724740e+04 4.906976054290449474e-01 5.299420657099287446e+00 -8.902248974092343003e-02 -1.468367422978406889e-01
1.000000000000000000e+00 3.870012567950815878e+02 -1.500210926681290573e+02 -5.750257145228656009e+05 -2.826061149553425000e+13 5.855218752063179038e-06 -2.265413624858178020e-06 8.396477917922519501e-07 6.370054809273818137e+03 9.739102388709874880e-01 1.380207902362496020e+00 1.540287284941854185e-01 -7.590245955685367973e-02
1.000000000000000000e+00 4.312125868433741402e+02 -1.214769802497294506e+02 -5.796646320094094845e+05 -2.871842563845311719e+13 6.576755783556891638e-06 -1.849177957215280193e-06 9.783797768532556067e-07 -1.590714691452193256e+04 8.260925488088597390e-01 -3.427411468081203783e+00 6.265154765459755859e-02 1.598775035606917194e-01
1.000000000000000000e+00 4.642466075259224567e+02 -8.980233842255609034e+01 -5.843035802871246124e+05 -2.917992135298559375e+13 7.137247704449848476e-06 -1.377952067282688201e-06 1.090208205004614390e-06 -2.808432591950728238e+04 1.451167383037010039e-01 -6.017610122995529665e+00 -1.644827289085513677e-01 4.930988196204995344e-02
1.000000000000000000e+00 4.853408362702796808e+02 -5.587168184762978740e+01 -5.889425491516791517e+05 -2.964509768508758203e+13 7.520786311845853937e-06 -8.641170891903221223e-07 1.163957607039973447e-06 -2.219079571248107095e+04 -6.289135186102852160e-01 -4.728597396819028909e+00 -3.587736651694815176e-02 -1.679251236120547497e-01
1.000000000000000000e+00 4.940940879979360716e+02 -2.053546524752450964e+01 -5.935815284125492908e+05 -3.011395364974931250e+13 7.716733793148423289e-06 -3.201052830805572414e-07 1.192597647200071789e-06 -1.870442808753232839e+03 -9.978739502754218060e-01 -3.963843590505455872e-01 1.702562288273867797e-01 -2.233493035117430428e-02
1.000000000000000000e+00 4.902992288424177332e+02 1.531638539164506518e+01 -5.982205074577045161e+05 -3.058648818653527344e+13 7.717310789702346022e-06 2.406165524928934278e-07 1.173356397546848467e-06 1.988444398055612328e+04 -7.246916330937590578e-01 4.190937572418668822e+00 8.646866589925706822e-03 1.714971261172948125e-01
1.000000000000000000e+00 4.741694691588315322e+02 5.073651827115259039e+01 -6.028594755993558792e+05 -3.106270019354264062e+13 7.521304335436099617e-06 8.032387839946691660e-07 1.108843048703589149e-06 2.901075988648935527e+04 1.522389214224931404e-02 6.081285949430274229e+00 -1.716353791014290364e-01 -5.227734597704245846e-03
1.000000000000000000e+00 4.462560711874850199e+02 8.487664247571805731e+01 -6.074984234961068723e+05 -3.154258867478317969e+13 7.133009069049110874e-06 1.354070461876074086e-06 1.006141091708632921e-06 1.943292461717392143e+04 7.458067528227771970e-01 4.051593328588774412e+00 1.931028048851268081e-02 -1.706257472826720467e-01
1.000000000000000000e+00 4.072647200958318194e+02 1.169151680736577106e+02 -6.121373420202751877e+05 -3.202615262700149609e+13 6.559475995359508630e-06 1.879436467177305802e-06 8.753182132371792921e-07 -2.884171266487016510e+03 9.951529470812322531e-01 -5.980985313057196606e-01 1.683937970308226617e-01 3.360895252544185419e-02
1.000000000000000000e+00 3.582618203883310457e+02 1.460394141894732059e+02 -6.167762222879633773e+05 -3.251339104369305078e+13 5.813954574756328755e-06 2.365405609366605345e-06 7.295356333711879899e-07 -2.359054315312903054e+04 5.999252990406083175e-01 -4.865933348628340482e+00 -4.811097648180843317e-02 1.648373941503631646e-01
1.000000000000000000e+00 3.005633076868093099e+02 1.715931050372057314e+02 -6.214150570748287719e+05 -3.300430306645877344e+13 4.914294929494790306e-06 2.800203039768588386e-06 5.835173582916008047e-07 -2.912623141248835600e+04 -1.859866307821679554e-01 -5.975873889720697996e+00 -1.598353801931665374e-01 -6.275893407970858928e-02
1.000000000000000000e+00 2.355454214804645119e+02 1.929917151932108084e+02 -6.260538403226583032e+05 -3.349888793878085547e+13 3.879983101586518347e-06 3.172913754649450085e-06 4.514381954273454214e-07 -1.561281991253032720e+04 -8.517757021199180434e-01 -3.186395278337970538e+00 7.745095645043978405e-02 -1.532559359803964683e-01
1.000000000000000000e+00 1.648445936945870756e+02 2.097036644153209579e+02 -6.306925669890166027e+05 -3.399714499443741406e+13 2.735494868458206624e-06 3.473214854093804600e-06 3.461311981662256577e-07 8.360849161012762124e+03 -9.602664509308974639e-01 1.697391375930927149e+00 1.449657850091736755e-01 9.203778433333417719e-02
1.000000000000000000e+00 9.022939061320795417e+01 2.213863753282410016e+02 -6.353312339736659778e+05 -3.449907376214118750e+13 1.508313833216176909e-06 3.693677839896156273e-06 2.777952889582995851e-07 2.709644437489516349e+04 -4.363988469648704127e-01 5.472291439767514198e+00 -1.063108173983903781e-01 1.348482208722139308e-01
1.000000000000000000e+00 1.341494375974687792e+01 2.277895811398852857e+02 -6.399698390485234559e+05 -3.500467385618284375e+13 2.258873166274042899e-07 3.828258718944829477e-06 2.529286454332797829e-07 2.803461676642875318e+04 3.773561905523069582e-01 5.632338247076843274e+00 -1.228113417334886770e-01 -1.200141946185348668e-01
1.000000000000000000e+00 -6.373460668899096504e+01 2.287370904825247919e+02 -6.446083809245534940e+05 -3.551394498725968750e+13 -1.080972737776512584e-06 3.872045552530137181e-06 2.739695738753549203e-07 1.023720352647380969e+04 9.417129267905498535e-01 2.046088401409916546e+00 1.328466846048873551e-01 -1.088016128456048559e-01
1.000000000000000000e+00 -1.393443693147568467e+02 2.242519984769523944e+02 -6.492468607226227177e+05 -3.602688712943504688e+13 -2.380360670176475036e-06 3.823438403555170984e-06 3.389869666734557254e-07 -1.465930276007328212e+04 8.776729652801640302e-01 -2.914855023984201932e+00 9.283249265785736837e-02 1.444581630619888313e-01
1.000000000000000000e+00 -2.117049387879492883e+02 2.144494875643965770e+02 -6.538852808823637897e+05 -3.654350040773214844e+13 -3.642302688242062807e-06 3.682429930191353251e-06 4.419349279868632832e-07 -2.996304086119277417e+04 2.240555582114895083e-01 -5.927364527079484802e+00 -1.544744845844183145e-01 7.499110734409518420e-02
1.000000000000000000e+00 -2.790643476612345353e+02 1.995205079020325627e+02 -6.585236445067841560e+05 -3.706378502958703906e+13 -4.835253104017500792e-06 3.450379241562371865e-06 5.730834284355566116e-07 -2.513217455765287377e+04 -5.818634476677334577e-01 -4.946400993999249707e+00 -5.544158927671933440e-02 -1.625184997063006953e-01
1.000000000000000000e+00 -3.397743804808106916e+02 1.798474826084462848e+02 -6.631619565582678188e+05 -3.758774142305599219e+13 -5.928621393180220099e-06 3.132073066825454748e-06 7.200787896791999607e-07 -3.131021020943096573e+03 -9.949059159867605917e-01 -6.131122861688733661e-01 1.682249646631265583e-01 -3.444406817443495389e-02
1.000000000000000000e+00 -3.924536028136909067e+02 1.558876943862027815e+02 -6.678002227732482133e+05 -3.811537012029393750e+13 -6.895700066756345287e-06 2.733797304381613697e-06 8.691886043656999449e-07 2.126532848128973637e+04 -7.320803254118337655e-01 4.143163539272896045e+00 1.234342285659817753e-02 1.712707578090857385e-01
1.000000000000000000e+00 -4.357735260467989633e+02 1.281585277923398394e+02 -6.724384499506050488e+05 -3.864667179377232031e+13 -7.710044138861323770e-06 2.263121996592586943e-06 1.005890418988044184e-06 3.135942214528782279e+04 3.039718765551855870e-02 6.079180296609141720e+00 -1.713976492917979322e-01 -1.043448060811551746e-02
1.000000000000000000e+00 -4.686117273729832959e+02 9.734439173318899918e+01 -6.770766466286142822e+05 -3.918164733883905469e+13 -8.348231253091869766e-06 1.730839061961232405e-06 1.116860567090773823e-06 2.001123530864766144e+04 7.728011974160204911e-01 3.859924372247368840e+00 3.338884034534497086e-02 -1.684375786714721324e-01
1.000000000000000000e+00 -4.901969753804477250e+02 6.417100501150977720e+01 -6.817148215384685900e+05 -3.972029770040131250e+13 -8.792590496058369609e-06 1.148813406089707190e-06 1.191701596832603559e-06 -5.237758282771502309e+03 9.862452150370766280e-01 -1.005284746459536027e+00 1.623323395041047223e-01 5.598432029987845948e-02
1.000000000000000000e+00 -4.998880175679722697e+02 2.939066570134209755e+01 -6.863529836244969629e+05 -4.026262387606210938e+13 -9.027421819950158164e-06 5.297425606573415065e-07 1.222763353339281918e-06 -2.713782766672871003e+04 5.232772576142934451e-01 -5.182844425953857304e+00 -7.767729909017151435e-02 1.531413392078420643e-01
1.000000000000000000e+00 -4.973293184963752083e+02 -6.119580077937161633e+00 -6.909911428330459166e+05 -4.080862701014464062e+13 -9.041906803868055454e-06 -1.110457701053764706e-07 1.206413144046526710e-06 -3.054084515349681897e+04 -2.988256742462970239e-01 -5.804090740462224396e+00 -1.410477849072921952e-01 -9.793648421840318863e-02
1.000000000000000000e+00 -4.825711243881055452e+02 -4.149246180918884619e+01 -6.956293093669306254e+05 -4.135830830901181250e+13 -8.832480492211403853e-06 -7.579751935538429694e-07 1.144056443608636004e-06 -1.292075309727858621e+04 -9.157453818124594580e-01 -2.443495307825856333e+00 1.162818107391229427e-01 -1.263509915257735317e-01
1.000000000000000000e+00 -4.558354206377503601e+02 -7.588583629115981921e+01 -7.002674930761249270e+05 -4.191166896914738281e+13 -8.398766723155158274e-06 -1.395508893924356032e-06 1.041214270961439962e-06 1.376127329942681899e+04 -9.048118591705897051e-01 2.589782093414387809e+00 1.094458019393783343e-01 1.323164729206521562e-01
1.000000000000000000e+00 -4.176658662493031784e+02 -1.083926817784135608e+02 -7.049057040387721499e+05 -4.246871024576625000e+13 -7.746463736934615336e-06 -2.006498797809744391e-06 9.076861367761712391e-07 3.122289426002034452e+04 -2.750069116080246512e-01 5.847482907052179435e+00 -1.457417793302777376e-01 9.080399950420645072e-02
1.000000000000000000e+00 -3.690141497912692330e+02 -1.381823265376957579e+02 -7.095439512091806391e+05 -4.302943328973795312e+13 -6.889152600615492301e-06 -2.574777587846113929e-06 7.567997858260807020e-07 2.742954970106391556e+04 5.417143239531334586e-01 5.112294379611043382e+00 -7.093394198145480667e-02 -1.563790537229551858e-01
1.000000000000000000e+00 -3.109847903691587021e+02 -1.645133877942405718e+02 -7.141822426411953056e+05 -4.359383917040131250e+13 -5.843750698903675256e-06 -3.085447854987857980e-06 6.031575571199852755e-07 4.861109306068256956e+03 9.889497350488181127e-01 9.016624999227368376e-01 1.641669265896083252e-01 -5.035129375137697288e-02
1.000000000000000000e+00 -2.449695488233557796e+02 -1.866487157419041125e+02 -7.188205861146650277e+05 -4.416192894897145312e+13 -4.633147130647827128e-06 -3.523330877576864473e-06 4.619218146906115438e-07 -2.119725633060461405e+04 7.655514897507629257e-01 -3.912998585188316891e+00 2.955870099352544966e-02 1.691517536530161292e-01
1.000000000000000000e+00 -1.726949838624492486e+02 -2.039977998577199116e+02 -7.234589878613071050e+05 -4.473370351988674219e+13 -3.287283220295785989e-06 -3.875674696524424055e-06 3.475912995519895125e-07 -3.309290354922071128e+04 2.623884275648877273e-02 -6.079896776851921203e+00 -1.714785312169693487e-01 9.008101908069336000e-03
1.000000000000000000e+00 -9.594180943033809683e+01 -2.161194989242128202e+02 -7.280974522047059145e+05 -4.530916355986670312e+13 -1.837980500410881507e-06 -4.132295600442003330e-06 2.717793640679400741e-07 -2.275927175156550220e+04 -7.292472155555719260e-01 -4.161604137815392512e+00 1.092158802106312811e-02 -1.713672999244998107e-01
1.000000000000000000e+00 -1.666122111555478824e+01 -2.226353800715227464e+02 -7.327359822121977340e+05 -4.588830960199764844e+13 -3.212164885537482451e-07 -4.284001534378454148e-06 2.421497051136651740e-07 2.923327272211373838e+03 -9.961666993599045394e-01 5.320232382865049958e-01 1.690870807285266009e-01 2.992643812784984494e-02
1.000000000000000000e+00 6.301046705495199518e+01 -2.233651084898214378e+02 -7.373745790545189520e+05 -4.647114195003970312e+13 1.222487264154964372e-06 -4.325251968323637896e-06 2.617287248341632133e-07 2.684311318765298711e+04 -6.007097643924750319e-01 4.862352054404096791e+00 -4.778751471457676203e-02 1.649314585084343532e-01
1.000000000000000000e+00 1.410497343279101017e+02 -2.183094709994946072e+02 -7.420132417863216251e+05 -4.705766064306896094e+13 2.753768396576352478e-06 -4.253947742291324925e-06 3.285364259668364446e-07 3.311291189773956285e+04 1.909436476864523335e-01 5.970088244377794950e+00 -1.591936985855609554e-01 -6.436923876328558281e-02
1.000000000000000000e+00 2.154356260417056603e+02 -2.075551640304863668e+02 -7.466519685687902384e+05 -4.764786560313145312e+13 4.232327057378621516e-06 -4.069674502791168813e-06 4.356423711672897747e-07 1.755241171769479843e+04 8.554355482698275948e-01 3.149919474838922540e+00 7.959675160056120524e-02 -1.521525211850065229e-01
1.000000000000000000e+00 2.841490938795254237e+02 -1.913968060793334871e+02 -7.512907551419952651e+05 -4.824175643551486719e+13 5.616914375823923040e-06 -3.776162269481565949e-06 5.717542600444379582e-07 -9.663314158245186263e+03 9.588797803252236962e-01 -1.726145351697136121e+00 1.440518410994201803e-01 9.346175498129008496e-02
1.000000000000000000e+00 3.454670328101376526e+02 -1.702956676944366734e+02 -7.559295951149187749e+05 -4.883933245662523438e+13 6.871181837788374681e-06 -3.380592828507371577e-06 7.228889973591683314e-07 -3.075961178429745269e+04 4.374190227720509139e-01 -5.469277685416543910e+00 -1.060046675080037332e-01 1.350890189276422182e-01
1.000000000000000000e+00 3.978349882909633948e+02 -1.447740723576800974e+02 -7.605684816451012157e+05 -4.944059290390736719e+13 7.961314540734784276e-06 -2.891592119509131471e-06 8.735731390073637451e-07 -3.196302788404754756e+04 -3.671509164565499583e-01 -5.657232986791589369e+00 -1.254206878360548671e-01 -1.172846265758909351e-01
1.000000000000000000e+00 4.398581519666847157e+02 -1.155243812026495647e+02 -7.652074061976800440e+05 -5.004553677173356250e+13 8.855952802950301609e-06 -2.321457478758077382e-06 1.008281295971152879e-06 -1.240298323876397626e+04 -9.332235617897601809e-01 -2.185236386514052498e+00 1.273803031583595757e-01 -1.151533366238239320e-01
1.000000000000000000e+00 4.705693606643461635e+02 -8.334803893756661353e+01 -7.698463593400052050e+05 -5.065416290926074219e+13 9.531718107282130030e-06 -1.685028938565135413e-06 1.113649685458888508e-06 1.535845204704399475e+04 -8.965743435247176540e-01 2.693672775853754420e+00 1.043496631092996479e-01 1.363714793396733904e-01
1.000000000000000000e+00 4.892651694376248770e+02 -4.904512312000564123e+01 -7.744853313363683410e+05 -5.126647009560569531e+13 9.970133640130011621e-06 -9.975092769118698890e-07 1.179123775266584160e-06 3.341696698074369488e+04 -2.824018862111092876e-01 5.834430577306606303e+00 -1.443261528689341877e-01 9.303759544597194064e-02
1.000000000000000000e+00 4.954772614957233827e+02 -1.351715138128621696e+01 -7.791243115348593565e+05 -5.188245695698371094e+13 1.015719915940121658e-05 -2.765666767956188482e-07 1.198057544711558664e-06 3.002945046446886408e+04 5.133568344407035688e-01 5.219413971607586689e+00 -8.120908078893364357e-02 -1.512981089297937842e-01
1.000000000000000000e+00 4.892051510867826210e+02 2.230295418850111488e+01 -7.837632890504342504e+05 -5.250212205458942969e+13 1.008833330200872479e-05 4.590449641684217223e-07 1.169381285763173677e-06 7.197329826073875665e+03 9.788115611912505676e-01 1.245367297075950619e+00 1.573156687045925428e-01 -6.883177281126921787e-02
1.000000000000000000e+00 4.707116033578476504e+02 5.755716531462523733e+01 -7.884022541429101257e+05 -5.312546406938117188e+13 9.764415349221382799e-06 1.191667710139575288e-06 1.096534443829519809e-06 -2.050581259307669461e+04 8.140548097118458504e-01 -3.532347613034517941e+00 5.587098144155709656e-02 1.623713829499289774e-01
1.000000000000000000e+00 4.404789195266439492e+02 9.135760107512697914e+01 -7.930411970985794906e+05 -5.375248165501155469e+13 9.191033749133837235e-06 1.902603771827064805e-06 9.867506932861486845e-07 -3.519012446245213505e+04 1.240855421462541408e-01 -6.034986275177650406e+00 -1.664271076972937413e-01 4.228534488246123157e-02
1.000000000000000000e+00 3.994120382935145130e+02 1.228565534004384432e+02 -7.976801084744264372e+05 -5.438317347123244531e+13 8.382882831585873108e-06 2.573564204643580690e-06 8.513388812136836644e-07 -2.716681396560665235e+04 -6.468098336640281110e-01 -4.638438318664692694e+00 -2.803660421412703177e-02 -1.694106885425346876e-01
1.000000000000000000e+00 3.486030900946494739e+02 1.513417167470613549e+02 -8.023189804096244043e+05 -5.501753836483566406e+13 7.359050483265114994e-06 3.188699840521350805e-06 7.038622665565509045e-07 -1.367145010051548070e+03 -9.992696944843836304e-01 -2.323987244712091282e-01 1.712135403876681727e-01 -1.311320541422354019e-02
1.000000000000000000e+00 2.892848882142523053e+02 1.761247517293843714e+02 -8.069578054975738050e+05 -5.565557522033627344e+13 6.142144896717639605e-06 3.732322288047402287e-06 5.587178176071725778e-07 2.559315212569412688e+04 -7.019937338911865776e-01 4.331491183261189093e+00 -2.474343268828091240e-03 1.716971467255740402e-01
1.000000000000000000e+00 2.230162163308486640e+02 1.966079694064021908e+02 -8.115965776744533796e+05 -5.629728308504473438e+13 4.762337102353713583e-06 4.190339804645037934e-06 4.302839835097440121e-07 3.603996250704900012e+04 5.445727106565798059e-02 6.072965737360754623e+00 -1.706965008678071882e-01 -1.867450561064459835e-02
1.000000000000000000e+00 1.514292596480525219e+02 2.123658189867948636e+02 -8.162352930052892771e+05 -5.694266128406753125e+13 3.252135645509119087e-06 4.552059222342767654e-06 3.309128484351904913e-07 2.284056114092444841e+04 7.765385434400009501e-01 3.832078421337668850e+00 3.537744355453884687e-02 -1.680311550155527689e-01
1.000000000000000000e+00 7.619066499417321836e+01 2.230258487050040799e+02 -8.208739478636647109e+05 -5.759170917332821875e+13 1.645590305220218245e-06 4.807724697760770111e-06 2.699380665515815218e-07 -5.625906369311014714e+03 9.879891607663513486e-01 -9.398086573614056194e-01 1.635147542619426186e-01 5.243050359258260434e-02
1.000000000000000000e+00 -8.217383153905676307e-01 2.283332818545902398e+02 -8.255125401816825615e+05 -5.824442631717453125e+13 -1.784845775466041655e-08 4.949949991426816942e-06 2.532583010522174210e-07 -3.065217595707561122e+04 5.452374776508656096e-01 -5.098421161453261519e+00 -6.961877758739661026e-02 1.569689726524063911e-01
1.000000000000000000e+00 -7.777836361826513212e+01 2.282190153427361281e+02 -8.301510697897257050e+05 -5.890081254277073438e+13 -1.698867143254294621e-06 4.975272549359915189e-06 2.825148052390212823e-07 -3.544567004818996793e+04 -2.614304746672737600e-01 -5.870473199424682598e+00 -1.482429481768809121e-01 -8.666060745310930069e-02
1.000000000000000000e+00 -1.529244688585202141e+02 2.226738301468431018e+02 -8.347895376643593190e+05 -5.956086784030164062e+13 -3.358902994577187093e-06 4.881509000295462258e-06 3.549037255771846561e-07 -1.647037851967686220e+04 -8.947375556352362702e-01 -2.716170420740633862e+00 1.032196892824580325e-01 -1.372287444843394155e-01
1.000000000000000000e+00 -2.244077305721205562e+02 2.118132340793809192e+02 -8.394279461349169724e+05 -6.022459239715945312e+13 -4.956381424756955281e-06 4.669221025419088658e-06 4.634713499852237027e-07 1.382277088073197228e+04 -9.277465616044420216e-01 2.269864781151775368e+00 1.238798818199305513e-01 1.189109223267372506e-01
1.000000000000000000e+00 -2.905392594240165067e+02 1.959329406168094749e+02 -8.440662993265737314e+05 -6.089198666723420312e+13 -6.452453288923057133e-06 4.343021055041858254e-06 5.980746460420188428e-07 3.505345383227514685e+04 -3.344026925690187779e-01 5.731852306475745173e+00 -1.333108654582489117e-01 1.082323690911732722e-01
1.000000000000000000e+00 -3.498065240411593209e+02 1.753771639030513256e+02 -8.487046018455775920e+05 -6.156305118729225000e+13 -7.811383235943688446e-06 3.908746606643278564e-06 7.461387662770863477e-07 3.263226882076926995e+04 4.865719070525527656e-01 5.313473671821748567e+00 -9.040717156261249277e-02 -1.459882731535778189e-01
1.000000000000000000e+00 -4.007037318777242945e+02 1.506047636898052247e+02 -8.533428595531590981e+05 -6.223778669177178906e+13 -8.996848955239222234e-06 3.374972087579254015e-06 8.932462239513393820e-07 7.890053309168610213e+03 9.776263801868562142e-01 1.279340087888260813e+00 1.565193463183123246e-01 -7.062384014200524807e-02
1.000000000000000000e+00 -4.419918611747297064e+02 1.222325071924565663e+02 -8.579810802603645716e+05 -6.291619421966250000e+13 -9.977815446362016711e-06 2.754053348293420461e-06 1.025259744292263035e-06 -2.249640360259450608e+04 8.020554301817138798e-01 -3.632466579201570678e+00 4.921107791658940744e-02 1.645123167990854840e-01
1.000000000000000000e+00 -4.726960139938348675e+02 9.089785270410089879e+01 -8.626192719727846561e+05 -6.359827486341300000e+13 -1.072863770974513612e-05 2.059115454087005376e-06 1.129674125230418596e-06 -3.770981647269339010e+04 7.763534298990590332e-02 -6.063634261885532339e+00 -1.696450378382776680e-01 2.658183035768303670e-02
1.000000000000000000e+00 -4.919362458864395080e+02 5.732549071615780178e+01 -8.672574434881835477e+05 -6.428402985829810938e+13 -1.122536165604545513e-05 1.305580739659732948e-06 1.196012495036570620e-06 -2.710778748223110233e+04 -7.004368300774543865e-01 -4.340804418964518518e+00 -3.224205218319111440e-03 -1.716847024898417173e-01
1.000000000000000000e+00 -4.991835435212736911e+02 2.235800814899572586e+01 -8.718956044349954464e+05 -6.497346059129644531e+13 -1.145165435294575590e-05 5.119240298110093222e-07 1.217618443385550641e-06 2.260530496872350341e+03 -9.982419003120968082e-01 3.604886017591968916e-01 1.705084681316949569e-01 2.031981455865351088e-02
1.000000000000000000e+00 -4.942360510309061965e+02 -1.318617546486494341e+01 -8.765337643966710893e+05 -6.566656847318173438e+13 -1.139846983383733733e-05 -3.035256640873473739e-07 1.192129989640788506e-06 3.031528258650216958e+04 -6.110310121086741653e-01 4.814544409906057254e+00 -4.349234735841048249e-02 1.661157677331404625e-01
1.000000000000000000e+00 -4.770445461611863607e+02 -4.844742791611983534e+01 -8.811719333797808504e+05 -6.636335500885261719e+13 -1.106020239154808992e-05 -1.121086953521068358e-06 1.121186961075237897e-06 3.771358092917430622e+04 1.951881294148634927e-01 5.965008688077558574e+00 -1.586308411880729685e-01 -6.574411602782163910e-02
1.000000000000000000e+00 -4.479584496685095587e+02 -8.250659871001325030e+01 -8.858101220798265422e+05 -6.706382183925871875e+13 -1.044051339467797821e-05 -1.919275149329706672e-06 1.011556808903723805e-06 1.922586554584790792e+04 8.672092242948150620e-01 3.028490421013345202e+00 8.656215025871862034e-02 -1.483004609261290296e-01
1.000000000000000000e+00 -4.076715341248477102e+02 -1.145296046484870800e+02 -8.904483396357495803e+05 -6.776797040234359375e+13 -9.551302491166669157e-06 -2.678146977660047329e-06 8.741284657540641429e-07 -1.259483722713166389e+04 9.457556779219075116e-01 -1.975909523783761834e+00 1.354672494456432841e-01 1.055208836958218405e-01
1.000000000000000000e+00 -3.570333910322660813e+02 -1.437027411549002238e+02 -8.950865948767684167e+05 -6.847580211764547656e+13 -8.408477591757457275e-06 -3.377831824012031585e-06 7.219796767661117602e-07 -3.601515251690201694e+04 3.793775185818654694e-01 -5.627313126912618202e+00 -1.222860288589519701e-01 1.205494077721780549e-01
1.000000000000000000e+00 -2.972775622050018001e+02 -1.692237184194562190e+02 -8.997248963510580361e+05 -6.918731838948064844e+13 -7.037450486713944720e-06 -3.998332336845614055e-06 5.701390246969866211e-07 -3.501910740967503079e+04 -4.439893875302461379e-01 -5.449658640847227176e+00 -1.040158046532863451e-01 -1.366262967025186903e-01
1.000000000000000000e+00 -2.299280479513845421e+02 -1.904434713011744691e+02 -9.043632510334115941e+05 -6.990252040604816406e+13 -5.471146474967662972e-06 -4.522899241773369491e-06 4.340152126543658938e-07 -1.021835219797682294e+04 -9.654985955052683977e-01 -1.583800641913799101e+00 1.484261443608610176e-01 -8.634646627676284547e-02
1.000000000000000000e+00 -1.565908717816183469e+02 -2.067971706203227029e+02 -9.090016648968303343e+05 -7.062140922200793750e+13 -3.745196457652075091e-06 -4.936477804984588171e-06 3.273072715645892131e-07 2.164937113555142423e+04 -8.354821858600345319e-01 3.342160565058617916e+00 6.800959875539726307e-02 1.576728481554296180e-01
1.000000000000000000e+00 -7.916024795929185132e+01 -2.177977000072303326e+02 -9.136401424120023148e+05 -7.134398567634089062e+13 -1.902943097573739226e-06 -5.225602605372046960e-06 2.609936389785248842e-07 3.913349926004963345e+04 -1.454899521907092041e-01 6.017276763440594145e+00 -1.644454810276598511e-01 4.943395935889481618e-02
1.000000000000000000e+00 3.134670767058703733e-01 -2.231668424283741388e+02 -9.182786857602900127e+05 -7.207025026285779688e+13 7.573731787261080477e-09 -5.381608371153345408e-06 2.419479176480850584e-07 3.050867363198310704e+04 6.401447801459942966e-01 4.672515543072441879e+00 -3.098241629097363628e-02 -1.688967804580303600e-01
1.000000000000000000e+00 7.984668990826951074e+01 -2.227533256209743797e+02 -9.229172956721237861e+05 -7.280020325338943750e+13 1.938934709161455697e-06 -5.398770908525431280e-06 2.721295800533144249e-07 1.504576070444487414e+03 9.992876684465912263e-01 2.295220916920649168e-01 1.712258770764321092e-01 -1.295112302936934044e-02
1.000000000000000000e+00 1.573312274159806918e+02 -2.165202887004448655e+02 -9.275559774957838235e+05 -7.353384565426398438e+13 3.839711041602825283e-06 -5.274079155465153140e-06 3.484623926742119478e-07 -2.865998649924662095e+04 6.980712030363771525e-01 -4.354877821072714816e+00 -4.360391149517920534e-03 1.716596037433924249e-01
1.000000000000000000e+00 2.306886968493913912e+02 -2.046593234575726115e+02 -9.321947166823636508e+05 -7.427117531821992188e+13 5.658175791672489366e-06 -5.010096476491266435e-06 4.630434357889760010e-07 -4.010858924812592886e+04 -6.109495739018809546e-02 -6.070629379909979306e+00 -1.704330902865315023e-01 -2.094264318796231622e-02
1.000000000000000000e+00 2.980889005490961949e+02 -1.874886273068155162e+02 -9.368335143033035565e+05 -7.501219255329256250e+13 7.347704926918343221e-06 -4.612594382752633507e-06 6.041230509458330262e-07 -2.529948985001897381e+04 -7.789056107490313074e-01 -3.814266833233086018e+00 3.664189802644178540e-02 -1.677599591003024193e-01
1.000000000000000000e+00 3.577537200659033374e+02 -1.654302706023644589e+02 -9.414723644518058281e+05 -7.575689654788985938e+13 8.862070858786410998e-06 -4.090067488379703519e-06 7.570509294958504414e-07 6.134787660795604097e+03 -9.884599298774725540e-01 9.213155560450849713e-01 1.638342990643253116e-01 5.142329256685638367e-02
1.000000000000000000e+00 4.081099361523874904e+02 -1.391066940726089172e+02 -9.461112592160387430e+05 -7.650528614742032812e+13 1.015927842466627776e-05 -3.456194366393280934e-06 9.061392079803922712e-07 3.377459261772372702e+04 -5.566486163787884855e-01 5.052601973653921164e+00 -6.530056664509448217e-02 1.588139432296322984e-01
1.000000000000000000e+00 4.479780044464225739e+02 -1.092198685122241386e+02 -9.507501901923809201e+05 -7.725736009227360938e+13 1.120641225807753334e-05 -2.726942546048067065e-06 1.036599788826138368e-06 3.967434214191485808e+04 2.345613322503201092e-01 5.912311293297500825e+00 -1.528197960137807343e-01 -7.830799776920455146e-02
1.000000000000000000e+00 4.763526972754563644e+02 -7.652222962079660817e+01 -9.553891482422144618e+05 -7.801311697615134375e+13 1.197436290435362458e-05 -1.919887748179576972e-06 1.135083627791667219e-06 1.992435441452179293e+04 8.737851698322556260e-01 2.957745829296594575e+00 9.049397133646294722e-02 -1.459344843416754689e-01
1.000000000000000000e+00 4.925356523914533682e+02 -4.190213953838851069e+01 -9.600281227858662605e+05 -7.877255512728514062e+13 1.244128134362885630e-05 -1.056399219471878861e-06 1.191592371435177910e-06 -1.284844211284756966e+04 9.499492997110011716e-01 -1.900038920832045841e+00 1.381974727959005556e-01 1.019190417985845337e-01
1.000000000000000000e+00 4.962823990726861894e+02 -6.252448715592962003e+00 -9.646671031514349161e+05 -7.953567282514100000e+13 1.259649808214923793e-05 -1.583928321659176412e-07 1.201202481992636888e-06 -3.756626723644704180e+04 4.147705275979553519e-01 -5.534161834292889104e+00 -1.126331440288918240e-01 1.296140711284164970e-01
1.000000000000000000e+00 4.875519428844074810e+02 2.955547908569006310e+01 -9.693060792160514975e+05 -8.030246840630420312e+13 1.243441366528729476e-05 7.523273625206574152e-07 1.163337452475991708e-06 -3.820560690155466000e+04 -3.874307644650882843e-01 -5.606980030552164429e+00 -1.201652473856453379e-01 -1.226635475153965565e-01
1.000000000000000000e+00 4.666179788775144175e+02 6.458917597439165093e+01 -9.739450407228674740e+05 -8.107294015294600000e+13 1.195747281227947717e-05 1.651969831703102737e-06 1.082045255008580150e-06 -1.414358717592999528e+04 -9.404279369751576967e-01 -2.067834790142067281e+00 1.320160883366336135e-01 -1.098079459265560304e-01
1.000000000000000000e+00 4.341780518072985160e+02 9.798704732699630426e+01 -9.785839780882612104e+05 -8.184708642731931250e+13 1.117916715427090963e-05 2.518109953419825186e-06 9.659966344745044822e-07 1.928175684404222193e+04 -8.870041412964155825e-01 2.808428996583109072e+00 9.848758628199479059e-02 1.406635273148726661e-01
1.000000000000000000e+00 3.910780408009004532e+02 1.289727927760887098e+02 -9.832228825541452970e+05 -8.262490570002628125e+13 1.011716636417940057e-05 3.330105550460535741e-06 8.266643522648649027e-07 4.047550691498476954e+04 -2.597603275028891323e-01 5.873215016566811997e+00 -1.485418920448337288e-01 8.614719308286411525e-02
1.000000000000000000e+00 3.384132155897954135e+02 1.567708937650675125e+02 -9.878617456760477507e+05 -8.340639646684818750e+13 8.796035347134997296e-06 4.066956430794273710e-06 6.778155985030125642e-07 3.549448677845257771e+04 5.368650729233719332e-01 5.131181725977025820e+00 -7.273018441983412907e-02 -1.555517690113880358e-01
1.000000000000000000e+00 2.776121096245650506e+02 1.807331036900716583e+02 -9.925005604928096291e+05 -8.419155744843479688e+13 7.249576723579261653e-06 4.710601705261523956e-06 5.344425030976536215e-07 7.264899378861710829e+03 9.850906642281809233e-01 1.046321331790605491e+00 1.615506903857830412e-01 -5.820143472623481862e-02
1.000000000000000000e+00 2.101474761763159620e+02 2.003377139630468662e+02 -9.971393219969398342e+05 -8.498038767635718750e+13 5.513450817717169687e-06 5.245978112140818859e-06 4.103163288473417486e-07 -2.599293547300719729e+04 7.898970799153302025e-01 -3.729716589732033682e+00 4.256381395513757215e-02 1.663561069209896215e-01
1.000000000000000000e+00 1.376399822335104943e+02 2.151025221018830393e+02 -1.001778025544187753e+06 -8.577288622850706250e+13 3.627935792141297221e-06 5.658807508975842577e-06 3.171633922930174279e-07 -4.242221166353604349e+04 7.548733440004051776e-02 -6.064637417083548421e+00 -1.697579949799251919e-01 2.585064232685509861e-02
1.000000000000000000e+00 6.192799322125768668e+01 2.247046511899183940e+02 -1.006416668036329676e+06 -8.656905243401703125e+13 1.639865809412050106e-06 5.938787700791623080e-06 2.639765250621362255e-07 -3.090223175560060190e+04 -6.901251230822974536e-01 -4.401476329941136356e+00 -8.148670419354324054e-03 -1.715215197539715075e-01
1.000000000000000000e+00 -1.522519936671321261e+01 2.289649777610754882e+02 -1.011055248028513743e+06 -8.736888589794256250e+13 -4.050245604264635469e-07 6.079276037729728807e-06 2.557900450279520813e-07 1.297402845141771650e+03 -9.995416992420894653e-01 1.841137733458572678e-01 1.714002585149647095e-01 1.039153257794881748e-02
1.000000000000000000e+00 -9.201756103092301942e+01 2.277596647770436107e+02 -1.015693765154420398e+06 -8.817238640801332812e+13 -2.459104518316886429e-06 6.075017300173512938e-06 2.932867258405245903e-07 3.293040602086963190e+04 -6.433806415882785679e-01 4.656046392156369507e+00 -2.955604510199637963e-02 1.691522177396561910e-01
1.000000000000000000e+00 -1.665473373154025580e+02 2.211346448558849431e+02 -1.020332220929007744e+06 -8.897955407891835938e+13 -4.471186429707110165e-06 5.925244927669830753e-06 3.727912507316335753e-07 4.272070207099169784e+04 1.443510546954641649e-01 6.018291303945859205e+00 -1.645588469781624763e-01 -4.905525914245080499e-02
1.000000000000000000e+00 -2.371035055080997722e+02 2.092770821214591024e+02 -1.024970618399602710e+06 -8.979038929863325000e+13 -6.394298032022346825e-06 5.633016264588249796e-06 4.868460169056447643e-07 2.375080418263387037e+04 8.363896697148412995e-01 3.333753921269233533e+00 6.853064954716901747e-02 -1.574470788581306402e-01
1.000000000000000000e+00 -3.020393296829136034e+02 1.924259975235443960e+02 -1.029608961005823337e+06 -9.060489253384267188e+13 -8.182373405759990766e-06 5.202882018515851933e-06 6.247156483645045756e-07 -1.149865830283418290e+04 9.644095479320610176e-01 -1.608157308178261413e+00 1.477043364186695351e-01 8.757546215370942688e-02
1.000000000000000000e+00 -3.597192178967243308e+02 1.709827264083406533e+02 -1.034247253871542052e+06 -9.142306455990346875e+13 -9.788846092525323164e-06 4.643917885276002397e-06 7.730762953355849691e-07 -3.922875441773988132e+04 4.383211870385750331e-01 -5.466605303193633247e+00 -1.057333367186288620e-01 1.353014932462326680e-01
1.000000000000000000e+00 -4.088028081958752296e+02 1.454708362001373416e+02 -1.038885503836052376e+06 -9.224490647305575000e+13 -1.117442127292920974e-05 3.968729864066829761e-06 9.178222041828577872e-07 -4.039127058636463335e+04 -3.868786440040942742e-01 -5.608390053841310952e+00 -1.203120678334538979e-01 -1.225195449793774344e-01
1.000000000000000000e+00 -4.481049384121117782e+02 1.164451560916509862e+02 -1.043523718086571782e+06 -9.307041945329256250e+13 -1.230341116972441983e-05 3.191035748053889189e-06 1.045035318765141963e-06 -1.388350346763903508e+04 -9.488173096120413597e-01 -1.920847460710849441e+00 1.374593096130246050e-01 -1.029124422459497534e-01
1.000000000000000000e+00 -4.765496040521268242e+02 8.459834549100803258e+01 -1.048161905063977232e+06 -9.389960492801925000e+13 -1.314255998240514778e-05 2.328617508481525541e-06 1.142126234945919512e-06 2.237303354326540284e+04 -8.618679958676394026e-01 3.084376305688088848e+00 8.339043853826910713e-02 1.501068530371297283e-01
1.000000000000000000e+00 -4.934429486055902885e+02 5.070959539210428346e+01 -1.052800073960695881e+06 -9.473246448666185938e+13 -1.366867247896880876e-05 1.401986945360857905e-06 1.199825319528345461e-06 4.351751547345975268e+04 -1.840713747072049156e-01 5.978067083785445490e+00 -1.600787881766325416e-01 6.213544997999215225e-02
1.000000000000000000e+00 -4.983165814931875275e+02 1.555114479672175420e+01 -1.057438233734328300e+06 -9.556899970535271875e+13 -1.386448783441415391e-05 4.318424108760042682e-07 1.212191415802854146e-06 3.485361663346013665e+04 6.202075797253751022e-01 4.770943073510163224e+00 -3.961208889674519562e-02 -1.670835568856242903e-01
1.000000000000000000e+00 -4.908844272872845522e+02 -2.000961323868057207e+01 -1.062076394637680845e+06 -9.640921242377462500e+13 -1.371761136462735230e-05 -5.580875938461486385e-07 1.177110136781465239e-06 2.125818024079809675e+03 9.988628422899761272e-01 2.899663526694369331e-01 1.709343508621648522e-01 -1.635482386470781327e-02
1.000000000000000000e+00 -4.712974962873578306e+02 -5.507265674929261934e+01 -1.066714567135305610e+06 -9.725310455273548438e+13 -1.322777630202580445e-05 -1.542737979269187372e-06 1.097889086639483947e-06 -3.228506720879746717e+04 6.923942502617226324e-01 -4.388274168697954281e+00 -7.071292105077916709e-03 1.715693136789908646e-01
1.000000000000000000e+00 -4.399637507537708530e+02 -8.880047748953701614e+01 -1.071352760823554359e+06 -9.810067787723284375e+13 -1.240203270425900664e-05 -2.498363990624990573e-06 9.821671492029578232e-07 -4.472893115348429274e+04 -8.802980106344997224e-02 -6.058379539981291195e+00 -1.690536516731697136e-01 -3.011470445284005273e-02
1.000000000000000000e+00 -3.974991201688773685e+02 -1.203199223703015406e+02 -1.075990985127363121e+06 -9.895193418116993750e+13 -1.125351742635202967e-05 -3.399805666066472237e-06 8.408319021365349977e-07 -2.657555137302433286e+04 -8.075682663667486105e-01 -3.587000677341072308e+00 5.225853508690758709e-02 -1.635697957414074255e-01
1.000000000000000000e+00 -3.449555980443963676e+02 -1.487942853497430065e+02 -1.080629249211041955e+06 -9.980687523019762500e+13 -9.808066434842603978e-06 -4.222511954135645309e-06 6.878968981414193332e-07 9.854660420923783022e+03 -9.759627711233370695e-01 1.325492688880326009e+00 1.554031960222996833e-01 7.304710284720399016e-02
1.000000000000000000e+00 -2.836095807586715978e+02 -1.735155083229033153e+02 -1.085267560691692634e+06 -1.006655025320044219e+14 -8.098436907664870451e-06 -4.945190614351604796e-06 5.385528513342455344e-07 3.977082933678739937e+04 -4.814225081451797839e-01 5.330795951170329339e+00 -9.211902884345810061e-02 1.449141714714383411e-01
1.000000000000000000e+00 -2.148978484041602712e+02 -1.938062024185741734e+02 -1.089905926829769276e+06 -1.015278175519914844e+14 -6.162608304783008830e-06 -5.547082225579630584e-06 4.076646378482551873e-07 4.285525147151976853e+04 3.378455367249545427e-01 5.724379275819722501e+00 -1.325160154237615406e-01 -1.092041126722097799e-01
1.000000000000000000e+00 -1.406144244994823964e+02 -2.090959701351669935e+02 -1.094544353391580516e+06 -1.023938214990354688e+14 -4.049549592752660186e-06 -6.010172613818824355e-06 3.087953890644050649e-07 1.700593462652216840e+04 9.281508898474278846e-01 2.263742183737227798e+00 1.241375888227635726e-01 -1.186418628039267870e-01
1.000000000000000000e+00 -6.266517469781722838e+01 -2.190022538390878424e+02 -1.099182843760897638e+06 -1.032635151526443750e+14 -1.812340014427935960e-06 -6.321591714883052150e-06 2.521490563171211497e-07 -2.040173044778537223e+04 8.955331513315899494e-01 -2.706454295633591745e+00 1.037088474360024493e-01 1.368594444377561614e-01
1.000000000000000000e+00 1.701194041627076103e+01 -2.232252617147013893e+02 -1.103821400317696389e+06 -1.041368991136595625e+14 4.940787163144825169e-07 -6.470682164049857879e-06 2.434835658847594989e-07 -4.434514572176044021e+04 2.661490580132824246e-01 -5.862624848994213878e+00 -1.473880040455078089e-01 8.810680354999078645e-02
1.000000000000000000e+00 9.627476265269356759e+01 -2.216203288458530380e+02 -1.108460023806375684e+06 -1.050139736805683750e+14 2.807863394071764259e-06 -6.451156053234762692e-06 2.837964470981821457e-07 -3.890117121712623339e+04 -5.383611715467201408e-01 -5.125380099105369958e+00 -7.217772771887422112e-02 -1.558088835389540849e-01
1.000000000000000000e+00 1.730451304856948127e+02 -2.142588241384488583e+02 -1.113098712625854416e+06 -1.058947387079465625e+14 5.067999303048196305e-06 -6.262969765973241193e-06 3.690644910529491772e-07 -7.686006814009517257e+03 -9.861365112550175560e-01 -1.009221683624989430e+00 1.622587062844255690e-01 -5.619737363275807696e-02
1.000000000000000000e+00 2.453897554640425369e+02 -2.013091034884581063e+02 -1.117737463870678563e+06 -1.067791937960763906e+14 7.216717728857765505e-06 -5.908961223414559242e-06 4.905703506542987831e-07 2.874095508509358478e+04 -7.858644390698730220e-01 3.761095844780116604e+00 4.038149511836638950e-02 1.668992732767900500e-01
1.000000000000000000e+00 3.113540334939684726e+02 -1.830986280619416675e+02 -1.122376272717881715e+06 -1.076673381681404531e+14 9.194676557715465663e-06 -5.396739867423193142e-06 6.356128371569678904e-07 4.651055180585799098e+04 -7.263622101735267567e-02 6.065925219360084775e+00 -1.699030313035085338e-01 2.487956032960194491e-02
1.000000000000000000e+00 3.692308039945760925e+02 -1.601522338341350462e+02 -1.127015132240238134e+06 -1.085591706266423125e+14 1.094891682431957065e-05 -4.739916221177181933e-06 7.893643411782320834e-07 3.401507632502547494e+04 6.866833188151928447e-01 4.421343855363375042e+00 -9.776083697100550543e-03 -1.714364627372560457e-01
1.000000000000000000e+00 4.176178026072414013e+02 -1.330583511717412648e+02 -1.131654034980447264e+06 -1.094546898495763438e+14 1.243472438228839213e-05 -3.954246430865276609e-06 9.364512432174531639e-07 -6.677323601559826329e+02 9.998988524560735724e-01 -8.650225811705251899e-02 1.716455041151992988e-01 4.884003005158414970e-03
1.000000000000000000e+00 4.552363336828411207e+02 -1.025215385026240256e+02 -1.136292972425087122e+06 -1.103538942861489688e+14 1.361039473776148688e-05 -3.059238619718722156e-06 1.061727246922983302e-06 -3.511183129074663884e+04 6.666358846133380034e-01 -4.533415727658186789e+00 -1.909353662366864574e-02 1.706501374963287909e-01
1.000000000000000000e+00 4.811802741962111440e+02 -6.938397501287772684e+01 -1.140931934469225816e+06 -1.112567820481749531e+14 1.444478342593362394e-05 -2.078867600133681184e-06 1.152567674845425103e-06 -4.704389984921972064e+04 -9.618958922140072310e-02 -6.053788787862649734e+00 -1.685374107953707956e-01 -3.288120634508012036e-02
1.000000000000000000e+00 4.949313583401869892e+02 -3.448371330406673252e+01 -1.145570910978194559e+06 -1.121633512095946562e+14 1.491799412232448032e-05 -1.037394450770550950e-06 1.200324085455548069e-06 -2.865813198690464196e+04 -7.967250337181016606e-01 -3.675602316797760949e+00 4.628432195902594526e-02 -1.653595903148908086e-01
1.000000000000000000e+00 4.961532167750833082e+02 1.295076979909197235e+00 -1.150209891563179437e+06 -1.130735997622340781e+14 1.501538225903729441e-05 3.911835643281775660e-08 1.200362978458457575e-06 8.350918766234595751e+03 -9.844755773271158805e-01 1.067520851728066544e+00 1.611346406636514073e-01 5.934357712938481688e-02
1.000000000000000000e+00 4.849144764204795592e+02 3.700735418847039426e+01 -1.154848865447185701e+06 -1.139875255883373438e+14 1.473444509857978031e-05 1.122331381137363173e-06 1.153271254987859321e-06 4.022033991991295625e+04 -5.385798235843450854e-01 5.124530298794012673e+00 -7.209685843370317038e-02 1.558463203681943465e-01
1.000000000000000000e+00 4.616596831787525161e+02 7.178744082580051611e+01 -1.159487822951470735e+06 -1.149051267536386094e+14 1.408418187048146482e-05 2.185861198186634146e-06 1.064416417822801529e-06 4.631417254027728632e+04 2.545992602013462114e-01 5.881568800383422335e+00 -1.494535764542401224e-01 -8.455566836913953888e-02
1.000000000000000000e+00 4.269842555344684456e+02 1.047924859726170439e+02 -1.164126754698663717e+06 -1.158264013531428750e+14 1.307843008948836044e-05 3.203600341682610709e-06 9.424870240842987523e-07 2.245542910737345665e+04 8.840790584518386508e-01 2.842341587810543579e+00 9.670842507639866581e-02 -1.418926111098033349e-01
1.000000000000000000e+00 3.818391577829554535e+02 1.351871337211518664e+02 -1.168765651381973643e+06 -1.167513474662126406e+14 1.174225172901887774e-05 4.149260650046162033e-06 7.997742846790543990e-07 -1.616903270571008215e+04 9.420729439465573840e-01 -2.039948746833894155e+00 1.330795971591235693e-01 1.085166042054426516e-01
1.000000000000000000e+00 3.274684364307481701e+02 1.622757457540639905e+02 -1.173404505391784478e+06 -1.176799634831082188e+14 1.011022174350999429e-05 5.000452228309854553e-06 6.507886725118249189e-07 -4.456633274827682908e+04 3.884490262251014125e-01 -5.604373352775883887e+00 -1.198939209931432354e-01 1.229287609845850088e-01
1.000000000000000000e+00 2.651775807385266717e+02 1.854343576795289152e+02 -1.178043310293773655e+06 -1.186122480066253750e+14 8.219427041950067486e-06 5.736663544709365063e-06 5.099116650234956841e-07 -4.405217484183359193e+04 -4.192171738196768804e-01 -5.521754199291165399e+00 -1.113595518294092229e-01 -1.307099184632460054e-01
1.000000000000000000e+00 1.965312789737393189e+02 2.040929255673323155e+02 -1.182682060404485324e+06 -1.195481997709512969e+14 6.115657749500360677e-06 6.338753712474331672e-06 3.907103193183516439e-07 -1.460697297523818997e+04 -9.539181099679276965e-01 -1.825005085644109348e+00 1.407924598896842516e-01 -9.830318309458219161e-02
1.000000000000000000e+00 1.232712832408719663e+02 2.178576538675233678e+02 -1.187320752018755069e+06 -1.204878178937572812e+14 3.850999469312609089e-06 6.792799539028423587e-06 3.046731344326981264e-07 2.471945554236964745e+04 -8.624342142683163459e-01 3.078516215683201107e+00 8.372574006407376701e-02 1.499200887774498892e-01
1.000000000000000000e+00 4.708852848736754027e+01 2.264302638626762700e+02 -1.191959382388520753e+06 -1.214311016759745625e+14 1.476794474706601086e-06 7.087675842371509664e-06 2.598630441277517092e-07 4.799343085925305786e+04 -2.010340025499786076e-01 5.957822472532537716e+00 -1.578353666505273867e-01 6.763157252799086028e-02
1.000000000000000000e+00 -3.017811648133918112e+01 2.295894082381995247e+02 -1.196597949646990979e+06 -1.223780505900782500e+14 -9.501318315486318921e-07 7.214529616455790110e-06 2.604940101449545611e-07 3.949870524377993570e+04 5.951431531233993821e-01 4.887607635086247626e+00 -5.007367579985765038e-02 -1.642518175248178225e-01
1.000000000000000000e+00 -1.066342912824975571e+02 2.273039442986410563e+02 -1.201236454439801862e+06 -1.233286646185172344e+14 -3.370302431080438670e-06 7.170400156803618407e-06 3.064321451683157406e-07 4.495930402881223017e+03 9.958344299245635023e-01 5.545557795944133783e-01 1.688597709390090296e-01 -3.118349446006168924e-02
1.000000000000000000e+00 -1.805490354557491344e+02 2.196405291431275373e+02 -1.205874898549191188e+06 -1.242829439800765938e+14 -5.728499914830971280e-06 6.955408694208242968e-06 3.932743388670383701e-07 -3.382124699271340069e+04 7.297328699959693132e-01 -4.158453910534233522e+00 1.116492880006075480e-02 1.713516178307192828e-01
1.000000000000000000e+00 -2.501518790743615739e+02 2.067460269174298446e+02 -1.210513284585458925e+06 -1.252408890705400625e+14 -7.967403512855424690e-06 6.572258697862899722e-06 5.127393972036484858e-07 -4.960309996596585552e+04 -2.827172877694805395e-02 -6.079559667252010691e+00 -1.714404744464896602e-01 -9.705477313240735981e-03
1.000000000000000000e+00 -3.137315710724580526e+02 1.889527467260772653e+02 -1.215151616858075839e+06 -1.262025006469147188e+14 -1.003072159745889179e-05 6.029642954100262874e-06 6.534244931414101158e-07 -3.185676266830581517e+04 -7.684183249567703156e-01 -3.892157060287495973e+00 3.106898182018122054e-02 -1.688808779494367363e-01
1.000000000000000000e+00 -3.698437692434820292e+02 1.666757554496686851e+02 -1.219789900860279333e+06 -1.271677797267008594e+14 -1.186989352320291263e-05 5.339067150755378796e-06 8.020493540193583006e-07 7.726694440040068002e+03 -9.879572442733894899e-01 9.410489550161856842e-01 1.634930957561732123e-01 5.249800194653203578e-02
1.000000000000000000e+00 -4.171025738200282831e+02 1.403965669643804119e+02 -1.224428142921304097e+06 -1.281367275197961875e+14 -1.343753647741948688e-05 4.514375798669584639e-06 9.441697710478085842e-07 4.233115755826809618e+04 -5.347348206422183337e-01 5.139403395787459417e+00 -7.351415879373179862e-02 1.551827987412434939e-01
1.000000000000000000e+00 -4.542841637043217702e+02 1.107602088642362475e+02 -1.229066351048845099e+06 -1.291093456088052344e+14 -1.469083259273164978e-05 3.574925638002527020e-06 1.065910562890167062e-06 4.817896137606732373e+04 2.842712323506295102e-01 5.831071574123874335e+00 -1.439623547049606045e-01 -9.359953523452137214e-02
1.000000000000000000e+00 -4.805203950725052664e+02 7.846325590465170308e+01 -1.233704533940227237e+06 -1.300856357471620312e+14 -1.559791213573837287e-05 2.542057699799689475e-06 1.155812463251507599e-06 2.097875751013387708e+04 9.092882235610472152e-01 2.531123530354998596e+00 1.122346499191854419e-01 -1.299592856468255175e-01
1.000000000000000000e+00 -4.950815641577468682e+02 4.423766919351262317e+01 -1.238342700042045442e+06 -1.310655996628092188e+14 -1.613099238075654961e-05 1.438603135697250332e-06 1.204794094427593090e-06 -2.083530485902593864e+04 9.111678284031697883e-01 -2.505995639027535749e+00 1.134097772315085378e-01 1.289350805506977171e-01
1.000000000000000000e+00 -4.974824527398077407e+02 8.938726710805305231e+00 -1.242980859309409745e+06 -1.320492394309935312e+14 -1.626993025305911974e-05 2.917749599209322447e-07 1.207372874579297626e-06 -4.857755882293303148e+04 2.878274229177569810e-01 -5.824614888920971012e+00 -1.432636492744570611e-01 9.466551307039250407e-02
1.000000000000000000e+00 -4.876555651312867212e+02 -2.657526808181163958e+01 -1.247619021876360057e+06 -1.330365571966923594e+14 -1.600805824163424273e-05 -8.706980251248969308e-07 1.163145269689877128e-06 -4.305323646250814636e+04 -5.329464527988474476e-01 -5.146270240941743346e+00 -7.416990629416311820e-02 -1.548704541500100507e-01
1.000000000000000000e+00 -4.657181663664267148e+02 -6.145986805634984762e+01 -1.252257197635379853e+06 -1.340275550853145000e+14 -1.534476348229918253e-05 -2.021124551661248791e-06 1.075969747925669793e-06 -7.886577564263946442e+03 -9.879894210581957603e-01 -9.397985353409161746e-01 1.635149308986497130e-01 -5.242995271335952612e-02
1.000000000000000000e+00 -4.320747218504461671e+02 -9.480568170348506385e+01 -1.256895396759622963e+06 -1.350222353139436406e+14 -1.428898821536316372e-05 -3.129258341833154545e-06 9.539916551509628734e-07 3.288778630327954306e+04 -7.663781287924267271e-01 3.907008415838562509e+00 2.999360448269910995e-02 1.690751793092371835e-01
1.000000000000000000e+00 -3.875602708998683283e+02 -1.257648109673656336e+02 -1.261533628523581196e+06 -1.360205999381359219e+14 -1.286416394028882517e-05 -4.166447289696700218e-06 8.093348185175986621e-07 5.134136199343651242e+04 -2.157027663630462985e-02 6.080575722994345789e+00 -1.715551847937485663e-01 7.406155460026761679e-03
1.000000000000000000e+00 -3.331829091276112536e+02 -1.535664982343197948e+02 -1.266171901178197702e+06 -1.370226508213282656e+14 -1.109989500118063167e-05 -5.106191169400776144e-06 6.559837070961780786e-07 3.481617229886222776e+04 7.369907637679145029e-01 4.110834691918181960e+00 1.482085199690165792e-02 -1.710741795666465559e-01
1.000000000000000000e+00 -2.702146722319270680e+02 -1.774441351939409230e+02 -1.270810223066013306e+06 -1.380283898730229844e+14 -9.035103044835357164e-06 -5.921752706821459288e-06 5.090484665440115322e-07 -5.480177638266032773e+03 9.943591599516873325e-01 -6.450885551827164610e-01 1.678514355904321131e-01 3.622054856771658032e-02
1.000000000000000000e+00 -2.002971020782566711e+02 -1.967628511377731684e+02 -1.275448601098872721e+06 -1.390378187172586562e+14 -6.721730733745949673e-06 -6.590433562717970561e-06 3.836956204153213982e-07 -4.223826697138975578e+04 5.794420968984832498e-01 -4.956904047263364532e+00 -5.640728959330180287e-02 1.621858509520873182e-01
1.000000000000000000e+00 -1.251549875873938475e+02 -2.110274759905425128e+02 -1.280087039953042986e+06 -1.400509385108188125e+14 -4.215325788847145664e-06 -7.093922225826785904e-06 2.927085657223638466e-07 -5.065702881938235078e+04 -2.243851798392762775e-01 -5.926903275845775809e+00 -1.544237202233383066e-01 -7.509558709204847138e-02
1.000000000000000000e+00 -4.667218134304408750e+01 -2.198079079513857153e+02 -1.284725543452515732e+06 -1.410677502381535625e+14 -1.577654649097242213e-06 -7.415861144441955628e-06 2.453450356806637639e-07 -2.510661926737625254e+04 -8.764327037549630717e-01 -2.928626764946407057e+00 9.208534370918412815e-02 -1.449355789386330140e-01
1.000000000000000000e+00 3.303874057419970711e+01 -2.228605047473139109e+02 -1.289364113425574265e+06 -1.420882544559880000e+14 1.120837223322591606e-06 -7.545996610492617876e-06 2.466027989932114943e-07 1.731065354374925664e+04 -9.436288553949038205e-01 2.013171872520927330e+00 1.340872154858626097e-01 1.072690598987571381e-01
1.000000000000000000e+00 1.119428212732421315e+02 -2.201195435895056107e+02 -1.294002749919068767e+06 -1.431124513328067500e+14 3.811315760355545716e-06 -7.480002111750234967e-06 2.964942374081526135e-07 4.839520388645453932e+04 -3.857274442754961563e-01 5.611322422666580323e+00 -1.206175226451658006e-01 1.222188438795680093e-01
1.000000000000000000e+00 1.880130946612028708e+02 -2.116125694159159991e+02 -1.298641451637840597e+06 -1.441403407393377812e+14 6.424226467330396023e-06 -7.216699787066844502e-06 3.899592902639950212e-07 4.761968057792965556e+04 4.251701358207485293e-01 5.504891662979351175e+00 -1.096332649324340824e-01 -1.321611886620653042e-01
1.000000000000000000e+00 2.591802579696260977e+02 -1.975693590347654833e+02 -1.303280214977616677e+06 -1.451719220277803438e+14 8.887573460704632428e-06 -6.761846548220865615e-06 5.172445132591029357e-07 1.552676235711847585e+04 9.557317727583534150e-01 1.789560846411435202e+00 1.419819161040017652e-01 -9.657726475600506011e-02
1.000000000000000000e+00 3.236372050808008112e+02 -1.783912564820857654e+02 -1.307919034249943681e+06 -1.462071940729391875e+14 1.113737352958265309e-05 -6.127204029561013292e-06 6.653470442660605492e-07 -2.686415306591903209e+04 8.616076855421670455e-01 -3.087065371570048011e+00 8.323636263548370162e-02 1.501923450230721879e-01
1.000000000000000000e+00 3.797554791865800894e+02 -1.545533863389791520e+02 -1.312557903048539534e+06 -1.472461555705222188e+14 1.311493079532518146e-05 -5.327272519534177685e-06 8.192392133521064872e-07 -5.192714982233211049e+04 2.076154105136750194e-01 -5.949467437391518843e+00 -1.569117157500437287e-01 6.974773135158432447e-02
1.000000000000000000e+00 4.260304671924154718e+02 -1.267009478088186114e+02 -1.317196813605413539e+06 -1.482888048893194062e+14 1.476504630089586176e-05 -4.382666788153720172e-06 9.630809547348771940e-07 -4.337224178095044044e+04 -5.799703186035020108e-01 -4.954618420376224464e+00 -5.619696388724368386e-02 -1.622588481968583740e-01
1.000000000000000000e+00 4.613609570766566890e+02 -9.559901196440317506e+01 -1.321835756573254941e+06 -1.493351400166337500e+14 1.604581638999552610e-05 -3.318477038662388661e-06 1.082474332739033780e-06 -6.679205073460764652e+03 -9.921463684783662362e-01 -7.607494392316876963e-01 1.663418128355710346e-01 -4.261964184376905440e-02
1.000000000000000000e+00 4.849322987152505675e+02 -6.202701675639961820e+01 -1.326474722490024753e+06 -1.503851588841063750e+14 1.692480107132978667e-05 -2.160666755704047981e-06 1.165520464630008931e-06 3.452119472481123375e+04 -7.645338904280996051e-01 3.920351109627369546e+00 2.902397580672033336e-02 1.692443245627049397e-01
1.000000000000000000e+00 4.961414857152246327e+02 -2.686855736646871406e+01 -1.331113700757818762e+06 -1.514388591349145938e+14 1.737657502016196648e-05 -9.392201901211669148e-07 1.203849550620454366e-06 5.365910401893926610e+04 -4.484638965771829688e-02 6.075871668199755327e+00 -1.710242689372062086e-01 1.538609771220321269e-02
1.000000000000000000e+00 4.948420145455143029e+02 8.949237303449377734e+00 -1.335752680486721918e+06 -1.524962383119458750e+14 1.739146247282592116e-05 3.139207304054613268e-07 1.194403796251960069e-06 3.827664254418580822e+04 7.036659366246390546e-01 4.321442775707531325e+00 -1.667094707145041566e-03 -1.717068821088796882e-01
1.000000000000000000e+00 4.811872546929790815e+02 4.455878882644668693e+01 -1.340391652016135631e+06 -1.535572942052105000e+14 1.697029192946502936e-05 1.568458418235228708e-06 1.138753003543955338e-06 -1.914348708474180739e+03 9.993720663674466875e-01 -2.155010749444123963e-01 1.712838077765582723e-01 1.216099345770463996e-02
1.000000000000000000e+00 4.555362271041117879e+02 7.906088966309206967e+01 -1.345030605311053107e+06 -1.546220244879938750e+14 1.612124471185718294e-05 2.792555294561027603e-06 1.042387682064701420e-06 -4.112637020612531342e+04 6.510939106348082595e-01 -4.616213861306961874e+00 -2.612702395439191888e-02 1.697156774950444313e-01
1.000000000000000000e+00 4.186701495576182879e+02 1.115866092745798852e+02 -1.349669530552858254e+06 -1.556904268516750312e+14 1.486767039273859932e-05 3.955008691603318393e-06 9.153144633556628860e-07 -5.396272504692903021e+04 -1.180138834346572546e-01 -6.039489507394799617e+00 -1.669319308642119304e-01 -4.024627965739527302e-02
1.000000000000000000e+00 3.716028250915173885e+02 1.413898209157273698e+02 -1.354308419361332431e+06 -1.567624992894819062e+14 1.324158792847352173e-05 5.028560045156614091e-06 7.704582112603588703e-07 -3.183975280687735358e+04 -8.115969495365248365e-01 -3.553207039132867617e+00 5.449876424608710024e-02 -1.628370881094498013e-01
1.000000000000000000e+00 3.154789656388176127e+02 1.677496875848246134e+02 -1.358947264120476088e+06 -1.578382399455863125e+14 1.128019208782597550e-05 5.986489722160263687e-06 6.219744290761693609e-07 1.119158618400121122e+04 -9.788122405490973232e-01 1.245347545791642085e+00 1.573161254413862342e-01 6.883072892557025313e-02
1.000000000000000000e+00 2.517754411519264863e+02 1.900293490359920270e+02 -1.363586058244651416e+06 -1.589176471801693125e+14 9.033153726593923656e-06 6.804733957688399433e-06 4.845339309073843893e-07 4.722015698603417695e+04 -5.078348910295102936e-01 5.239357870622863622e+00 -8.314566954028033974e-02 1.502425712140663394e-01
1.000000000000000000e+00 1.820904650053524563e+02 2.077549517404308688e+02 -1.368224797186044278e+06 -1.600007198091328125e+14 6.555233189210473655e-06 7.464775628262975123e-06 3.713840933116802308e-07 5.249747038738244009e+04 2.966398653343316205e-01 5.808236852782330928e+00 -1.414947843603775735e-01 -9.728956042210051836e-02
1.000000000000000000e+00 1.080470969676507877e+02 2.205106203090883525e+02 -1.372863476873580832e+06 -1.610874567458340625e+14 3.902868667114902020e-06 7.949957004634622922e-06 2.931400273458374462e-07 2.316727488172206722e+04 9.074145077087596434e-01 2.555875936629314005e+00 1.110656196230463549e-01 -1.309597675092013802e-01
1.000000000000000000e+00 3.148885216436396917e+01 2.279938254380238050e+02 -1.377502094337160932e+06 -1.621778571499622812e+14 1.141280983999190272e-06 8.247517978416968077e-06 2.573334930921651327e-07 -2.175298422686963750e+04 9.193418347285808867e-01 -2.393018700681442734e+00 1.185483813590022667e-01 1.242268644274492906e-01
1.000000000000000000e+00 -4.574262471403954322e+01 2.300818520170390400e+02 -1.382140649176313076e+06 -1.632719207788877812e+14 -1.663477013632495365e-06 8.351077652243261304e-06 2.673570798607343125e-07 -5.252158207944409514e+04 3.203625346007233921e-01 -5.761439561991421598e+00 -1.364680194649184330e-01 1.042233766083115465e-01
1.000000000000000000e+00 -1.218911162228816352e+02 2.267199635944515137e+02 -1.386779141809771303e+06 -1.643696475829073438e+14 -4.447570473609385496e-06 8.256671035299412739e-06 3.221345380666958878e-07 -4.835191921908964287e+04 -4.937176645226963867e-01 -5.289034552420170066e+00 -8.800147514935152682e-02 -1.474509170532803393e-01
1.000000000000000000e+00 -1.950926025306574161e+02 2.179749585846344360e+02 -1.391417573913755361e+06 -1.654710378127346562e+14 -7.142360550859334244e-06 7.964747379158075170e-06 4.163636822774650374e-07 -1.161488430534084000e+04 -9.780633975271022518e-01 -1.266923944583814077e+00 1.568128657118101621e-01 -6.996969140681624788e-02
1.000000000000000000e+00 -2.636032572317237168e+02 2.040910457094222181e+02 -1.396055948989158729e+06 -1.665760921598383750e+14 -9.682713444624600950e-06 7.482292677870207699e-06 5.411597145244241221e-07 3.324650206272258947e+04 -8.040344306708417932e-01 3.616246747857286170e+00 5.030265373971266885e-02 1.641818369828339785e-01
1.000000000000000000e+00 -3.258668438984324780e+02 1.853718979581338999e+02 -1.400694271119586192e+06 -1.676848114663110000e+14 -1.200955761775181296e-05 6.818599251777277416e-06 6.847956557875116300e-07 5.586766980780766607e+04 -8.549946185490882311e-02 6.059719859904755701e+00 -1.692044476077724791e-01 2.925555465315734030e-02
1.000000000000000000e+00 -3.803242363798095766e+02 1.622332779203415214e+02 -1.405332545934931375e+06 -1.687971969586529375e+14 -1.406295507693634745e-05 5.987244102832221869e-06 8.332859582952911647e-07 4.058303267629125185e+04 6.921759172830717066e-01 4.389548079570439576e+00 -7.175110061478732863e-03 -1.715650033192112345e-01
1.000000000000000000e+00 -4.256433226187862715e+02 1.352492952491706433e+02 -1.409970780754962936e+06 -1.699132502885088125e+14 -1.579062866619002810e-05 5.007869938251318860e-06 9.723316586743555976e-07 -2.548310645828799352e+03 9.989782862599554392e-01 -2.748618172831697182e-01 1.710135591031483882e-01 1.550468223438555143e-02
1.000000000000000000e+00 -4.607683295987122847e+02 1.050284043912871965e+02 -1.414608983334141783e+06 -1.710329732358505625e+14 -1.714993647534037021e-05 3.901675054182072895e-06 1.088814507946638792e-06 -4.421722588811166497e+04 6.232984292079265520e-01 -4.756019845091921106e+00 -3.829211935268703876e-02 1.673909978576950675e-01
1.000000000000000000e+00 -4.847314554529657471e+02 7.226475829933642103e+01 -1.419247161817426328e+06 -1.721563676999788750e+14 -1.810100635472237677e-05 2.693348219559019099e-06 1.171134909345460480e-06 -5.578078869250052958e+04 -1.795461620139067183e-01 -5.983155700665917287e+00 -1.606438838513462586e-01 -6.065950172454821765e-02
1.000000000000000000e+00 -4.968802878918252759e+02 3.777438970447992261e+01 -1.423885325865414459e+06 -1.732834359749244062e+14 -1.861530968424287682e-05 1.412473759454707005e-06 1.210967891738745102e-06 -2.905223560238321079e+04 -8.596119130240845729e-01 -3.107578057203160604e+00 8.205662485773435044e-02 -1.508401235920746597e-01
1.000000000000000000e+00 -4.969052027926092023e+02 2.365200014882620660e+00 -1.428523485006396892e+06 -1.744141803530475625e+14 -1.867688359141436274e-05 8.872850727612180711e-08 1.204200835922787559e-06 1.782025715900087380e+04 -9.499033566584322852e-01 1.900888378461964345e+00 1.381674965022883228e-01 1.019596757478437726e-01
