5.400000033597091533e+04 1.029738744000620906e-07 9.999999999999999547e-08
5.400917657946142572e+04 -1.291824176730461352e-07 9.999999999999999547e-08
5.401835285961736372e+04 -3.558128292920020880e-08 9.999999999999999547e-08
5.402752919721579383e+04 -8.148461011101190596e-08 9.999999999999999547e-08
5.403670561340983841e+04 -1.467809183736079850e-07 9.999999999999999547e-08
5.404588212690825458e+04 -3.218980122436062311e-08 9.999999999999999547e-08
5.405505875331734569e+04 1.032091338563396430e-07 9.999999999999999547e-08
5.406423550730326679e+04 -1.009458825535117763e-07 9.999999999999999547e-08
5.407341240024170838e+04 -9.182649612917427522e-08 9.999999999999999547e-08
5.408258943786750751e+04 -2.881504514078064916e-08 9.999999999999999547e-08
5.409176662328312523e+04 -1.898331273396217718e-08 9.999999999999999547e-08
5.410094395620651630e+04 7.746897158622151483e-08 9.999999999999999547e-08
5.411012143071481114e+04 2.671302010947801463e-08 9.999999999999999547e-08
5.411929903891084541e+04 -5.827075541528525638e-08 9.999999999999999547e-08
5.412847676838479674e+04 1.196865377357840035e-07 9.999999999999999547e-08
5.413765460193210311e+04 6.727045014675352446e-08 9.999999999999999547e-08
5.414683252187818289e+04 1.930564008972683275e-07 9.999999999999999547e-08
5.415601050801004021e+04 2.392985474994994604e-07 9.999999999999999547e-08
5.416518853757631587e+04 1.708717998585692797e-07 9.999999999999999547e-08
5.417436658773165254e+04 -9.637539969034935437e-08 9.999999999999999547e-08
5.418354463534863316e+04 1.618439684802876058e-07 9.999999999999999547e-08
5.419272265645371954e+04 9.302979812288366385e-08 9.999999999999999547e-08
5.420190063045787974e+04 6.997137202507264952e-08 9.999999999999999547e-08
5.421107853733615048e+04 8.810769305589061733e-08 9.999999999999999547e-08
5.422025635743964085e+04 7.630641531876612433e-08 9.999999999999999547e-08
5.422943407525606744e+04 4.935292151841995408e-08 9.999999999999999547e-08
5.423861167743544502e+04 5.989044525938261482e-09 9.999999999999999547e-08
5.424778915316619532e+04 -7.290668612438677983e-08 9.999999999999999547e-08
5.425696649567931308e+04 1.395151163458663291e-07 9.999999999999999547e-08
5.426614370046213298e+04 6.381448171577649941e-08 9.999999999999999547e-08
5.427532076525831508e+04 1.853837271884217676e-08 9.999999999999999547e-08
5.428449769270026445e+04 1.353002450131600490e-07 9.999999999999999547e-08
5.429367448842879821e+04 3.736987989853506732e-07 9.999999999999999547e-08
5.430285115968298487e+04 2.112168333812727777e-08 9.999999999999999547e-08
5.431202771783851495e+04 7.415768092422463663e-09 9.999999999999999547e-08
5.432120417586929398e+04 1.595553582840004096e-07 9.999999999999999547e-08
5.433038054919358547e+04 -5.827015882626369846e-09 9.999999999999999547e-08
5.433955685661418102e+04 -5.226463948950829361e-08 9.999999999999999547e-08
5.434873311796800408e+04 4.091354536797096677e-08 9.999999999999999547e-08
5.435790935299795819e+04 1.781003710523197254e-07 9.999999999999999547e-08
5.436708558398533205e+04 1.055189687478030208e-07 9.999999999999999547e-08
5.437626183349345956e+04 2.106991166345964457e-07 9.999999999999999547e-08
5.438543812314551906e+04 9.422019841265684575e-08 9.999999999999999547e-08
5.439461447531682643e+04 9.706671593752386265e-08 9.999999999999999547e-08
5.440379090975028521e+04 -2.500682655641157320e-08 9.999999999999999547e-08
5.441296744412049884e+04 5.593222241622412094e-08 9.999999999999999547e-08
5.442214409534996958e+04 -5.392009364680349121e-09 9.999999999999999547e-08
5.443132087688268803e+04 1.316439976102978262e-07 9.999999999999999547e-08
5.444049779802600824e+04 2.620761675187525972e-08 9.999999999999999547e-08
5.444967486517288489e+04 2.305135922362933379e-07 9.999999999999999547e-08
5.445885208067366329e+04 9.196544577919331373e-08 9.999999999999999547e-08
5.446802944198997284e+04 -1.177785876824525226e-07 9.999999999999999547e-08
5.447720694460914092e+04 -4.483494713269615879e-08 9.999999999999999547e-08
5.448638457865971577e+04 1.407789054702653790e-07 9.999999999999999547e-08
5.449556232975756575e+04 1.155849910198379942e-08 9.999999999999999547e-08
5.450474018257844727e+04 -2.958066340899619190e-08 9.999999999999999547e-08
5.451391811775549286e+04 -1.251772962691397409e-07 9.999999999999999547e-08
5.452309611422960006e+04 -1.375014361716468773e-08 9.999999999999999547e-08
5.453227415018954343e+04 8.883840471613280734e-08 9.999999999999999547e-08
5.454145220213186985e+04 2.788000157443097643e-08 9.999999999999999547e-08
5.455063024580098863e+04 -1.401765290439144072e-07 9.999999999999999547e-08
5.455980825976174674e+04 1.378618341552894691e-08 9.999999999999999547e-08
5.456898622239095130e+04 -7.149925169090118501e-08 9.999999999999999547e-08
5.457816411300555046e+04 -1.301428258952158373e-07 9.999999999999999547e-08
5.458734191430699138e+04 -1.919508965070195121e-07 9.999999999999999547e-08
5.459651961031292012e+04 -2.134343069025052430e-07 9.999999999999999547e-08
5.460569718776737864e+04 -3.467902283641849560e-08 9.999999999999999547e-08
5.461487463802109414e+04 -2.948870038411031307e-07 9.999999999999999547e-08
5.462405195364696556e+04 -1.773769185628840267e-07 9.999999999999999547e-08
5.463322913013233483e+04 -2.468234784544947444e-07 9.999999999999999547e-08
5.464240616775923991e+04 3.538824528696628806e-11 9.999999999999999547e-08
5.465158306887802610e+04 -3.278002948624910254e-08 9.999999999999999547e-08
5.466075983875346719e+04 -1.140762118435721754e-07 9.999999999999999547e-08
5.466993648716300959e+04 -2.383305271249933399e-07 9.999999999999999547e-08
5.467911302444818284e+04 -2.518902335498726259e-07 9.999999999999999547e-08
5.468828946395895764e+04 3.527751336313053554e-08 9.999999999999999547e-08
5.469746582318189758e+04 -6.016782059091897853e-08 9.999999999999999547e-08
5.470664212007365859e+04 -1.414568664861674882e-07 9.999999999999999547e-08
5.471581837428315339e+04 -5.868454462569699719e-08 9.999999999999999547e-08
5.472499460724552773e+04 6.349093255116252631e-08 9.999999999999999547e-08
5.473417084030192927e+04 2.925487128242523755e-08 9.999999999999999547e-08
5.474334709573364671e+04 -8.659050493317132589e-08 9.999999999999999547e-08
5.475252339685612969e+04 -1.078304925280809751e-07 9.999999999999999547e-08
5.476169976416439022e+04 -5.993406082594695387e-08 9.999999999999999547e-08
5.477087621683726320e+04 1.624611320845402843e-07 9.999999999999999547e-08
5.478005277377153106e+04 -1.222208376675022336e-08 9.999999999999999547e-08
5.478922945010343392e+04 4.349627975118793412e-08 9.999999999999999547e-08
5.479840625861885201e+04 6.809731935395468364e-08 9.999999999999999547e-08
5.480758320909522445e+04 -4.662913939488460419e-08 9.999999999999999547e-08
5.481676030595120392e+04 4.242315088892142338e-08 9.999999999999999547e-08
5.482593755040898395e+04 -5.220940947867045740e-08 9.999999999999999547e-08
5.483511495252802706e+04 -2.164233172643225507e-07 9.999999999999999547e-08
5.484429248241194000e+04 -1.094588470049179148e-07 9.999999999999999547e-08
5.485347014071881858e+04 -4.497761727305201033e-08 9.999999999999999547e-08
5.486264791419269750e+04 3.220666270435476363e-08 9.999999999999999547e-08
5.487182578487693536e+04 7.099258054007212895e-08 9.999999999999999547e-08
5.488100373387474247e+04 2.806962756669764861e-08 9.999999999999999547e-08
5.489018174078511220e+04 2.919446992225801329e-08 9.999999999999999547e-08
5.489935978191654431e+04 -1.681799489332942246e-08 9.999999999999999547e-08
5.490853783376557840e+04 9.493040197898706420e-08 9.999999999999999547e-08
5.491771587376888056e+04 -1.072791084872980797e-07 9.999999999999999547e-08
5.492689387936313142e+04 -1.475816944296214696e-07 9.999999999999999547e-08
5.493607182911316340e+04 6.626722315213650948e-08 9.999999999999999547e-08
5.494524970402816689e+04 -8.256805212136959602e-08 9.999999999999999547e-08
5.495442748549340467e+04 7.718003910157458244e-09 9.999999999999999547e-08
5.496360515846665658e+04 -2.262297469976365302e-07 9.999999999999999547e-08
5.497278271194830450e+04 -2.184984763232184107e-07 9.999999999999999547e-08
5.498196013597287674e+04 -9.184549714413881824e-08 9.999999999999999547e-08
5.499113742395940062e+04 -1.628483007400091497e-07 9.999999999999999547e-08
5.500031457327548560e+04 -2.055568366048757630e-08 9.999999999999999547e-08
5.500949158326303586e+04 1.637527117077915977e-08 9.999999999999999547e-08
5.501866845749457570e+04 1.199325609863085743e-07 9.999999999999999547e-08
5.502784520320918091e+04 -4.872102407504008249e-08 9.999999999999999547e-08
5.503702182839802845e+04 1.016812586969726485e-07 9.999999999999999547e-08
5.504619834462481231e+04 8.378298226342820358e-08 9.999999999999999547e-08
5.505537476730782510e+04 -1.627885956281527145e-08 9.999999999999999547e-08
5.506455111261743878e+04 6.449915178173109195e-09 9.999999999999999547e-08
5.507372739935643040e+04 -2.266339266959097816e-08 9.999999999999999547e-08
5.508290364811383915e+04 1.418118455606006760e-07 9.999999999999999547e-08
5.509207987900863372e+04 1.596773947405320083e-07 9.999999999999999547e-08
5.510125611469814612e+04 -4.540707567193178670e-08 9.999999999999999547e-08
5.511043237830980070e+04 2.568779271728541448e-08 9.999999999999999547e-08
5.511960869090269989e+04 1.477187676185981166e-07 9.999999999999999547e-08
5.512878507353593886e+04 -1.231281878455524520e-08 9.999999999999999547e-08
5.513796154623449547e+04 1.204260554651699377e-07 9.999999999999999547e-08
5.514713812563879765e+04 1.058047892252381730e-07 9.999999999999999547e-08
5.515631482754319586e+04 1.510858036163935061e-07 9.999999999999999547e-08
5.516549166454553779e+04 1.046090236974739656e-08 9.999999999999999547e-08
5.517466864350883407e+04 -5.375895259172757178e-08 9.999999999999999547e-08
5.518384576969786576e+04 -1.192423063063367536e-09 9.999999999999999547e-08
5.519302304424080648e+04 -4.396843583906430289e-08 9.999999999999999547e-08
5.520220046309504687e+04 -2.447364548427089047e-07 9.999999999999999547e-08
5.521137801949159621e+04 -5.228180836928185688e-08 9.999999999999999547e-08
5.522055570252484176e+04 -7.770278757114839964e-08 9.999999999999999547e-08
5.522973349640045490e+04 -6.025400482131414777e-08 9.999999999999999547e-08
5.523891138428995328e+04 -5.393092211985533733e-08 9.999999999999999547e-08
5.524808934729655448e+04 -4.881051796900605001e-08 9.999999999999999547e-08
5.525726736248086672e+04 -1.058140799975669205e-07 9.999999999999999547e-08
5.526644540765562124e+04 -4.454755308753649690e-08 9.999999999999999547e-08
5.527562345950537565e+04 1.115633065227937836e-08 9.999999999999999547e-08
5.528480149424463161e+04 2.969803246049673559e-07 9.999999999999999547e-08
5.529397949053222692e+04 -4.356640036691406232e-08 9.999999999999999547e-08
5.530315742740307905e+04 -1.811496173650021318e-07 9.999999999999999547e-08
5.531233528464420669e+04 6.839382974921785905e-08 9.999999999999999547e-08
5.532151304570915818e+04 -4.765472139388836555e-08 9.999999999999999547e-08
5.533069069640184898e+04 6.800838692077304809e-08 9.999999999999999547e-08
5.533986822440646210e+04 -2.135182027738839477e-08 9.999999999999999547e-08
5.534904562182583322e+04 1.795386249178361895e-08 9.999999999999999547e-08
5.535822288283109810e+04 8.582844300188959643e-08 9.999999999999999547e-08
5.536740000384973246e+04 2.579584436770197681e-08 9.999999999999999547e-08
5.537657698657398578e+04 -1.051840489310982404e-08 9.999999999999999547e-08
5.538575383514046553e+04 6.246505504648281051e-08 9.999999999999999547e-08
5.539493055566007388e+04 -6.287941022414043751e-08 9.999999999999999547e-08
5.540410715819230245e+04 4.497732464855638266e-08 9.999999999999999547e-08
5.541328365505296097e+04 1.058245585549602187e-07 9.999999999999999547e-08
5.542246006053215388e+04 -5.373110118176787953e-08 9.999999999999999547e-08
5.543163639268054976e+04 -3.876387167170020839e-08 9.999999999999999547e-08
5.544081267077098892e+04 -1.312211113315279146e-07 9.999999999999999547e-08
5.544998891379427369e+04 -3.577029574718925632e-08 9.999999999999999547e-08
5.545916514403169276e+04 6.563404133027426337e-09 9.999999999999999547e-08
5.546834138376452756e+04 -1.141907498435761621e-07 9.999999999999999547e-08
5.547751765499202884e+04 -1.790063903836199978e-08 9.999999999999999547e-08
5.548669398018351058e+04 -9.925997095863876323e-08 9.999999999999999547e-08
5.549587037964595947e+04 -1.573430004462155883e-07 9.999999999999999547e-08
5.550504687171208934e+04 2.257257188126350933e-08 9.999999999999999547e-08
5.551422347452658141e+04 1.147956085176052493e-07 9.999999999999999547e-08
5.552340020303762140e+04 -7.466764877331298080e-08 9.999999999999999547e-08
5.553257706730470818e+04 1.233043380402309337e-08 9.999999999999999547e-08
5.554175407560105668e+04 -1.506944529276601692e-09 9.999999999999999547e-08
5.555093123159321112e+04 -1.522531959081124661e-07 9.999999999999999547e-08
5.556010853481110098e+04 1.795086476769818314e-07 9.999999999999999547e-08
5.556928598215227248e+04 1.907874917319538209e-08 9.999999999999999547e-08
5.557846356515546358e+04 -1.659927618626678018e-07 9.999999999999999547e-08
5.558764127103480860e+04 5.009065143846631358e-08 9.999999999999999547e-08
5.559681908512412338e+04 -5.985903193481946852e-08 9.999999999999999547e-08
5.560599699003085698e+04 5.998190426609374258e-09 9.999999999999999547e-08
5.561517496478991234e+04 -1.877557224375885840e-08 9.999999999999999547e-08
5.562435298824817437e+04 3.449696467063686980e-08 9.999999999999999547e-08
5.563353103680815548e+04 1.930626212917473842e-07 9.999999999999999547e-08
5.564270908630828490e+04 1.055346527115548646e-07 9.999999999999999547e-08
5.565188711550144217e+04 1.611029732225218465e-07 9.999999999999999547e-08
5.566106510182429338e+04 -1.816096310507766683e-07 9.999999999999999547e-08
5.567024302393569087e+04 1.232650966964350584e-07 9.999999999999999547e-08
5.567942086331490282e+04 -5.044908216694759024e-08 9.999999999999999547e-08
5.568859860350950476e+04 -2.747753473787024934e-08 9.999999999999999547e-08
5.569777623013537232e+04 9.478340268047832920e-08 9.999999999999999547e-08
5.570695373313302116e+04 1.376081443424458815e-07 9.999999999999999547e-08
5.571613110385317850e+04 2.584965595129518472e-08 9.999999999999999547e-08
5.572530833637296018e+04 6.378394120416552114e-08 9.999999999999999547e-08
5.573448542984625237e+04 -8.888447116983539156e-08 9.999999999999999547e-08
5.574366238558925397e+04 5.310405579383451154e-08 9.999999999999999547e-08
5.575283920764454524e+04 4.131481071539143130e-09 9.999999999999999547e-08
5.576201590409733762e+04 1.155547773744428553e-07 9.999999999999999547e-08
5.577119248444301047e+04 -3.682234027947566846e-08 9.999999999999999547e-08
5.578036896118542063e+04 1.189702615278126923e-07 9.999999999999999547e-08
5.578954535105903778e+04 -5.016015330224517802e-09 9.999999999999999547e-08
5.579872167117438221e+04 4.139190995622293724e-08 9.999999999999999547e-08
5.580789793986416043e+04 -5.507485414208303533e-08 9.999999999999999547e-08
5.581707417893959064e+04 -4.408646080604467509e-08 9.999999999999999547e-08
5.582625040927174268e+04 -1.135376084232747530e-07 9.999999999999999547e-08
