1.000000000000000000e+00 -3.157042811542415279e+02 4.208426940853703258e+01 -4.590046181655758410e+05 -1.982901099909840234e+13 5.586048294552723542e-07 1.221581020346211434e-06 6.474846544122434580e+02 -9.613704326255615440e-01 1.308828180539242103e+00 1.689665514395017221e+00 1.053966182087454850e+00
1.000000000000000000e+00 -3.066861195892677756e+02 7.717464098955544216e+01 -4.632165978999458021e+05 -2.019459596310664844e+13 1.033776294803448589e-06 1.173653816722311425e-06 2.241233339514029012e+03 3.139362948100637984e-01 4.514527261796095203e+00 -1.598899457728251372e+00 -1.187154070706952558e+00
1.000000000000000000e+00 -2.901019416305734921e+02 1.103619734210031140e+02 -4.674285906220778124e+05 -2.056352147786606641e+13 1.491772405233551348e-06 1.083368353401583350e-06 -8.340034296525376476e+02 9.359741236591020419e-01 -1.674057777454530660e+00 1.497748716692359761e+00 1.312464492916350478e+00
1.000000000000000000e+00 -2.663055876597806559e+02 1.408346496883473549e+02 -4.716406048485409701e+05 -2.093578833035701953e+13 1.920828294271464564e-06 9.593283185529925416e-07 -2.189348716091744336e+03 -3.895739749944724384e-01 -4.379255251827204987e+00 -1.386963413975988768e+00 -1.429037001554492203e+00
1.000000000000000000e+00 -2.357969075808652519e+02 1.677849719976053677e+02 -4.758526492633768939e+05 -2.131139734957001953e+13 2.308837620026481971e-06 8.133160391550323983e-07 1.017089148861045260e+03 -9.045475636534932029e-01 2.027366768690511467e+00 1.267374450308985434e+00 1.536091229785451651e+00
1.000000000000000000e+00 -1.993426149466386619e+02 1.904913890783446391e+02 -4.800647318347563269e+05 -2.169034932734734766e+13 2.644496454468832204e-06 6.598681474231207971e-07 2.122469507292211347e+03 4.623907755233921946e-01 4.216071607138514032e+00 -1.139876696379986454e+00 -1.632940715571031376e+00
1.000000000000000000e+00 -1.578283564359855689e+02 2.083757387708967883e+02 -4.842768591055375291e+05 -2.207264495087502344e+13 2.918157367966497525e-06 5.141182204935342310e-07 -1.195153849789879132e+03 8.674293121161114062e-01 -2.365858376684693454e+00 1.005410372935700902e+00 1.719000944011689347e+00
1.000000000000000000e+00 -1.122466604490021354e+02 2.209268233189580428e+02 -4.884890372453479213e+05 -2.245828489377189844e+13 3.120837159539588842e-06 3.904560197704931197e-07 -2.041198548412537775e+03 -5.318183041082744644e-01 -4.026741453866754306e+00 -8.649571543144909391e-01 -1.793784653942596785e+00
1.000000000000000000e+00 -6.379809623021370868e+01 2.277801008569113890e+02 -4.927012711581119220e+05 -2.284726973184014062e+13 3.245393055450051677e-06 3.015557288032376611e-07 1.366773816281385734e+03 -8.250174094187048279e-01 2.687038133521536754e+00 7.195203870855105821e-01 1.856907287962460629e+00
1.000000000000000000e+00 -1.372180226827321370e+01 2.287624905516198908e+02 -4.969135635289078928e+05 -2.323959984889502734e+13 3.287255844288294203e-06 2.564708439640673907e-07 1.946275511708975500e+03 5.973785896894125980e-01 3.813249881961927823e+00 -5.701033793244020265e-01 -1.908087105035480624e+00
1.000000000000000000e+00 3.672401175550105279e+01 2.238063856769553013e+02 -5.011259160646262462e+05 -2.363527554499847266e+13 3.243300400789190450e-06 2.596938522641604215e-07 -1.530733274596005913e+03 7.777381223684186606e-01 -2.988885549365742911e+00 4.177098596291790034e-01 1.947134493733895910e+00
1.000000000000000000e+00 8.617612563904236822e+01 2.130184734719483117e+02 -5.053383288272572681e+05 -2.403429696916244922e+13 3.112915606408817858e-06 3.107858338015305664e-07 -1.838491814189149181e+03 -6.586993623858480307e-01 -3.577628913300078928e+00 -2.633280774728994356e-01 -1.973948476311935263e+00
1.000000000000000000e+00 1.333485489586601886e+02 1.967054708997791579e+02 -5.095507998246652423e+05 -2.443666407357707031e+13 2.898489726928371901e-06 4.043861921744688161e-07 1.686037251603693903e+03 -7.260135202992893388e-01 3.269863066614728808e+00 1.079183907630857503e-01 1.988508960114308888e+00
1.000000000000000000e+00 1.770481854559551778e+02 1.752731199374216544e+02 -5.137633261752299150e+05 -2.484237671809609375e+13 2.604031636136989326e-06 5.307565121575649324e-07 1.718622514923271638e+03 7.155043127347663345e-01 3.321824269466569390e+00 4.758104939196048516e-02 -1.990866722625737273e+00
1.000000000000000000e+00 2.160925946835193940e+02 1.492807779478366683e+02 -5.179759030245338217e+05 -2.525143456108673828e+13 2.236048837444524457e-06 6.765346148607483087e-07 -1.831888803924858848e+03 6.702350661632046069e-01 -3.528856009243451997e+00 -2.022699011041223793e-01 1.981136328127651058e+00
1.000000000000000000e+00 2.494889926274426273e+02 1.194480590645840721e+02 -5.221885237625804730e+05 -2.566383707295876562e+13 1.803741340327589801e-06 8.267334739005895077e-07 -1.587368884040972034e+03 -7.675959467249153789e-01 -3.047587970405204238e+00 3.552861336245398127e-01 -1.959486163965928451e+00
1.000000000000000000e+00 2.764311775460040508e+02 8.654072804685930009e+01 -5.264011812888679560e+05 -2.607958365455498438e+13 1.317362323716330358e-06 9.662368257082843172e-07 1.967647203409960866e+03 -6.107434989829979566e-01 3.765078486526026058e+00 -5.057941920233957056e-01 1.926132523694874088e+00
1.000000000000000000e+00 2.962088619162465193e+02 5.141613169344959999e+01 -5.306138676379612880e+05 -2.649867359780839453e+13 7.889433761426712517e-07 1.080618689557564103e-06 1.445323957179772833e+03 8.148309013996194450e-01 2.756419045390111400e+00 6.529892127653663669e-01 -1.881334460305198020e+00
1.000000000000000000e+00 3.083701716949179286e+02 1.501824711454766259e+01 -5.348265735737201758e+05 -2.692110604146242578e+13 2.322737130847588519e-07 1.158424022383235502e-06 -2.092748046464210347e+03 5.478311282844361418e-01 -3.977910631150859189e+00 -7.961003478246585496e-01 1.825387219116328064e+00
1.000000000000000000e+00 3.126910399764137765e+02 -2.174088939402915344e+01 -5.390392899508631090e+05 -2.734688010418379688e+13 -3.388953165268962622e-07 1.192233690716594129e-06 -1.292985131913413625e+03 -8.570873449790545884e-01 -2.449595706280601970e+00 9.343762982014885976e-01 -1.758623096879791126e+00
1.000000000000000000e+00 3.090710914203219204e+02 -5.793485339977493709e+01 -5.432520073049514322e+05 -2.777599484299497266e+13 -9.101418634608431021e-07 1.178743816297122592e-06 2.206644247751882176e+03 -4.817473510698956907e-01 4.166781699718574927e+00 -1.067088619749458678e+00 1.681408974973364057e+00
1.000000000000000000e+00 2.976770287757573215e+02 -9.262969907108809764e+01 -5.474647159170197556e+05 -2.820844925866893359e+13 -1.466473522661803299e-06 1.119965954054587280e-06 1.130784210740887829e+03 8.942403650276224969e-01 2.128239101524631138e+00 1.193530182179284527e+00 -1.594145529036439024e+00
1.000000000000000000e+00 2.788861274159854702e+02 -1.249976418906389029e+02 -5.516774072382664308e+05 -2.864424244266586719e+13 -1.994136384545955033e-06 1.022426774624377077e-06 -2.308745276315283718e+03 4.127195940962894438e-01 -4.331054443394211972e+00 -1.313003177040305003e+00 1.497276501051776343e+00
1.000000000000000000e+00 2.531720492669757618e+02 -1.542616030703462968e+02 -5.558900729975698050e+05 -2.908337348838596094e+13 -2.479788248521558946e-06 8.957062568542145054e-07 -9.591496789531806826e+02 -9.261420775272944939e-01 -1.793434855688912810e+00 1.424828681911542105e+00 -1.391286272023842585e+00
1.000000000000000000e+00 2.212356487640524847e+02 -1.796980818937278741e+02 -5.601027050418108702e+05 -2.952584147543592578e+13 -2.910576043596315589e-06 7.525674247644477587e-07 2.398376739797759910e+03 -3.409829896409160566e-01 4.469951899681554153e+00 -1.528349272159888583e+00 1.276699951362152641e+00
1.000000000000000000e+00 1.839304930802175875e+02 -2.007408285363455889e+02 -5.643152968443835853e+05 -2.997164563033581250e+13 -3.275860308437660506e-06 6.074402662560641518e-07 7.785659078581145423e+02 9.526150001170337056e-01 1.446344190899238935e+00 1.622921486275588743e+00 -1.154097098560090240e+00
1.000000000000000000e+00 1.421455426273368232e+02 -2.169133500700704928e+02 -5.685278427272845292e+05 -3.042078524971946484e+13 -3.566201341457775083e-06 4.744115203918475322e-07 -2.474779834259222753e+03 2.667993391089300559e-01 -4.582560855233402286e+00 -1.707926991057321153e+00 1.024109201568694560e+00
1.000000000000000000e+00 9.693200777051835360e+01 -2.278269996937567328e+02 -5.727403380162139656e+05 -3.087325972042069141e+13 -3.773382241482525454e-06 3.664731646412000382e-07 -5.896449773116808046e+02 -9.734532232151712483e-01 -1.088334059082215921e+00 1.782777334933176805e+00 -8.874228065405705967e-01
1.000000000000000000e+00 4.941856225600526642e+01 -2.332739514111415247e+02 -5.769527796756062889e+05 -3.132906859241860156e+13 -3.892013650699298894e-06 2.940910512245370085e-07 2.537121205605228624e+03 -1.904852766225538785e-01 4.667854317776058970e+00 -1.846918204023207277e+00 7.447868226328082653e-01
1.000000000000000000e+00 6.967179963464249504e-01 -2.331488515824501633e+02 -5.811651655621764949e+05 -3.178821150367685156e+13 -3.918327161713009452e-06 2.641117905788073471e-07 3.931810516336046248e+02 9.884346685754208384e-01 7.210702996723660219e-01 1.899841529769567883e+00 -5.970062187972684509e-01
1.000000000000000000e+00 -4.805064511894580903e+01 -2.274439580303654793e+02 -5.853774944771536393e+05 -3.225068818943679688e+13 -3.850155452249162974e-06 2.794372515793174376e-07 -2.584534265175346718e+03 1.124264587125171772e-01 -4.724770648384309268e+00 -1.941092905040504801e+00 4.449411169145842671e-01
1.000000000000000000e+00 -9.564018800159476541e+01 -2.163327024391191458e+02 -5.895897671927822521e+05 -3.271649859988398047e+13 -3.688416462873662307e-06 3.386724957719949328e-07 -1.901768831822080870e+02 -9.973404380764284705e-01 -3.465564640039516253e-01 1.970278017750169530e+00 -2.895147600559370704e-01
1.000000000000000000e+00 -1.409965165302936612e+02 -2.000828319930003261e+02 -5.938019857457691105e+05 -3.318564282898827734e+13 -3.435732240396389443e-06 4.363693753786698297e-07 2.616173557727848674e+03 -3.308542644044368958e-02 4.752313403923540847e+00 -1.987075396054388099e+00 1.317028242486877887e-01
1.000000000000000000e+00 -1.830200970511590981e+02 -1.790502455330465352e+02 -5.980141526948073879e+05 -3.365812103593877734e+13 -3.096379774190145150e-06 5.633260099238924828e-07 -1.811798411704816303e+01 9.999761965780924466e-01 -3.280764172795660322e-02 1.991245617411070201e+00 2.748007752881839738e-02
1.000000000000000000e+00 -2.206829776464753650e+02 -1.537543054486160656e+02 -6.022262724996497855e+05 -3.413393360354349609e+13 -2.677656249132492267e-06 7.075248572980226811e-07 -2.631277597135152064e+03 -4.699633759993891019e-02 -4.749662700857512299e+00 -1.982638437324804936e+00 -1.869735017643933683e-01
1.000000000000000000e+00 -2.531285546746577495e+02 -1.247839492440092499e+02 -6.064383502315947553e+05 -3.461308099856484375e+13 -2.188332059054850267e-06 8.554794074774394919e-07 2.302295279179175793e+02 -9.961972695703451564e-01 4.142785062354908399e-01 1.961201257028361900e+00 3.456933510355052475e-01
1.000000000000000000e+00 -2.795358266927995601e+02 -9.279048147213201503e+01 -6.106503919191657333e+05 -3.509556381387763672e+13 -1.638565879844555661e-06 9.928212077578683332e-07 2.629234651386464975e+03 1.272083978321762177e-01 4.716287705891744508e+00 -1.926984511038870362e+00 -5.025385136843445455e-01
1.000000000000000000e+00 -2.992191455486173481e+02 -5.855506265573638558e+01 -6.148624050880772993e+05 -3.558138283475775000e+13 -1.041142628073879823e-06 1.106181426844168766e-06 -4.444800613906236322e+02 9.859303178728997530e-01 -7.948168194865050662e-01 1.880148217486028228e+00 6.563969407331928796e-01
1.000000000000000000e+00 -3.117163905533708430e+02 -2.288807880272732476e+01 -6.190743975971020991e+05 -3.607053890915987500e+13 -4.097510004721670824e-07 1.184935472286652897e-06 -2.609642988798771512e+03 -2.068851787532472175e-01 -4.652045062476307002e+00 -1.820962488163372806e+00 -8.061698829785459708e-01
1.000000000000000000e+00 -3.166485150576516503e+02 1.337969859338509693e+01 -6.232863774257970508e+05 -3.656303292413278906e+13 2.411580724914272519e-07 1.221051654915373481e-06 6.590293943696223096e+02 -9.691918323458972306e-01 1.171169760558677941e+00 1.749805660042423661e+00 9.507862091991459152e-01
1.000000000000000000e+00 -3.138206859359844429e+02 4.933723354060695243e+01 -6.274983536726658931e+05 -3.705886592419705469e+13 8.952724566005374238e-07 1.210410606220162946e-06 2.572355064153412059e+03 2.853344586490376700e-01 4.557245236409475098e+00 -1.667166828759507835e+00 -1.089205687004869416e+00
1.000000000000000000e+00 -3.032943351344566736e+02 8.410045287754225285e+01 -6.317103354737478076e+05 -3.755803898719103906e+13 1.536328743032267071e-06 1.153880771273611015e-06 -8.719581238151143907e+02 9.460980051144505243e-01 -1.540024663205593169e+00 1.573637832952205384e+00 1.220441819269264094e+00
1.000000000000000000e+00 -2.852385486516325841e+02 1.168223797218104920e+02 -6.359223316429397091e+05 -3.806055318136562500e+13 2.148315015642072340e-06 1.056396281793863543e-06 -2.517504048193814015e+03 -3.618612022667679340e-01 -4.432685322489803958e+00 -1.469904111425656357e+00 -1.343575887969762572e+00
1.000000000000000000e+00 -2.600273021050242050e+02 1.466390790024553610e+02 -6.401343514471951639e+05 -3.856640965751471875e+13 2.714492814960425241e-06 9.272058875340425851e-07 1.081337871086333507e+03 -9.168664879587048455e-01 1.898134135403959810e+00 1.356741547245725377e+00 1.457760830005066177e+00
1.000000000000000000e+00 -2.282899930137722038e+02 1.727811648921062329e+02 -6.443464030101168901e+05 -3.907560945714713281e+13 3.219464532508055371e-06 7.792166501084397350e-07 2.445500115070751235e+03 4.358018170534709301e-01 4.279627740263109992e+00 -1.234995630637748310e+00 -1.562241996563097812e+00
1.000000000000000000e+00 -1.907495101329589033e+02 1.945816196576889183e+02 -6.485584938087923219e+05 -3.958815356860854688e+13 3.649377619470115962e-06 6.267572214310085988e-07 -1.285324674784992794e+03 8.818060233732006870e-01 -2.242477026660917527e+00 1.105572600165993791e+00 1.656358502644275754e+00
1.000000000000000000e+00 -1.483095576403937912e+02 2.114227128061546352e+02 -6.527706309169268934e+05 -4.010404295439349219e+13 3.990984917777212673e-06 4.848666816393373493e-07 -2.356991935077307062e+03 -5.065572473154732469e-01 -4.099719182036499987e+00 -9.694296934881254657e-01 -1.739546013448136197e+00
1.000000000000000000e+00 -1.020806323361839389e+02 2.228458954225054640e+02 -6.569828200922758551e+05 -4.062327843669307031e+13 4.233762492866631504e-06 3.680549957989640171e-07 1.482238560849472833e+03 -8.412957515300850675e-01 2.570389598063763881e+00 8.275550141042350427e-01 1.811343965720128901e+00
1.000000000000000000e+00 -5.320232406631597399e+01 2.285497015427888527e+02 -6.611950653415640118e+05 -4.114586063802891406e+13 4.369966432755557494e-06 2.881585439057389112e-07 2.252810867975256315e+03 5.736116001409713450e-01 3.894882564777781386e+00 -6.809502948585409721e-01 -1.871395457793955774e+00
1.000000000000000000e+00 -2.919339187237855349e+00 2.283301688037406052e+02 -6.654073697663049679e+05 -4.167179008025236719e+13 4.393582069834643211e-06 2.533197301745254953e-07 -1.670625452818755548e+03 7.957557610116009483e-01 -2.879661532433256621e+00 5.306268027598635140e-01 1.919439881765675260e+00
1.000000000000000000e+00 4.741306756745751017e+01 2.221809552793633884e+02 -6.696197344961321214e+05 -4.220106704650801562e+13 4.302322016019369640e-06 2.671260116709159174e-07 -2.133880852393742771e+03 -6.365515934343449755e-01 -3.667153915487616267e+00 -3.775843591934563981e-01 -1.955311820455308158e+00
1.000000000000000000e+00 9.651710024358970941e+01 2.102729641176375992e+02 -6.738321589453942142e+05 -4.273369160596235156e+13 4.097349492904610114e-06 3.281529077149671639e-07 1.849285490206386385e+03 -7.456142444962085003e-01 3.168570949709315965e+00 2.228041692794543449e-01 1.978932178138370634e+00
1.000000000000000000e+00 1.431198825709224138e+02 1.928822560944068130e+02 -6.780446415608517127e+05 -4.326966370243238281e+13 3.781972827869042848e-06 4.300436511041728373e-07 2.001132465196781823e+03 6.950650786007331883e-01 3.418532183598290253e+00 -6.724892159574735739e-02 -1.990299436281885770e+00
1.000000000000000000e+00 1.859563960736288095e+02 1.704751025991135975e+02 -6.822571785903914133e+05 -4.380898299242322656e+13 3.363387557999154482e-06 5.620371931657457171e-07 -2.017259349188941087e+03 6.912787340940438341e-01 -3.435846636690262912e+00 -8.815570672513507733e-02 1.989483057201437033e+00
1.000000000000000000e+00 2.239542744169675075e+02 1.436664617329902001e+02 -6.864697645358190639e+05 -4.435164889491822656e+13 2.851968000447761877e-06 7.106072233106851933e-07 -1.855432154659018124e+03 -7.489264921132259278e-01 -3.150860141628722744e+00 2.425205290503640587e-01 -1.976612773536818635e+00
1.000000000000000000e+00 2.561500789128174347e+02 1.131359780341518757e+02 -6.906823933942758013e+05 -4.489766074585183594e+13 2.259680093388872656e-06 8.605752658375584835e-07 2.173792939007350469e+03 -6.331111510261453468e-01 3.680594995539784087e+00 -3.949823400850794863e-01 1.951871720820991474e+00
1.000000000000000000e+00 2.816865188564203208e+02 7.970030702540755385e+01 -6.948950575640579918e+05 -4.544701765298660156e+13 1.601574170364967597e-06 9.964436000010931791e-07 1.697529997014280752e+03 7.979754035336377171e-01 2.865740755824515151e+00 5.447162606067028623e-01 -1.915489091315958126e+00
1.000000000000000000e+00 2.999801817463976477e+02 4.425630534446669628e+01 -6.991077484380948590e+05 -4.599971856767260938e+13 8.947199255884981099e-07 1.104698705152179474e-06 -2.318253576593070648e+03 5.714234444469039609e-01 -3.902147865177382879e+00 -6.909294363360215518e-01 1.867734129239001506e+00
1.000000000000000000e+00 3.106144650316011280e+02 7.692813954337661464e+00 -7.033204574087178335e+05 -4.655576241388066406e+13 1.564610780024042292e-07 1.174514649409669844e-06 -1.528054551320598648e+03 -8.420855635617482404e-01 -2.564535527697154649e+00 8.328504587001138715e-01 -1.808915248695414535e+00
1.000000000000000000e+00 3.133242271923807039e+02 -2.904102456064842386e+01 -7.075331748819379136e+05 -4.711514795691970312e+13 -5.941916997741017408e-07 1.198806381684859834e-06 2.450056344471875036e+03 -5.064808068852791889e-01 4.099932702386899663e+00 -9.697381152850355068e-01 1.739374097565906441e+00
1.000000000000000000e+00 3.081409540149964528e+02 -6.499728280863823215e+01 -7.117458910502791405e+05 -4.767787390306575781e+13 -1.337790196158932749e-06 1.175946999756535694e-06 1.347540736954637623e+03 8.811366533197194650e-01 2.248417996843838473e+00 1.100872569940517298e+00 -1.659486019306081639e+00
1.000000000000000000e+00 2.952601082672847497e+02 -9.931220774117900874e+01 -7.159585971654008608e+05 -4.824393907022351562e+13 -2.056166995367338840e-06 1.108788356806945191e-06 -2.568594903616874944e+03 4.385160172652287081e-01 -4.273354680226998603e+00 -1.225543985707591377e+00 1.569667545251457019e+00
1.000000000000000000e+00 2.750163314950420954e+02 -1.311330564338805402e+02 -7.201712842059403192e+05 -4.881334221153792188e+13 -2.730963043820104994e-06 1.004021671500754854e-06 -1.156488080741605245e+03 -9.149919856548187624e-01 -1.918475773756014524e+00 1.343065075356503213e+00 -1.470370860319740736e+00
1.000000000000000000e+00 2.480099369521036579e+02 -1.596760848938883157e+02 -7.243839436429592315e+05 -4.938608211868316406e+13 -3.344849100759920646e-06 8.724820699191867896e-07 2.673181163383634612e+03 -3.677589654242576778e-01 4.421697499123441233e+00 -1.452765314260312524e+00 1.362089279453413848e+00
1.000000000000000000e+00 2.149550878480150402e+02 -1.842985176292501990e+02 -7.285965683606906096e+05 -4.996215775009245312e+13 -3.883084151148190039e-06 7.273274743103985429e-07 9.554289310922935101e+02 9.434869408746755504e-01 1.575825503309418174e+00 1.553987036458002846e+00 -1.245366835129415817e+00
1.000000000000000000e+00 1.766535060922518312e+02 -2.044162060003505985e+02 -7.328091515430778963e+05 -5.054156808297141406e+13 -4.331856351763656673e-06 5.827157292088558101e-07 -2.763031468050086914e+03 2.944583337193004691e-01 -4.544104123009704566e+00 -1.646097615304032535e+00 1.120792980175269182e+00
1.000000000000000000e+00 1.341098558684319073e+02 -2.195555006644715945e+02 -7.370216875452623935e+05 -5.112431223539020312e+13 -4.679424328619088532e-06 4.530061743134954130e-07 -7.450070302952359498e+02 -9.664266518296513730e-01 -1.221740880779327521e+00 1.728488005024977348e+00 -9.890113649521717898e-01
1.000000000000000000e+00 8.836950641828448738e+01 -2.294132278979420789e+02 -7.412341726241910364e+05 -5.171038957286568750e+13 -4.917470095455742240e-06 3.507102745781671500e-07 2.837272397565681786e+03 -2.189063482885619805e-01 4.639590244419427023e+00 -1.800576117418859701e+00 8.507290455254299388e-01
1.000000000000000000e+00 4.049732141237484484e+01 -2.337651977654159055e+02 -7.454466033769774949e+05 -5.229979949677567188e+13 -5.039230620527825695e-06 2.854581244577881023e-07 5.260490482389611770e+02 9.835941837012646127e-01 8.577648357903449039e-01 1.861822737825600926e+00 -7.067038675678570803e-01
1.000000000000000000e+00 -8.312257529203350259e+00 -2.325134775035349151e+02 -7.496589777992031304e+05 -5.289254159504582812e+13 -5.040570772133593115e-06 2.635104109821954903e-07 -2.894973184860053607e+03 1.414606560218255871e-01 -4.707100571967057334e+00 -1.911733539588290398e+00 5.577536527294197910e-01
1.000000000000000000e+00 -5.690139322520638387e+01 -2.257356411990303400e+02 -7.538712956204580842e+05 -5.348861569530874219e+13 -4.921133890601243571e-06 2.869678064056272075e-07 -2.995999616732275967e+02 -9.947680444678941303e-01 -4.857593025172242118e-01 1.949867849375667594e+00 -4.047587349161130277e-01
1.000000000000000000e+00 -1.041620097543412840e+02 -2.135859138991553721e+02 -7.580835575239708414e+05 -5.408802176042228906e+13 -4.682281535224429512e-06 3.536337309188186739e-07 2.935203868475920444e+03 -6.255276706054649360e-02 4.745604838079965582e+00 -1.975850857699154917e+00 2.486516672964370900e-01
1.000000000000000000e+00 -1.489283885273063390e+02 -1.963403173793614656e+02 -7.622957653946940554e+05 -5.469075992784788281e+13 -4.328135361559748128e-06 4.571369226097038254e-07 6.696831637163161588e+01 9.997421659064229527e-01 1.079692481208742033e-01 1.989381652234210263e+00 -9.041518276079286986e-02
1.000000000000000000e+00 -1.901439931673613728e+02 -1.744362423903183981e+02 -7.665079228335915832e+05 -5.529683058861717969e+13 -3.866528447779132793e-06 5.877772314357295246e-07 -2.957102084043485320e+03 -1.730630526417151552e-02 -4.754204468813676421e+00 -1.990242324677915065e+00 -6.891844876687545918e-02
1.000000000000000000e+00 -2.268657657926225113e+02 -1.483676912971860418e+02 -7.707200339011170436e+05 -5.590623421184435156e+13 -3.306768757567890170e-06 7.333311049243847345e-07 1.702750880595651495e+02 -9.983505606228506579e-01 2.729901144056052775e-01 1.978307056321411128e+00 2.282880952408524455e-01
1.000000000000000000e+00 -2.581585027015168521e+02 -1.187296589719319968e+02 -7.749321038224861259e+05 -5.651897144942405469e+13 -2.660668159592646090e-06 8.796167990062397408e-07 2.959946899987073721e+03 9.753208276613888061e-02 4.732246961248260497e+00 -1.953548143299450146e+00 -3.866056328237539308e-01
1.000000000000000000e+00 -2.832606950513421680e+02 -8.624800749884747120e+01 -7.791441394763005665e+05 -5.713504321231060938e+13 -1.943277033472250202e-06 1.012598098608005898e-06 -4.103278844083890817e+02 9.904903340402753109e-01 -6.541925146007308012e-01 1.916043877785110539e+00 5.427615700489299977e-01
1.000000000000000000e+00 -3.015787838729447685e+02 -5.166937319631074388e+01 -7.833561479776625056e+05 -5.775445046814671094e+13 -1.170470003568610659e-06 1.119710592730973911e-06 -2.943229171318738281e+03 -1.774783040814501556e-01 -4.679430926901301468e+00 -1.865980589198685813e+00 -6.956512806381580649e-01
1.000000000000000000e+00 -3.125818065072888885e+02 -1.580470892433293528e+01 -7.875681371413825545e+05 -5.837719431086959375e+13 -3.599502488487279562e-07 1.190201613077284006e-06 6.511835030131758231e+02 -9.761418752049979553e-01 1.032452586429187136e+00 1.803654676537975510e+00 8.441824869792515784e-01
1.000000000000000000e+00 -3.159642985871892051e+02 2.045093984403094112e+01 -7.917801157751893625e+05 -5.900327600718435156e+13 4.682585339591279221e-07 1.216999765880680749e-06 2.906709034639732181e+03 2.564602578032296742e-01 4.595887342782168261e+00 -1.729474413876984196e+00 -9.872854274548199527e-01
1.000000000000000000e+00 -3.116270052545751810e+02 5.623338132918367194e+01 -7.959920924854291370e+05 -5.963269682155486719e+13 1.294406814974742214e-06 1.197263380696087541e-06 -8.907157634137759032e+02 9.553825085802027939e-01 -1.404466356997099874e+00 1.643952632446271656e+00 1.123936833542151348e+00
1.000000000000000000e+00 -2.995681010764133134e+02 9.066684641353704421e+01 -8.002040762957439292e+05 -6.026545810859403125e+13 2.098056157517537942e-06 1.132074700739521015e-06 -2.850452413525440534e+03 -3.337810458127792868e-01 -4.482225127649334340e+00 -1.547704479923718957e+00 -1.253166033031471338e+00
1.000000000000000000e+00 -2.800394281948696289e+02 1.228533716885966527e+02 -8.044160767761868192e+05 -6.090156133426828125e+13 2.857825194490584646e-06 1.027611824664239029e-06 1.126762478087576710e+03 -9.283913698580598117e-01 1.766945586772293630e+00 1.441442779373094396e+00 1.374065856250330508e+00
1.000000000000000000e+00 -2.535077948860715935e+02 1.519904102697198311e+02 -8.086281023279925575e+05 -6.154100781698740625e+13 3.554126296639627275e-06 8.942360470758170187e-07 2.774842420236579073e+03 4.087600964339825338e-01 4.339535970542670817e+00 -1.325958048332812611e+00 -1.485816111630649194e+00
1.000000000000000000e+00 -2.205373299751176432e+02 1.773277458514608611e+02 -8.128401610513406340e+05 -6.218379885574232031e+13 4.168210905570825906e-06 7.446437873858471737e-07 -1.357218178611448366e+03 8.954444274036377216e-01 -2.116761965307830451e+00 1.202112838349701063e+00 1.587683528728130788e+00
1.000000000000000000e+00 -1.819341756147383080e+02 1.981618006180671898e+02 -8.170522607670965372e+05 -6.282993573225591406e+13 4.682066898716761418e-06 5.936240250908344703e-07 -2.680546521057855443e+03 -4.807711153575177643e-01 -4.169330207894681450e+00 -1.070831103661992412e+00 -1.679027995880301827e+00
1.000000000000000000e+00 -1.386830575817047020e+02 2.139504220105926890e+02 -8.212644078894543927e+05 -6.347941953559860938e+13 5.081173073846300893e-06 4.564519458058631249e-07 1.580136213579780360e+03 -8.568969576027356538e-01 2.451101179220116055e+00 9.330766040339197875e-01 1.759313023462371728e+00
1.000000000000000000e+00 -9.181722297981553993e+01 2.242635807691930268e+02 -8.254766078533285763e+05 -6.413225122302166406e+13 5.353420551956770271e-06 3.468929274920336384e-07 2.568463591648963757e+03 5.492630718778124255e-01 3.973443645762700704e+00 -7.898433499024830606e-01 -1.828103319327058163e+00
1.000000000000000000e+00 -4.254924931211812833e+01 2.287748214556039557e+02 -8.296888649848547066e+05 -6.478843159585087500e+13 5.488975919777788725e-06 2.762356369780800508e-07 -1.793800831570848914e+03 8.131580396869850791e-01 -2.767565707250097873e+00 6.421422619044551139e-01 1.885064343463112024e+00
1.000000000000000000e+00 7.816433609165533980e+00 2.273652373086830210e+02 -8.339011814258359373e+05 -6.544796112626371094e+13 5.482851615374423271e-06 2.518274204624108077e-07 -2.439635857004639092e+03 -6.137812097124620836e-01 -3.753893349316476780e+00 -4.909789022990171947e-01 -1.929962170877200345e+00
1.000000000000000000e+00 5.802231542040090062e+01 2.200599487663395735e+02 -8.381135580273219384e+05 -6.611084008960194531e+13 5.333492793189224893e-06 2.761976175986703765e-07 1.996780624630131342e+03 -7.646571365784267105e-01 3.064245719358187792e+00 3.373512643525192201e-01 1.962653404949417091e+00
1.000000000000000000e+00 1.067360558937530897e+02 2.070088742838843814e+02 -8.423259997888811631e+05 -6.677706942167268750e+13 5.042396685487064207e-06 3.468343336714578248e-07 2.295171915396956138e+03 6.739656389190311625e-01 3.512754988492097219e+00 -1.822972454700416134e-01 -1.983073870992661636e+00
1.000000000000000000e+00 1.526515620058312095e+02 1.885739666264218499e+02 -8.465384936435254058e+05 -6.744664719529243750e+13 4.616324041576215789e-06 4.563731720460258330e-07 -2.187894072353679803e+03 7.118239205833906125e-01 -3.339653523544354297e+00 2.665852257344926424e-02 1.991256785724529355e+00
1.000000000000000000e+00 1.946242195244524851e+02 1.652462178877717065e+02 -8.507510407852960052e+05 -6.811957372559370312e+13 4.065386645246003582e-06 5.936263789320467782e-07 -2.136053995633014438e+03 -7.295796185163221370e-01 -3.251867885261537250e+00 1.285926273083006499e-01 -1.987279094571704263e+00
1.000000000000000000e+00 2.315457630813395724e+02 1.376139834632514294e+02 -8.549636361168597359e+05 -6.879584831900918750e+13 3.402342645234971199e-06 7.443853545420337920e-07 2.366306795632955982e+03 -6.550223583424326090e-01 3.592860127216602084e+00 -2.825675724884267326e-01 1.971286339043057723e+00
1.000000000000000000e+00 2.624437825145604393e+02 1.064343749389787348e+02 -8.591762725795590086e+05 -6.947546994860867188e+13 2.644429709465881382e-06 8.931562986097752631e-07 1.963226748105275192e+03 7.804305858097975168e-01 2.972975620387951601e+00 4.344192449639224796e-01 -1.943474770385445360e+00
1.000000000000000000e+00 2.865976198813183942e+02 7.253357759225038137e+01 -8.633889426964407321e+05 -7.015843749709312500e+13 1.810979024099300042e-06 1.025156115362680124e-06 -2.531266334154255219e+03 5.945931935963538750e-01 -3.823079894409127100e+00 -5.833269614797602642e-01 1.904086111374843737e+00
1.000000000000000000e+00 3.033983057443376765e+02 3.676911744504073454e+01 -8.676016382163276430e+05 -7.084474969700860938e+13 9.225106912557864654e-07 1.126876576580385821e-06 -1.777469483460165293e+03 -8.263826636742080956e-01 -2.677536103792439448e+00 7.285000910464701773e-01 -1.853402784303797457e+00
1.000000000000000000e+00 3.124349267343814063e+02 9.352152331452662226e-02 -8.718143496777507244e+05 -7.153440505611534375e+13 2.357780785070408974e-09 1.187996616144035733e-06 2.682136102660047527e+03 -5.308202308254947877e-01 4.029717842106887993e+00 -8.691813513939016245e-01 1.791741622530674816e+00
1.000000000000000000e+00 3.135837862753385821e+02 -3.655308085382350924e+01 -8.760270675366789801e+05 -7.222740203854864062e+13 -9.259965127721856816e-07 1.203130207673849607e-06 1.579436236383869982e+03 8.673170147524551510e-01 2.366789028425004382e+00 1.004634480142193809e+00 -1.719454513742427526e+00
1.000000000000000000e+00 3.068488084861579068e+02 -7.227624668630106441e+01 -8.802397826673176605e+05 -7.292373914746907812e+13 -1.839773771458749005e-06 1.171130462351792543e-06 -2.818290124205888787e+03 4.639458590377353864e-01 -4.212207319341598755e+00 -1.134139248702403791e+00 1.636930795138429540e+00
1.000000000000000000e+00 2.924343859841045514e+02 -1.061621439172926671e+02 -8.844524857064519310e+05 -7.362341481756457812e+13 -2.715263777980760675e-06 1.095463970830274710e-06 -1.369710459943823707e+03 -9.031062253895711933e-01 -2.041843046030493714e+00 1.256997318026624511e+00 -1.544594447094012057e+00
1.000000000000000000e+00 2.708105894727397072e+02 -1.373833853436518950e+02 -8.886651678709643893e+05 -7.432642755086078125e+13 -3.530532474910371289e-06 9.842694929056007446e-07 2.939031248060422058e+03 -3.941990442395267302e-01 4.369887640891295000e+00 -1.372525490711304696e+00 1.442909574736918943e+00
1.000000000000000000e+00 2.425380778201614476e+02 -1.652202191061240342e+02 -8.928778212753931293e+05 -7.503277597239312500e+13 -4.266021776348978114e-06 8.485462564325011465e-07 1.148881280251784801e+03 9.335979829034688482e-01 1.703792221961375253e+00 1.480055346500890989e+00 -1.332385242643399748e+00
1.000000000000000000e+00 2.083346687893388776e+02 -1.889892456368688158e+02 -8.970904381826907629e+05 -7.574245870724756250e+13 -4.902765914064288645e-06 7.016915076877458531e-07 -3.043561136013517626e+03 3.218181907495475946e-01 -4.501962089102619302e+00 -1.578941490245315826e+00 1.213572426310719043e+00
1.000000000000000000e+00 1.691247380124867448e+02 -2.081428916210128364e+02 -9.013030122399735264e+05 -7.645547459080106250e+13 -5.425006277658975908e-06 5.584936519259065139e-07 -9.176213344536520253e+02 -9.586100131872348218e-01 -1.353831243005467755e+00 1.668556494779556143e+00 -1.087075658474949469e+00
1.000000000000000000e+00 1.258560567038404372e+02 -2.222763714392260397e+02 -9.055155386949913809e+05 -7.717182271110689062e+13 -5.820456456805580025e-06 4.327537700317523779e-07 3.130977096323325895e+03 -2.470751226292256797e-01 4.607496716288259186e+00 -1.748296454407353151e+00 9.535584780318727693e-01
1.000000000000000000e+00 7.956819136014820515e+01 -2.310501991717323733e+02 -9.097280131905832095e+05 -7.789150220880212500e+13 -6.078350706041165613e-06 3.364058900100521101e-07 6.767813861199859957e+02 9.779329796808557962e-01 9.933917214704268694e-01 1.817594532820757891e+00 -8.137348325958984052e-01
1.000000000000000000e+00 3.143321258471613788e+01 -2.342828477271793588e+02 -9.139404327946451958e+05 -7.861451245586421875e+13 -6.191932653524286005e-06 2.787075576077491748e-07 -3.200294851594253032e+03 1.703010515903529976e-01 -4.685457150446644015e+00 -1.875922233122306881e+00 6.683786642294927693e-01
1.000000000000000000e+00 -1.742937278260005129e+01 -2.319449211948416973e+02 -9.181527961387303658e+05 -7.934085308521481250e+13 -6.158396790272228539e-06 2.650766619191662727e-07 -4.274343229159765087e+02 -9.913460259663239293e-01 -6.242004289609333068e-01 1.922798194280505024e+00 -5.183255420982191275e-01
1.000000000000000000e+00 -6.587770338103263157e+01 -2.240774711021072392e+02 -9.223651026756692445e+05 -8.007052386802746875e+13 -5.976802383104010523e-06 2.967380840696628817e-07 3.250507059617823870e+03 -9.189670648091941008e-02 4.734796375119416645e+00 -1.957799867492898249e+00 3.644639109220202955e-01
1.000000000000000000e+00 -1.127122563988162369e+02 -2.108794252210507238e+02 -9.265773535637325840e+05 -8.080352487119281250e+13 -5.650459019025082382e-06 3.706000339019569033e-07 1.709279392447986083e+02 9.986350904780733062e-01 2.483485272413627210e-01 1.980570131431271363e+00 -2.077407470914172383e-01
1.000000000000000000e+00 -1.568590525602737671e+02 -1.926909931493673014e+02 -9.307895514201581245e+05 -8.153985642089626562e+13 -5.186576088086218745e-06 4.797568442027549010e-07 -3.280651879058872055e+03 1.234243909994799104e-02 -4.754554404585975114e+00 -1.990828493277393640e+00 4.915459159271028805e-02
1.000000000000000000e+00 -1.972866717534718077e+02 -1.699091952073116261e+02 -9.350016991732503520e+05 -8.227951890637284375e+13 -4.594064853821980326e-06 6.139150859558588329e-07 9.109380694464270789e+01 -9.996164231369685238e-01 1.316868629783647382e-01 1.988380339141273767e+00 1.102628243616909920e-01
1.000000000000000000e+00 -2.329757789690757477e+02 -1.430715814630830778e+02 -9.392138014573934488e+05 -8.302251302776642188e+13 -3.885846870352806275e-06 7.600510498541438153e-07 3.289894271495396879e+03 6.780579995384536374e-02 4.743973332375964524e+00 -1.973123476270810084e+00 -2.694401805759086277e-01
1.000000000000000000e+00 -2.630979398989065885e+02 -1.128297354978211473e+02 -9.434258642351710005e+05 -8.376883973578717188e+13 -3.078216680604147486e-06 9.042913969309849118e-07 -3.567245084695392165e+02 9.941607181732809995e-01 -5.131008095319706808e-01 1.945056825703741721e+00 4.272800115884992089e-01
1.000000000000000000e+00 -2.869239597440772513e+02 -7.986202451281894810e+01 -9.476378938309932128e+05 -8.451850006459775000e+13 -2.188520268540222928e-06 1.032815274727232434e-06 -3.277605735929938874e+03 -1.479237107765910275e-01 -4.702606680339171952e+00 -1.904284349066877269e+00 -5.826794842953744169e-01
1.000000000000000000e+00 -3.037977889486730305e+02 -4.495430082107323955e+01 -9.518498978204777231e+05 -8.527149529259740625e+13 -1.237392712343127153e-06 1.132894985867150727e-06 6.238137575458462152e+02 -9.822144549259985702e-01 8.927951292240016157e-01 1.851020067015881398e+00 7.345331680899821469e-01
1.000000000000000000e+00 -3.133079593196760015e+02 -8.963303587915648407e+00 -9.560618844620594755e+05 -8.602782684509273438e+13 -2.478117813447439932e-07 1.194954230164380701e-06 3.243435114873127986e+03 2.273386262668372626e-01 4.630412748817385626e+00 -1.785589126843174945e+00 -8.817515146679428817e-01
1.000000000000000000e+00 -3.151852765991707201e+02 2.727384914290894713e+01 -9.602738618544592755e+05 -8.678749614471164062e+13 7.573722360877726474e-07 1.212640686902270757e-06 -8.900461663364394553e+02 9.638167201767390280e-01 -1.267498182116733263e+00 1.708423087209747226e+00 1.023281397567893158e+00
1.000000000000000000e+00 -3.092784457425895539e+02 6.286156540491443678e+01 -9.644858392298244871e+05 -8.755050484553789062e+13 1.753270341443836048e-06 1.183335761848612646e-06 -3.187356891836845534e+03 -3.053561961533949320e-01 -4.527813225006798170e+00 -1.620062801012139175e+00 -1.158106551357207969e+00
1.000000000000000000e+00 -2.957136190214645808e+02 9.689227073571167637e+01 -9.686978259562430903e+05 -8.831685465572115625e+13 2.714221572464705674e-06 1.109772067024907160e-06 1.153033933848542347e+03 -9.391075553067531612e-01 1.633900318643638272e+00 1.521149834167652815e+00 1.285269405817903277e+00
1.000000000000000000e+00 -2.747771707688568767e+02 1.285391007868654185e+02 -9.729098307201556163e+05 -8.908654718828760938e+13 3.616393566721101135e-06 9.990058084814984040e-07 3.109697622462585514e+03 3.812846746208993221e-01 4.395719146349911455e+00 -1.412413473821072962e+00 -1.403888329778573363e+00
1.000000000000000000e+00 -2.468875587978471629e+02 1.569786917368280683e+02 -9.771218621875352692e+05 -8.985958408004693750e+13 4.435650042867566281e-06 8.614399329250221638e-07 -1.410414689290507113e+03 9.083272162791754534e-01 -1.988792780519022863e+00 1.294665225715989409e+00 1.513161001625917379e+00
1.000000000000000000e+00 -2.127377086028744202e+02 1.814448539588023550e+02 -9.813339287429645192e+05 -9.063596694331381250e+13 5.149076080130388879e-06 7.107293089051778846e-07 -3.011115125576451646e+03 -4.544739383885966766e-01 -4.235489666810088316e+00 -1.168787033141448939e+00 -1.612374377953269988e+00
1.000000000000000000e+00 -1.731579159241035768e+02 2.013186686307532511e+02 -9.855460373723462690e+05 -9.141569715752143750e+13 5.737580668022091987e-06 5.618245169641477008e-07 1.659964680491488934e+03 -8.718034021372444986e-01 2.329224068396950731e+00 1.035710300718931887e+00 1.700916939919314030e+00
1.000000000000000000e+00 -1.290782638876899853e+02 2.160475540387481601e+02 -9.897581946769437054e+05 -9.219877605259873438e+13 6.183669915534275354e-06 4.295095993390034045e-07 2.892548925304656677e+03 5.243408404383668175e-01 4.048851774786229818e+00 -8.964114421139134370e-01 -1.778274666626907363e+00
1.000000000000000000e+00 -8.165115437806811372e+01 2.251996631930069270e+02 -9.939704060663077980e+05 -9.298520475644403125e+13 6.473051013290590726e-06 3.274576231876631690e-07 -1.899691312321026999e+03 8.299286876458616957e-01 -2.652622916928454977e+00 7.518927627712846951e-01 1.844036750396246482e+00
1.000000000000000000e+00 -3.209322672395001064e+01 2.285428854820298739e+02 -9.981826747529380955e+05 -9.377498400130656250e+13 6.596986157286216009e-06 2.662213358363189165e-07 -2.755137443916575194e+03 -5.903909408694942851e-01 -3.837776032177348196e+00 -6.031600743861942338e-01 -1.897896780171731246e+00
1.000000000000000000e+00 1.836187263011469994e+01 2.259531830893313327e+02 -1.002395003110488644e+06 -9.456811437134889062e+13 6.549757120588968950e-06 2.520880345885203891e-07 2.127904817041042406e+03 -7.831290537348722935e-01 2.956888705620364544e+00 4.512238338627094225e-01 1.939642058544313485e+00
1.000000000000000000e+00 6.835642846414954477e+01 2.174615407918460903e+02 -1.006607391997844912e+06 -9.536459617124976562e+13 6.330097728274248921e-06 2.865875374070497161e-07 2.600101158470485188e+03 6.522345209915503261e-01 3.604308729864940108e+00 -2.970828234579648841e-01 -1.969151101242875068e+00
1.000000000000000000e+00 1.165805148571914742e+02 2.033137533056519430e+02 -1.010819840111308382e+06 -9.616442929693882812e+13 5.943035906869508242e-06 3.662382721928841798e-07 -2.343232337072576229e+03 7.318330047105184866e-01 -3.240399615927899379e+00 1.417087256544878049e-01 1.986386895998149882e+00
1.000000000000000000e+00 1.618194224421065144e+02 1.838626806533960121e+02 -1.015032344918464776e+06 -9.696761340545050000e+13 5.396861938877161640e-06 4.829236883045950829e-07 -2.428645229241299148e+03 -7.095793343542732279e-01 -3.350435726299013872e+00 1.395132505346983846e-02 -1.991386357302127541e+00
1.000000000000000000e+00 2.028499657861885055e+02 1.596033465099811792e+02 -1.019244902373363264e+06 -9.777414785540785938e+13 4.704228190893896504e-06 6.244750126248281495e-07 2.544602721692072009e+03 -6.764411660917150071e-01 3.501980247530685375e+00 -1.689826340466171750e-01 1.984252789568519360e+00
1.000000000000000000e+00 2.386119718688396460e+02 1.312120232599502003e+02 -1.023457506306465482e+06 -9.858403158349570312e+13 3.883392492626876625e-06 7.764379260600341255e-07 2.241869009311100399e+03 7.622170970317131422e-01 3.077959639149097093e+00 3.225125487113473244e-01 -1.965146284489654560e+00
1.000000000000000000e+00 2.682403784345337954e+02 9.942354228048412779e+01 -1.027670150167158805e+06 -9.939726343311584375e+13 2.954682454173023784e-06 9.236125681321233702e-07 -2.731181241291146762e+03 6.173063660191068225e-01 -3.740801554961474373e+00 -4.736941361670055639e-01 1.934277159271850177e+00
1.000000000000000000e+00 2.909516528484992932e+02 6.505811780588101101e+01 -1.031882826305296971e+06 -1.002138420133256719e+14 1.941331573738696185e-06 1.050808065115672824e-06 -2.040717012674988382e+03 -8.099981672281735268e-01 -2.788437185680164188e+00 6.217142523948760990e-01 -1.891900011070580812e+00
1.000000000000000000e+00 3.062022761605588244e+02 2.904688355994365878e+01 -1.036095525596901076e+06 -1.010337656214796406e+14 8.702963875095062798e-07 1.145207563159858486e-06 2.902264473326096322e+03 -5.547318741547281329e-01 3.956229327175999178e+00 -7.657966497528014838e-01 1.838306218981802020e+00
1.000000000000000000e+00 3.136938849453063654e+02 -7.697951625431826095e+00 -1.040308239111081697e+06 -1.018570325638032812e+14 -2.315821355776582344e-07 1.197826919156687669e-06 1.825982208356984984e+03 8.528009004288817918e-01 2.483189460576169072e+00 9.051844818834753337e-01 -1.773825052612891806e+00
1.000000000000000000e+00 3.132440843355897186e+02 -4.425523952534862815e+01 -1.044520957421288476e+06 -1.026836410207406250e+14 -1.336748460657450960e-06 1.203529670390005149e-06 -3.057195429842091016e+03 4.889745680865605904e-01 -4.147704425375095205e+00 -1.039146322209284046e+00 1.698819938827744735e+00
1.000000000000000000e+00 3.049283818664374621e+02 -7.967223907111581127e+01 -1.048733670781571651e+06 -1.035135890797841406e+14 -2.416240019489393884e-06 1.162320024475659057e-06 -1.598349633622738565e+03 -8.905043909802519142e-01 -2.163366498443831887e+00 1.166973357523338972e+00 -1.613687530580343976e+00
1.000000000000000000e+00 2.890572980046447356e+02 -1.130924680887498113e+02 -1.052946370388598880e+06 -1.043468749843397188e+14 -3.443560938211417221e-06 1.078996968545032641e-06 3.195271679289731310e+03 -4.202655084875404623e-01 4.314616927314102846e+00 -1.287968310008009487e+00 1.518865331731189316e+00
1.000000000000000000e+00 2.660353764377974244e+02 -1.437182065643265219e+02 -1.057159047658194788e+06 -1.051834969935008125e+14 -4.393594369246724568e-06 9.617301072713485805e-07 1.358473728482336128e+03 9.229680995751863293e-01 1.830055450727626321e+00 1.401453076082296301e+00 -1.414829862230527535e+00
1.000000000000000000e+00 2.364915442632558893e+02 -1.707835569579208936e+02 -1.061371694234732306e+06 -1.060234533847938750e+14 -5.241811443084721557e-06 8.223413461346351484e-07 -3.315686652758221499e+03 3.488373104331606855e-01 -4.456228403785595482e+00 -1.506769801534277864e+00 1.302097933607198721e+00
1.000000000000000000e+00 2.012353425475050983e+02 -1.936748548694197041e+02 -1.065584303096741904e+06 -1.068667426768467188e+14 -5.968001071341356440e-06 6.749866509561377345e-07 -1.107063736524067281e+03 -9.500225096100214373e-01 -1.484396554082886954e+00 1.603275700225392786e+00 -1.181237187268738165e+00
1.000000000000000000e+00 1.611121881803167923e+02 -2.118796815427716069e+02 -1.069796868321321206e+06 -1.077133635872371875e+14 -6.554785322966491087e-06 5.339246271743908044e-07 3.417519464208808586e+03 -2.749454566524754395e-01 4.571661274815616238e+00 -1.690350118604379448e+00 1.052867864479652749e+00
1.000000000000000000e+00 1.171295016597964036e+02 -2.249544447789728565e+02 -1.074009384560783859e+06 -1.085633149310462656e+14 -6.986674229061320912e-06 4.127932249905613314e-07 8.449847050955830809e+02 9.714685159324363273e-01 1.127716687580104793e+00 1.767403055339018536e+00 -9.176604510918434654e-01
1.000000000000000000e+00 7.040078469501065683e+01 -2.326362459895325969e+02 -1.078221848342446145e+06 -1.094165958869405000e+14 -7.253595742000902416e-06 3.232625074129602057e-07 -3.499745787890031806e+03 1.988957177726987935e-01 -4.659916493771826040e+00 -1.833874837236255884e+00 7.763487263282392581e-01
1.000000000000000000e+00 2.200370483377101039e+01 -2.347786319343758521e+02 -1.082434257034674054e+06 -1.102732057939378125e+14 -7.348994712584236473e-06 2.737034021641363785e-07 -5.733300240482089976e+02 -9.870885423618176446e-01 -7.616214204469299309e-01 1.889249868113025199e+00 -6.297215252432628585e-01
1.000000000000000000e+00 -2.689307726533561294e+01 -2.313161722883307334e+02 -1.086646608896751655e+06 -1.111331441649425312e+14 -7.268790721187134442e-06 2.687527575218839084e-07 3.561289502542749233e+03 -1.210605311118310434e-01 4.719944781912244203e+00 -1.933063662940745830e+00 4.786221249983017567e-01
1.000000000000000000e+00 -7.509207879040667422e+01 -2.223687455751705215e+02 -1.090858904304121621e+06 -1.119964109418637344e+14 -7.014717182894846063e-06 3.088199771497651175e-07 2.934676289723390710e+02 9.966643242142753101e-01 3.880496966775753287e-01 1.964908414319128660e+00 -3.239586190513699671e-01
1.000000000000000000e+00 -1.215028275275555671e+02 -2.081657307211150396e+02 -1.095071144569795113e+06 -1.128630062610631719e+14 -6.592033557607301679e-06 3.901216667452485552e-07 -3.601095034984891754e+03 4.188824563514443461e-02 -4.750743210863233479e+00 -1.984446782488032079e+00 1.666890248117159634e-01
1.000000000000000000e+00 -1.650124085909140206e+02 -1.890102920184606035e+02 -1.099283331992777530e+06 -1.137329304670925469e+14 -6.008456688293117188e-06 5.048882260276514835e-07 -7.089645024953780350e+00 -9.999980742858417537e-01 -9.331546048456946379e-03 1.991419887320729831e+00 -7.816386842768906565e-03
1.000000000000000000e+00 -2.045513721987502436e+02 -1.653770003725399533e+02 -1.103495470346746733e+06 -1.146061842181077812e+14 -5.277320909135030391e-06 6.420942320401586791e-07 3.618212012221998066e+03 3.809389925708907276e-02 4.751465300763553223e+00 -1.985655503861218474e+00 -1.516129397691197145e-01
1.000000000000000000e+00 -2.392221269751237003e+02 -1.378257038557971725e+02 -1.107707564462754875e+06 -1.154827684047048906e+14 -4.414923466272775171e-06 7.887929146817862361e-07 -2.838120742056486279e+02 9.969373876172877846e-01 -3.718528754866282093e-01 1.967076608013356154e+00 3.105219504744438086e-01
1.000000000000000000e+00 -2.681659979233071454e+02 -1.069665692404761472e+02 -1.111919619915170129e+06 -1.163626840883790625e+14 -3.439452365842596354e-06 9.307572093482486410e-07 -3.611884565108592597e+03 -1.182874533142978801e-01 -4.721534197997325322e+00 -1.935707215863265329e+00 -4.678160300531287175e-01
1.000000000000000000e+00 -2.906320029396888458e+02 -7.355115676619720944e+01 -1.116131643855913775e+06 -1.172459326797382031e+14 -2.373956558406772980e-06 1.054136057840991516e-06 5.769706039954029393e+02 -9.873974647409842209e-01 7.525133853702478115e-01 1.891679271385052763e+00 6.223855699900981975e-01
1.000000000000000000e+00 -3.060959943660880072e+02 -3.837642126595912373e+01 -1.120343643901464762e+06 -1.181325157100412500e+14 -1.243321850916288564e-06 1.147306921237241245e-06 3.581634249856881979e+03 1.980357858274117422e-01 4.660744471675874578e+00 -1.835234326658608417e+00 -7.731295038825697352e-01
1.000000000000000000e+00 -3.141221727975855629e+02 -2.249992387019553952e+00 -1.124555627831865102e+06 -1.190224347693249062e+14 -7.316945678958726347e-08 1.200858912016853247e-06 -8.698994747781289334e+02 9.713805360109004639e-01 -1.129428865414878302e+00 1.766722256492959442e+00 9.189704739175299508e-01
1.000000000000000000e+00 -3.144331300380109155e+02 3.392540937090502950e+01 -1.128767604554167716e+06 -1.199156917117574531e+14 1.107382031964108481e-06 1.208873859208343973e-06 -3.527322733521346436e+03 -2.766505841381014519e-01 -4.569334950437509590e+00 -1.686604063373924989e+00 -1.058858346017232277e+00
1.000000000000000000e+00 -3.070158009297730928e+02 6.925714287717541140e+01 -1.132979583211185643e+06 -1.208122884700339688e+14 2.269104483257824408e-06 1.170430132601671730e-06 1.160001759787423453e+03 -9.489872805746211171e-01 1.499293449022722546e+00 1.595445735079010552e+00 1.191791579907317322e+00
1.000000000000000000e+00 -2.919730059474282484e+02 1.028974610581155247e+02 -1.137191572665109998e+06 -1.217122269457751719e+14 3.383811253232857996e-06 1.088803117654144738e-06 3.449191176935758904e+03 3.534352143790167045e-01 4.448029540482031585e+00 -1.493909186071451289e+00 -1.316833173675054924e+00
1.000000000000000000e+00 -2.695909812072080172e+02 1.339645440562941303e+02 -1.141403582173694624e+06 -1.226155091536937031e+14 4.421778059017963756e-06 9.715739771640032450e-07 -1.444663363023977354e+03 9.204205096681420395e-01 -1.858838450938783637e+00 1.382748726962549801e+00 1.433115564636443295e+00
1.000000000000000000e+00 -2.404262060482993775e+02 1.616540822819530092e+02 -1.145615620195559226e+06 -1.235221369655342812e+14 5.355418836254306965e-06 8.304003990080479670e-07 -3.347858619878574700e+03 -4.277192957393368689e-01 -4.298024324739024848e+00 -1.262793787406258250e+00 -1.539859121480904092e+00
1.000000000000000000e+00 -2.051414602710566726e+02 1.852717665815538055e+02 -1.149827694345496828e+06 -1.244321120972330781e+14 6.160413247733336361e-06 6.789381328146281304e-07 1.721382900904261305e+03 -8.859765235394395644e-01 2.204997915662509023e+00 1.134936461571136812e+00 1.636378162808392878e+00
1.000000000000000000e+00 -1.645659377387786435e+02 2.041554441091950025e+02 -1.154039812266260618e+06 -1.253454362949501562e+14 6.813175810412399557e-06 5.320821725170362975e-07 3.224274676595484380e+03 4.988917075407718893e-01 4.120916609946348785e+00 -1.000126906605085519e+00 -1.722080263577840942e+00
1.000000000000000000e+00 -1.197581112028719730e+02 2.177871021289279838e+02 -1.158251980168238049e+06 -1.262621110167982812e+14 7.294626271842831358e-06 4.049254698422389411e-07 -1.987877074877392943e+03 8.460267317948623189e-01 -2.535038502991916243e+00 8.593490317359220310e-01 1.796478083688837435e+00
1.000000000000000000e+00 -7.182387467388608115e+01 2.258163278771772866e+02 -1.162464202538191574e+06 -1.271821373634330625e+14 7.591066003453382503e-06 3.104445859041697416e-07 -3.079648833728353566e+03 -5.664200706417290565e-01 -3.918606077963976642e+00 -7.136041426155443901e-01 -1.859188906798262320e+00
1.000000000000000000e+00 -2.196726973628434365e+01 2.279761565840021262e+02 -1.166676483104049927e+06 -1.281055162830959844e+14 7.691440953338394288e-06 2.583095352486147535e-07 2.242173194743762451e+03 -8.009889049016548634e-01 2.846669619550204366e+00 5.639076467364864120e-01 1.909927336175882395e+00
1.000000000000000000e+00 2.846915206945431009e+01 2.241876222829095582e+02 -1.170888823606639402e+06 -1.290322482978952500e+14 7.590932512776510485e-06 2.540029249858950426e-07 2.915326457093251520e+03 6.298739932249788342e-01 3.693131051447994473e+00 -4.112662350912069109e-01 -1.948505670351946550e+00
1.000000000000000000e+00 7.819832107130962129e+01 2.145654753526794707e+02 -1.175101224230826600e+06 -1.299623335912943594e+14 7.291266306182886624e-06 2.980808630824879728e-07 -2.482651063813945257e+03 7.512948479781587086e-01 -3.138086633608780929e+00 2.566718988180884398e-01 1.974825004874330991e+00
1.000000000000000000e+00 1.259414413736859899e+02 1.993208913619782550e+02 -1.179313684047594201e+06 -1.308957721000781094e+14 6.797512226028221252e-06 3.860606013573197507e-07 -2.732674895160351298e+03 -6.889243174386293633e-01 -3.446521791776238519e+00 -1.010983352238828542e-01 -1.988867363635580254e+00
1.000000000000000000e+00 1.703994466866300854e+02 1.788535076369491890e+02 -1.183526199897076935e+06 -1.318325632610998750e+14 6.121293131387315045e-06 5.087617371324758590e-07 2.708030756686131554e+03 -6.973608310302361613e-01 3.407944856750897866e+00 -5.451701835868998786e-02 1.990688865249681028e+00
1.000000000000000000e+00 2.104450940940699866e+02 1.537347110168144582e+02 -1.187738766873001121e+06 -1.327727061107443594e+14 5.280325639097925920e-06 6.537108382118681568e-07 2.532978539413323233e+03 7.433324938215952749e-01 3.180668889639631125e+00 2.092727443897376971e-01 -1.980408842127143076e+00
1.000000000000000000e+00 2.450664843218043814e+02 1.245965326267310900e+02 -1.191951379401804646e+06 -1.337161995201197344e+14 4.294695093070654013e-06 8.062143787321548087e-07 -2.917334023257399622e+03 6.395597584886876241e-01 -3.655301160036211527e+00 -3.622951010018175544e-01 1.958202370366726619e+00
1.000000000000000000e+00 2.733353040405371530e+02 9.221331209617912350e+01 -1.196164030509524047e+06 -1.346630420273453750e+14 3.189717336021719118e-06 9.505250470820620953e-07 -2.317362509535267236e+03 -7.929300611987113445e-01 -2.897230877377910740e+00 5.127471029254557777e-01 -1.924293291564811437e+00
1.000000000000000000e+00 2.945824631208687379e+02 5.746645190054872643e+01 -1.200376711783699691e+06 -1.356132318233914688e+14 1.994801948485848590e-06 1.072191070459655860e-06 3.109768139379869353e+03 -5.782156228659413033e-01 3.879460344180536424e+00 -6.598289786637238086e-01 1.878946508667921345e+00
1.000000000000000000e+00 3.083202959356249266e+02 2.122663940920435977e+01 -1.204589414833129849e+06 -1.365667670773657344e+14 7.394147738511861395e-07 1.159108240740432239e-06 2.086778406710732270e+03 8.375881336488114615e-01 2.597621501407676003e+00 8.027630000488950035e-01 -1.822466962463869189e+00
1.000000000000000000e+00 3.141979409609662639e+02 -1.556651870013909189e+01 -1.208802130148287863e+06 -1.375236456772997500e+14 -5.441448876063129534e-07 1.202516150969452562e-06 -3.284631786062675928e+03 5.136024595187834718e-01 -4.079852860091051525e+00 -9.408038412096808578e-01 1.755192979670581188e+00
1.000000000000000000e+00 3.121546928040089597e+02 -5.194832765722755852e+01 -1.213014847926416434e+06 -1.384838654141088125e+14 -1.822239795498902341e-06 1.198828504524329404e-06 -1.842030379492005522e+03 -8.771893809600536107e-01 -2.283047291715201599e+00 1.073229092108028304e+00 -1.677496223355736893e+00
1.000000000000000000e+00 3.023171114374795820e+02 -8.704323370665957782e+01 -1.217227559380586725e+06 -1.394474242803644531e+14 -3.063900323683371372e-06 1.149039643943703811e-06 3.441213288739838390e+03 -4.459581474767882470e-01 4.255906231461787037e+00 -1.199327251138201600e+00 1.589788793581420778e+00
1.000000000000000000e+00 2.849423306721653262e+02 -1.199787336515612424e+02 -1.221440255355262198e+06 -1.404143201560182656e+14 -4.237837909885386262e-06 1.058085510496590679e-06 1.583855193179576418e+03 9.116030946579025684e-01 1.954610809113894287e+00 1.318410583009578030e+00 -1.492517268954744125e+00
1.000000000000000000e+00 2.605534752829072431e+02 -1.499286701409342584e+02 -1.225652926952510141e+06 -1.413845509514132188e+14 -5.313981454120489724e-06 9.354413495887729595e-07 -3.578703375225276886e+03 3.755132479196960915e-01 -4.406937655636458118e+00 -1.429809870276697037e+00 1.386166656062364666e+00
1.000000000000000000e+00 2.298162437641602480e+02 -1.762168070372216846e+02 -1.229865566578495549e+06 -1.423581148505705312e+14 -6.267189246983102924e-06 7.935774919213202717e-07 -1.313005109974652669e+03 -9.406727938306768122e-01 -1.613414703094327995e+00 1.532868652301544454e+00 -1.271270214514219843e+00
1.000000000000000000e+00 1.934777939077722806e+02 -1.982203442243253164e+02 -1.234078167232632637e+06 -1.433350101512342500e+14 -7.073897031435417363e-06 6.463637909077621483e-07 3.696173717552356266e+03 -3.025104648650894790e-01 4.532130031111300639e+00 -1.626952470597879952e+00 1.148407559159742686e+00
1.000000000000000000e+00 1.524926081036029757e+02 -2.154087213612697269e+02 -1.238290722878421191e+06 -1.443152353536613750e+14 -7.713540087907109786e-06 5.083756152893865088e-07 1.030361263291267733e+03 9.642109757871364373e-01 1.260700423028970674e+00 1.711450609374300713e+00 -1.018209740275607178e+00
1.000000000000000000e+00 1.078860895374727420e+02 -2.274345993282536256e+02 -1.242503229099200340e+06 -1.452987893178125938e+14 -8.171878463776622453e-06 3.929563117945363911e-07 -3.792572171553310454e+03 2.272338960924608908e-01 -4.630528975451692730e+00 -1.785778741187145080e+00 8.813674324842276642e-01
1.000000000000000000e+00 6.069702977473318839e+01 -2.340273149292945902e+02 -1.246715682146415347e+06 -1.462856710464283750e+14 -8.437267357369054532e-06 3.109402169347218145e-07 -7.370260755633576082e+02 -9.820062744146201839e-01 -8.979578719026864997e-01 1.849391421597332608e+00 -7.386241488348327389e-01
1.000000000000000000e+00 1.210002835983365088e+01 -2.350278564073853147e+02 -1.250928079263891093e+06 -1.472758797640336875e+14 -8.501969048126290532e-06 2.701523887796866288e-07 3.866766800782998871e+03 -1.500280115142904325e-01 4.701099238813422510e+00 -1.901787168834005559e+00 5.907790009623914429e-01
1.000000000000000000e+00 -3.673780433311566185e+01 -2.304684783637783596e+02 -1.255140419930366799e+06 -1.482694152144332812e+14 -8.365110629448998698e-06 2.744572651894800682e-07 4.343748913416017672e+02 9.938394868313583652e-01 5.269828046862713444e-01 1.942513332873957443e+00 -4.386983190379165065e-01
1.000000000000000000e+00 -8.470591982186869018e+01 -2.204578085244855856e+02 -1.259352704257694539e+06 -1.492662772898612812e+14 -8.028616320339707223e-06 3.233885725239500113e-07 -3.917616015977112966e+03 7.131064867028499843e-02 -4.742811309912953632e+00 -1.971181499905301671e+00 2.832980020241387953e-01
1.000000000000000000e+00 -1.306293693136594243e+02 -2.052144225652054672e+02 -1.263564933629591716e+06 -1.502664661854156250e+14 -7.498480798021276076e-06 4.122013872273323146e-07 -1.241270753627997578e+02 -9.995025818549039265e-01 -1.499562942488358308e-01 1.987473908440112513e+00 -1.255457159347422302e-01
1.000000000000000000e+00 -1.734153496558355130e+02 -1.851367415550200519e+02 -1.267777111055547837e+06 -1.512699824885556250e+14 -6.787398704765825331e-06 5.324854204862653442e-07 3.944057069239643170e+03 8.421568086206136783e-03 4.754747971387878636e+00 -1.991152750685398543e+00 -3.354082523963237278e-02
1.000000000000000000e+00 -2.120918116654617904e+02 -1.606807188353580784e+02 -1.271989240159122506e+06 -1.522768269433140938e+14 -5.910375076988313802e-06 6.729145799113604365e-07 -1.916653250568379292e+02 9.988235551138188173e-01 -2.305769687824874015e-01 1.982069484272533266e+00 1.929114383218316631e-01
1.000000000000000000e+00 -2.456882332382891150e+02 -1.323938496284742712e+02 -1.276201325834477553e+06 -1.532870006104464062e+14 -4.886015503821945855e-06 8.198031608674815901e-07 -3.945202599552631000e+03 -8.859767019783167108e-02 -4.736217852931002170e+00 -1.960171497566583376e+00 -3.514853676148711470e-01
1.000000000000000000e+00 -2.733830647303250885e+02 -1.009760139415952693e+02 -1.280413374598591123e+06 -1.543005049573560312e+14 -3.738834690298831472e-06 9.590415751131098013e-07 5.106407432121016541e+02 -9.916894069285395741e-01 6.117440001803222671e-01 1.925510276605717941e+00 5.081578870838827644e-01
1.000000000000000000e+00 -2.945306532158601840e+02 -6.714956088646326293e+01 -1.284625393247323576e+06 -1.553173415395518750e+14 -2.494523033192447173e-06 1.077507410555097794e-06 3.920434979819335240e+03 1.685807192328227233e-01 4.686863519277325807e+00 -1.878244203883641550e+00 -6.618254861345921336e-01
1.000000000000000000e+00 -3.085433587580288872e+02 -3.169422865996221006e+01 -1.288837389175688382e+06 -1.563375120794515938e+14 -1.181261779149664977e-06 1.163379177639682999e-06 -8.301686314219867882e+02 9.780672412526156823e-01 -9.903986943996541115e-01 1.818640496989786026e+00 8.113944824982037840e-01
1.000000000000000000e+00 -3.150370997466571339e+02 4.501247138765744005e+00 -1.293049371082796017e+06 -1.573610186403361875e+14 1.683122805691734125e-07 1.207983756101984951e-06 -3.869483750897703885e+03 -2.476928781853431627e-01 -4.606746745432308998e+00 -1.747079107253116437e+00 -9.557870351283477284e-01
1.000000000000000000e+00 -3.138441578672258743e+02 4.057676967262827361e+01 -1.297261347497000592e+06 -1.583878632713782812e+14 1.522203747899991299e-06 1.206767184739628324e-06 1.147457142622293304e+03 -9.580191020638776367e-01 1.363255401139938261e+00 1.664045665120412520e+00 1.093968138436283377e+00
