5.400000055239918584e+04 5.256910544428255453e-08 9.999999999999999547e-08
5.400917697475372552e+04 -6.267198491077895462e-08 9.999999999999999547e-08
5.401835342394821782e+04 -2.556143208247051103e-08 9.999999999999999547e-08
5.402752991675352678e+04 -1.098602443642022908e-08 9.999999999999999547e-08
5.403670647010485118e+04 -4.539857279439975355e-08 9.999999999999999547e-08
5.404588309905540518e+04 4.128374300375382678e-08 9.999999999999999547e-08
5.405505981640464597e+04 -2.295634379107488097e-08 9.999999999999999547e-08
5.406423663404335093e+04 1.517766475776745243e-07 9.999999999999999547e-08
5.407341356153787638e+04 1.710454946177476393e-07 9.999999999999999547e-08
5.408259060373943066e+04 1.904430556486494610e-07 9.999999999999999547e-08
5.409176776360997610e+04 3.652148892791535243e-08 9.999999999999999547e-08
5.410094504106519889e+04 1.766141673380958142e-07 9.999999999999999547e-08
5.411012243201575620e+04 2.977436842123698353e-07 9.999999999999999547e-08
5.411929993065908639e+04 1.317030086078264563e-08 9.999999999999999547e-08
5.412847752729847707e+04 1.492150183206743279e-07 9.999999999999999547e-08
5.413765520855510840e+04 2.926739179351848911e-07 9.999999999999999547e-08
5.414683296050247009e+04 2.607049723850851944e-07 9.999999999999999547e-08
5.415601076732466754e+04 2.322118498700996098e-07 9.999999999999999547e-08
5.416518861123249371e+04 1.121789783788167859e-07 9.999999999999999547e-08
5.417436647402880044e+04 2.393552991441998825e-07 9.999999999999999547e-08
5.418354433706515556e+04 3.087315676539721213e-07 9.999999999999999547e-08
5.419272218137537129e+04 2.843785043440982764e-07 9.999999999999999547e-08
5.420189999051360792e+04 2.683914142118953806e-07 9.999999999999999547e-08
5.421107774837280158e+04 2.289423618238843033e-07 9.999999999999999547e-08
5.422025543909001135e+04 2.823123462489979657e-07 9.999999999999999547e-08
5.422943304988745513e+04 1.039107743964670958e-07 9.999999999999999547e-08
5.423861056986502081e+04 1.567771084185776061e-07 9.999999999999999547e-08
5.424778799031673407e+04 3.246882582734078474e-07 9.999999999999999547e-08
5.425696530546431313e+04 3.530301738845307493e-07 9.999999999999999547e-08
5.426614251127611351e+04 8.641687720408038873e-08 9.999999999999999547e-08
5.427531960553476529e+04 9.500423517428017917e-08 9.999999999999999547e-08
5.428449658997540246e+04 2.180520294645071495e-07 9.999999999999999547e-08
5.429367346891987836e+04 9.787555776358767196e-08 9.999999999999999547e-08
5.430285024776282808e+04 3.767658862065798715e-08 9.999999999999999547e-08
5.431202693518487649e+04 1.776848027343785337e-07 9.999999999999999547e-08
5.432120354115325608e+04 1.043336684256438364e-07 9.999999999999999547e-08
5.433038007775504229e+04 8.454939287537881630e-08 9.999999999999999547e-08
5.433955655993049731e+04 3.443860792452111607e-07 9.999999999999999547e-08
5.434873300320267299e+04 -1.279923858705292897e-07 9.999999999999999547e-08
5.435790942319915484e+04 -2.816218537608140475e-08 9.999999999999999547e-08
5.436708583751393599e+04 1.269594395993263640e-07 9.999999999999999547e-08
5.437626226416201825e+04 -1.513678390196017263e-07 9.999999999999999547e-08
5.438543872053508676e+04 2.547496032760249466e-08 9.999999999999999547e-08
5.439461522453750513e+04 1.493469767438072782e-07 9.999999999999999547e-08
5.440379179206670233e+04 -1.769271495432507394e-07 9.999999999999999547e-08
5.441296843725263170e+04 7.836302386691072177e-08 9.999999999999999547e-08
5.442214517401726334e+04 -1.719166918975505358e-08 9.999999999999999547e-08
5.443132201348264061e+04 1.316325126830020539e-07 9.999999999999999547e-08
5.444049896331669879e+04 -2.084434286265577619e-07 9.999999999999999547e-08
5.444967602905273088e+04 -2.540532762625206572e-07 9.999999999999999547e-08
5.445885321272221336e+04 -1.450826647786060010e-07 9.999999999999999547e-08
5.446803051296028571e+04 -8.807646240034281260e-08 9.999999999999999547e-08
5.447720792655675177e+04 1.070123334893460967e-08 9.999999999999999547e-08
5.448638544601264584e+04 -8.655125204767663200e-08 9.999999999999999547e-08
5.449556306021142518e+04 -3.106053399105925326e-07 9.999999999999999547e-08
5.450474075706396980e+04 -8.289693070755186170e-08 9.999999999999999547e-08
5.451391852166232275e+04 -2.271389653935647652e-07 9.999999999999999547e-08
5.452309633724346349e+04 -9.202166481823734803e-08 9.999999999999999547e-08
5.453227418672827480e+04 -5.152850503925518814e-08 9.999999999999999547e-08
5.454145205133582931e+04 -1.058708376467271251e-07 9.999999999999999547e-08
5.455062991178323864e+04 -1.377421503221906388e-07 9.999999999999999547e-08
5.455980775086813810e+04 -1.152357688044790369e-07 9.999999999999999547e-08
5.456898555140356621e+04 -2.650163220753060190e-07 9.999999999999999547e-08
5.457816329669527477e+04 -1.154769200963408226e-07 9.999999999999999547e-08
5.458734097278436820e+04 -2.019522465663073289e-07 9.999999999999999547e-08
5.459651856645441148e+04 -2.948831481335879369e-07 9.999999999999999547e-08
5.460569606707159983e+04 -2.813601180455089799e-08 9.999999999999999547e-08
5.461487346739251370e+04 -2.611323095143499323e-08 9.999999999999999547e-08
5.462405076116595592e+04 -2.544808869874003067e-07 9.999999999999999547e-08
5.463322794452081143e+04 -2.839377149533116594e-07 9.999999999999999547e-08
5.464240501707365183e+04 -2.161094223506097425e-07 9.999999999999999547e-08
5.465158198041559081e+04 -4.560539853776476548e-08 9.999999999999999547e-08
5.466075883866369986e+04 -1.785122319407929513e-07 9.999999999999999547e-08
5.466993559901460685e+04 -1.875870999448854352e-07 9.999999999999999547e-08
5.467911226951374556e+04 -1.266133112922417591e-07 9.999999999999999547e-08
5.468828886037797929e+04 1.410880425680413041e-07 9.999999999999999547e-08
5.469746538541833434e+04 -2.413682275561241111e-07 9.999999999999999547e-08
5.470664185876305419e+04 -1.782522411302565953e-07 9.999999999999999547e-08
5.471581829588640539e+04 -1.613172314824572137e-07 9.999999999999999547e-08
5.472499471373283450e+04 -1.902192887884699396e-07 9.999999999999999547e-08
5.473417112926229311e+04 2.555593481452499682e-08 9.999999999999999547e-08
5.474334756013424339e+04 -2.628417345073131585e-07 9.999999999999999547e-08
5.475252402520885516e+04 -7.061217406074999026e-08 9.999999999999999547e-08
5.476170054085955053e+04 -2.599989029411821280e-07 9.999999999999999547e-08
5.477087712250566983e+04 -1.521058792084879585e-07 9.999999999999999547e-08
5.478005378534336342e+04 -1.844661196529687394e-07 9.999999999999999547e-08
5.478923054186868831e+04 -1.622107317805798503e-07 9.999999999999999547e-08
5.479840740264107444e+04 -7.763345273690420125e-08 9.999999999999999547e-08
5.480758437571385730e+04 -1.718853381399879396e-08 9.999999999999999547e-08
5.481676146500111645e+04 -1.093367910642432977e-07 9.999999999999999547e-08
5.482593867182116082e+04 -2.806337650379145626e-07 9.999999999999999547e-08
5.483511600702024589e+04 -1.701666069428180844e-08 9.999999999999999547e-08
5.484429344260285143e+04 -1.149912640237648910e-07 9.999999999999999547e-08
5.485347098167747026e+04 7.044723611956448868e-08 9.999999999999999547e-08
5.486264861393075989e+04 -1.360622977843983910e-07 9.999999999999999547e-08
5.487182632540621125e+04 -9.410437224450330591e-08 9.999999999999999547e-08
5.488100410139735322e+04 -3.793119830847249271e-08 9.999999999999999547e-08
5.489018192576330330e+04 -2.828738229323565598e-08 9.999999999999999547e-08
5.489935977990901301e+04 5.832870891611834272e-08 9.999999999999999547e-08
5.490853764492956543e+04 -2.127660944331656308e-09 9.999999999999999547e-08
5.491771550289027073e+04 -1.455583421770359032e-07 9.999999999999999547e-08
5.492689333575525961e+04 2.295890757419870324e-09 9.999999999999999547e-08
5.493607112652768410e+04 8.653640318073636405e-08 9.999999999999999547e-08
5.494524885972874472e+04 -1.264191179777987038e-08 9.999999999999999547e-08
5.495442652032213664e+04 1.252321383296491695e-08 9.999999999999999547e-08
5.496360409594252269e+04 4.854466431074832809e-09 9.999999999999999547e-08
5.497278157769762765e+04 6.828289986708775686e-08 9.999999999999999547e-08
5.498195895732397184e+04 1.333993832126473487e-08 9.999999999999999547e-08
5.499113622923896764e+04 1.018620466731199322e-09 9.999999999999999547e-08
5.500031339079266763e+04 1.638587498940740348e-07 9.999999999999999547e-08
5.500949044128586684e+04 6.410488898325679070e-08 9.999999999999999547e-08
5.501866738321846060e+04 -5.627058365370556256e-08 9.999999999999999547e-08
5.502784422201836423e+04 3.056989140324850062e-08 9.999999999999999547e-08
5.503702096365650505e+04 2.969738449062429122e-08 9.999999999999999547e-08
5.504619761701097013e+04 1.596017820694593540e-07 9.999999999999999547e-08
5.505537419409049471e+04 1.854422949022392542e-07 9.999999999999999547e-08
5.506455070762030664e+04 2.008366081675502054e-07 9.999999999999999547e-08
5.507372717252800794e+04 2.351808598623173240e-07 9.999999999999999547e-08
5.508290360488155420e+04 2.428364659501681131e-07 9.999999999999999547e-08
5.509208002057838894e+04 3.333830096792937366e-07 9.999999999999999547e-08
5.510125643762658001e+04 1.784929390195199001e-07 9.999999999999999547e-08
5.511043287455563404e+04 2.968699504135801035e-07 9.999999999999999547e-08
5.511960934837707464e+04 3.304360291097809039e-07 9.999999999999999547e-08
5.512878587577315920e+04 1.938789639871795611e-07 9.999999999999999547e-08
5.513796247294187197e+04 2.424078737163561172e-07 9.999999999999999547e-08
5.514713915345892747e+04 9.704127517105280480e-08 9.999999999999999547e-08
5.515631593008466734e+04 7.721855718760235852e-08 9.999999999999999547e-08
5.516549281331323436e+04 3.370663036635752553e-08 9.999999999999999547e-08
5.517466980907338439e+04 1.513746287439622438e-08 9.999999999999999547e-08
5.518384692165198794e+04 -1.556408200261277166e-08 9.999999999999999547e-08
5.519302415243722498e+04 1.725008815155288246e-07 9.999999999999999547e-08
5.520220149887411389e+04 1.502739028739053336e-07 9.999999999999999547e-08
5.521137895571075205e+04 3.287186065911875658e-07 9.999999999999999547e-08
5.522055651472295722e+04 1.173494038498460961e-07 9.999999999999999547e-08
5.522973416362749413e+04 2.445043767959495989e-07 9.999999999999999547e-08
5.523891188926988252e+04 1.595433277597079099e-07 9.999999999999999547e-08
5.524808967680528440e+04 7.160787043212033649e-08 9.999999999999999547e-08
5.525726750837257714e+04 1.439089810321525822e-07 9.999999999999999547e-08
5.526644536611053627e+04 1.284165714018762475e-07 9.999999999999999547e-08
5.527562323158141953e+04 1.913763888509450587e-07 9.999999999999999547e-08
5.528480108585712151e+04 7.702623092126182135e-11 9.999999999999999547e-08
5.529397891175562108e+04 -6.471074254818327915e-08 9.999999999999999547e-08
5.530315669269840146e+04 3.419749388910254596e-08 9.999999999999999547e-08
5.531233441228326410e+04 4.580029267684968180e-08 9.999999999999999547e-08
5.532151205681647116e+04 2.007554336981827447e-08 9.999999999999999547e-08
5.533068961499228317e+04 -2.730930864210507375e-08 9.999999999999999547e-08
5.533986707672454941e+04 1.199233019685011921e-07 9.999999999999999547e-08
5.534904443533453741e+04 3.718482538139160502e-08 9.999999999999999547e-08
5.535822168580482685e+04 2.096632089400210477e-07 9.999999999999999547e-08
5.536739882489175943e+04 1.173555291471876555e-08 9.999999999999999547e-08
5.537657585354444745e+04 -1.127327029137783481e-07 9.999999999999999547e-08
5.538575277489314612e+04 -4.916429539835123804e-08 9.999999999999999547e-08
5.539492959346648422e+04 -9.245102044788568256e-08 9.999999999999999547e-08
5.540410631672462478e+04 -2.558294348657214720e-08 9.999999999999999547e-08
5.541328295431687002e+04 5.542186115628558944e-08 9.999999999999999547e-08
5.542245951736166899e+04 8.435794410528797089e-08 9.999999999999999547e-08
5.543163602003111009e+04 -1.198049655261430238e-07 9.999999999999999547e-08
5.544081247754600190e+04 -2.594159956918881229e-07 9.999999999999999547e-08
5.544998890484540607e+04 6.386120212665298204e-08 9.999999999999999547e-08
5.545916531948653574e+04 -6.903145392512952397e-08 9.999999999999999547e-08
5.546834173935174476e+04 -1.449814875661583698e-07 9.999999999999999547e-08
5.547751818199059198e+04 3.269147748889205928e-08 9.999999999999999547e-08
5.548669466536255641e+04 -1.195936139360341710e-07 9.999999999999999547e-08
5.549587120579559269e+04 -1.148172097730870293e-07 9.999999999999999547e-08
5.550504781801769423e+04 -3.894940476928318088e-08 9.999999999999999547e-08
5.551422451679061487e+04 -1.371381406308502059e-07 9.999999999999999547e-08
5.552340131442520214e+04 -1.907477222920160438e-07 9.999999999999999547e-08
5.553257821928897465e+04 -1.178628319903054836e-07 9.999999999999999547e-08
5.554175523822393734e+04 -2.153547329074957065e-08 9.999999999999999547e-08
5.555093237446961575e+04 -1.346223151240284178e-07 9.999999999999999547e-08
5.556010962828432821e+04 1.513773915552862477e-07 9.999999999999999547e-08
5.556928699748121289e+04 -2.296376690223436952e-07 9.999999999999999547e-08
5.557846447586377326e+04 4.916410550363695757e-09 9.999999999999999547e-08
5.558764205332013080e+04 -1.189792984009036108e-07 9.999999999999999547e-08
5.559681971864077786e+04 -1.167032882432300590e-07 9.999999999999999547e-08
5.560599745821982651e+04 -2.966486645898685799e-07 9.999999999999999547e-08
5.561517525568135170e+04 -8.590920888520592167e-08 9.999999999999999547e-08
5.562435309420879639e+04 -1.500593785561725554e-07 9.999999999999999547e-08
5.563353095514191227e+04 -6.215423894894114046e-08 9.999999999999999547e-08
5.564270881924826972e+04 -6.271429885141993998e-08 9.999999999999999547e-08
5.565188666948263563e+04 1.103265983820192742e-07 9.999999999999999547e-08
5.566106448805970285e+04 -6.187941644787083610e-08 9.999999999999999547e-08
5.567024225767462485e+04 -1.431314522851438063e-07 9.999999999999999547e-08
5.567941996329782705e+04 -2.207742980625310273e-08 9.999999999999999547e-08
5.568859759161900001e+04 -3.067801088290320606e-08 9.999999999999999547e-08
5.569777513086287945e+04 -1.115932800998170049e-07 9.999999999999999547e-08
5.570695257287651475e+04 -9.682935007982195843e-09 9.999999999999999547e-08
5.571612991042140493e+04 -2.595591688088185023e-08 9.999999999999999547e-08
5.572530713816865318e+04 -1.717866055663854131e-07 9.999999999999999547e-08
5.573448425526715437e+04 -1.055037079112236605e-08 9.999999999999999547e-08
5.574366126242691826e+04 -2.219947134940659684e-07 9.999999999999999547e-08
5.575283816252209363e+04 -2.276515856976445349e-07 9.999999999999999547e-08
5.576201496166575089e+04 -2.311737305015402544e-07 9.999999999999999547e-08
5.577119166695605963e+04 -5.648602486436603531e-08 9.999999999999999547e-08
5.578036828820647497e+04 5.353262004624928763e-08 9.999999999999999547e-08
5.578954483839797467e+04 -1.105378308278493705e-07 9.999999999999999547e-08
5.579872133114220924e+04 -5.515024573565188285e-08 9.999999999999999547e-08
5.580789778079186362e+04 -2.018666917043669839e-07 9.999999999999999547e-08
5.581707420436696702e+04 -1.427904869876849514e-07 9.999999999999999547e-08
5.582625061867439945e+04 -2.295716352825032081e-07 9.999999999999999547e-08
