1.000000000000000000e+00 -4.914421185304987603e+02 8.714618253031902739e+00 -3.520409996292720898e+05 -1.520818089884001758e+13 -6.658727983230468194e-06 1.156733430141164457e-07 1.222925214857176758e-06
1.000000000000000000e+00 -4.810079087685246009e+02 -7.490630549951639239e+00 -3.552714154717648635e+05 -1.548856958865629297e+13 -6.577155916442712850e-06 -1.003391269526340567e-07 1.171517838290630600e-06
1.000000000000000000e+00 -4.587068522823637409e+02 -2.350426939867640641e+01 -3.585018414746431517e+05 -1.577152033790740039e+13 -6.329250322443394335e-06 -3.177092220551640671e-07 1.067765915999215429e-06
1.000000000000000000e+00 -4.250050145040883081e+02 -3.894974395962109526e+01 -3.617322849427507026e+05 -1.605703381927316992e+13 -5.917073713983257339e-06 -5.312311744003684363e-07 9.216094648905156150e-07
1.000000000000000000e+00 -3.805934003615254824e+02 -5.342355553601738904e+01 -3.649627532971515320e+05 -1.634511073900975977e+13 -5.346079974492949389e-06 -7.351449986359014376e-07 7.470333252131069027e-07
1.000000000000000000e+00 -3.265834780210518602e+02 -6.653757960555795137e+01 -3.681932532284188201e+05 -1.663575176089838477e+13 -4.628024931767377445e-06 -9.237075622331644018e-07 5.614268105882394880e-07
1.000000000000000000e+00 -2.642852851694336209e+02 -7.797188869694157631e+01 -3.714237904144118656e+05 -1.692895747762327539e+13 -3.778055685187491121e-06 -1.091941686137306473e-06 3.831416317564328892e-07
1.000000000000000000e+00 -1.951796628252192818e+02 -8.741055109806642065e+01 -3.746543702009496046e+05 -1.722472846934544531e+13 -2.814433685079932603e-06 -1.234770756305043062e-06 2.299515871274497958e-07
1.000000000000000000e+00 -1.210831965528424803e+02 -9.458594905607729686e+01 -3.778849969045332982e+05 -1.752306523771941602e+13 -1.761039839591551237e-06 -1.347652587550527041e-06 1.176545813037205170e-07
1.000000000000000000e+00 -4.389172230465714364e+01 -9.932550098706047947e+01 -3.811156728826382896e+05 -1.782396811485218359e+13 -6.438209218515381663e-07 -1.427280220573283238e-06 5.768064526842471598e-08
1.000000000000000000e+00 3.445983937306587563e+01 -1.014848770656834205e+02 -3.843463996958425851e+05 -1.812743736515910156e+13 5.097552646811740550e-07 -1.470671990980102451e-06 5.604786312328636613e-08
1.000000000000000000e+00 1.118570220160902124e+02 -1.009905745532930439e+02 -3.875771775267678895e+05 -1.843347312693360156e+13 1.668580263855713424e-06 -1.475810897300697705e-06 1.128627716331412455e-07
1.000000000000000000e+00 1.862840434790177824e+02 -9.787672034521096975e+01 -3.908080048812425812e+05 -1.874207537822148047e+13 2.801978255885806328e-06 -1.442230027640756188e-06 2.221949515024059390e-07
1.000000000000000000e+00 2.558595108699790330e+02 -9.221197861734376033e+01 -3.940388794349951786e+05 -1.905324401205443750e+13 3.880308851749701196e-06 -1.369992186933200804e-06 3.727289051494064225e-07
1.000000000000000000e+00 3.187029881180057487e+02 -8.413819578934861454e+01 -3.972697972035650746e+05 -1.936697875222476953e+13 4.873010395767809414e-06 -1.260289789746640214e-06 5.485711131170095106e-07
1.000000000000000000e+00 3.732102346191153401e+02 -7.389623305561417510e+01 -4.005007526751123951e+05 -1.968327915975706250e+13 5.752843178645304358e-06 -1.115879530518710324e-06 7.315280153759957935e-07
1.000000000000000000e+00 4.180612843187068961e+02 -6.174563104559531013e+01 -4.037317399393508676e+05 -2.000214473871380469e+13 6.496186694713288102e-06 -9.399198058057852444e-07 9.031299045364384960e-07
1.000000000000000000e+00 4.520748152466916849e+02 -4.800040086774004067e+01 -4.069627523223086610e+05 -2.032357489813525000e+13 7.080935347929245798e-06 -7.365312876176169868e-07 1.045698375982811410e-06
1.000000000000000000e+00 4.744591605843707498e+02 -3.304659608940401938e+01 -4.101937821206914377e+05 -2.064756892226883984e+13 7.490547508431306287e-06 -5.111018810603939899e-07 1.144877642428758802e-06
1.000000000000000000e+00 4.847783358250855485e+02 -1.725763655802244045e+01 -4.134248215814007563e+05 -2.097412606587470312e+13 7.713747256263137398e-06 -2.690106912113752356e-07 1.191077606287589914e-06
1.000000000000000000e+00 4.827854928407514876e+02 -1.030792660637244396e+00 -4.166558627023076988e+05 -2.130324553365542969e+13 7.742074791821312464e-06 -1.619349117319561183e-08 1.179760146922764864e-06
1.000000000000000000e+00 4.686446963297008210e+02 1.519924931793231870e+01 -4.198868971990519203e+05 -2.163492647584716797e+13 7.573588117569655693e-06 2.406279856522291346e-07 1.112758048462576160e-06
1.000000000000000000e+00 4.428564699944509471e+02 3.104468763060653913e+01 -4.231179178996017436e+05 -2.196916813191763281e+13 7.211906119730898167e-06 4.952681333497247278e-07 9.974327059960306192e-07
1.000000000000000000e+00 4.060747534876589953e+02 4.612399163188143092e+01 -4.263489176983336220e+05 -2.230596972553435156e+13 6.663414169477871913e-06 7.414531654828616716e-07 8.450927380399589761e-07
1.000000000000000000e+00 3.593089552481015971e+02 6.004951693453055839e+01 -4.295798896722454811e+05 -2.264533047708071875e+13 5.940700218731551316e-06 9.726243416357294687e-07 6.710390111442954155e-07
1.000000000000000000e+00 3.038207024373531340e+02 7.250769048678010620e+01 -4.328108281268753344e+05 -2.298724971548110938e+13 5.061055907239591693e-06 1.183242781856877828e-06 4.927304908747238535e-07
1.000000000000000000e+00 2.409347260771585297e+02 8.321263319088673427e+01 -4.360417281978607643e+05 -2.333172684043275781e+13 4.043459576529869317e-06 1.368072116824176763e-06 3.274294112324139776e-07
1.000000000000000000e+00 1.722344687239280177e+02 9.189444983064930739e+01 -4.392725858509316458e+05 -2.367876132569656641e+13 2.911922580741224748e-06 1.522001416985201860e-06 1.911859854116740008e-07
1.000000000000000000e+00 9.944176922290040466e+01 9.837375400230575906e+01 -4.425033984131804318e+05 -2.402835278008554688e+13 1.693601020521353086e-06 1.641298335983672552e-06 9.707959323111775623e-08
1.000000000000000000e+00 2.423078895901191743e+01 1.025094542329919562e+02 -4.457341639421797008e+05 -2.438050088384718359e+13 4.156895734054902078e-07 1.722786730173420235e-06 5.401013332056519535e-08
1.000000000000000000e+00 -5.157394879770527041e+01 1.041884636399494326e+02 -4.489648812425936921e+05 -2.473520539339019922e+13 -8.911861114618508051e-07 1.763695794040780335e-06 6.619552888815690081e-08
1.000000000000000000e+00 -1.261283555399581218e+02 1.033946916636801490e+02 -4.521955508788853767e+05 -2.509246625663732812e+13 -2.195152377111250690e-06 1.762853416225234839e-06 1.324742331926149187e-07
1.000000000000000000e+00 -1.977461443487001134e+02 1.001514948898429225e+02 -4.554261744614422205e+05 -2.545228354020986328e+13 -3.466184414669997506e-06 1.719757044848386572e-06 2.466463849778173891e-07
1.000000000000000000e+00 -2.646952954081393727e+02 9.451336106165013007e+01 -4.586567541153106722e+05 -2.581465737377134375e+13 -4.672611456397137331e-06 1.634453897532738119e-06 3.979851272098163450e-07
1.000000000000000000e+00 -3.253371746164262390e+02 8.663006127132990741e+01 -4.618872933933028835e+05 -2.617958805557669922e+13 -5.783561518423418585e-06 1.508677142682226742e-06 5.721958041463087696e-07
1.000000000000000000e+00 -3.782913282979948804e+02 7.668418611755839720e+01 -4.651177965123075410e+05 -2.654707597095532812e+13 -6.771969551015265124e-06 1.344808494534264681e-06 7.529933937896966462e-07
1.000000000000000000e+00 -4.222262755196828152e+02 6.488444702456759217e+01 -4.683482684861071175e+05 -2.691712161020999609e+13 -7.610966828417590638e-06 1.145779903956327249e-06 9.229136038139503722e-07
1.000000000000000000e+00 -4.560056932682292086e+02 5.152542948522131638e+01 -4.715787156400339445e+05 -2.728972563134062891e+13 -8.276564692914493952e-06 9.161519069587095166e-07 1.065425787280928478e-06
1.000000000000000000e+00 -4.788360215767069690e+02 3.692041874054273620e+01 -4.748091445816537016e+05 -2.766488874529629688e+13 -8.750473265179667775e-06 6.609633317454667853e-07 1.167121522309662064e-06
1.000000000000000000e+00 -4.900500683622068436e+02 2.139533333670580717e+01 -4.780395620181452832e+05 -2.804261169566810547e+13 -9.016333096238644080e-06 3.856333375308731627e-07 1.217795653623749365e-06
1.000000000000000000e+00 -4.892561499610329179e+02 5.344078972192590982e+00 -4.812699755531897536e+05 -2.842289535320932031e+13 -9.062556265961475906e-06 9.697355348327505681e-08 1.211883304462749337e-06
1.000000000000000000e+00 -4.764614757898863786e+02 -1.084306983164844418e+01 -4.845003929730914533e+05 -2.880574063450246094e+13 -8.884798423027199857e-06 -1.980788301890464795e-07 1.149756791483938563e-06
1.000000000000000000e+00 -4.518432232969403231e+02 -2.678545744609331436e+01 -4.877308217819186975e+05 -2.919114844703869922e+13 -8.481909383184451482e-06 -4.925733862752358092e-07 1.036882648988173758e-06
1.000000000000000000e+00 -4.158923078549858587e+02 -4.206110640263744926e+01 -4.909612698157805717e+05 -2.957911976211626953e+13 -7.858755463500906435e-06 -7.786093239088445292e-07 8.840424253285422451e-07
1.000000000000000000e+00 -3.695039634444157741e+02 -5.628178859365306863e+01 -4.941917440640880959e+05 -2.996965547319070312e+13 -7.028137358881178419e-06 -1.048709133710052688e-06 7.064913463553090207e-07
1.000000000000000000e+00 -3.137279576873257270e+02 -6.909763537879629780e+01 -4.974222508189706714e+05 -3.036275641075952344e+13 -6.006259397031794633e-06 -1.295925596456283570e-06 5.214681926695840211e-07
1.000000000000000000e+00 -2.498972599530891614e+02 -8.014955534901906731e+01 -5.006527962397429510e+05 -3.075842340895646484e+13 -4.815304930950267810e-06 -1.512966937469590177e-06 3.473479064611475776e-07
1.000000000000000000e+00 -1.796805484837902895e+02 -8.914529373054968175e+01 -5.038833853069804609e+05 -3.115665717568001172e+13 -3.484630687388653967e-06 -1.693636219993314650e-06 2.020109283548882480e-07
1.000000000000000000e+00 -1.048069934689984706e+02 -9.585898935140319566e+01 -5.071140215734992526e+05 -3.155745825692823047e+13 -2.045603864604683256e-06 -1.832863568265690560e-06 1.002263455459002617e-07
1.000000000000000000e+00 -2.717697043245560096e+01 -1.000842229400505232e+02 -5.103447077122047776e+05 -3.196082709975810547e+13 -5.338144321930839365e-07 -1.925843141428900589e-06 5.240839332907846553e-08
1.000000000000000000e+00 5.111812988246526857e+01 -1.017073770258415379e+02 -5.135754448520304286e+05 -3.236676396509604297e+13 1.010426812203847749e-06 -1.969465508631331114e-06 6.347631331847891151e-08
1.000000000000000000e+00 1.280889599456723715e+02 -1.006975306388009415e+02 -5.168062326111318544e+05 -3.277526892582723828e+13 2.547798605998703837e-06 -1.962177255732854819e-06 1.322937716774040081e-07
1.000000000000000000e+00 2.017440035030539889e+02 -9.705680127378487043e+01 -5.200370698273731978e+05 -3.318634195403856641e+13 4.037946786075913645e-06 -1.903057676457143717e-06 2.518062716892492930e-07
1.000000000000000000e+00 2.700841684023785660e+02 -9.088797341148506348e+01 -5.232679535290113417e+05 -3.359998278573643359e+13 5.439373983088723450e-06 -1.793173169158213701e-06 4.094250721861247417e-07
1.000000000000000000e+00 3.313931119669658187e+02 -8.237232744007337715e+01 -5.264988791173109785e+05 -3.401619093726885547e+13 6.715317981906952697e-06 -1.635198432974025481e-06 5.888679267555155890e-07
1.000000000000000000e+00 3.841168408991335923e+02 -7.171592362710622126e+01 -5.297298415784933604e+05 -3.443496585643929297e+13 7.831472752060976788e-06 -1.432391414188591910e-06 7.717689589982421061e-07
1.000000000000000000e+00 4.268507344768918301e+02 -5.921127798997303415e+01 -5.329608345706219552e+05 -3.485630680142299609e+13 8.755823173515379928e-06 -1.189847779195242597e-06 9.392589802727653748e-07
1.000000000000000000e+00 4.586051512923458517e+02 -4.520508645738289744e+01 -5.361918509880714118e+05 -3.528021290978214062e+13 9.464219230107516896e-06 -9.139010738658986199e-07 1.074583942463204027e-06
1.000000000000000000e+00 4.786493198947404153e+02 -3.004250974207187497e+01 -5.394228835093934322e+05 -3.570668326796855469e+13 9.937393017417280942e-06 -6.110225678900957540e-07 1.164169226018135372e-06
1.000000000000000000e+00 4.864793869780786508e+02 -1.412555706747571627e+01 -5.426539240660534706e+05 -3.613571683971328125e+13 1.016045238172264056e-05 -2.890148819477538362e-07 1.198909642735595921e-06
1.000000000000000000e+00 4.820497188746714414e+02 2.124337800573578683e+00 -5.458849643404870294e+05 -3.656731252979101562e+13 1.012788170671364344e-05 4.372364742132063826e-08 1.176156543133519787e-06
1.000000000000000000e+00 4.655766947293760154e+02 1.832001927031034683e+01 -5.491159968784279190e+05 -3.700146933293821875e+13 9.839680172219506541e-06 3.792989985646776178e-07 1.098794450817022732e-06
1.000000000000000000e+00 4.374917455664569843e+02 3.405009916292439698e+01 -5.523470141094005667e+05 -3.743818620449367188e+13 9.300526355375101904e-06 7.091238067669860858e-07 9.745204997801542739e-07
1.000000000000000000e+00 3.986435231201080001e+02 4.891716577307658298e+01 -5.555780087285566842e+05 -3.787746211200265625e+13 8.524234980758539919e-06 1.024702999241855313e-06 8.161027769616519835e-07
1.000000000000000000e+00 3.500708978640597024e+02 6.258604585352528460e+01 -5.588089745931840735e+05 -3.831929615922328125e+13 7.529134139468660690e-06 1.318659173775029212e-06 6.393383092456912368e-07
1.000000000000000000e+00 2.929528642142583408e+02 7.472300578503471513e+01 -5.620399058428035351e+05 -3.876368746936146875e+13 6.337099916352535087e-06 1.583482105358019388e-06 4.614743698855045835e-07
1.000000000000000000e+00 2.287929977438171818e+02 8.503311844990400914e+01 -5.652707976794563001e+05 -3.921063529444135156e+13 4.977656605191326775e-06 1.812326040137431531e-06 3.000702322326961046e-07
1.000000000000000000e+00 1.591750593752836380e+02 9.330148730324405904e+01 -5.685016467329550069e+05 -3.966013907048002344e+13 3.482830999919133487e-06 1.999916981065105266e-06 1.705579147058121898e-07
1.000000000000000000e+00 8.571990385388119194e+01 9.932955949616510338e+01 -5.717324501311646309e+05 -4.011219829269228125e+13 1.886253990101607969e-06 2.141228553010396121e-06 8.512954246582246216e-08
1.000000000000000000e+00 1.026137390370991831e+01 1.029722289703998683e+02 -5.749632059482627083e+05 -4.056681258071998438e+13 2.270759919265151392e-07 2.232296309652662870e-06 5.203075241006236594e-08
1.000000000000000000e+00 -6.540539724160960589e+01 1.041719325791816573e+02 -5.781939138522113208e+05 -4.102398177426276562e+13 -1.455501835450468496e-06 2.270993604814463716e-06 7.437585354992335598e-08
1.000000000000000000e+00 -1.395553072763843261e+02 1.028922168411036751e+02 -5.814245743078619707e+05 -4.148370582568242969e+13 -3.122952615328612949e-06 2.255628545367254161e-06 1.500193167213260280e-07
1.000000000000000000e+00 -2.103616704527736943e+02 9.915568396542992957e+01 -5.846551888093900634e+05 -4.194598483651401562e+13 -4.733605632548833282e-06 2.185793333794957104e-06 2.717215345879792559e-07
1.000000000000000000e+00 -2.761499851183891678e+02 9.307143533788212153e+01 -5.878857603119378909e+05 -4.241081912382503125e+13 -6.248325115746344985e-06 2.063008544069419493e-06 4.280351823432614844e-07
1.000000000000000000e+00 -3.354161269336834721e+02 8.476608950754251737e+01 -5.911162921026860131e+05 -4.287820906222703125e+13 -7.631018791117381354e-06 1.889238346049291207e-06 6.043914493233424294e-07
1.000000000000000000e+00 -3.866574863357816980e+02 7.442295441036020520e+01 -5.943467884815339930e+05 -4.334815518448139844e+13 -8.844881065272427011e-06 1.667778999543187291e-06 7.837438921894930084e-07
1.000000000000000000e+00 -4.286262802884593270e+02 6.230309148610237457e+01 -5.975772552093486302e+05 -4.382065825125423438e+13 -9.858220056561090532e-06 1.403767974482288370e-06 9.488450163937148394e-07
1.000000000000000000e+00 -4.603327390715994056e+02 4.867393808878341588e+01 -6.008076982794255018e+05 -4.429571907575465625e+13 -1.064468969493493550e-05 1.102614370106712673e-06 1.084066631673174247e-06
1.000000000000000000e+00 -4.808766976755312044e+02 3.384905348983933493e+01 -6.040381242661271244e+05 -4.477333857634037500e+13 -1.117953491467626823e-05 7.709080018161416694e-07 1.175997480060046390e-06
1.000000000000000000e+00 -4.896974650497216430e+02 1.820266944771156048e+01 -6.072685405075050658e+05 -4.525351780603864844e+13 -1.144548743170387059e-05 4.167806424909023419e-07 1.215488097067088575e-06
1.000000000000000000e+00 -4.865565238343315286e+02 2.096345554225472974e+00 -6.104989542752008419e+05 -4.573625783119778906e+13 -1.143257023794474916e-05 4.825468337132754362e-08 1.198443893631973734e-06
1.000000000000000000e+00 -4.713639276767348179e+02 -1.408177115052654216e+01 -6.137293732227026485e+05 -4.622155979874246094e+13 -1.113419715085525434e-05 -3.258561075709224352e-07 1.125645879971118355e-06
1.000000000000000000e+00 -4.444188931690082427e+02 -2.990895281252935334e+01 -6.169598055181584787e+05 -4.670942495779782031e+13 -1.055297813281560156e-05 -6.957444532829485652e-07 1.004024913970683976e-06
1.000000000000000000e+00 -4.063626978100525662e+02 -4.500199192926088188e+01 -6.201902583169977879e+05 -4.719985442924618750e+13 -9.699836837023435260e-06 -1.052321277662101795e-06 8.456451523153238916e-07
1.000000000000000000e+00 -3.579913351238051291e+02 -5.897852574611476939e+01 -6.234207384426110657e+05 -4.769284930585932031e+13 -8.589728045379534379e-06 -1.386330671868362453e-06 6.656467287393710602e-07
1.000000000000000000e+00 -3.004788902632748204e+02 -7.145452588646271863e+01 -6.266512526519821258e+05 -4.818841069183582812e+13 -7.247121335737495948e-06 -1.688291089012238109e-06 4.818875867303558137e-07
1.000000000000000000e+00 -2.352918658660534561e+02 -8.211669189941356706e+01 -6.298818064403482713e+05 -4.868653951775158594e+13 -5.704159120070096526e-06 -1.950213613901207184e-06 3.130020562955016882e-07
1.000000000000000000e+00 -1.639820543579683942e+02 -9.068219859671847871e+01 -6.331124045890644193e+05 -4.918723662068668750e+13 -3.995791323266733961e-06 -2.164684153718026662e-06 1.760353310351058205e-07
1.000000000000000000e+00 -8.838833856600037109e+01 -9.689874811371024066e+01 -6.363430508501655422e+05 -4.969050269213235156e+13 -2.164770844545880248e-06 -2.324883236939926345e-06 8.515374982672608552e-08
1.000000000000000000e+00 -1.051269363709218929e+01 -1.006117250025456542e+02 -6.395737471494736383e+05 -5.019633814882392969e+13 -2.587797511484399715e-07 -2.426224020058709601e-06 4.974447900702289817e-08
1.000000000000000000e+00 6.770179900765815262e+01 -1.017182554046473513e+02 -6.428044943170865299e+05 -5.070474324074400000e+13 1.674961263051064056e-06 -2.465298330331971280e-06 7.345523183114447114e-08
1.000000000000000000e+00 1.441840743133907381e+02 -1.001658420285371847e+02 -6.460352963540680939e+05 -5.121571872327888281e+13 3.585082827764447079e-06 -2.439874942279124967e-06 1.539693796028067387e-07
1.000000000000000000e+00 2.168818308285487149e+02 -9.601129705677064408e+01 -6.492661431830486981e+05 -5.172926312115285938e+13 5.419654247638521085e-06 -2.350372881185969648e-06 2.829218484885999194e-07
1.000000000000000000e+00 2.839800051451634886e+02 -8.936562992641864867e+01 -6.524970355345138814e+05 -5.224537665789708594e+13 7.131681829074139831e-06 -2.198572229485124103e-06 4.470508107892472972e-07
1.000000000000000000e+00 3.437098149979717050e+02 -8.038879913125136056e+01 -6.557279691251675831e+05 -5.276405875247936719e+13 8.674436978468031868e-06 -1.987517327059237557e-06 6.293512038665162705e-07
1.000000000000000000e+00 3.944947331236940613e+02 -6.934010138165460546e+01 -6.589589381775372894e+05 -5.328530856863627344e+13 1.000518714253028126e-05 -1.722798558066551278e-06 8.110377623480998593e-07
1.000000000000000000e+00 4.351407731550954168e+02 -5.651398292741234997e+01 -6.621899363496904261e+05 -5.380912516004471875e+13 1.109016503795394401e-05 -1.411010243062953303e-06 9.739592004047279368e-07
1.000000000000000000e+00 4.646230325050574947e+02 -4.223207761419652684e+01 -6.654209568514385028e+05 -5.433550748706108594e+13 1.189933971311816290e-05 -1.059572298943464766e-06 1.101475861879980578e-06
1.000000000000000000e+00 4.822122138791330599e+02 -2.688772724812245940e+01 -6.686519916640500305e+05 -5.486445428689471094e+13 1.240977772281284293e-05 -6.778692141896251885e-07 1.180593790983160138e-06
1.000000000000000000e+00 4.876243990229848464e+02 -1.087650656739893940e+01 -6.718830327189933741e+05 -5.539596426310842188e+13 1.260970004153893508e-05 -2.755337318678305321e-07 1.204108912009202349e-06
1.000000000000000000e+00 4.807769439035739651e+02 5.410402277982296226e+00 -6.751140722465637373e+05 -5.593003614318513281e+13 1.249241626050748977e-05 1.377204369791542168e-07 1.170076565968781691e-06
1.000000000000000000e+00 4.618940929999082528e+02 2.154413236752146332e+01 -6.783451023608482210e+05 -5.646666861061610938e+13 1.205920716073803613e-05 5.510250930869810382e-07 1.082180745906368580e-06
1.000000000000000000e+00 4.316195834919004710e+02 3.712809094779144203e+01 -6.815761156075834297e+05 -5.700586039608405469e+13 1.132246946756001065e-05 9.541324281062117916e-07 9.497751109574834181e-07
1.000000000000000000e+00 3.907473561747623876e+02 5.179919255991547544e+01 -6.848071052629876649e+05 -5.754761032939936719e+13 1.029887909678336335e-05 1.337466527828978995e-06 7.859300873222830615e-07
1.000000000000000000e+00 3.403169941776431529e+02 6.518616098984583118e+01 -6.880380646364860004e+05 -5.809191722465315625e+13 9.012011891060367515e-06 1.691062054488303472e-06 6.068315952175622162e-07
1.000000000000000000e+00 2.817012376563822045e+02 7.697697188534571922e+01 -6.912689882660460426e+05 -5.863878008314464844e+13 7.494824760134773784e-06 2.006317082761201072e-06 4.304141732658428233e-07
1.000000000000000000e+00 2.163227328641130782e+02 8.691270558818051484e+01 -6.944998720841947943e+05 -5.918819812654969531e+13 5.782291539727923606e-06 2.275868233054379892e-06 2.735687291652887147e-07
1.000000000000000000e+00 1.457518250490692537e+02 9.474591461486173216e+01 -6.977307122890908504e+05 -5.974017060913133594e+13 3.914060148166205015e-06 2.492527775510842098e-06 1.511624495672704070e-07
1.000000000000000000e+00 7.177993682725919200e+01 1.003049002285667655e+02 -7.009615062742329901e+05 -6.029469697873497656e+13 1.936524048869478896e-06 2.650989413857020880e-06 7.495212301008143039e-08
1.000000000000000000e+00 -3.867992653884519960e+00 1.034800856328307503e+02 -7.041922527114690747e+05 -6.085177689587396094e+13 -1.048340918124499785e-07 2.747512622791458903e-06 5.208483425145117966e-08
1.000000000000000000e+00 -7.942593675589948532e+01 1.041827309671279949e+02 -7.074229510529325344e+05 -6.141141015232407812e+13 -2.162554917430407187e-06 2.778859295091712519e-06 8.466877023720992398e-08
1.000000000000000000e+00 -1.530222918700710579e+02 1.024066362275158042e+02 -7.106536021619237727e+05 -6.197359678425100781e+13 -4.185412989446867675e-06 2.743959751730442368e-06 1.694635701334122849e-07
1.000000000000000000e+00 -2.229657202842055028e+02 9.820791042988507513e+01 -7.138842081136852503e+05 -6.253833704289942969e+13 -6.126205017801167582e-06 2.643418467738285074e-06 2.984451494200794864e-07
1.000000000000000000e+00 -2.876252958548383845e+02 9.166402177316679456e+01 -7.171147713653002866e+05 -6.310563125330066406e+13 -7.938553949586319835e-06 2.478444798853186580e-06 4.595411280602770481e-07
1.000000000000000000e+00 -3.453738779182276062e+02 8.293346917652172579e+01 -7.203452955857950728e+05 -6.367547996254121875e+13 -9.575376626645022750e-06 2.252486677703091012e-06 6.372479183337785045e-07
1.000000000000000000e+00 -3.948682187296146253e+02 7.222982322594469906e+01 -7.235757857889507432e+05 -6.424788396815232031e+13 -1.099668688606438908e-05 1.970571743398334521e-06 8.146545613549451666e-07
1.000000000000000000e+00 -4.349158966602390137e+02 5.978058381425815782e+01 -7.268062472707814304e+05 -6.482284413391072656e+13 -1.216604973000874799e-05 1.638213414340991535e-06 9.747933079147715892e-07
1.000000000000000000e+00 -4.644258177919775790e+02 4.588471265152590206e+01 -7.300366863898248412e+05 -6.540036153076182812e+13 -1.304928431381533263e-05 1.263002981106172543e-06 1.101926268226247142e-06
1.000000000000000000e+00 -4.826779432044019131e+02 3.088132018382274424e+01 -7.332671100524817593e+05 -6.598043734841160938e+13 -1.362213916799960463e-05 8.537873934797642162e-07 1.183892768741879978e-06
1.000000000000000000e+00 -4.891740374075652085e+02 1.510780602355882962e+01 -7.364975250987443142e+05 -6.656307278646494531e+13 -1.386629210360048745e-05 4.195312982463226823e-07 1.212438518219005444e-06
1.000000000000000000e+00 -4.835911634294474766e+02 -1.045275660100402293e+00 -7.397279392319063190e+05 -6.714826922294971094e+13 -1.376816406260750307e-05 -2.915375729535017087e-08 1.183847530262660725e-06
1.000000000000000000e+00 -4.660340444873026513e+02 -1.717087870576016684e+01 -7.429583605039028917e+05 -6.773602812389510938e+13 -1.332624433406350426e-05 -4.810039786774643197e-07 1.100772318478292897e-06
1.000000000000000000e+00 -4.368629079897445422e+02 -3.288764113834761815e+01 -7.461887963025895879e+05 -6.832635085924991406e+13 -1.254641215422902977e-05 -9.252798893579091715e-07 9.712162850103071281e-07
1.000000000000000000e+00 -3.966413602125953162e+02 -4.778774088945099408e+01 -7.494192539328126004e+05 -6.891923880712471875e+13 -1.144059203782240971e-05 -1.350308560889517516e-06 8.074266530723991946e-07
1.000000000000000000e+00 -3.463629783242876670e+02 -6.147838617240827119e+01 -7.526497405666044215e+05 -6.951469334426332812e+13 -1.003344410248177756e-05 -1.744644915116448580e-06 6.256786898978670843e-07
1.000000000000000000e+00 -2.872481080295358424e+02 -7.362217300387443686e+01 -7.558802621972613269e+05 -7.011271565148468750e+13 -8.356719707159123171e-06 -2.098231056930809675e-06 4.440372391196134808e-07
1.000000000000000000e+00 -2.206768892576599228e+02 -8.388610348280111850e+01 -7.591108245358429849e+05 -7.071330687603360938e+13 -6.447445673845771153e-06 -2.400970810810589949e-06 2.806720600508182640e-07
1.000000000000000000e+00 -1.483853142144347430e+02 -9.198577503628457919e+01 -7.623414322972983355e+05 -7.131646799689750000e+13 -4.353776173035198878e-06 -2.644002550804937684e-06 1.525328613658923247e-07
1.000000000000000000e+00 -7.222840572610358834e+01 -9.772007786546630825e+01 -7.655720882873509545e+05 -7.192219964929175000e+13 -2.128235945252314663e-06 -2.820730339298673974e-06 7.280247931430155039e-08
1.000000000000000000e+00 5.902632467177983067e+00 -1.009179583986090307e+02 -7.688027946476507932e+05 -7.253050235203153125e+13 1.746571420725361023e-07 -2.925331471935318443e-06 4.965765264625945915e-08
1.000000000000000000e+00 8.390892182311316105e+01 -1.014816318688633601e+02 -7.720335522414966254e+05 -7.314137638850796875e+13 2.493273777949798771e-06 -2.954032651703430340e-06 8.565859865268627719e-08
1.000000000000000000e+00 1.597440211217264334e+02 -9.941167255333338915e+01 -7.752643601059779758e+05 -7.375482169737904688e+13 4.766505358493318103e-06 -2.905888017535963104e-06 1.771938675003488328e-07
1.000000000000000000e+00 2.314986108916424143e+02 -9.474805690337609576e+01 -7.784952162820665399e+05 -7.437083802392937500e+13 6.936333907674806001e-06 -2.781108513834196380e-06 3.149338128031222158e-07
1.000000000000000000e+00 2.972353420708238332e+02 -8.760914445390172034e+01 -7.817261174493781291e+05 -7.498942484604735938e+13 8.942948354489803819e-06 -2.582234833706918098e-06 4.845100836423611192e-07
1.000000000000000000e+00 3.552505243665982562e+02 -7.820579799695011047e+01 -7.849570584613155806e+05 -7.561058127927345312e+13 1.073263303720072123e-05 -2.314603071126414648e-06 6.684715027871493048e-07
1.000000000000000000e+00 4.041365592362034249e+02 -6.677603197280382119e+01 -7.881880338558467338e+05 -7.623430636180689062e+13 1.225980692299370373e-05 -1.984458950558191932e-06 8.483401725423502465e-07
1.000000000000000000e+00 4.426023583713048879e+02 -5.361936944933781035e+01 -7.914190373076355318e+05 -7.686059894683928125e+13 1.348173761004361275e-05 -1.599999582994443679e-06 1.005610697886052900e-06
1.000000000000000000e+00 4.697163747726950760e+02 -3.910248721403231542e+01 -7.946500611963998526e+05 -7.748945761494909375e+13 1.436604674959724149e-05 -1.171580077541885491e-06 1.124332601749963999e-06
1.000000000000000000e+00 4.849280370778893143e+02 -2.359045051642629787e+01 -7.978810978852545377e+05 -7.812088091929307812e+13 1.489159186086269499e-05 -7.096857509776792422e-07 1.193029649352332176e-06
1.000000000000000000e+00 4.878640270356571023e+02 -7.479238984692884173e+00 -8.011121394384787418e+05 -7.875486733004940625e+13 1.504242181557116978e-05 -2.259136109930129962e-07 1.204955452950232137e-06
1.000000000000000000e+00 4.785461182631506745e+02 8.802627793928150979e+00 -8.043431776547214249e+05 -7.939141523978745312e+13 1.481463084701592272e-05 2.669595093246266693e-07 1.159509596839503832e-06
1.000000000000000000e+00 4.573690204293368424e+02 2.486180506643046328e+01 -8.075742050299138064e+05 -8.003052315326378125e+13 1.421591562027221186e-05 7.570189824023752177e-07 1.061921269314975468e-06
1.000000000000000000e+00 4.248775416728060463e+02 4.030557543414107613e+01 -8.108052143256139243e+05 -8.067218960429057812e+13 1.325885320689676320e-05 1.232177666918183202e-06 9.217373242116141099e-07
1.000000000000000000e+00 3.819662211038521491e+02 5.474093713598615807e+01 -8.140361983033848228e+05 -8.131641310372168750e+13 1.196724905270208360e-05 1.680148310387308493e-06 7.530637247559245522e-07
1.000000000000000000e+00 3.298240666066930089e+02 6.783808873406341888e+01 -8.172671509699287126e+05 -8.196319238920021875e+13 1.037461619770071472e-05 2.090399636077452144e-06 5.729337855946040013e-07
1.000000000000000000e+00 2.697046413236748776e+02 7.929118622911710190e+01 -8.204980672284571920e+05 -8.261252635989184375e+13 8.517097844118393568e-06 2.452980815324457272e-06 3.987096362786461568e-07
1.000000000000000000e+00 2.031187082582110293e+02 8.881722636841770679e+01 -8.237289424968392123e+05 -8.326441400284253125e+13 6.439615030424110911e-06 2.758501385337209937e-06 2.471805273104280723e-07
1.000000000000000000e+00 1.317592422333568152e+02 9.621435018887180490e+01 -8.269597737037162296e+05 -8.391885459718860938e+13 4.193639813482214447e-06 2.999963077602189467e-06 1.328627662824251515e-07
1.000000000000000000e+00 5.727457910374711503e+01 1.013170294828328224e+02 -8.301905584750149865e+05 -8.457584755439854688e+13 1.830060090481573091e-06 3.171406502414304472e-06 6.645954924281682340e-08
1.000000000000000000e+00 -1.853807234588402508e+01 1.039952800927571559e+02 -8.334212952003469691e+05 -8.523539243461906250e+13 -5.946409582626151709e-07 3.267908562161062484e-06 5.427294918326306176e-08
1.000000000000000000e+00 -9.381811132543279541e+01 1.042082352342804370e+02 -8.366519840623353375e+05 -8.589748916106135938e+13 -3.021044934367971980e-06 3.287294102533360819e-06 9.731252369404031719e-08
1.000000000000000000e+00 -1.668601411831277517e+02 1.019540663972673116e+02 -8.398826261733076535e+05 -8.656213784915667188e+13 -5.393825076813321715e-06 3.228604321835917542e-06 1.914021528802966237e-07
1.000000000000000000e+00 -2.359163646025428704e+02 9.727011062785845752e+01 -8.431132232598660048e+05 -8.722933874497256250e+13 -7.655430565946136039e-06 3.092124591522049230e-06 3.276357924357120768e-07
1.000000000000000000e+00 -2.992885800344022869e+02 9.028226026171617491e+01 -8.463437784265670925e+05 -8.789909238627570312e+13 -9.749056909984026801e-06 2.880984378716749863e-06 4.930020557900278655e-07
1.000000000000000000e+00 -3.555362819042388765e+02 8.115032726617528169e+01 -8.495742956246705726e+05 -8.857139949722421875e+13 -1.162548136370371514e-05 2.599461046581481548e-06 6.719020222255731363e-07
1.000000000000000000e+00 -4.032735644426681461e+02 7.006898923609446683e+01 -8.528047795027174288e+05 -8.924626096044968750e+13 -1.323655697579937287e-05 2.253030923206539996e-06 8.470880929854151659e-07
1.000000000000000000e+00 -4.412662724566746988e+02 5.731286669263834455e+01 -8.560352360706032487e+05 -8.992367795933865625e+13 -1.453844739318881283e-05 1.849845456653285799e-06 1.001510502988309196e-06
1.000000000000000000e+00 -4.686267451737933811e+02 4.317800162821448851e+01 -8.592656717200676212e+05 -9.060365177686337500e+13 -1.549816164801143316e-05 1.398883907830390048e-06 1.120606501380845164e-06
1.000000000000000000e+00 -4.846021112343362915e+02 2.798294223276367632e+01 -8.624960929258635733e+05 -9.128618373383904688e+13 -1.608674183194706191e-05 9.100016640201264262e-07 1.192539537442152652e-06
1.000000000000000000e+00 -4.886741647008871041e+02 1.210882508689259929e+01 -8.657265072086615255e+05 -9.197127539384264062e+13 -1.628267476571234774e-05 3.952522902540208838e-07 1.209587990158676040e-06
1.000000000000000000e+00 -4.807345692956808989e+02 -4.062446093982355677e+00 -8.689569222883590264e+05 -9.265892838678971875e+13 -1.607789744525283911e-05 -1.330998397513383601e-07 1.169935838305922251e-06
1.000000000000000000e+00 -4.608577451331447037e+02 -2.014746091565754682e+01 -8.721873457354307175e+05 -9.334914433509295312e+13 -1.547042788789226893e-05 -6.625547584782782273e-07 1.076983909598182918e-06
1.000000000000000000e+00 -4.293975421378211763e+02 -3.572653528827822811e+01 -8.754177853693866637e+05 -9.404192493867887500e+13 -1.446773594476819232e-05 -1.179228429231243989e-06 9.394446836339402570e-07
1.000000000000000000e+00 -3.871334601696387381e+02 -5.040790885899902207e+01 -8.786482483954592608e+05 -9.473727178980751562e+13 -1.309186175495627726e-05 -1.669957440374331478e-06 7.709997117604559287e-07
1.000000000000000000e+00 -3.350193634240294500e+02 -6.382650902346872357e+01 -8.818787413382080849e+05 -9.543518635626757812e+13 -1.137115125707960519e-05 -2.122274906952169449e-06 5.879913323141938758e-07
1.000000000000000000e+00 -2.742689650737350462e+02 -7.561320930671443818e+01 -8.851092707055844367e+05 -9.613567012293245312e+13 -9.343276712210501440e-06 -2.523400793371460444e-06 4.085615994654362703e-07
1.000000000000000000e+00 -2.064650048292023428e+02 -8.545935693245178300e+01 -8.883398419430233771e+05 -9.683872436366412500e+13 -7.059131060126245505e-06 -2.862400738248611197e-06 2.512226440377264816e-07
1.000000000000000000e+00 -1.332793694593055704e+02 -9.311212687110531760e+01 -8.915704589519749861e+05 -9.754435003174925000e+13 -4.573453349355207071e-06 -3.130066693482132944e-06 1.320189505465978416e-07
1.000000000000000000e+00 -5.654358744331334208e+01 -9.834435561160331929e+01 -8.948011249366103439e+05 -9.825254793972168750e+13 -1.947311974072498396e-06 -3.317933172838345861e-06 6.318022853971809851e-08
1.000000000000000000e+00 2.167753716871161629e+01 -1.010162195883334419e+02 -8.980318415571242804e+05 -9.896331856998607812e+13 7.492509962859610516e-07 -3.420381284357469694e-06 5.195084216019336812e-08
1.000000000000000000e+00 9.938632463417056329e+01 -1.010632147153072538e+02 -9.012626091123498045e+05 -9.967666210909026562e+13 3.447494944698218473e-06 -3.434283445986943171e-06 9.961328173153651776e-08
1.000000000000000000e+00 1.745883689897840725e+02 -9.846234376229182317e+01 -9.044934269382106140e+05 -1.003925785307790469e+14 6.077799607468869601e-06 -3.357896135129292089e-06 2.014201627378631506e-07
1.000000000000000000e+00 2.452384574055672601e+02 -9.328792145549942916e+01 -9.077242925610183738e+05 -1.011110674035487812e+14 8.567777659716079860e-06 -3.192795105607438753e-06 3.467492044589469378e-07
1.000000000000000000e+00 3.095402648708463289e+02 -8.568956410007696434e+01 -9.109552018801000668e+05 -1.018321279243031875e+14 1.085275062431952213e-05 -2.943178673386052708e-06 5.206528650030026890e-07
1.000000000000000000e+00 3.658695045214127504e+02 -7.585275472177782774e+01 -9.141861502469144762e+05 -1.025557591540184375e+14 1.287319961512494819e-05 -2.614554320224049343e-06 7.054616996479507050e-07
1.000000000000000000e+00 4.127159968536309975e+02 -6.404817267752488874e+01 -9.174171319171973737e+05 -1.032819598922165000e+14 1.457282676281014883e-05 -2.215466888873516239e-06 8.821203685652915499e-07
1.000000000000000000e+00 4.489597780981693518e+02 -5.060072228984935094e+01 -9.206481399015358184e+05 -1.040107286388575156e+14 1.590840975178819161e-05 -1.756475394186825541e-06 1.032809017639271941e-06
1.000000000000000000e+00 4.737619422590427689e+02 -3.584661998916049441e+01 -9.238791670943074860e+05 -1.047420638453828125e+14 1.684616299805898694e-05 -1.248691226143567155e-06 1.142442725537946115e-06
1.000000000000000000e+00 4.864871685866824009e+02 -2.017854765266029560e+01 -9.271102054767833324e+05 -1.054759637329299844e+14 1.735914798625070964e-05 -7.053634315940146400e-07 1.199916875438834489e-06
1.000000000000000000e+00 4.869462500109595453e+02 -4.009730726524983524e+00 -9.303412467646006262e+05 -1.062124264365498438e+14 1.743608411032859286e-05 -1.406530514449745796e-07 1.200228409552202371e-06
1.000000000000000000e+00 4.752477657482045288e+02 1.226777083314361683e+01 -9.335722835200986592e+05 -1.069514502590147344e+14 1.707629651179464738e-05 4.318225108904761133e-07 1.143989880972478213e-06
1.000000000000000000e+00 4.517014642270073637e+02 2.823867990980017595e+01 -9.368033080067801056e+05 -1.076930334107980312e+14 1.628641765517123345e-05 9.974347171644607807e-07 1.036743535587781166e-06
1.000000000000000000e+00 4.170330340354162217e+02 4.350126685946963079e+01 -9.400343126375636784e+05 -1.084371741123053594e+14 1.508828288065100387e-05 1.541832817319856513e-06 8.895796099829185917e-07
1.000000000000000000e+00 3.722029256821227250e+02 5.770388502957973031e+01 -9.432652908546898980e+05 -1.091838707981670625e+14 1.351261149631399872e-05 2.052251501577051322e-06 7.173709635138096796e-07
1.000000000000000000e+00 3.183019995354951561e+02 7.049891259755399631e+01 -9.464962367146696197e+05 -1.099331220249055625e+14 1.159535133590577907e-05 2.515897734121395447e-06 5.369244503834317664e-07
1.000000000000000000e+00 2.567511078281728487e+02 8.157827791841664578e+01 -9.497271449380913982e+05 -1.106849264849805781e+14 9.385055194443839369e-06 2.921225335323642162e-06 3.660073033771605743e-07
1.000000000000000000e+00 1.890985017679341809e+02 9.070329372209305063e+01 -9.529580118061235407e+05 -1.114392832190972031e+14 6.935655407057314547e-06 3.259031046673189404e-06 2.209992145987156976e-07
1.000000000000000000e+00 1.169201252809012885e+02 9.765604312422711075e+01 -9.561888339817773085e+05 -1.121961913457749688e+14 4.302873651078829278e-06 3.520744141833565493e-06 1.155288200156923679e-07
1.000000000000000000e+00 4.201348949504026109e+01 1.022734872592481565e+02 -9.594196089747662190e+05 -1.129556501723210156e+14 1.551397182352465263e-06 3.699672906323019926e-06 5.973208246235198278e-08
1.000000000000000000e+00 -3.381677331413132492e+01 1.044710429238447347e+02 -9.626503362040215870e+05 -1.137176594492165469e+14 -1.252928785089347388e-06 3.791893849884442675e-06 5.880881960661792412e-08
1.000000000000000000e+00 -1.088462983338258425e+02 1.041915026310158936e+02 -9.658810157193510095e+05 -1.144822190746523125e+14 -4.046345364583618760e-06 3.794439264139813970e-06 1.127024973480638394e-07
1.000000000000000000e+00 -1.812395210662890292e+02 1.014381552839801941e+02 -9.691116485168671934e+05 -1.152493291720529062e+14 -6.760088373115153222e-06 3.706524119472185649e-06 2.162148563547463331e-07
1.000000000000000000e+00 -2.492701683212330295e+02 9.629317740202938580e+01 -9.723422370868615108e+05 -1.160189902245718125e+14 -9.328570800662134009e-06 3.530257162386910393e-06 3.595279910289397894e-07
1.000000000000000000e+00 -3.113931277889997773e+02 8.886436842583482587e+01 -9.755727843346702866e+05 -1.167912028226366094e+14 -1.169214934081798065e-05 3.268729699354600167e-06 5.292184841110183617e-07
1.000000000000000000e+00 -3.660556830501964782e+02 7.931737615862063251e+01 -9.788032942779575242e+05 -1.175659678330980000e+14 -1.379012585853011716e-05 2.927220484584150645e-06 7.088948271870242168e-07
1.000000000000000000e+00 -4.119203209391658334e+02 6.788948940442369917e+01 -9.820337723787578288e+05 -1.183432864836668125e+14 -1.556916404215386666e-05 2.513741644431178353e-06 8.812627146065995643e-07
1.000000000000000000e+00 -4.479192142470525368e+02 5.483431313638395466e+01 -9.852642243481337791e+05 -1.191231600795943594e+14 -1.698548921797117791e-05 2.037027046968762807e-06 1.030079723826445094e-06
1.000000000000000000e+00 -4.730675270331886964e+02 4.045268578219394584e+01 -9.884946563453994459e+05 -1.199055900529911250e+14 -1.799795316577889733e-05 1.507694536797721931e-06 1.140704139182907047e-06
1.000000000000000000e+00 -4.866842382088758541e+02 2.510162848335498609e+01 -9.917250756588006625e+05 -1.206905781302777500e+14 -1.857651444704657023e-05 9.386093283001850448e-07 1.202081915641962710e-06
1.000000000000000000e+00 -4.884254656610953020e+02 9.137076364088491331e+00 -9.949554894935709890e+05 -1.214781260407178750e+14 -1.870370334155819589e-05 3.427698237880672098e-07 1.208040691962202139e-06
