5.400000063879182562e+04 1.001768131043735249e-07 9.999999999999999547e-08
5.400917689357310883e+04 -1.604440464862795623e-07 9.999999999999999547e-08
5.401835317721578031e+04 3.339512394033922319e-09 9.999999999999999547e-08
5.402752951046983799e+04 -2.291397728051506281e-07 9.999999999999999547e-08
5.403670591441539727e+04 -2.935109586224595503e-11 9.999999999999999547e-08
5.404588240805757960e+04 2.864303893672716789e-08 9.999999999999999547e-08
5.405505900752478919e+04 1.136432101425193695e-07 9.999999999999999547e-08
5.406423572800225520e+04 -1.587734789462266482e-08 9.999999999999999547e-08
5.407341258175134135e+04 -1.650939677855191865e-07 9.999999999999999547e-08
5.408258957546865713e+04 1.356469488972885968e-07 9.999999999999999547e-08
5.409176671358713793e+04 1.836726459645976419e-07 9.999999999999999547e-08
5.410094399662553769e+04 7.779109757618781562e-08 9.999999999999999547e-08
5.411012142033955024e+04 2.595654675044879614e-07 9.999999999999999547e-08
5.411929897812688432e+04 1.844437887207560106e-07 9.999999999999999547e-08
5.412847665866936586e+04 2.805642437342342627e-07 9.999999999999999547e-08
5.413765444631017454e+04 3.067163193240083375e-07 9.999999999999999547e-08
5.414683232426067116e+04 9.794640908627312179e-08 9.999999999999999547e-08
5.415601027356288978e+04 8.854273058815545950e-08 9.999999999999999547e-08
5.416518827233502816e+04 8.696156405303336950e-08 9.999999999999999547e-08
5.417436629855377396e+04 1.863496258782593072e-07 9.999999999999999547e-08
5.418354432948843896e+04 1.671190838572163867e-07 9.999999999999999547e-08
5.419272234160664811e+04 1.058281393817534226e-07 9.999999999999999547e-08
5.420190031453566189e+04 4.170913916909077629e-10 9.999999999999999547e-08
5.421107822809138452e+04 -8.615882109022729615e-08 9.999999999999999547e-08
5.422025606260848144e+04 7.792508368565701228e-08 9.999999999999999547e-08
5.422943380191137112e+04 4.802919398766360878e-08 9.999999999999999547e-08
5.423861143218244979e+04 2.563609626805719112e-07 9.999999999999999547e-08
5.424778894196204055e+04 9.596331386896749501e-08 9.999999999999999547e-08
5.425696632365755067e+04 1.774803650374812333e-07 9.999999999999999547e-08
5.426614357175134501e+04 -2.772531309405025925e-08 9.999999999999999547e-08
5.427532068284798879e+04 1.784895076800913466e-07 9.999999999999999547e-08
5.428449765855087026e+04 1.716890048209315849e-07 9.999999999999999547e-08
5.429367450343443488e+04 1.522388287492188024e-07 9.999999999999999547e-08
5.430285122353504266e+04 1.123651169555781527e-07 9.999999999999999547e-08
5.431202782894474512e+04 9.354023904094558185e-08 9.999999999999999547e-08
5.432120433164194401e+04 2.539136697039150015e-08 9.999999999999999547e-08
5.433038074586870061e+04 1.703316672771785379e-07 9.999999999999999547e-08
5.433955708959262120e+04 2.560826735756737756e-07 9.999999999999999547e-08
5.434873338158302067e+04 1.415012332243257597e-07 9.999999999999999547e-08
5.435790964089218323e+04 1.109169582045324962e-07 9.999999999999999547e-08
5.436708588911897823e+04 6.117867570740138278e-09 9.999999999999999547e-08
5.437626214838101441e+04 1.787616155472808276e-07 9.999999999999999547e-08
5.438543843999421370e+04 1.884740001761436487e-07 9.999999999999999547e-08
5.439461478621765855e+04 1.289137726128837177e-07 9.999999999999999547e-08
5.440379120690533455e+04 1.235801649183517564e-07 9.999999999999999547e-08
5.441296771993053699e+04 1.169994146947579770e-07 9.999999999999999547e-08
5.442214434278929548e+04 2.352420303048628934e-07 9.999999999999999547e-08
5.443132108962933125e+04 -7.386531761307922302e-08 9.999999999999999547e-08
5.444049797054270311e+04 2.599281149398418310e-07 9.999999999999999547e-08
5.444967499312201835e+04 9.645170576351233316e-08 9.999999999999999547e-08
5.445885216057409707e+04 4.708875646922538965e-08 9.999999999999999547e-08
5.446802947181427589e+04 9.385125757716446869e-08 9.999999999999999547e-08
5.447720692354142375e+04 -9.741882621765075376e-11 9.999999999999999547e-08
5.448638450731405464e+04 7.239354297643958287e-08 9.999999999999999547e-08
5.449556221006911073e+04 -1.699930063052189266e-07 9.999999999999999547e-08
5.450474001756453072e+04 -5.925794117409572880e-08 9.999999999999999547e-08
5.451391791178555286e+04 1.139079657461513054e-07 9.999999999999999547e-08
5.452309587254808139e+04 1.929748186080539376e-08 9.999999999999999547e-08
5.453227387905494106e+04 -1.546785822464134755e-07 9.999999999999999547e-08
5.454145190838682174e+04 -2.188541487885909194e-07 9.999999999999999547e-08
5.455062993691701558e+04 -1.202941208234222912e-07 9.999999999999999547e-08
5.455980794347108167e+04 -2.895293831316609065e-07 9.999999999999999547e-08
5.456898590654448344e+04 -1.933436619559973585e-07 9.999999999999999547e-08
5.457816380538720841e+04 -9.995085225303505092e-08 9.999999999999999547e-08
5.458734162255038973e+04 -2.543865536586737440e-08 9.999999999999999547e-08
5.459651934138687648e+04 1.578436104548835415e-07 9.999999999999999547e-08
5.460569694826767227e+04 -1.283794762086003595e-07 9.999999999999999547e-08
5.461487443361949408e+04 -9.723149306213338112e-08 9.999999999999999547e-08
5.462405178928381065e+04 -1.980237927575158188e-07 9.999999999999999547e-08
5.463322900979017868e+04 -2.373446172962509371e-07 9.999999999999999547e-08
5.464240609419540124e+04 -3.550597941183822229e-08 9.999999999999999547e-08
5.465158304381994094e+04 -1.945896631054343393e-07 9.999999999999999547e-08
5.466075986290811852e+04 -2.270505292827328197e-07 9.999999999999999547e-08
5.466993655985424994e+04 -1.755327738416025773e-07 9.999999999999999547e-08
5.467911314399583352e+04 -2.165772001987753710e-07 9.999999999999999547e-08
5.468828962754707754e+04 -1.106202614626765945e-07 9.999999999999999547e-08
5.469746602687219274e+04 -1.596517363261692015e-07 9.999999999999999547e-08
5.470664235899561027e+04 -2.335827189913779401e-07 9.999999999999999547e-08
5.471581864259232680e+04 -2.518589638842521874e-07 9.999999999999999547e-08
5.472499489850668033e+04 -1.014772770354998010e-07 9.999999999999999547e-08
5.473417114739433600e+04 -1.884334468098411670e-07 9.999999999999999547e-08
5.474334741099564417e+04 -3.326448650528137336e-07 9.999999999999999547e-08
5.475252371251289151e+04 -3.092590934496807886e-07 9.999999999999999547e-08
5.476170007227163296e+04 -2.186854914201275313e-07 9.999999999999999547e-08
5.477087650965426292e+04 -1.968917516932208800e-07 9.999999999999999547e-08
5.478005304385453928e+04 -2.388913349190590295e-07 9.999999999999999547e-08
5.478922969048211962e+04 -3.146752214087790381e-07 9.999999999999999547e-08
5.479840646311882301e+04 -2.586222755553758557e-07 9.999999999999999547e-08
5.480758337242261041e+04 -1.239107526305855929e-07 9.999999999999999547e-08
5.481676042386392510e+04 -2.955113389224504979e-07 9.999999999999999547e-08
5.482593761980073759e+04 -2.748412800246644636e-07 9.999999999999999547e-08
5.483511497159837745e+04 -1.722315482118134840e-07 9.999999999999999547e-08
5.484429245063127746e+04 -2.008631895094841378e-07 9.999999999999999547e-08
5.485347005897443887e+04 -1.706795387380174068e-07 9.999999999999999547e-08
5.486264778446081618e+04 4.166154082234274918e-08 9.999999999999999547e-08
5.487182561067904317e+04 -1.219556138025330483e-07 9.999999999999999547e-08
5.488100351961433626e+04 -7.514295128354809822e-08 9.999999999999999547e-08
5.489018149197863386e+04 2.470956311032460265e-08 9.999999999999999547e-08
5.489935950499408500e+04 -2.864372226736776992e-07 9.999999999999999547e-08
5.490853753574137954e+04 -1.229423114371669388e-08 9.999999999999999547e-08
5.491771556215004966e+04 -1.258510090541788604e-07 9.999999999999999547e-08
5.492689356181953190e+04 -2.032347984926031690e-07 9.999999999999999547e-08
5.493607151357538532e+04 -1.887293577785293628e-08 9.999999999999999547e-08
5.494524939831817755e+04 -5.920860985732246735e-08 9.999999999999999547e-08
5.495442719704278716e+04 -1.481493571601706050e-07 9.999999999999999547e-08
5.496360489423388208e+04 5.064846752626568413e-08 9.999999999999999547e-08
5.497278247833747446e+04 1.104260760271697829e-07 9.999999999999999547e-08
5.498195993855412962e+04 -8.062290756296656517e-08 9.999999999999999547e-08
5.499113726747988403e+04 -1.985316325750193367e-07 9.999999999999999547e-08
5.500031446134199359e+04 1.311939971104537241e-07 9.999999999999999547e-08
5.500949151858421828e+04 1.994720674252973927e-07 9.999999999999999547e-08
5.501866844165882503e+04 7.569051437308145506e-08 9.999999999999999547e-08
5.502784523646070011e+04 2.039749730996099957e-07 9.999999999999999547e-08
5.503702190996940044e+04 1.871946173784574608e-07 9.999999999999999547e-08
5.504619847260707320e+04 2.310201263649464950e-07 9.999999999999999547e-08
5.505537493861577241e+04 2.198384600504221117e-07 9.999999999999999547e-08
5.506455132303924620e+04 2.176639391646039125e-07 9.999999999999999547e-08
5.507372764393943362e+04 2.366624846595596089e-07 9.999999999999999547e-08
5.508290392093452101e+04 3.605854502003623486e-07 9.999999999999999547e-08
5.509208017345405096e+04 2.680670558749403554e-07 9.999999999999999547e-08
5.510125642337984027e+04 1.017965345538367396e-07 9.999999999999999547e-08
5.511043269358406542e+04 2.279047825597777953e-07 9.999999999999999547e-08
5.511960900505251630e+04 3.517683963600877192e-07 9.999999999999999547e-08
5.512878537853519083e+04 2.668640417503358676e-07 9.999999999999999547e-08
5.513796183440482855e+04 1.861049704145145333e-07 9.999999999999999547e-08
5.514713838968586060e+04 3.664618654336322203e-07 9.999999999999999547e-08
5.515631506060100946e+04 2.952942666019983949e-07 9.999999999999999547e-08
5.516549186054347228e+04 4.000472128880998940e-07 9.999999999999999547e-08
5.517466879748312203e+04 2.819150146393663474e-07 9.999999999999999547e-08
5.518384587750348874e+04 3.568783974099307653e-07 9.999999999999999547e-08
5.519302310305684659e+04 2.917752598105408524e-07 9.999999999999999547e-08
5.520220047140796669e+04 3.710983569933897053e-07 9.999999999999999547e-08
5.521137797699208022e+04 2.914201869854246690e-07 9.999999999999999547e-08
5.522055561037735606e+04 2.614716011242314725e-07 9.999999999999999547e-08
5.522973335694448906e+04 2.193216374270398033e-07 9.999999999999999547e-08
5.523891120117812534e+04 4.666083814311349765e-07 9.999999999999999547e-08
5.524808912511065137e+04 3.721987951828767764e-07 9.999999999999999547e-08
5.525726710709604231e+04 2.566119920824815200e-07 9.999999999999999547e-08
5.526644512544111058e+04 2.727247148386498325e-07 9.999999999999999547e-08
5.527562315760381171e+04 2.605177931587591677e-07 9.999999999999999547e-08
5.528480118028754805e+04 1.965739415035407268e-07 9.999999999999999547e-08
5.529397917217641952e+04 3.917412599499712204e-07 9.999999999999999547e-08
5.530315711270904285e+04 2.737790531497820666e-07 9.999999999999999547e-08
5.531233498132405657e+04 4.338161890541622469e-07 9.999999999999999547e-08
5.532151276099702955e+04 1.388393728849155325e-07 9.999999999999999547e-08
5.533069043725011579e+04 3.290146702463913419e-08 9.999999999999999547e-08
5.533986799706741294e+04 2.194705504103042709e-07 9.999999999999999547e-08
5.534904543172448030e+04 8.564212920669292514e-08 9.999999999999999547e-08
5.535822273447756743e+04 1.232218310085931349e-07 9.999999999999999547e-08
5.536739990075224341e+04 -6.379236078454412589e-08 9.999999999999999547e-08
5.537657693106726219e+04 3.839570077731566102e-09 9.999999999999999547e-08
5.538575382858227385e+04 -4.995302907130864989e-08 9.999999999999999547e-08
5.539493059820182680e+04 2.063467896062971743e-07 9.999999999999999547e-08
5.540410724874467996e+04 4.907478666270923971e-08 9.999999999999999547e-08
5.541328379143468919e+04 -2.108140335412710054e-07 9.999999999999999547e-08
5.542246023947640788e+04 -1.211983899485532136e-07 9.999999999999999547e-08
5.543163660994142992e+04 4.238476045736892783e-08 9.999999999999999547e-08
5.544081292098600534e+04 -1.087757030502275735e-07 9.999999999999999547e-08
5.544998919100218336e+04 -9.105499874930888648e-08 9.999999999999999547e-08
5.545916544135302684e+04 -2.530336658649152854e-07 9.999999999999999547e-08
5.546834169396752986e+04 -4.722519106033658447e-08 9.999999999999999547e-08
5.547751797035022901e+04 -2.929307240599735812e-07 9.999999999999999547e-08
5.548669429271306581e+04 -4.514408542641293033e-08 9.999999999999999547e-08
5.549587068152308348e+04 -2.460179462424650232e-07 9.999999999999999547e-08
5.550504715531381953e+04 -5.852265552589243570e-08 9.999999999999999547e-08
5.551422373257161962e+04 -2.805370015225178662e-07 9.999999999999999547e-08
5.552340042876468942e+04 -9.538429613574637766e-08 9.999999999999999547e-08
5.553257725497540378e+04 -7.122229744903521338e-08 9.999999999999999547e-08
5.554175422030546179e+04 -2.617299706347467430e-07 9.999999999999999547e-08
5.555093132947078993e+04 -2.044467064844144068e-07 9.999999999999999547e-08
5.556010858332024509e+04 -1.958368797500562441e-07 9.999999999999999547e-08
5.556928597996746248e+04 -9.738268880464756320e-08 9.999999999999999547e-08
5.557846351238573698e+04 -2.649153684672803880e-07 9.999999999999999547e-08
5.558764116892676975e+04 -1.436595254706518733e-07 9.999999999999999547e-08
5.559681893638601468e+04 -2.237684551136621916e-07 9.999999999999999547e-08
5.560599679844643106e+04 -1.295151757651707614e-08 9.999999999999999547e-08
5.561517473525402602e+04 -2.307947287918644364e-07 9.999999999999999547e-08
5.562435272662471107e+04 -3.080671966590846722e-07 9.999999999999999547e-08
5.563353074978064978e+04 -1.781135369351995615e-07 9.999999999999999547e-08
5.564270878118943801e+04 -2.687703855618076892e-07 9.999999999999999547e-08
5.565188679972381942e+04 -2.310867440984849784e-07 9.999999999999999547e-08
5.566106478340763715e+04 -7.688757227481763205e-08 9.999999999999999547e-08
5.567024271068919188e+04 -1.342428471033004000e-07 9.999999999999999547e-08
5.567942056294063514e+04 -2.490930897678593990e-07 9.999999999999999547e-08
5.568859832327901677e+04 -3.082086684401195012e-07 9.999999999999999547e-08
5.569777597670774412e+04 -2.347205114231331921e-07 9.999999999999999547e-08
5.570695351266317448e+04 -8.016570349609328661e-08 9.999999999999999547e-08
5.571613092166632850e+04 -2.462124254720519259e-07 9.999999999999999547e-08
5.572530819664334558e+04 -2.306737129054050637e-07 9.999999999999999547e-08
5.573448533594365290e+04 -3.829778387971132702e-07 9.999999999999999547e-08
5.574366233970873145e+04 -1.700181611263019389e-07 9.999999999999999547e-08
5.575283921076812840e+04 -3.102348692671536882e-07 9.999999999999999547e-08
5.576201595619570435e+04 -1.825562607747467060e-07 9.999999999999999547e-08
5.577119258424430882e+04 3.468059622067073229e-08 9.999999999999999547e-08
5.578036910632643412e+04 -6.061776766658658110e-10 9.999999999999999547e-08
5.578954553795741958e+04 -1.088928649275640661e-07 9.999999999999999547e-08
5.579872189536000951e+04 -1.579933858468048019e-07 9.999999999999999547e-08
5.580789819603021897e+04 -1.765564876033196804e-07 9.999999999999999547e-08
5.581707446067089768e+04 -4.905021261115483902e-08 9.999999999999999547e-08
5.582625070974908158e+04 -1.645689183349706567e-07 9.999999999999999547e-08
