5.400000243141342798e+04 3.456816155553241881e-08 9.999999999999999547e-08
5.400917881748030049e+04 -8.877429646288521482e-08 9.999999999999999547e-08
5.401835518484346539e+04 -7.378071080805417277e-09 9.999999999999999547e-08
5.402753155204961513e+04 2.993077148424975662e-08 9.999999999999999547e-08
5.403670793867280008e+04 -1.495851307959359436e-07 9.999999999999999547e-08
5.404588436391385767e+04 -5.737065644103555106e-08 9.999999999999999547e-08
5.405506084539937001e+04 -1.127956481406000378e-07 9.999999999999999547e-08
5.406423740060302225e+04 -5.886492809234281878e-08 9.999999999999999547e-08
5.407341404602635157e+04 3.415735925915404282e-08 9.999999999999999547e-08
5.408259079390071565e+04 1.856731221518184170e-07 9.999999999999999547e-08
5.409176765446261561e+04 -2.840178909690897073e-08 9.999999999999999547e-08
5.410094463558925781e+04 -4.014430909896666905e-08 9.999999999999999547e-08
5.411012174094633519e+04 -1.541553770567749086e-07 9.999999999999999547e-08
5.411929897197723039e+04 1.342593586492097388e-07 9.999999999999999547e-08
5.412847632634785987e+04 -1.755867957231613602e-07 9.999999999999999547e-08
5.413765379675844451e+04 -3.048275954046069609e-08 9.999999999999999547e-08
5.414683137434649689e+04 2.606509298515399332e-07 9.999999999999999547e-08
5.415600904786753381e+04 9.549464846859938147e-09 9.999999999999999547e-08
5.416518680268314347e+04 3.864702124313563133e-08 9.999999999999999547e-08
5.417436462252343335e+04 -2.964668430562804689e-10 9.999999999999999547e-08
5.418354248969476612e+04 1.805335385139863013e-07 9.999999999999999547e-08
5.419272038446940860e+04 1.004766975505225721e-07 9.999999999999999547e-08
5.420189828870070050e+04 1.167236855075458104e-07 9.999999999999999547e-08
5.421107618391730648e+04 2.681913204113407558e-09 9.999999999999999547e-08
5.422025405052932911e+04 7.251401200264446387e-08 9.999999999999999547e-08
5.422943187098647468e+04 -2.607645185689341284e-08 9.999999999999999547e-08
5.423860962928197114e+04 -4.653391463489110117e-08 9.999999999999999547e-08
5.424778731066854380e+04 8.932391946518035371e-08 9.999999999999999547e-08
5.425696490285218169e+04 1.528728245482316380e-07 9.999999999999999547e-08
5.426614239569679921e+04 9.602782513877743320e-08 9.999999999999999547e-08
5.427531977978466603e+04 8.436717688931482710e-08 9.999999999999999547e-08
5.428449704971405299e+04 5.655456029371549495e-08 9.999999999999999547e-08
5.429367420338582451e+04 -6.722899471533358199e-08 9.999999999999999547e-08
5.430285123967686377e+04 1.414049270224745514e-07 9.999999999999999547e-08
5.431202816099527990e+04 1.756712246756725279e-08 9.999999999999999547e-08
5.432120497195298958e+04 -1.440023628962006002e-07 9.999999999999999547e-08
5.433038167934658850e+04 3.849946872070787936e-08 9.999999999999999547e-08
5.433955829372735025e+04 6.178898797756079467e-08 9.999999999999999547e-08
5.434873482756977319e+04 -4.334985624210444928e-09 9.999999999999999547e-08
5.435791129398678459e+04 -1.269132097490331511e-07 9.999999999999999547e-08
5.436708770894176268e+04 -1.462573766508443917e-07 9.999999999999999547e-08
5.437626409023498854e+04 -1.218211123129224278e-08 9.999999999999999547e-08
5.438544045585617278e+04 -8.129006715534104919e-10 9.999999999999999547e-08
5.439461682565606316e+04 -8.257355971624495608e-08 9.999999999999999547e-08
5.440379321880445059e+04 -1.235066269758175194e-07 9.999999999999999547e-08
5.441296965349539823e+04 1.188923742090465173e-08 9.999999999999999547e-08
5.442214614843373420e+04 -9.870477239291272611e-08 9.999999999999999547e-08
5.443132272104467847e+04 -1.468334496717388232e-08 9.999999999999999547e-08
5.444049938576174463e+04 8.340492532581454907e-08 9.999999999999999547e-08
5.444967615539126564e+04 -1.581359009081065260e-07 9.999999999999999547e-08
5.445885303992436093e+04 -1.352776665161868625e-07 9.999999999999999547e-08
5.446803004530960607e+04 -1.090547703413605566e-07 9.999999999999999547e-08
5.447720717606350809e+04 -1.958520539792816632e-07 9.999999999999999547e-08
5.448638443258751067e+04 1.232407511415060735e-07 9.999999999999999547e-08
5.449556181028050196e+04 -1.390650299924418567e-07 9.999999999999999547e-08
5.450473930305230169e+04 -1.657334903085653907e-07 9.999999999999999547e-08
5.451391690128667688e+04 -1.832192835189961337e-07 9.999999999999999547e-08
5.452309459215318930e+04 -8.076206184604289982e-08 9.999999999999999547e-08
5.453227236150678800e+04 -9.327894563981444640e-09 9.999999999999999547e-08
5.454145019259182300e+04 -1.532787621370421645e-07 9.999999999999999547e-08
5.455062806645782257e+04 -6.217541835822383237e-08 9.999999999999999547e-08
5.455980596499018429e+04 -6.174501131765720908e-08 9.999999999999999547e-08
5.456898386938143813e+04 2.823479530069725069e-08 9.999999999999999547e-08
5.457816176001198619e+04 7.195372597023173743e-08 9.999999999999999547e-08
5.458733961901319708e+04 -1.012746519942654482e-07 9.999999999999999547e-08
5.459651742868066503e+04 -1.687468719442420721e-08 9.999999999999999547e-08
5.460569517248612829e+04 -1.671365267473667601e-07 9.999999999999999547e-08
5.461487283735908568e+04 -1.493598420490403932e-07 9.999999999999999547e-08
5.462405041088433791e+04 -1.633601653365069643e-07 9.999999999999999547e-08
5.463322788228202262e+04 -6.367068487714662954e-08 9.999999999999999547e-08
5.464240524419624126e+04 -1.664824110437645282e-07 9.999999999999999547e-08
5.465158249162718130e+04 -8.863421520117795868e-08 9.999999999999999547e-08
5.466075962156764581e+04 -1.169502543174400296e-07 9.999999999999999547e-08
5.466993663510638726e+04 -1.331854013991177259e-07 9.999999999999999547e-08
5.467911353432070609e+04 5.310196001647988804e-08 9.999999999999999547e-08
5.468829032368592743e+04 8.863582220498513958e-08 9.999999999999999547e-08
5.469746701203365956e+04 1.147464543969225439e-07 9.999999999999999547e-08
5.470664360967497487e+04 -2.300578849443127065e-07 9.999999999999999547e-08
5.471582012870167819e+04 1.021923955215122130e-07 9.999999999999999547e-08
5.472499658389596880e+04 9.098019848015267155e-08 9.999999999999999547e-08
5.473417299103373080e+04 3.148414997624397571e-08 9.999999999999999547e-08
5.474334936734459188e+04 8.902253309930134096e-08 9.999999999999999547e-08
5.475252573274319730e+04 2.138408089501186905e-07 9.999999999999999547e-08
5.476170210609041533e+04 -2.729659399855715660e-07 9.999999999999999547e-08
5.477087850583170075e+04 1.236464230421416560e-07 9.999999999999999547e-08
5.478005495139279083e+04 2.470266413584424730e-08 9.999999999999999547e-08
5.478923146075967816e+04 1.727705028241380693e-08 9.999999999999999547e-08
5.479840805042429565e+04 6.506730520011620821e-09 9.999999999999999547e-08
5.480758473556457466e+04 5.110137877770404516e-08 9.999999999999999547e-08
5.481676152770734188e+04 1.296663474764626562e-07 9.999999999999999547e-08
5.482593843550006568e+04 2.116241797240188524e-08 9.999999999999999547e-08
5.483511547761003749e+04 -2.917045678384374569e-09 9.999999999999999547e-08
5.484429263389438711e+04 -8.717273516676663990e-08 9.999999999999999547e-08
5.485346991469845671e+04 -2.167548914835854622e-08 9.999999999999999547e-08
5.486264731644854328e+04 6.633073420729622748e-08 9.999999999999999547e-08
5.487182483116879303e+04 4.775230325410726070e-08 9.999999999999999547e-08
5.488100244861485407e+04 -6.760146534770210507e-08 9.999999999999999547e-08
5.489018015692146582e+04 4.020800754630737645e-08 9.999999999999999547e-08
5.489935794034304126e+04 2.583018076677021761e-08 9.999999999999999547e-08
5.490853578115577693e+04 6.750303938812886799e-08 9.999999999999999547e-08
5.491771366173230490e+04 4.116901064848621366e-08 9.999999999999999547e-08
5.492689156320082111e+04 2.791503314474329563e-08 9.999999999999999547e-08
5.493606946623123076e+04 6.050237055698374651e-08 9.999999999999999547e-08
5.494524735266497737e+04 1.548003707997032098e-07 9.999999999999999547e-08
5.495442520332017739e+04 2.231693257940400572e-08 9.999999999999999547e-08
5.496360300064375770e+04 4.003253455193017623e-09 9.999999999999999547e-08
5.497278073039399897e+04 5.877403191511453133e-08 9.999999999999999547e-08
5.498195837828882941e+04 3.394923685542827882e-08 9.999999999999999547e-08
5.499113593207893427e+04 1.615317621295801363e-07 9.999999999999999547e-08
5.500031338252736896e+04 1.414373870168319993e-07 9.999999999999999547e-08
5.500949072208220605e+04 1.034935263049509999e-07 9.999999999999999547e-08
5.501866794600265712e+04 8.708070757146579278e-08 9.999999999999999547e-08
5.502784505334674759e+04 8.120240546829570570e-08 9.999999999999999547e-08
5.503702204395709850e+04 -1.924192591754061210e-08 9.999999999999999547e-08
5.504619892036020610e+04 6.134016613250292433e-08 9.999999999999999547e-08
5.505537568931055284e+04 1.522539778769600811e-07 9.999999999999999547e-08
5.506455235880039254e+04 1.108547663714946686e-07 9.999999999999999547e-08
5.507372893963895331e+04 3.778216916991585283e-08 9.999999999999999547e-08
5.508290544527467864e+04 1.501442343013907863e-07 9.999999999999999547e-08
5.509208188948362658e+04 7.835162206961885987e-08 9.999999999999999547e-08
5.510125828876866581e+04 7.569037070530321590e-08 9.999999999999999547e-08
5.511043466203729622e+04 7.837744961320616880e-08 9.999999999999999547e-08
5.511961102763676172e+04 2.558836941457370729e-08 9.999999999999999547e-08
5.512878740446358279e+04 -9.771644534920958772e-09 9.999999999999999547e-08
5.513796381237594323e+04 -7.152124375286238219e-08 9.999999999999999547e-08
5.514714026931828994e+04 9.404119155382705913e-08 9.999999999999999547e-08
5.515631679338448885e+04 2.581169435131786296e-07 9.999999999999999547e-08
5.516549340170441428e+04 4.852119937044943804e-08 9.999999999999999547e-08
5.517467010727160960e+04 1.201724233575682071e-07 9.999999999999999547e-08
5.518384692160242412e+04 6.139572266130703728e-08 9.999999999999999547e-08
5.519302385401725769e+04 -1.632541241530171244e-07 9.999999999999999547e-08
5.520220090964884730e+04 1.321459477185087113e-07 9.999999999999999547e-08
5.521137809077812562e+04 1.425824601350907439e-07 9.999999999999999547e-08
5.522055539665629476e+04 -4.544549044909273768e-08 9.999999999999999547e-08
5.522973282149875013e+04 -1.195061667577591205e-07 9.999999999999999547e-08
5.523891035751441814e+04 -6.450535929936220863e-08 9.999999999999999547e-08
5.524808799480662856e+04 -9.698275408648330464e-08 9.999999999999999547e-08
5.525726571929748752e+04 -1.851448790496529579e-07 9.999999999999999547e-08
5.526644351540112984e+04 -1.070230360911731472e-07 9.999999999999999547e-08
5.527562136617348006e+04 5.117613039932529492e-08 9.999999999999999547e-08
5.528479925241276214e+04 -1.414163508337098862e-07 9.999999999999999547e-08
5.529397715571395383e+04 -3.922510994384793352e-08 9.999999999999999547e-08
5.530315505753007164e+04 1.712519698629856454e-07 9.999999999999999547e-08
5.531233293816712830e+04 3.213639298786405628e-08 9.999999999999999547e-08
5.532151077939740208e+04 -2.884883949239496232e-10 9.999999999999999547e-08
5.533068856510779733e+04 -2.113098973379056107e-07 9.999999999999999547e-08
5.533986627945013606e+04 2.642343398095223457e-08 9.999999999999999547e-08
5.534904390952070389e+04 2.268936419735623068e-08 9.999999999999999547e-08
5.535822144395355281e+04 1.693022634230585107e-07 9.999999999999999547e-08
5.536739887270828331e+04 3.406879087707399455e-09 9.999999999999999547e-08
5.537657618941324472e+04 1.172081080074728897e-07 9.999999999999999547e-08
5.538575339065224398e+04 -9.864810961033457240e-09 9.999999999999999547e-08
5.539493047454411135e+04 1.760381804252256494e-07 9.999999999999999547e-08
5.540410744198947214e+04 1.816728123343348574e-08 9.999999999999999547e-08
5.541328429693999351e+04 -1.740956842395739960e-07 9.999999999999999547e-08
5.542246104517590720e+04 7.787135460502721349e-08 9.999999999999999547e-08
5.543163769603485707e+04 9.880883125391063684e-08 9.999999999999999547e-08
5.544081426139399264e+04 -2.089855606225959323e-08 9.999999999999999547e-08
5.544999075328314939e+04 1.104962238857434652e-07 9.999999999999999547e-08
5.545916718716386094e+04 -8.422777096715364522e-08 9.999999999999999547e-08
5.546834358018804778e+04 -1.167299789230383650e-07 9.999999999999999547e-08
5.547751995028808597e+04 -2.795485945104141068e-08 9.999999999999999547e-08
5.548669631663840119e+04 -1.559118450927928236e-07 9.999999999999999547e-08
5.549587269872186880e+04 -8.813701547991426173e-08 9.999999999999999547e-08
5.550504911456177069e+04 -1.723469020435661767e-07 9.999999999999999547e-08
5.551422558340736578e+04 -1.125320277296946213e-07 9.999999999999999547e-08
5.552340212359588622e+04 -2.266751789938696229e-07 9.999999999999999547e-08
5.553257875006488030e+04 1.211181328085594026e-07 9.999999999999999547e-08
5.554175547660945449e+04 1.227493394039718287e-08 9.999999999999999547e-08
5.555093231411863235e+04 -3.129128045364082519e-09 9.999999999999999547e-08
5.556010927048056328e+04 -2.762034984572794137e-08 9.999999999999999547e-08
5.556928635120674153e+04 -1.630056803500504486e-07 9.999999999999999547e-08
5.557846355804756604e+04 -1.057670059729713957e-07 9.999999999999999547e-08
5.558764088777645520e+04 1.392856639293292811e-07 9.999999999999999547e-08
5.559681833539954096e+04 2.209268413241173252e-07 9.999999999999999547e-08
5.560599589298047795e+04 -3.421924821786698867e-08 9.999999999999999547e-08
5.561517354857632017e+04 6.099816575926081675e-08 9.999999999999999547e-08
5.562435128892865032e+04 1.158596917514845311e-07 9.999999999999999547e-08
5.563352909775327862e+04 1.618523045738599811e-07 9.999999999999999547e-08
5.564270695656325552e+04 -7.303670588930821713e-09 9.999999999999999547e-08
5.565188484784736647e+04 -3.131078766178833378e-09 9.999999999999999547e-08
5.566106275291398197e+04 2.686204789905859118e-09 9.999999999999999547e-08
5.567024065178180172e+04 -6.500129670918666735e-09 9.999999999999999547e-08
5.567941852593405929e+04 -2.312244196979032555e-09 9.999999999999999547e-08
5.568859635772564070e+04 -3.113976231086877101e-08 9.999999999999999547e-08
5.569777413000826346e+04 1.157268086495837104e-07 9.999999999999999547e-08
5.570695182882809604e+04 3.837550041293046604e-08 9.999999999999999547e-08
5.571612944107745716e+04 -1.091245866393204837e-07 9.999999999999999547e-08
5.572530695456656395e+04 -1.287038934281417975e-07 9.999999999999999547e-08
5.573448436146911990e+04 7.714755915392207153e-08 9.999999999999999547e-08
5.574366165574188199e+04 1.507180583362578777e-07 9.999999999999999547e-08
5.575283883342537592e+04 9.805320003910876403e-08 9.999999999999999547e-08
5.576201589414236514e+04 -3.455500628450189879e-08 9.999999999999999547e-08
5.577119283892461681e+04 -1.092637120478285151e-07 9.999999999999999547e-08
5.578036967154163722e+04 -1.772808853646139191e-08 9.999999999999999547e-08
5.578954639979374770e+04 -1.675616139771994922e-08 9.999999999999999547e-08
5.579872303311620635e+04 -2.242111064895089784e-07 9.999999999999999547e-08
5.580789958225306327e+04 6.780110952862280461e-08 9.999999999999999547e-08
5.581707606148532068e+04 -2.084456011010728957e-08 9.999999999999999547e-08
5.582625248602118518e+04 -1.166034161565773380e-07 9.999999999999999547e-08
