1.000000000000000000e+00 -4.739018299891334323e+02 3.179097824373610237e+01 -3.535321208224957809e+05 -1.527262311488054688e+13 1.154634017613099570e-06 1.984141114800869232e+01 2.067787951566574023e+00 -3.583224541982489852e-01 -6.643280281449994717e-01 3.091782174354653634e+01
1.000000000000000000e+00 -4.847302862940930481e+02 -1.465570660347980514e+01 -3.567762704131430946e+05 -1.555420434026186719e+13 1.203989962694178061e-06 1.389944262646327822e+01 1.436661544529247658e+00 -7.610901222391142085e-01 -4.615640139916349360e-01 3.297897851940146552e+01
1.000000000000000000e+00 -4.835984959467511430e+02 -6.073181468347893741e+01 -3.600204140610590111e+05 -1.583835714138845312e+13 1.215201447007458003e-06 4.445932115660810702e+00 4.557983660159919959e-01 -9.785914323292592698e-01 -1.464463298765797949e-01 1.781766922532708719e+01
1.000000000000000000e+00 -4.704646858799204097e+02 -1.053392970193944791e+02 -3.632645581037477823e+05 -1.612508206676092578e+13 1.186933288691598660e-06 -6.254639858296889621e+00 -6.360537777661106063e-01 -9.578753418908882988e-01 2.043201465073079537e-01 -7.023235726153728153e-01
1.000000000000000000e+00 -4.454903964652595505e+02 -1.473233020329049623e+02 -3.665087091667190543e+05 -1.641437971077553320e+13 1.121349255091982712e-06 -1.559388952694775021e+01 -1.573098224111798116e+00 -7.039767077527644412e-01 5.053477399033888817e-01 -5.644808520852990341e+00
1.000000000000000000e+00 -4.092718796785100039e+02 -1.855662732149672536e+02 -3.697528737824719283e+05 -1.670625068043566016e+13 1.024802839001727888e-06 -2.125537155155171831e+01 -2.127197226062266910e+00 -2.786977613123164943e-01 6.833519278317490286e-01 7.510609161957717106e+00
1.000000000000000000e+00 -3.626747374382488829e+02 -2.191203550582836215e+02 -3.729970578699216130e+05 -1.700069554752920508e+13 9.066845866256530805e-07 -2.178912382689210148e+01 -2.163435029897864403e+00 2.144324662898645373e-01 6.949950439663731272e-01 2.673314411029849325e+01
1.000000000000000000e+00 -3.067549277950458873e+02 -2.470702689439045798e+02 -3.762412673552309279e+05 -1.729771490328199414e+13 7.783044735414822766e-07 -1.698228378577202236e+01 -1.672985382797580245e+00 6.553625366888203851e-01 5.374403360018608078e-01 3.444294163740293868e+01
1.000000000000000000e+00 -2.429611360110051237e+02 -2.686314960934449232e+02 -3.794855077889609965e+05 -1.759730932288023438e+13 6.527313115109414837e-07 -7.931099731044614742e+00 -7.752609859811417925e-01 9.367482520890743070e-01 2.490436209560248637e-01 2.358908081220425856e+01
1.000000000000000000e+00 -1.729298184360168875e+02 -2.832693516863427021e+02 -3.827297832466833061e+05 -1.789947926114968359e+13 5.428712905161255082e-07 3.208088099879967015e+00 3.111754743904621701e-01 9.900872044512971648e-01 -9.998566075203402237e-02 4.097842159207948143e+00
1.000000000000000000e+00 -9.838960410633538345e+01 -2.905532334875656488e+02 -3.859740971692062449e+05 -1.820422512596619922e+13 4.596715486594557969e-07 1.373246638841684764e+01 1.321836869864945863e+00 8.023941590531764589e-01 -4.246781117964113506e-01 -6.205703651597009873e+00
1.000000000000000000e+00 -2.133546608220343188e+01 -2.902476655070667562e+02 -3.892184521545125172e+05 -1.851154725594831250e+13 4.115927416727993141e-07 2.104852549838670228e+01 2.010696541291509654e+00 4.193598251271495325e-01 -6.459888219206028070e-01 2.101169551219412845e+00
1.000000000000000000e+00 5.620795087996955886e+01 -2.824071614386247688e+02 -3.924628493760132114e+05 -1.882144586131830859e+13 4.036288267079186894e-07 2.331089417719580936e+01 2.210060858171221998e+00 -6.577134686546509679e-02 -7.100377795584748020e-01 2.142207718680759498e+01
1.000000000000000000e+00 1.322863866029131543e+02 -2.672114806803018610e+02 -3.957072892330982140e+05 -1.913392108116774219e+13 4.364887802854984183e-07 1.988707565222231466e+01 1.871376667285933326e+00 -5.348958355331199233e-01 -6.012257919497535630e-01 3.408775522507587397e+01
1.000000000000000000e+00 2.048558995949945256e+02 -2.450426283609467930e+02 -3.989517708737456123e+05 -1.944897293384310156e+13 5.065677772531488709e-07 1.153135699243934553e+01 1.077059906426836022e+00 -8.737971730378718549e-01 -3.460354497254683470e-01 2.851417000471376895e+01
1.000000000000000000e+00 2.720285551221822402e+02 -2.165516672071884727e+02 -4.021962917737236130e+05 -1.976660127062278516e+13 6.066145805913709756e-07 2.207233967134432928e-01 2.046448358684075514e-02 -9.999518367264413898e-01 -6.590794752735022397e-03 9.797952340369633362e+00
1.000000000000000000e+00 3.321547861867349525e+02 -1.824726975542533580e+02 -4.054408488206138136e+05 -2.008680587649897266e+13 7.264886275288030774e-07 -1.131222870652712764e+01 -1.041158972211897904e+00 -8.826282144552911602e-01 3.344616372401888471e-01 -4.942445106908156305e+00
1.000000000000000000e+00 3.836569285562462710e+02 -1.436887777776694293e+02 -4.086854381701445091e+05 -2.040958645349610938e+13 8.538194903847173433e-07 -2.023935099814335459e+01 -1.849290066769707419e+00 -5.503807256157167149e-01 5.940742741384753556e-01 -2.223427388294921148e+00
1.000000000000000000e+00 4.252599956611855418e+02 -1.012773193609834976e+02 -4.119300547652210807e+05 -2.073494256934866797e+13 9.757159960809778706e-07 -2.433062136847928869e+01 -2.207110349145688488e+00 -8.410640476028422019e-02 7.090244185929175380e-01 1.546844466616222924e+01
1.000000000000000000e+00 4.560381670678198702e+02 -5.631108227435129976e+01 -4.151746930603164365e+05 -2.106287372619270703e+13 1.080137105927320517e-06 -2.251115977409937585e+01 -2.027466066061756500e+00 4.026521754290772748e-01 6.513161084840786152e-01 3.194936830335734257e+01
1.000000000000000000e+00 4.752282507797464746e+02 -9.923665991573189515e+00 -4.184193470291425474e+05 -2.139337935941342188e+13 1.156588315597135290e-06 -1.514228196127425896e+01 -1.354110481325363269e+00 7.913610945683257070e-01 4.350016009132495198e-01 3.214302521062401041e+01
1.000000000000000000e+00 4.824352732041963350e+02 3.665475029757418923e+01 -4.216640099564878619e+05 -2.172645881428741406e+13 1.197913946037614806e-06 -3.953325495853036831e+00 -3.510380994578665703e-01 9.873662051737065459e-01 1.127584830984033892e-01 1.587254832427093554e+01
1.000000000000000000e+00 4.776389729597274822e+02 8.229657398917147759e+01 -4.249086756378529826e+05 -2.206211146782599219e+13 1.200791094867926596e-06 8.363879660932040494e+00 7.374794605494974231e-01 9.429443097058319845e-01 -2.369424788119633696e-01 -1.978595589546908062e+00
1.000000000000000000e+00 4.609865883030675491e+02 1.259011708849610898e+02 -4.281533378237822326e+05 -2.240033667265651562e+13 1.164971270911891143e-06 1.880269405297559260e+01 1.646394751379184562e+00 6.689194635989148541e-01 -5.289490387712723063e-01 -5.082062022122942224e+00
1.000000000000000000e+00 4.329786311490063326e+02 1.663600865644409623e+02 -4.313979898979727877e+05 -2.274113372290722266e+13 1.094214462950358673e-06 2.477553534440951921e+01 2.154416463624037714e+00 2.320207487971993610e-01 -6.921617561529211926e-01 9.400399553588716373e+00
1.000000000000000000e+00 3.944428614313572439e+02 2.027466926692565607e+02 -4.346426259004426538e+05 -2.308450196143672266e+13 9.961277623785917468e-07 2.475487062918720227e+01 2.137867015994330711e+00 -2.613694753999211695e-01 -6.868429709803894889e-01 2.822217973012076797e+01
1.000000000000000000e+00 3.463143189261590464e+02 2.342252513254514952e+02 -4.378872404248323874e+05 -2.343044077144603125e+13 8.803976395666174827e-07 1.866279756993754901e+01 1.600776142110684974e+00 -6.911171731456512424e-01 -5.142891992458841210e-01 3.416806189029880869e+01
1.000000000000000000e+00 2.898131349156608962e+02 2.600146180820793802e+02 -4.411318284925511107e+05 -2.377894956510567969e+13 7.583715883220210392e-07 7.910229967115161465e+00 6.739023082578338153e-01 -9.525841614999281948e-01 -2.165149954251408548e-01 2.179957181042330561e+01
1.000000000000000000e+00 2.263961506249525257e+02 2.795646334561014896e+02 -4.443763860400688718e+05 -2.413002783817275781e+13 6.420800277375225274e-07 -4.928817320047563122e+00 -4.170848454169479580e-01 -9.821048920986557018e-01 1.339751948123235614e-01 2.429575478708510428e+00
1.000000000000000000e+00 1.575331859204517855e+02 2.924496765148018085e+02 -4.476209095935258083e+05 -2.448367513802322266e+13 5.425281771322021821e-07 -1.673307583601547677e+01 -1.406536269626802449e+00 -7.724905421797652050e-01 4.518396548353117992e-01 -6.224579178699241488e+00
1.000000000000000000e+00 8.488619656358480370e+01 2.983322383269710940e+02 -4.508653960616621189e+05 -2.483989104317344141e+13 4.692253702035373189e-07 -2.459287756789876767e+01 -2.053512390295902268e+00 -3.747823703335061429e-01 6.596806174489284746e-01 3.752951535298447272e+00
1.000000000000000000e+00 1.024528247284715299e+01 2.971264412901155083e+02 -4.541098436718335724e+05 -2.519867526867682031e+13 4.293798560433825439e-07 -2.652749250118957036e+01 -2.200473310439881480e+00 1.141774263459651440e-01 7.068930667933467360e-01 2.323552073113004113e+01
1.000000000000000000e+00 -6.469233058671582626e+01 2.888777622963673366e+02 -4.573542517686366918e+05 -2.556002764884349219e+13 4.267793302198517612e-07 -2.198390088234422990e+01 -1.811654755752131196e+00 5.753315992910111865e-01 5.819876209769800912e-01 3.440279338336207360e+01
1.000000000000000000e+00 -1.381380310101343412e+02 2.737280284598728599e+02 -4.605986200403849944e+05 -2.592394805459696094e+13 4.616206702590310617e-07 -1.199134647231523765e+01 -9.817660596303825482e-01 8.964028289175933750e-01 3.153846070520865408e-01 2.704130983475274164e+01
1.000000000000000000e+00 -2.082886888891596300e+02 2.520675874951418223e+02 -4.638429493447485147e+05 -2.629043648843069141e+13 5.307222587054275827e-07 1.070806370118674300e+00 8.710413130616369293e-02 9.992318905208401603e-01 -2.799969625815381877e-02 7.884821051368204436e+00
1.000000000000000000e+00 -2.735405721276856070e+02 2.244023784554439942e+02 -4.670872413328330731e+05 -2.665949304613178125e+13 6.276988835037391895e-07 1.403965810988556484e+01 1.134723921650604206e+00 8.587997839976347914e-01 -3.645644198805328418e-01 -5.546884956584916537e+00
1.000000000000000000e+00 -3.322998057975501638e+02 1.913199979329400833e+02 -4.703314983598751714e+05 -2.703111790966113672e+13 7.431484377489143203e-07 2.373469574305133989e+01 1.906079934583983171e+00 5.093071171743969172e-01 -6.123784908503209223e-01 -9.711565090451086402e-01
1.000000000000000000e+00 -3.830706265646996371e+02 1.536312971069488924e+02 -4.735757240551103605e+05 -2.740531141590005469e+13 8.658563875267499065e-07 2.773752160510061415e+01 2.213433698233957081e+00 3.583892280723158241e-02 -7.111217853063706018e-01 1.742705373904096788e+01
1.000000000000000000e+00 -4.246577085076024787e+02 1.122248372298286654e+02 -4.768199227459776448e+05 -2.778207399460266016e+13 9.842745439749892655e-07 2.499442473891961569e+01 1.981987299909627298e+00 -4.463494761282692513e-01 -6.367622513035052778e-01 3.282373717471202212e+01
1.000000000000000000e+00 -4.559704840369254839e+02 6.803211389111471874e+01 -4.800640988959297538e+05 -2.816140610520535156e+13 1.086785560140354253e-06 1.609202305682184431e+01 1.268073530086597511e+00 -8.198834851660193879e-01 -4.074019104977255612e-01 3.113984897990911449e+01
1.000000000000000000e+00 -4.761188615086338700e+02 2.215832873966545691e+01 -4.833082579295917531e+05 -2.854330833483055078e+13 1.162940027193366771e-06 3.134333680644427744e+00 2.454551125174176118e-01 -9.938350980833942083e-01 -7.887120871492733776e-02 1.391498710308979270e+01
1.000000000000000000e+00 -4.845972739133055711e+02 -2.427596948784114161e+01 -4.865524059726250707e+05 -2.892778137116416016e+13 1.205141434687302085e-06 -1.075377410874991746e+01 -8.369463140832646975e-01 -9.258554583353000300e-01 2.688577072947525015e-01 -3.099684896567499681e+00
1.000000000000000000e+00 -4.810778970186397601e+02 -7.017157086672699506e+01 -4.897965491371839307e+05 -2.931482591970208594e+13 1.208703481065743089e-06 -2.217992972068996593e+01 -1.715628535632581553e+00 -6.324876893372906039e-01 5.511355748931702214e-01 -4.344393374733269475e+00
1.000000000000000000e+00 -4.655052782901976798e+02 -1.143303171995581806e+02 -4.930406941609948990e+05 -2.970444278070239453e+13 1.172741535812788690e-06 -2.831297312954804468e+01 -2.176663692278925311e+00 -1.851450942559454416e-01 6.992431732076871409e-01 1.131944944234831674e+01
1.000000000000000000e+00 -4.382527854875409048e+02 -1.556241982430450719e+02 -4.962848475404961500e+05 -3.009663274652563672e+13 1.100857048092482403e-06 -2.758448482864721285e+01 -2.107801199847757267e+00 3.072714113859607021e-01 6.771232082932587826e-01 2.956699688218068900e+01
1.000000000000000000e+00 -3.998949623318472959e+02 -1.930305839549624807e+02 -4.995290154321257141e+05 -3.049139658862759766e+13 9.997291204231049248e-07 -2.008912495338444160e+01 -1.525810700380567875e+00 7.248864547983328022e-01 4.901605110091785122e-01 3.371041695897427104e+01
1.000000000000000000e+00 -3.512895171018632823e+02 -2.255187322458105257e+02 -5.027732041663209675e+05 -3.088873511936854688e+13 8.788861882844216395e-07 -7.581646888530075401e+00 -5.723923380897075752e-01 9.660362633591820236e-01 1.838705417276422505e-01 1.996066202628196251e+01
1.000000000000000000e+00 -2.936978890412745500e+02 -2.522228496604404029e+02 -5.060174196205133921e+05 -3.128864911516382031e+13 7.506328359260790736e-07 6.933490512485427359e+00 5.203413855190137660e-01 9.720179082579512020e-01 -1.671833403132161611e-01 8.920281613460618875e-01
1.000000000000000000e+00 -2.285279895139155144e+02 -2.724662232184991808e+02 -5.092616666566961212e+05 -3.169113924468850781e+13 6.279610286648986717e-07 1.992385263638864856e+01 1.486385034364730906e+00 7.413765743426291577e-01 -4.775425587597783017e-01 -6.057635939363745337e+00
1.000000000000000000e+00 -1.573967287303073306e+02 -2.856461323249887982e+02 -5.125059495500426856e+05 -3.209620611853763281e+13 5.231851060084039400e-07 2.818859509693912813e+01 2.090586704486237402e+00 3.302566401407671659e-01 -6.716552039638135074e-01 5.466944608314146414e+00
1.000000000000000000e+00 -8.221495058954813828e+01 -2.913999065209019363e+02 -5.157502716355109587e+05 -3.250385024235641406e+13 4.471212445289599613e-07 2.964676450019747733e+01 2.185867409321337274e+00 -1.612644122726741569e-01 -7.022646593563369732e-01 2.492720212844647421e+01
1.000000000000000000e+00 -4.902514846223776424e+00 -2.896053499412327596e+02 -5.189946348605112871e+05 -3.291407195637457031e+13 4.075795324857582517e-07 2.386048314081898880e+01 1.749010175013666180e+00 -6.135321155204461752e-01 -5.619126607311705213e-01 3.452706610444906943e+01
1.000000000000000000e+00 7.256166198634609543e+01 -2.802543960192296026e+02 -5.222390407180103939e+05 -3.332687154899843750e+13 4.085322471749784956e-07 1.216182576427273609e+01 8.863252688613887376e-01 -9.164375313033474857e-01 -2.847589151456302869e-01 2.548656736880761997e+01
1.000000000000000000e+00 1.480765336386965316e+02 -2.636027445472083173e+02 -5.254834892226788215e+05 -3.374224912352258594e+13 4.498472244698159926e-07 -2.652467246643287702e+00 -1.921941327827631774e-01 -9.962226884190247267e-01 6.172752864992114147e-02 6.072885310466938691e+00
1.000000000000000000e+00 2.197143531847017925e+02 -2.401393896302209896e+02 -5.287279787773616845e+05 -3.416020457501493750e+13 5.272843162679582178e-07 -1.698901793855982945e+01 -1.223963420510750355e+00 -8.334458185715583056e-01 3.931879279288361673e-01 -5.958009641718272853e+00
1.000000000000000000e+00 2.856621108017310462e+02 -2.104453413206646815e+02 -5.319725072247034404e+05 -3.458073772064757031e+13 6.328489980455554144e-07 -2.732936612233244844e+01 -1.957735224862171552e+00 -4.677271886592131445e-01 6.289122221917190503e-01 3.988999852770685473e-01
1.000000000000000000e+00 3.441588924282295352e+02 -1.753259515863580873e+02 -5.352170712127431761e+05 -3.500384821449384766e+13 7.556435442440362274e-07 -3.109369166585928923e+01 -2.214802081841367620e+00 1.188873209768770423e-02 7.114957280583714683e-01 1.932952012647579920e+01
1.000000000000000000e+00 3.937781307493902432e+02 -1.357540003434822893e+02 -5.384616663792635081e+05 -3.542953556705138281e+13 8.833726426836770881e-07 -2.728446481387375755e+01 -1.932547451304464481e+00 4.886140245328220999e-01 6.208239861204123411e-01 3.351734319408733143e+01
1.000000000000000000e+00 4.333382866573438150e+02 -9.271949661253152897e+01 -5.417062878426009556e+05 -3.585779920621388281e+13 1.003167817321903461e-06 -1.674921717327885062e+01 -1.179709380190190116e+00 8.463610288251539604e-01 3.789747601815741107e-01 2.998401865929485766e+01
1.000000000000000000e+00 4.618253121078209915e+02 -4.735297795116456854e+01 -5.449509299107531551e+05 -3.628863843646975781e+13 1.102773455563251506e-06 -1.993498250850473497e+00 -1.396290303971396973e-01 9.980164280621132145e-01 4.484107674699117779e-02 1.196179107476640269e+01
1.000000000000000000e+00 4.786465862749990379e+02 -8.550544583850197000e-01 -5.481955860540177673e+05 -3.672205243202346875e+13 1.172765713746093353e-06 1.341497156293612392e+01 9.344205287440630059e-01 9.066552564106055145e-01 -3.002132374138485882e-01 -4.063920643168775548e+00
1.000000000000000000e+00 4.835013181375285285e+02 4.565137149774425751e+01 -5.514402501377866138e+05 -3.715804039961400781e+13 1.206804412315408544e-06 2.570905144034851730e+01 1.780921115378057973e+00 5.945284032654402084e-01 -5.721685153938388391e-01 -3.434671611711144212e+00
1.000000000000000000e+00 4.762868134448277146e+02 9.099592666288644693e+01 -5.546849158041193150e+05 -3.759660149624735938e+13 1.201563845710873981e-06 3.184305172530678618e+01 2.193776855835126049e+00 1.376396765602616035e-01 -7.048069201007280959e-01 1.327374773057715984e+01
1.000000000000000000e+00 4.573239310130524018e+02 1.340328201919183471e+02 -5.579295763648274587e+05 -3.803773481373255469e+13 1.158030319478184979e-06 3.024676611911010227e+01 2.072472799440379987e+00 -3.527619220277358192e-01 -6.658331669971315758e-01 3.077879386029529840e+01
1.000000000000000000e+00 4.271922805322726049e+02 1.737767943154847217e+02 -5.611742257734474260e+05 -3.848143951067467969e+13 1.080946625750040833e-06 2.122630535106728189e+01 1.446536078187204977e+00 -7.572678665799567055e-01 -4.647364035220511447e-01 3.306927403664187182e+01
1.000000000000000000e+00 3.866287667201893896e+02 2.092691022341329585e+02 -5.644188580097181257e+05 -3.892771473011470312e+13 9.779044125358452238e-07 6.909779436430688371e+00 4.683566947394566804e-01 -9.773819436193642574e-01 -1.504808433027131631e-01 1.804991146899816457e+01
1.000000000000000000e+00 3.367335562932785251e+02 2.396461158887773024e+02 -5.676634675483491737e+05 -3.937655966466673438e+13 8.593902328140257830e-07 -9.253978814647076945e+00 -6.238947276265576214e-01 -9.595039545602690456e-01 2.004139936099549046e-01 -5.413931991993368165e-01
1.000000000000000000e+00 2.787816255520532991e+02 2.642592749891095423e+02 -5.709080499781840481e+05 -3.982797364486960156e+13 7.371031910968621723e-07 -2.332598525606491435e+01 -1.564247712442901284e+00 -7.079851009270703432e-01 5.025045126332331469e-01 -5.698883152147720565e+00
1.000000000000000000e+00 2.141228610709517284e+02 2.825304327397277007e+02 -5.741526011253019096e+05 -4.028195602055968750e+13 6.225065541237428584e-07 -3.183713321887534775e+01 -2.123706638370710831e+00 -2.840718785407021496e-01 6.822305710231921783e-01 7.295133172247368236e+00
1.000000000000000000e+00 1.443778995099802103e+02 2.940179418429335669e+02 -5.773971173653905280e+05 -4.073850620589115625e+13 5.266495177739233258e-07 -3.264360882867256919e+01 -2.166037476154210051e+00 2.090089067324285288e-01 6.958310498575170921e-01 2.655442476955553843e+01
1.000000000000000000e+00 7.123597138712483456e+01 2.985203345086768536e+02 -5.806415962844516616e+05 -4.119762377527178906e+13 4.588517309153794914e-07 -2.546648849174873419e+01 -1.680955300739754410e+00 6.511923809924003992e-01 5.400006635206683336e-01 3.446232816755838257e+01
1.000000000000000000e+00 -3.638167240853792617e+00 2.959219356944218475e+02 -5.838860362309592310e+05 -4.165930840425619531e+13 4.254365942678477092e-07 -1.197962065574693291e+01 -7.866135183783384832e-01 9.348170898263125084e-01 2.526906982370910049e-01 2.378639843312807400e+01
1.000000000000000000e+00 -7.841308867988661291e+01 2.862591714738700830e+02 -5.871304362845523283e+05 -4.212355986807660938e+13 4.295088653200788729e-07 4.580396729415340040e+00 2.992020011134586821e-01 9.908392606299738503e-01 -9.613901155308413049e-02 4.292054067623077174e+00
1.000000000000000000e+00 -1.513010785358910084e+02 2.698088313507965381e+02 -5.903747968160674209e+05 -4.259037812534455469e+13 4.707807927674125371e-07 2.019113964980128983e+01 1.312130359866403806e+00 8.056352547941587616e-01 -4.215597016213426529e-01 -6.191536358141483731e+00
1.000000000000000000e+00 -2.206423880601843450e+02 2.469250401684181782e+02 -5.936191186508869287e+05 -4.305976320179227344e+13 5.454076467979687711e-07 3.102142045168536910e+01 2.005599256689693632e+00 4.243064944393083460e-01 -6.443512108648075110e-01 1.922428148055841612e+00
1.000000000000000000e+00 -2.847166361859956396e+02 2.181070634250264391e+02 -5.968634033466374967e+05 -4.353171523258205469e+13 6.461217742719735388e-07 3.437115368142818994e+01 2.210825029821726240e+00 -6.030910708445544333e-02 -7.102833102051075986e-01 2.121321161458467941e+01
1.000000000000000000e+00 -3.419590017407659843e+02 1.840722836794223838e+02 -6.001076539597323863e+05 -4.400623457763102344e+13 7.632476069492216025e-07 2.934373645436502542e+01 1.877866851787060032e+00 -5.302388320180616565e-01 -6.033109226478510223e-01 3.404008680154457522e+01
1.000000000000000000e+00 -3.910336074907124271e+02 1.455849345108508999e+02 -6.033518740376693895e+05 -4.448332167896285938e+13 8.856777206766310030e-07 1.708391338858503872e+01 1.087770010409909949e+00 -8.710885553790391755e-01 -3.494762495600396979e-01 2.867356296278878602e+01
1.000000000000000000e+00 -4.306455600747532912e+02 1.035242155218485181e+02 -6.065960677614974556e+05 -4.496297708377460156e+13 1.001378929270255567e-06 5.185502400974653092e-01 3.285125766122664465e-02 -9.998845233741712191e-01 -1.057015669134177792e-02 1.002099304523684786e+01
1.000000000000000000e+00 -4.597603836463674156e+02 5.894125468489731645e+01 -6.098402401762311347e+05 -4.544520148128891406e+13 1.098995562586945316e-06 -1.634153050401070573e+01 -1.030092720984099319e+00 -8.852708931128112635e-01 3.309065765904640743e-01 -4.860334167080336165e+00
1.000000000000000000e+00 -4.776610979823592515e+02 1.287999616932384761e+01 -6.130843966550939949e+05 -4.592999562590487500e+13 1.168918856225584296e-06 -2.937248704214275818e+01 -1.842288381968128164e+00 -5.551461891563518325e-01 5.918249869383246375e-01 -2.361312259537057923e+00
1.000000000000000000e+00 -4.837560633518473310e+02 -3.355657727810594082e+01 -6.163285430958319921e+05 -4.641736036806873438e+13 1.203543237766255470e-06 -3.534626054701455189e+01 -2.205994537194076344e+00 -8.987526492080405438e-02 7.086659464862244961e-01 1.523277037017424185e+01
1.000000000000000000e+00 -4.777958198318983705e+02 -7.916550963011609099e+01 -6.195726862546277698e+05 -4.690729670691375000e+13 1.199068469316550990e-06 -3.273028936257348676e+01 -2.032663649542122641e+00 3.972749894995213360e-01 6.529858007832278766e-01 3.183167970300377192e+01
1.000000000000000000e+00 -4.599038446517659509e+02 -1.228285947999103911e+02 -6.228168325689226622e+05 -4.739980561448349219e+13 1.156001274943184518e-06 -2.207978089660063148e+01 -1.364506773336362055e+00 7.877127142972368823e-01 4.383414303757629527e-01 3.225553456397354779e+01
1.000000000000000000e+00 -4.303714802239609867e+02 -1.634478566758525631e+02 -6.260609882508867886e+05 -4.789488804876967188e+13 1.077985582430533395e-06 -5.922249754574618663e+00 -3.642028594434639777e-01 9.863937670806101066e-01 1.169877915705608423e-01 1.611707611963836229e+01
1.000000000000000000e+00 -3.898625643816740194e+02 -1.999171545808113422e+02 -6.293051599151211558e+05 -4.839254504935775781e+13 9.723365653758316591e-07 1.184221717095185333e+01 7.247290667206415238e-01 9.449573801284036900e-01 -2.328461996937924716e-01 -1.825259712121921174e+00
1.000000000000000000e+00 -3.394065115079338852e+02 -2.313063353454435855e+02 -6.325493536128693959e+05 -4.889277758972160156e+13 8.496877442995407107e-07 2.688243258526038204e+01 1.637221639163934039e+00 6.734934915786884302e-01 -5.260019816274557058e-01 -5.164189440525792207e+00
1.000000000000000000e+00 -2.801715656236830227e+02 -2.567923639455523244e+02 -6.357935749255839037e+05 -4.939558658952903906e+13 7.221644006630685902e-07 3.549191069372831464e+01 2.151169672800813171e+00 2.380827049996816491e-01 -6.911186653297992644e-01 9.153490170007509974e+00
1.000000000000000000e+00 -2.136488018032933667e+02 -2.756347455058519813e+02 -6.390378289613146335e+05 -4.990097291221589062e+13 6.027177588408657068e-07 3.550177729040765939e+01 2.141468946383276784e+00 -2.552877736847025680e-01 -6.880002018184744328e-01 2.803543658524031201e+01
1.000000000000000000e+00 -1.416031358553190387e+02 -2.873489620193782912e+02 -6.422821195501495386e+05 -5.040893723681922656e+13 5.037665773342444300e-07 2.682631535692060964e+01 1.610456639031154991e+00 -6.865173508583194417e-01 -5.173992659370908465e-01 3.421496592197625830e+01
1.000000000000000000e+00 -6.582467584084055545e+01 -2.916218308567389386e+02 -6.455264495566048427e+05 -5.091948010219460938e+13 4.353352381946395586e-07 1.150429669705888713e+01 6.873599728262992370e-01 -9.506220807689627073e-01 -2.208384528416706682e-01 2.204020375248117958e+01
1.000000000000000000e+00 1.170639481830067652e+01 -2.882794630454444018e+02 -6.487708254219068913e+05 -5.143260262338522656e+13 4.044386726602297179e-07 -6.779082918795641177e+00 -4.031261742380041757e-01 -9.832922880246677266e-01 1.294908863540057409e-01 2.644495842792348839e+00
1.000000000000000000e+00 8.889992625763446199e+01 -2.774404811112486868e+02 -6.520152399349946063e+05 -5.194830376041496875e+13 4.144189283391681951e-07 -2.357794686558719732e+01 -1.395505548458288114e+00 -7.765575768093448961e-01 4.482960278981494295e-01 -6.233025527672316990e+00
1.000000000000000000e+00 1.638126322921697238e+02 -2.594055663542159209e+02 -6.552596966877580853e+05 -5.246658418042072656e+13 4.643003278482694203e-07 -3.476694427717426095e+01 -2.048128445463953007e+00 -3.807399412202121525e-01 6.579510244010848830e-01 3.528138478101797482e+00
1.000000000000000000e+00 2.344861541893492927e+02 -2.346115360549116247e+02 -6.585041943713622168e+05 -5.298744377324578125e+13 5.488570893854894931e-07 -3.755455207352962077e+01 -2.202053183987802143e+00 1.077904711350279598e-01 7.074005701104779664e-01 2.300026328329394687e+01
1.000000000000000000e+00 2.990360788377401491e+02 -2.037622339038884149e+02 -6.617487302044971148e+05 -5.351088218644641406e+13 6.594248079928363069e-07 -3.117958120779770326e+01 -1.819782245322211889e+00 5.700793921695409550e-01 5.845985552864682022e-01 3.437210325353454721e+01
1.000000000000000000e+00 3.558927011724964586e+02 -1.676918543118601406e+02 -6.649933006960441126e+05 -5.403689894340132812e+13 7.850065960362062114e-07 -1.711673661933841473e+01 -9.944050857547518385e-01 8.935585231191378597e-01 3.194449586814707698e-01 2.724155756465316713e+01
1.000000000000000000e+00 4.036216603012520068e+02 -1.273091564338652404e+02 -6.682379017134233145e+05 -5.456549345165897656e+13 9.127977649411678576e-07 1.263800225004268363e+00 7.308415521687186556e-02 9.994609398258473831e-01 -2.349559925731052948e-02 8.131074758566560590e+00
1.000000000000000000e+00 4.410000496999628012e+02 -8.371325279672161912e+01 -6.714825278819077648e+05 -5.509666490181889844e+13 1.029724936609311771e-06 1.950416052691801028e+01 1.122751464999593773e+00 8.620015220364967146e-01 -3.607180400661647579e-01 -5.479090192275576143e+00
1.000000000000000000e+00 4.672244826617685476e+02 -3.804066592880043629e+01 -6.747271731475389097e+05 -5.563041235542983594e+13 1.124536771230059306e-06 3.314006546693937594e+01 1.899023528218955148e+00 5.146525812834328306e-01 -6.101114678311878592e-01 -1.140201180340274734e+00
1.000000000000000000e+00 4.817008112527835237e+02 8.588617656205327577e+00 -6.779718314945569728e+05 -5.616673486116768750e+13 1.188121267575205534e-06 3.879321933768792974e+01 2.212903082999521320e+00 4.199066992713312851e-02 -7.109513356563867958e-01 1.717909207426210116e+01
1.000000000000000000e+00 4.841008448958468193e+02 5.495987442877061113e+01 -6.812164965070809703e+05 -5.670563138201390625e+13 1.214368527906693334e-06 3.500772416446744728e+01 1.987965916356971396e+00 -4.408962350544366471e-01 -6.386830384826012175e-01 3.272300951702127492e+01
1.000000000000000000e+00 4.745352529625645843e+02 9.991978779999899984e+01 -6.844611616326066433e+05 -5.724710083774570312e+13 1.201355248628559777e-06 2.262381772996173623e+01 1.278963799747851349e+00 -8.164280068719484973e-01 -4.109006090196054561e-01 3.127391740099727002e+01
1.000000000000000000e+00 4.533128156537375730e+02 1.424173843410345341e+02 -6.877058206619807752e+05 -5.779114218506343750e+13 1.150572357443972993e-06 4.593356045922818431e+00 2.585106958847208092e-01 -9.931601262686934328e-01 -8.306545173011732619e-02 1.415686609765123904e+01
1.000000000000000000e+00 4.209849803141308371e+02 1.813902629641567898e+02 -6.909504671618887223e+05 -5.833775432312039844e+13 1.067081732104834018e-06 -1.472311798784037329e+01 -8.249220576273850192e-01 -9.280524964178192837e-01 2.649948715667907462e-01 -2.971183650558203215e+00
1.000000000000000000e+00 3.784918106857699627e+02 2.159154711601775034e+02 -6.941950951545214048e+05 -5.888693620794347656e+13 9.597489093410571422e-07 -3.061076459004896932e+01 -1.707499619289628567e+00 -6.369555905262922479e-01 5.485241636045075087e-01 -4.442418449199110775e+00
1.000000000000000000e+00 3.268996752045598555e+02 2.452321945843340529e+02 -6.974396998294295045e+05 -5.943868697557340625e+13 8.391696268936809404e-07 -3.915149888568068093e+01 -2.174285997652052327e+00 -1.907546193033206605e-01 6.984793276733298750e-01 1.108903794000328880e+01
1.000000000000000000e+00 2.674452162643224824e+02 2.686238553939298868e+02 -7.006842764390767552e+05 -5.999300575756686719e+13 7.167259929233087994e-07 -3.819049080153998688e+01 -2.111610458032634696e+00 3.018934232587369149e-01 6.783469009204686762e-01 2.941549077201157658e+01
1.000000000000000000e+00 2.016641449837296989e+02 2.855614765421094603e+02 -7.039288208451920655e+05 -6.054989177523717188e+13 6.043453623509214015e-07 -2.787937847729518737e+01 -1.534759466004691708e+00 7.210254812284729864e-01 4.930353055810378082e-01 3.377311174471249444e+01
1.000000000000000000e+00 1.311169747549174076e+02 2.957079930266393717e+02 -7.071733299375710776e+05 -6.110934441445059375e+13 5.127725166335161904e-07 -1.065917562575489086e+01 -5.842353454226136833e-01 9.645900072652738855e-01 1.876752053311890600e-01 2.017673787502519289e+01
1.000000000000000000e+00 5.744030023353911929e+01 2.987972102214825441e+02 -7.104178012244900456e+05 -6.167136315859010938e+13 4.505619221298631903e-07 9.317639111759623560e+00 5.084933872152401779e-01 9.732952402636623201e-01 -1.633769862955890273e-01 1.063196521553100737e+00
1.000000000000000000e+00 -1.753578997732514466e+01 2.947710124786375445e+02 -7.136622331978295697e+05 -6.223594765469005469e+13 4.236376307916752472e-07 2.718874212797199519e+01 1.477378998235620911e+00 7.450371701003495328e-01 -4.746491834160222467e-01 -6.086227336606761185e+00
1.000000000000000000e+00 -9.206715793773511791e+01 2.837672635090931976e+02 -7.169066255689805839e+05 -6.280309775866793750e+13 4.345223254927776885e-07 3.856540034005236350e+01 2.086566005890201136e+00 3.354000489241726335e-01 -6.703634726371916486e-01 5.266247366133893770e+00
1.000000000000000000e+00 -1.644340611052136012e+02 2.659962756241963575e+02 -7.201509783337226836e+05 -6.337281337557903906e+13 4.820978763021201685e-07 4.060973323857096062e+01 2.187781400785812291e+00 -1.558837088232055690e-01 -7.028795974185434448e-01 2.473800997522354450e+01
1.000000000000000000e+00 -2.328333268616283078e+02 2.418735106837729063e+02 -7.233952924426411046e+05 -6.394509457926803125e+13 5.617377878107006523e-07 3.274176848384743010e+01 1.756399830388614802e+00 -6.092135945053990254e-01 -5.642867572511687246e-01 3.452221503076257392e+01
1.000000000000000000e+00 -2.956585886024588490e+02 2.119924791824319357e+02 -7.266395702505795052e+05 -6.451994169596995312e+13 6.658545892059294528e-07 1.680055264291221562e+01 8.974291544902792683e-01 -9.142320955781514380e-01 -2.883262070413829536e-01 2.567142553140253014e+01
1.000000000000000000e+00 -3.514277415065108130e+02 1.769978961684737726e+02 -7.298838145002819365e+05 -6.509735512858185938e+13 7.844127363570222626e-07 -3.384704528485626973e+00 -1.800364923521400873e-01 -9.966855522418662794e-01 5.782179501462230559e-02 6.279590816608203063e+00
1.000000000000000000e+00 -3.986837346595387999e+02 1.377140960221596515e+02 -7.331280289572590264e+05 -6.567733547194939844e+13 9.057494219939693258e-07 -2.291393898857302958e+01 -1.213697506936374015e+00 -8.365002806971627569e-01 3.898899873392848714e-01 -5.919272821290658015e+00
1.000000000000000000e+00 -4.362712587843953997e+02 9.510289154079745799e+01 -7.363722181984672789e+05 -6.625988347889129688e+13 1.018250493994147685e-06 -3.700566344850879830e+01 -1.951899776384371732e+00 -4.726720838778301070e-01 6.270375870318120048e-01 2.310866528778896811e-01
1.000000000000000000e+00 -4.632508161922554564e+02 5.013208230840477597e+01 -7.396163869367715670e+05 -6.684499994130838281e+13 1.110870147661582757e-06 -4.216786883426460975e+01 -2.214915703191723484e+00 6.225300055366728147e-03 7.115322063540748809e-01 1.910588137757903482e+01
1.000000000000000000e+00 -4.788042485324654649e+02 3.898714915257338376e+00 -7.428605408389929216e+05 -6.743268583923772656e+13 1.173783084163184004e-06 -3.706341738101982486e+01 -1.938718668510522214e+00 4.836053176864397729e-01 6.228064629528529128e-01 3.344337167900498287e+01
1.000000000000000000e+00 -4.825012798033393437e+02 -4.242862229058091117e+01 -7.461046863207392162e+05 -6.802294230722314062e+13 1.200559730563660852e-06 -2.285518036845418877e+01 -1.190570870516639790e+00 8.432551836999382378e-01 3.824640518711060477e-01 3.013190758157098870e+01
1.000000000000000000e+00 -4.741933427754046306e+02 -8.774531776022429597e+01 -7.493488296558485599e+05 -6.861577047419183594e+13 1.188439033340106551e-06 -2.942058402524744043e+00 -1.526267220788229684e-01 9.976284207001163695e-01 4.901673201777620448e-02 1.220032769541302642e+01
1.000000000000000000e+00 -4.539150654536940692e+02 -1.308924163759031956e+02 -7.525929772326292004e+05 -6.921117151002183594e+13 1.137956051192231244e-06 1.785424726598719758e+01 9.224373434482889822e-01 9.091532351892460673e-01 -2.963634235790462146e-01 -3.953398984569669317e+00
1.000000000000000000e+00 -4.221314716195940377e+02 -1.707282033418509286e+02 -7.558371357738873921e+05 -6.980914666663933594e+13 1.053888492789010931e-06 3.445682605805328791e+01 1.772939588667361566e+00 5.993716382161856648e-01 -5.696042778835275211e-01 -3.557994662716748469e+00
1.000000000000000000e+00 -3.796012069331600856e+02 -2.062624317371732729e+02 -7.590813113792743534e+05 -7.040969710168782812e+13 9.444350578758966747e-07 4.277264258593799440e+01 2.191872636822913112e+00 1.436910391833930434e-01 -7.041951646729486258e-01 1.302485762911213385e+01
1.000000000000000000e+00 -3.272628627177612657e+02 -2.365386498594048987e+02 -7.623255101472581737e+05 -7.101282399193498438e+13 8.200987251307459134e-07 4.070096832086432670e+01 2.077264056459895869e+00 -3.469695959468125368e-01 -6.673724934059068747e-01 3.063180600932243891e+01
1.000000000000000000e+00 -2.664548645701975715e+02 -2.607129540819288422e+02 -7.655697378566717962e+05 -7.161852847368626562e+13 6.936187384649572574e-07 2.866315013018385827e+01 1.456987151720317009e+00 -7.531725669980705584e-01 -4.680940188901044352e-01 3.316247608604398778e+01
1.000000000000000000e+00 -1.987407543888355121e+02 -2.781762759414285711e+02 -7.688139988830428338e+05 -7.222681143790578125e+13 5.780956483338290360e-07 9.520512539739863556e+00 4.819966488047707220e-01 -9.760292713412849208e-01 -1.548628431052052334e-01 1.830189010313152664e+01
1.000000000000000000e+00 -1.257752421109271950e+02 -2.884281230608934834e+02 -7.720582970373927383e+05 -7.283767368292175000e+13 4.851352473113981953e-07 -1.210481096798108958e+01 -6.103803939801741851e-01 -9.612740757125485258e-01 1.960724483817598562e-01 -3.605885204492993434e-01
1.000000000000000000e+00 -4.949758372804927120e+01 -2.911514871726527076e+02 -7.753026354213325540e+05 -7.345111588473295312e+13 4.243675581301388998e-07 -3.094545870855056791e+01 -1.554194233356260835e+00 -7.124837787617783746e-01 4.992748316916741369e-01 -5.756883078487099681e+00
1.000000000000000000e+00 2.807627724113256917e+01 -2.863114151112270065e+02 -7.785470157349490328e+05 -7.406713846250787500e+13 4.022817923781490334e-07 -4.237191072226909228e+01 -2.119625312854083177e+00 -2.902184748429670336e-01 6.809194392470345747e-01 7.049302963222638496e+00
1.000000000000000000e+00 1.049982823718551543e+02 -2.740104974232300492e+02 -7.817914386767223477e+05 -7.468574164943821875e+13 4.212110063875858067e-07 -4.353043403852931448e+01 -2.168970007805783862e+00 2.027154850642899908e-01 6.967730910723162197e-01 2.634539543645277604e+01
1.000000000000000000e+00 1.792073601599027484e+02 -2.545507758466369808e+02 -7.850359039160044631e+05 -7.530692548348795312e+13 4.791959398027353364e-07 -3.405580634002988205e+01 -1.690199558622169640e+00 6.462966491379742440e-01 5.429703705136035286e-01 3.448184975691489740e+01
1.000000000000000000e+00 2.487512815617446904e+02 -2.285036580269544402e+02 -7.882804094085682882e+05 -7.593068967145440625e+13 5.703836854377901198e-07 -1.618057681793546720e+01 -7.998965026870097361e-01 9.325167011785963078e-01 2.569579449111565883e-01 2.401631628627879778e+01
1.000000000000000000e+00 3.119191194219459931e+02 -1.965446515317643730e+02 -7.915249524349159328e+05 -7.655703378302689062e+13 6.856934529580177913e-07 5.790705024073631080e+00 2.851483655834328168e-01 9.916836516604509155e-01 -9.162408170125126150e-02 4.521316809165506712e+00
1.000000000000000000e+00 3.670519974320791903e+02 -1.595020502297242615e+02 -7.947695295854007127e+05 -7.718595724521915625e+13 8.133296212945272187e-07 2.651828016332595084e+01 1.300741682643565822e+00 8.093912413721091603e-01 -4.179008621875022755e-01 -6.171925262327649264e+00
1.000000000000000000e+00 4.127561526338984663e+02 -1.184044012455822923e+02 -7.980141360407391330e+05 -7.781745919931300000e+13 9.403585850857204092e-07 4.092494740620629301e+01 1.999616246753684212e+00 4.300244196513826056e-01 -6.424290415108561136e-01 1.717069320778284780e+00
1.000000000000000000e+00 4.480014542777489055e+02 -7.430192693558717565e+01 -8.012587664658603026e+05 -7.845153867030304688e+13 1.054324135959855193e-06 4.543938846647414920e+01 2.211619167204391001e+00 -5.404857862933079571e-02 -7.105384712251137103e-01 2.097286600595319328e+01
1.000000000000000000e+00 4.719097416196187851e+02 -2.831101045236251679e+01 -8.045034150085976580e+05 -7.908819456459451562e+13 1.143882405256057834e-06 3.888087780606657873e+01 1.885123201327987053e+00 -5.249637899745388525e-01 -6.056422033123191051e-01 3.398339605023650734e+01
1.000000000000000000e+00 4.839469075004463434e+02 1.834825215146307542e+01 -8.077480751993166050e+05 -7.972742564813821875e+13 1.200517234680350870e-06 2.276662848055261890e+01 1.099599746253761889e+00 -8.680556486312667186e-01 -3.532767509248306292e-01 2.884811381536695052e+01
1.000000000000000000e+00 4.839796376426588722e+02 6.453200095476343279e+01 -8.109927407501877751e+05 -8.036923070239810938e+13 1.219377824936168076e-06 9.621444334317613700e-01 4.629294312994474553e-02 -9.997760810736895376e-01 -1.488841951551401338e-02 1.026363303142946570e+01
1.000000000000000000e+00 4.720410225758023444e+02 1.091208820353591591e+02 -8.142374053586296504e+05 -8.101360848595840625e+13 1.198628549899669650e-06 -2.124540982354868390e+01 -1.018320710093754355e+00 -8.880426256024717135e-01 3.271247881840734784e-01 -4.770600023835179115e+00
1.000000000000000000e+00 4.485039670909484357e+02 1.509824683811439456e+02 -8.174820623586378060e+05 -8.166055766480570312e+13 1.140537920409682354e-06 -3.842913863492096027e+01 -1.834980033308349689e+00 -5.600580950361325749e-01 5.894771841276387203e-01 -2.501714161033183004e+00
1.000000000000000000e+00 4.141025285020086244e+02 1.891435899080511263e+02 -8.207267055587189971e+05 -8.231007697895967188e+13 1.051575870578333077e-06 -4.634894788729093307e+01 -2.204794137108760932e+00 -9.569095908557659347e-02 7.082803006450164585e-01 1.499491024577922893e+01
1.000000000000000000e+00 3.696834885315103634e+02 2.227239642066758734e+02 -8.239713295235151891e+05 -8.296216530106575000e+13 9.405314537255411011e-07 -4.299811112792950496e+01 -2.037704543148681768e+00 3.919760363319345631e-01 6.546051568395357956e-01 3.171362158688527799e+01
1.000000000000000000e+00 3.163707293799432136e+02 2.508954587747632274e+02 -8.272159289269265719e+05 -8.361682150861760938e+13 8.181817208831821203e-07 -2.911114999062635178e+01 -1.374424927178067302e+00 7.841901236958519483e-01 4.415276561019536028e-01 3.236095675434303587e+01
1.000000000000000000e+00 2.555628477836443722e+02 2.730434841035677209e+02 -8.304604994241785025e+05 -8.427404466138315625e+13 6.965514214631657616e-07 -8.004477943033371901e+00 -3.765048797608988029e-01 9.854517880718240974e-01 1.209399353389955939e-01 1.634554252239397698e+01
1.000000000000000000e+00 1.886799783398407158e+02 2.886839347994717286e+02 -8.337050372107794974e+05 -8.493383391543304688e+13 5.870925856461195429e-07 1.521589279040986042e+01 7.130451652496205828e-01 9.467675772411691115e-01 -2.290925500691252115e-01 -1.682953040376436338e+00
1.000000000000000000e+00 1.173277165483547861e+02 2.974209006326763074e+02 -8.369495388859357918e+05 -8.559618849734540625e+13 5.001564137559585467e-07 3.488989044303048104e+01 1.628948041952343218e+00 6.775707932631341857e-01 -5.233439130026650288e-01 -5.235291045697780810e+00
1.000000000000000000e+00 4.328017045848890376e+01 2.990975008483711122e+02 -8.401940024086869089e+05 -8.626110790213590625e+13 4.441311370341376933e-07 4.618291734758245326e+01 2.148240975485591786e+00 2.434137210741768309e-01 -6.901777673358223675e-01 8.936682458259255668e+00
1.000000000000000000e+00 -3.177227707632224707e+01 2.936971697537795762e+02 -8.434384266786252847e+05 -8.692859181222321875e+13 4.241595367196793387e-07 4.627325947025629205e+01 2.144527734124438201e+00 -2.499987010907463170e-01 -6.889829319866067614e-01 2.787149677645576418e+01
1.000000000000000000e+00 -1.060551029292274166e+02 2.813020799583688927e+02 -8.466828110928223468e+05 -8.759864000947645312e+13 4.419454991071357858e-07 3.505621638159764331e+01 1.618722678923082858e+00 -6.825429390095603122e-01 -5.200549088071673154e-01 3.425268604587648724e+01
1.000000000000000000e+00 -1.777368773929781014e+02 2.622344018501582923e+02 -8.499271560240112012e+05 -8.827125247651301562e+13 4.957662712969845984e-07 1.518969325964230066e+01 6.988244629624248416e-01 -9.489167092939289061e-01 -2.245215769866342193e-01 2.224457551883539352e+01
1.000000000000000000e+00 -2.451777165077689915e+02 2.369435197341655908e+02 -8.531714628800313221e+05 -8.894642941296125000e+13 5.804941829020347753e-07 -8.534791300811425785e+00 -3.912276066376921824e-01 -9.842714537718159074e-01 1.256683978059792428e-01 2.828988104201850984e+00
1.000000000000000000e+00 -3.067557215066675553e+02 2.059655754396379166e+02 -8.564157336641167058e+05 -8.962417114753215625e+13 6.878214172191383084e-07 -3.034732075731184509e+01 -1.386054145959950912e+00 -7.800001547536399293e-01 4.452597577764876857e-01 -6.237565886287945283e+00
1.000000000000000000e+00 -3.609032209234440529e+02 1.700549192159409415e+02 -8.596599716479781782e+05 -9.030447828178956250e+13 8.072231840468091654e-07 -4.490287836336027283e+01 -2.043445203503905017e+00 -3.858349005221087813e-01 6.564465324991870521e-01 3.336801802845511755e+00
1.000000000000000000e+00 -4.063483699338128190e+02 1.300582203758773687e+02 -8.629041808980404167e+05 -9.098735159526854688e+13 9.273773778199660071e-07 -4.859139701223138985e+01 -2.203346758457290111e+00 1.022606452867634852e-01 7.078161042738262410e-01 2.279552804813465983e+01
1.000000000000000000e+00 -4.419334285249767049e+02 8.687354518365246747e+01 -8.661483655519378372e+05 -9.167279189547481250e+13 1.036478495876800194e-06 -4.043314159175285027e+01 -1.826843045921705322e+00 5.654575839214069921e-01 5.868668179442093624e-01 3.434247845530720156e+01
1.000000000000000000e+00 -4.666579983790629740e+02 4.157073114870663488e+01 -8.693925308597550029e+05 -9.236080023940129688e+13 1.123308734106640421e-06 -2.233706429260807269e+01 -1.005624206383924246e+00 8.909955322392064669e-01 3.230491573574794106e-01 2.741805636382369116e+01
1.000000000000000000e+00 -4.799075273719462871e+02 -4.746914349331181171e+00 -8.726366827225878369e+05 -9.305137783952910938e+13 1.179203920089415660e-06 1.345600695657432233e+00 6.036389434016426608e-02 9.996340296938672765e-01 -1.940905354939388358e-02 8.355290531083429784e+00
1.000000000000000000e+00 -4.812573921412237610e+02 -5.098554941595166667e+01 -8.758808272096583387e+05 -9.374452596304275000e+13 1.198254318724922262e-06 2.486789622155108148e+01 1.111621715408041000e+00 8.649369695830160243e-01 -3.571423966094219304e-01 -5.413526906403500760e+00
1.000000000000000000e+00 -4.705171542827470148e+02 -9.595172873770104616e+01 -8.791249708952971268e+05 -9.444024600489742188e+13 1.177982068287917035e-06 4.248176474904160926e+01 1.892269186775133116e+00 5.196994282639767482e-01 -6.079414896499656384e-01 -1.298199687332106667e+00
1.000000000000000000e+00 -4.479356712723023293e+02 -1.385009391779405519e+02 -8.823691203314587474e+05 -9.513853937607264062e+13 1.120355245601146977e-06 4.984222160172104310e+01 2.212307917750648834e+00 4.795949283515971162e-02 -7.107601469527532467e-01 1.693800217275701314e+01
1.000000000000000000e+00 -4.139814846246397906e+02 -1.775806276712891076e+02 -8.856132816492877901e+05 -9.583940741724815625e+13 1.030627616119840279e-06 4.507843611483792046e+01 1.993839601888107715e+00 -4.354559115642773204e-01 -6.405701144906508215e-01 3.262009024295206672e+01
1.000000000000000000e+00 -3.693783379820951041e+02 -2.121285948036477009e+02 -8.888574613710070262e+05 -9.654285157350145312e+13 9.171375442031518562e-07 2.926821172856669406e+01 1.290018980296293583e+00 -8.128747580720085963e-01 -4.144522892331038988e-01 3.140805396035645813e+01
1.000000000000000000e+00 -3.152760844888965721e+02 -2.412257674541783388e+02 -8.921016656994592631e+05 -9.724887324096296875e+13 7.915136489697103402e-07 6.195901254794235591e+00 2.721374024313151230e-01 -9.924177982173206791e-01 -8.744317532019570127e-02 1.440950408319394249e+01
1.000000000000000000e+00 -2.529993938236058852e+02 -2.641313128886230288e+02 -8.953458996327623026e+05 -9.795747357182365625e+13 6.665511470709557660e-07 -1.855252553437437157e+01 -8.120371187324910700e-01 -9.303658806616372789e-01 2.608555375918375496e-01 -2.831222406843399320e+00
1.000000000000000000e+00 -1.840666392112577228e+02 -2.801792012948230308e+02 -8.985901678005246213e+05 -9.866865365319890625e+13 5.547915213952891191e-07 -3.894148104453135062e+01 -1.698555050215370787e+00 -6.418116128852453528e-01 5.456507240028340977e-01 -4.546652019812714940e+00
1.000000000000000000e+00 -1.103235379583255735e+02 -2.889255438792427526e+02 -9.018344738712264225e+05 -9.938241437505435938e+13 4.678648377272604027e-07 -4.995787819657012818e+01 -2.171554083009798575e+00 -1.969955139577524994e-01 6.976016880923497920e-01 1.083286238030319737e+01
1.000000000000000000e+00 -3.366260877361437309e+01 -2.901638256560581226e+02 -9.050788204075656831e+05 -1.000987563943995469e+14 4.148370179694668015e-07 -4.884414332451498808e+01 -2.115844822449556073e+00 2.957887956218403502e-01 6.797071547327070418e-01 2.924148952154872205e+01
1.000000000000000000e+00 4.397111223607684849e+01 -2.838084906088020603e+02 -9.083232092624159995e+05 -1.008176802188015469e+14 4.012141293553395064e-07 -3.578840655834872564e+01 -1.544982060614329189e+00 7.165615829548271920e-01 4.963193172801679820e-01 3.384211804587104666e+01
1.000000000000000000e+00 1.204719848961232600e+02 -2.700277908453341524e+02 -9.115676409258769127e+05 -1.015391860581075000e+14 4.285401378172110532e-07 -1.389891289353752946e+01 -5.979663580475266249e-01 9.628733022528335184e-01 1.920864048865795481e-01 2.042674035417517331e+01
1.000000000000000000e+00 1.938666736991767152e+02 -2.492304165269620455e+02 -9.148121142326216213e+05 -1.022632737536130312e+14 4.941515923306887754e-07 1.153594395445203169e+01 4.946168838079122443e-01 9.747518117903622992e-01 -1.589189445055153305e-01 1.265395577178135111e+00
1.000000000000000000e+00 2.623041983992081896e+02 -2.219310198091429811e+02 -9.180566274089422077e+05 -1.029899430064194688e+14 5.914493138579798041e-07 3.432550834926319538e+01 1.466755306513008561e+00 7.493039221924394644e-01 -4.712361031764157326e-01 -6.116686521340365168e+00
1.000000000000000000e+00 3.239508241164004403e+02 -1.888668869126303491e+02 -9.213011777228880674e+05 -1.037191932962475938e+14 7.105115091058182864e-07 4.888354838452619333e+01 2.081772565745979797e+00 3.414181258560724519e-01 -6.688234819761811334e-01 5.032271370406212974e+00
1.000000000000000000e+00 3.772719834237420855e+02 -1.509577538364060558e+02 -9.245457610475301044e+05 -1.044510237789573281e+14 8.394208073875785045e-07 5.159711833095146716e+01 2.189932945999842673e+00 -1.495983577344355275e-01 -7.035708590857889799e-01 2.451562509580737625e+01
1.000000000000000000e+00 4.209962707998898281e+02 -1.091590644218054962e+02 -9.277903728001118870e+05 -1.051854334939636562e+14 9.652973111926813421e-07 4.172258866133400090e+01 1.764884716904418616e+00 -6.041942305606583519e-01 -5.670127227088811450e-01 3.451357298852574473e+01
1.000000000000000000e+00 4.539942769628563042e+02 -6.456959033936259118e+01 -9.310350074551230064e+05 -1.059224212516351562e+14 1.075379971552856696e-06 2.158703472957076741e+01 9.100865492449139449e-01 -9.116779741720568708e-01 -2.923925885121125279e-01 2.588100093095992094e+01
1.000000000000000000e+00 4.755345617710528927e+02 -1.837555248419269560e+01 -9.342796586511858040e+05 -1.066619856539613438e+14 1.159189603216387201e-06 -3.959042206410035458e+00 -1.663524877899449916e-01 -9.971701293269633615e-01 5.342570424831137588e-02 6.513276918056043030e+00
1.000000000000000000e+00 4.852092405241406823e+02 2.829585562585060643e+01 -9.375243204683737131e+05 -1.074041253839011406e+14 1.209075011582547206e-06 -2.870956315402888492e+01 -1.202319911778409800e+00 -8.398426473747854226e-01 3.862349167207701495e-01 -5.873633109985193279e+00
1.000000000000000000e+00 4.827923073912445489e+02 7.426758824174439155e+01 -9.407689865320663666e+05 -1.081488390010950469e+14 1.220111246943219578e-06 -4.661054266932575274e+01 -1.945524463879976684e+00 -4.779993901818283542e-01 6.249895209127297457e-01 5.169424502131314547e-02
1.000000000000000000e+00 4.684697761251074439e+02 1.183721043770265311e+02 -9.440136500626174966e+05 -1.088961249515210938e+14 1.191644260669599652e-06 -5.324136976344448868e+01 -2.214958557096145420e+00 2.462361031222992658e-04 7.115459496779857895e-01 1.886909711717501636e+01
1.000000000000000000e+00 4.427283753666535517e+02 1.595868007133553590e+02 -9.472583047762851929e+05 -1.096459817744558594e+14 1.127117645206770196e-06 -4.690684431573679802e+01 -1.945007078238810916e+00 4.784308715973649706e-01 6.248265867605246049e-01 3.336454745309072223e+01
1.000000000000000000e+00 4.062014982978594162e+02 1.969168061294884637e+02 -9.505029446769702481e+05 -1.103984080560627031e+14 1.032956452156505325e-06 -2.906973328872290807e+01 -1.201432319810288529e+00 8.401092471172991738e-01 3.859533293864871872e-01 3.027817846996953932e+01
1.000000000000000000e+00 3.598828151321235396e+02 2.294511395468881574e+02 -9.537475640310089802e+05 -1.111534024246568594e+14 9.187347743589469685e-07 -4.013569683482980821e+00 -1.653358550180672737e-01 9.972154903953541760e-01 5.309968341405123249e-02 1.243392269300218089e+01
1.000000000000000000e+00 3.049874098868776287e+02 2.564826098580068106e+02 -9.569921580978579586e+05 -1.119109637226392656e+14 7.957729720908083566e-07 2.218647882647238490e+01 9.109766518006143787e-01 9.115058479350177656e-01 -2.926814709686536009e-01 -3.845582217625080901e+00
1.000000000000000000e+00 2.427967679609516836e+02 2.773800866865110493e+02 -9.602367224901755108e+05 -1.126710908602622344e+14 6.755714831033350946e-07 4.313690636341512885e+01 1.765448732333589899e+00 6.038622340818088352e-01 -5.671976789020297671e-01 -3.670518453194977493e+00
1.000000000000000000e+00 1.748649419603142121e+02 2.916407318162870297e+02 -9.634812531125546666e+05 -1.134337828026039375e+14 5.696962215244698596e-07 5.368579974844328007e+01 2.190066929610335222e+00 1.491982257808820433e-01 -7.036150565516983146e-01 1.279830204059542531e+01
1.000000000000000000e+00 1.028617048738298081e+02 2.989948807695460005e+02 -9.667257473375092959e+05 -1.141990388485638281e+14 4.884027671423582180e-07 5.118903994627450516e+01 2.081475756404001842e+00 -3.417855501579238342e-01 -6.687256213092597212e-01 3.049840697315891447e+01
1.000000000000000000e+00 2.842452203748747763e+01 2.992682886722753892e+02 -9.699702032420347678e+05 -1.149668584557077500e+14 4.391754373474768541e-07 3.617209275967643123e+01 1.466118111396043755e+00 -7.495519320031288624e-01 -4.710275222398399020e-01 3.324187521534847889e+01
1.000000000000000000e+00 -4.663844259222990019e+01 2.924322964588812397e+02 -9.732146195066191722e+05 -1.157372412190412500e+14 4.265251714002002516e-07 1.222221181910285281e+01 4.937994351524235825e-01 -9.748258796047354346e-01 -1.586546316987570426e-01 1.851968256007487668e+01
1.000000000000000000e+00 -1.205166918705965600e+02 2.786957124248561968e+02 -9.764589960374941584e+05 -1.165101870218952344e+14 4.516382964670035148e-07 -1.486776818569961556e+01 -5.987651350966776143e-01 -9.627619559849023290e-01 1.923409892585488112e-01 -2.035862212160908513e-01
1.000000000000000000e+00 -1.915349597957170147e+02 2.583577248092790342e+02 -9.797033332970011979e+05 -1.172856958804542656e+14 5.120668189447563595e-07 -3.850020873227609997e+01 -1.545568292447340841e+00 -7.162982259094123894e-01 4.965037472131237362e-01 -5.803788753583567939e+00
1.000000000000000000e+00 -2.579527853805884661e+02 2.318573422243097468e+02 -9.829476325917708455e+05 -1.180637680151889531e+14 6.018175623139478605e-07 -5.287963397275890998e+01 -2.116081405146875039e+00 -2.954426755017919848e-01 6.797809541284387524e-01 6.840906785606476248e+00
1.000000000000000000e+00 -3.181404567099006613e+02 1.998531777364507320e+02 -9.861918966526249424e+05 -1.188444039939688750e+14 7.121595332185357635e-07 -5.443434621679268304e+01 -2.171401584471438273e+00 1.973382711115967691e-01 6.975542057047038336e-01 2.616541992045283394e+01
1.000000000000000000e+00 -3.707044158410346313e+02 1.630669091163460678e+02 -9.894361287399448920e+05 -1.196276045213779219e+14 8.325968674795959259e-07 -4.270353085953091465e+01 -1.698081371134888773e+00 6.420715595179965485e-01 5.455023928017280754e-01 3.449592555646911052e+01
1.000000000000000000e+00 -4.142887329447938214e+02 1.223316573836928995e+02 -9.926803325427073287e+05 -1.204133704163193594e+14 9.512861441271176543e-07 -2.046927792206101415e+01 -8.113890515545594262e-01 9.304906107610347865e-01 2.606500012531752231e-01 2.421438759051964595e+01
1.000000000000000000e+00 -4.477547766754756822e+02 7.865880438582084366e+01 -9.959245129578440683e+05 -1.212017028034068438e+14 1.056435916915753164e-06 6.903363894292758651e+00 2.727869573239223855e-01 9.923922386493996273e-01 -8.765280491536935059e-02 4.724119279823177919e+00
1.000000000000000000e+00 -4.702909717660010642e+02 3.307173090875021870e+01 -9.991686751734259306e+05 -1.219926028938775625e+14 1.137658381889749707e-06 3.276135158728892094e+01 1.290521179979136734e+00 8.127194869667981880e-01 -4.146173226155652758e-01 -6.151615134365147064e+00
