5.400000270910149993e+04 4.136460421577773206e-08 9.999999999999999547e-08
5.400917913291592413e+04 7.092906039344676958e-08 9.999999999999999547e-08
5.401835553015240293e+04 3.026534854279244226e-08 9.999999999999999547e-08
5.402753191875465563e+04 1.220444181362000773e-07 9.999999999999999547e-08
5.403670831750927755e+04 -9.803095336533780824e-09 9.999999999999999547e-08
5.404588474537248840e+04 -1.069703073151923413e-07 9.999999999999999547e-08
5.405506121976403665e+04 7.167725655564480665e-09 9.999999999999999547e-08
5.406423775826697238e+04 7.766509049314317401e-08 9.999999999999999547e-08
5.407341437782576395e+04 3.505739438967728442e-07 9.999999999999999547e-08
5.408259109125140094e+04 1.046553340521352224e-07 9.999999999999999547e-08
5.409176790968403657e+04 4.180922857934032125e-08 9.999999999999999547e-08
5.410094484201155865e+04 -2.204665501093060419e-08 9.999999999999999547e-08
5.411012189328973182e+04 2.776990425576239419e-07 9.999999999999999547e-08
5.411929906618350651e+04 1.729085823315239533e-07 9.999999999999999547e-08
5.412847636005504319e+04 3.808779300139281352e-08 9.999999999999999547e-08
5.413765376918894617e+04 -6.711670598635612264e-08 9.999999999999999547e-08
5.414683128625874087e+04 5.931840692960314094e-08 9.999999999999999547e-08
5.415600890147264727e+04 1.716345226760047094e-09 9.999999999999999547e-08
5.416518660185525368e+04 2.285329684991307495e-07 9.999999999999999547e-08
5.417436437239318184e+04 4.524029130592514303e-08 9.999999999999999547e-08
5.418354219659820956e+04 -4.157843546521571356e-08 9.999999999999999547e-08
5.419272005592681671e+04 1.642314273067358597e-08 9.999999999999999547e-08
5.420189793285203632e+04 2.939698577500603029e-08 9.999999999999999547e-08
5.421107580952700664e+04 -2.087292555737807515e-09 9.999999999999999547e-08
5.422025366689258954e+04 8.882511850614891262e-08 9.999999999999999547e-08
5.422943148752055276e+04 5.236294734563834879e-08 9.999999999999999547e-08
5.423860925526858773e+04 2.638512890938574453e-08 9.999999999999999547e-08
5.424778695504600910e+04 -3.236877894685232470e-08 9.999999999999999547e-08
5.425696457425558765e+04 6.672409328190071984e-09 9.999999999999999547e-08
5.426614210195453052e+04 -9.434677547428333587e-08 9.999999999999999547e-08
5.427531952794661629e+04 -1.101975506364937503e-07 9.999999999999999547e-08
5.428449684578028973e+04 -9.035944277857328007e-08 9.999999999999999547e-08
5.429367405216125189e+04 -5.996123433344570832e-08 9.999999999999999547e-08
5.430285114485133818e+04 -3.023195858384358805e-07 9.999999999999999547e-08
5.431202812476883992e+04 -1.235827109222005419e-09 9.999999999999999547e-08
5.432120499528116488e+04 -3.237327522976553499e-08 9.999999999999999547e-08
5.433038176170804218e+04 4.555354443566068182e-08 9.999999999999999547e-08
5.433955843314548110e+04 -1.462173272634235673e-08 9.999999999999999547e-08
5.434873502071879193e+04 -2.774630823441837457e-07 9.999999999999999547e-08
5.435791153626620508e+04 -1.326069884155782929e-07 9.999999999999999547e-08
5.436708799442884629e+04 -1.091925951450455947e-07 9.999999999999999547e-08
5.437626441190264450e+04 -1.413328231362728101e-07 9.999999999999999547e-08
5.438544080581536400e+04 -3.707543534102723947e-07 9.999999999999999547e-08
5.439461719518139580e+04 -2.049199450414413221e-07 9.999999999999999547e-08
5.440379359861317789e+04 -2.710286839333061110e-07 9.999999999999999547e-08
5.441297003399283858e+04 -1.632815006977917294e-07 9.999999999999999547e-08
5.442214651990260609e+04 -3.341036284501756568e-07 9.999999999999999547e-08
5.443132307392198709e+04 -2.672745777835456741e-07 9.999999999999999547e-08
5.444049971096157969e+04 3.255161793459545257e-09 9.999999999999999547e-08
5.444967644455966365e+04 -2.315179241766020131e-07 9.999999999999999547e-08
5.445885328544880758e+04 -3.860418057847443851e-08 9.999999999999999547e-08
5.446803024094991997e+04 -1.863159943225043969e-07 9.999999999999999547e-08
5.447720731662840262e+04 -1.393562354114187779e-07 9.999999999999999547e-08
5.448638451444551902e+04 -3.023139654847943792e-07 9.999999999999999547e-08
5.449556183136654727e+04 -2.741608888875468571e-07 9.999999999999999547e-08
5.450473926285505877e+04 -3.028323433922720172e-07 9.999999999999999547e-08
5.451391680083522078e+04 -3.688494886499532286e-07 9.999999999999999547e-08
5.452309443406535138e+04 -3.401299529263336014e-07 9.999999999999999547e-08
5.453227214983402519e+04 -3.150001731525910471e-08 9.999999999999999547e-08
5.454144993285935197e+04 -7.191492880132488813e-08 9.999999999999999547e-08
5.455062776523215143e+04 -1.049394741126112004e-07 9.999999999999999547e-08
5.455980562976186047e+04 -1.130424286084420614e-07 9.999999999999999547e-08
5.456898350856726756e+04 -2.247194356307926936e-07 9.999999999999999547e-08
5.457816138251301163e+04 -1.046011288233922701e-07 9.999999999999999547e-08
5.458733923413973389e+04 -5.923129525549605942e-09 9.999999999999999547e-08
5.459651704575263284e+04 -1.808234584009056944e-07 9.999999999999999547e-08
5.460569480088529235e+04 -1.001520568807725596e-07 9.999999999999999547e-08
5.461487248587928480e+04 -1.230576812355373071e-07 9.999999999999999547e-08
5.462405008806772094e+04 7.921650771140519685e-09 9.999999999999999547e-08
5.463322759581888386e+04 1.365333272205533942e-07 9.999999999999999547e-08
5.464240500087741384e+04 9.814855999049333198e-08 9.999999999999999547e-08
5.465158229723896511e+04 3.741708538005720572e-08 9.999999999999999547e-08
5.466075948074287589e+04 1.063655895350738286e-07 9.999999999999999547e-08
5.466993655114521243e+04 7.168898659629809539e-08 9.999999999999999547e-08
5.467911350929331093e+04 -1.900256269765030022e-08 9.999999999999999547e-08
5.468829035824266612e+04 1.976165634482559154e-07 9.999999999999999547e-08
5.469746710531684948e+04 5.558699975648521426e-08 9.999999999999999547e-08
5.470664375949394889e+04 1.266145271140156679e-07 9.999999999999999547e-08
5.471582033142462751e+04 1.058055484899568540e-07 9.999999999999999547e-08
5.472499683464519330e+04 2.009150946099393128e-07 9.999999999999999547e-08
5.473417328367918526e+04 1.727152784266020535e-07 9.999999999999999547e-08
5.474334969470305805e+04 2.080465619137485766e-07 9.999999999999999547e-08
5.475252608667221648e+04 2.042890472914571770e-07 9.999999999999999547e-08
5.476170247773992014e+04 1.649008475044840913e-07 9.999999999999999547e-08
5.477087888587250200e+04 5.330255261024399255e-07 9.999999999999999547e-08
5.478005533015982655e+04 2.497329424349083570e-07 9.999999999999999547e-08
5.478923182854862534e+04 1.882057345298725502e-07 9.999999999999999547e-08
5.479840839777576912e+04 5.936866376926206353e-08 9.999999999999999547e-08
5.480758505355178204e+04 1.105718259400342064e-07 9.999999999999999547e-08
5.481676180804899195e+04 3.573058584471897983e-07 9.999999999999999547e-08
5.482593867090538697e+04 7.300309779837540739e-08 9.999999999999999547e-08
5.483511566188438883e+04 1.816651658256894330e-07 9.999999999999999547e-08
5.484429276227240916e+04 2.723469973468899416e-07 9.999999999999999547e-08
5.485346998388517386e+04 1.277642339069922688e-07 9.999999999999999547e-08
5.486264732456631464e+04 4.810467734406140751e-08 9.999999999999999547e-08
5.487182477807762189e+04 1.695274138411373027e-07 9.999999999999999547e-08
5.488100233571880381e+04 1.918463820567665786e-07 9.999999999999999547e-08
5.489017998704743513e+04 -2.995133793442740417e-08 9.999999999999999547e-08
5.489935771791046136e+04 2.888629506089613618e-08 9.999999999999999547e-08
5.490853551182947558e+04 1.175838516638748356e-07 9.999999999999999547e-08
5.491771335227762756e+04 1.686645626459541891e-07 9.999999999999999547e-08
5.492689122141655389e+04 1.278710931468731181e-07 9.999999999999999547e-08
5.493606910058936774e+04 6.551113013389583679e-08 9.999999999999999547e-08
5.494524697211787134e+04 -1.027320892849944673e-07 9.999999999999999547e-08
5.495442481729979045e+04 -1.188039075168735762e-07 9.999999999999999547e-08
5.496360261846476351e+04 1.959522498237934171e-07 9.999999999999999547e-08
5.497278036123776110e+04 4.006633878493488215e-08 9.999999999999999547e-08
5.498195803102439095e+04 1.384468582035842993e-07 9.999999999999999547e-08
5.499113561508385465e+04 -6.656058105861518125e-08 9.999999999999999547e-08
5.500031310331391433e+04 1.129572128065294712e-07 9.999999999999999547e-08
5.500949048722766747e+04 7.554114072184331024e-08 9.999999999999999547e-08
5.501866776114865934e+04 -1.769377997155878645e-07 9.999999999999999547e-08
5.502784492274247896e+04 2.088262139261660326e-08 9.999999999999999547e-08
5.503702197079968755e+04 -9.445577407458257084e-08 9.999999999999999547e-08
5.504619890640761150e+04 5.788844392181857230e-08 9.999999999999999547e-08
5.505537573480405990e+04 -9.449145425511964143e-08 9.999999999999999547e-08
5.506455246273025841e+04 9.890333740550385528e-09 9.999999999999999547e-08
5.507372909950728354e+04 -3.024414022897706766e-08 9.999999999999999547e-08
5.508290565713526303e+04 -1.302273306837627654e-07 9.999999999999999547e-08
5.509208214822724403e+04 3.793074944254518794e-08 9.999999999999999547e-08
5.510125858809582860e+04 -1.546862757436567098e-07 9.999999999999999547e-08
5.511043499444720510e+04 -1.888517891045157178e-07 9.999999999999999547e-08
5.511961138497207139e+04 -2.042356939995452475e-08 9.999999999999999547e-08
5.512878777768329746e+04 -1.772713586391249794e-07 9.999999999999999547e-08
5.513796419205397251e+04 -2.262414636572598272e-07 9.999999999999999547e-08
5.514714064580074773e+04 4.927280439284373403e-08 9.999999999999999547e-08
5.515631715700333734e+04 -2.522557962620092144e-07 9.999999999999999547e-08
5.516549374303520017e+04 -1.404060812113068438e-07 9.999999999999999547e-08
5.517467041754285310e+04 1.088245123834077033e-07 9.999999999999999547e-08
5.518384719266104366e+04 -1.448273414684875935e-07 9.999999999999999547e-08
5.519302407875727658e+04 -6.341720791778354585e-08 9.999999999999999547e-08
5.520220108227990568e+04 -7.408380514141074523e-08 9.999999999999999547e-08
5.521137820669991197e+04 -7.519420571924285405e-08 9.999999999999999547e-08
5.522055545288304711e+04 -1.950204354390151103e-07 9.999999999999999547e-08
5.522973281654222228e+04 -2.499653027211902803e-07 9.999999999999999547e-08
5.523891029149240785e+04 -9.856835000563312511e-08 9.999999999999999547e-08
5.524808786936866090e+04 -2.055755683588100471e-07 9.999999999999999547e-08
5.525726553772521584e+04 1.102811087966855418e-08 9.999999999999999547e-08
5.526644328230457177e+04 -4.836858413142794914e-08 9.999999999999999547e-08
5.527562108739385440e+04 -9.912240809364783375e-08 9.999999999999999547e-08
5.528479893504503707e+04 1.728700921554678434e-08 9.999999999999999547e-08
5.529397680764421239e+04 7.132210640903776897e-11 9.999999999999999547e-08
5.530315468731118017e+04 4.330353575253539486e-09 9.999999999999999547e-08
5.531233255497566279e+04 -2.071276924725187802e-07 9.999999999999999547e-08
5.532151039259041863e+04 2.790324081847684165e-08 9.999999999999999547e-08
5.533068818394654227e+04 -1.358571845359446945e-07 9.999999999999999547e-08
5.533986591316937847e+04 -8.686053694448351579e-08 9.999999999999999547e-08
5.534904356680047931e+04 8.259370551259497829e-08 9.999999999999999547e-08
5.535822113309939596e+04 2.902121980863846173e-08 9.999999999999999547e-08
5.536739860103120736e+04 7.640094604795619936e-08 9.999999999999999547e-08
5.537657596328693035e+04 -4.100055432983021693e-08 9.999999999999999547e-08
5.538575321548800275e+04 5.007354161520164244e-08 9.999999999999999547e-08
5.539493035443491681e+04 -4.266700731471111422e-08 9.999999999999999547e-08
5.540410737978247926e+04 4.681670985150364487e-08 9.999999999999999547e-08
5.541328429409135424e+04 1.112211762175320670e-07 9.999999999999999547e-08
5.542246110169283929e+04 1.120690881501325904e-07 9.999999999999999547e-08
5.543163781054771243e+04 -2.000777201152097125e-08 9.999999999999999547e-08
5.544081443112668785e+04 3.511810691825689507e-08 9.999999999999999547e-08
5.544999097418918973e+04 1.124656312948007192e-07 9.999999999999999547e-08
5.545916745374099992e+04 4.067377210237090405e-08 9.999999999999999547e-08
5.546834388595147902e+04 3.127037655493273758e-08 9.999999999999999547e-08
5.547752028760904068e+04 -6.107058336124165924e-08 9.999999999999999547e-08
5.548669667709789064e+04 1.161760074671955736e-07 9.999999999999999547e-08
5.549587307321251865e+04 2.548846512279010704e-09 9.999999999999999547e-08
5.550504949365036009e+04 6.470509890101109542e-08 9.999999999999999547e-08
5.551422595734045171e+04 4.370339653756757879e-08 9.999999999999999547e-08
5.552340248278607760e+04 8.732814637881911385e-08 9.999999999999999547e-08
5.553257908516878524e+04 1.784084974148505074e-08 9.999999999999999547e-08
5.554175577888080443e+04 1.253477719239113599e-07 9.999999999999999547e-08
5.555093257579998317e+04 2.620763451535223703e-08 9.999999999999999547e-08
5.556010948460126383e+04 -4.462506600272121784e-08 9.999999999999999547e-08
5.556928651216147409e+04 1.519739799197925792e-08 9.999999999999999547e-08
5.557846366153600684e+04 8.512699833072716207e-08 9.999999999999999547e-08
5.558764093124063947e+04 1.750760807784589841e-07 9.999999999999999547e-08
5.559681831754832820e+04 9.904611233686952443e-08 9.999999999999999547e-08
5.560599581427411613e+04 3.382026752835024701e-07 9.999999999999999547e-08
5.561517341103484068e+04 6.124448399237574837e-08 9.999999999999999547e-08
5.562435109602498414e+04 1.520949986435136997e-07 9.999999999999999547e-08
5.563352885442842671e+04 1.507443007522474651e-07 9.999999999999999547e-08
5.564270666894210444e+04 2.329188023981969573e-07 9.999999999999999547e-08
5.565188452308659907e+04 -6.368720245465250281e-08 9.999999999999999547e-08
5.566106239912765886e+04 2.632389785785727022e-07 9.999999999999999547e-08
5.567024027768282394e+04 -1.675297991041982650e-07 9.999999999999999547e-08
5.567941814070541295e+04 4.484342181814235258e-08 9.999999999999999547e-08
5.568859597071158350e+04 9.478755225252399129e-08 9.999999999999999547e-08
5.569777375054791628e+04 -1.215267331639359324e-07 9.999999999999999547e-08
5.570695146600474254e+04 -1.696495789356995802e-07 9.999999999999999547e-08
5.571612910357001965e+04 -2.970074268270818777e-08 9.999999999999999547e-08
5.572530665045895148e+04 1.348219476668864904e-07 9.999999999999999547e-08
5.573448409782192903e+04 1.395043911968401257e-07 9.999999999999999547e-08
5.574366143891398679e+04 -8.062491775078496305e-08 9.999999999999999547e-08
5.575283866844526347e+04 2.138154741931253232e-07 9.999999999999999547e-08
5.576201578484745551e+04 -1.097674304113608536e-07 9.999999999999999547e-08
5.577119278795349237e+04 7.228606776623165480e-09 9.999999999999999547e-08
5.578036968010687997e+04 3.891035895208743010e-08 9.999999999999999547e-08
5.578954646752135159e+04 1.139920468231428204e-07 9.999999999999999547e-08
5.579872315847479331e+04 4.834522847991805535e-08 9.999999999999999547e-08
5.580789976214525814e+04 2.673029114366663652e-08 9.999999999999999547e-08
5.581707629149579589e+04 -4.174599452442487858e-08 9.999999999999999547e-08
5.582625276059889438e+04 -2.548943166044489191e-07 9.999999999999999547e-08
