1.000000000000000000e+00 -4.203819482255890989e+02 8.390432378061659335e+01 -1.345949206684635428e+05 -5.814519553376068359e+12 -6.000685208156308617e-06 1.113705595064583185e-06 1.027016282758597050e-06
1.000000000000000000e+00 -4.436304747990695319e+02 3.006138222905057233e+01 -1.358300323908142454e+05 -5.921723185620500977e+12 -6.390653802977089339e-06 4.026819277138167988e-07 1.110144804570366863e-06
1.000000000000000000e+00 -4.559318738877906299e+02 -2.451397066434250860e+01 -1.370651383035652398e+05 -6.029905568869250977e+12 -6.627581520095355330e-06 -3.313584574027747924e-07 1.170813011751575249e-06
1.000000000000000000e+00 -4.569282952517822878e+02 -7.852598830435165667e+01 -1.383002404694628785e+05 -6.139066872432119141e+12 -6.701917894428479297e-06 -1.071010516554737149e-06 1.202850689982296815e-06
1.000000000000000000e+00 -4.464333604782766542e+02 -1.305947408558894551e+02 -1.395353411308349750e+05 -6.249207288246118164e+12 -6.606462500094821211e-06 -1.797079522462086710e-06 1.202448527949193883e-06
1.000000000000000000e+00 -4.246654154862448536e+02 -1.793417971911153472e+02 -1.407704426076646487e+05 -6.360327022376844727e+12 -6.339959520933763172e-06 -2.489719281607978672e-06 1.169400411701971022e-06
1.000000000000000000e+00 -3.921325900703467937e+02 -2.235602735523151523e+02 -1.420055471155853302e+05 -6.472426278735226562e+12 -5.905631747482984023e-06 -3.130814458934836263e-06 1.106747184461995681e-06
1.000000000000000000e+00 -3.495286240756796587e+02 -2.620660443117352543e+02 -1.432406569236178766e+05 -6.585505273167815430e+12 -5.309787816277403529e-06 -3.701983225670210491e-06 1.020049983454914420e-06
1.000000000000000000e+00 -2.979406714031430283e+02 -2.937908435695987350e+02 -1.444757743371855177e+05 -6.699564232093281250e+12 -4.565127779497419886e-06 -4.185917610840138261e-06 9.179861396196909453e-07
1.000000000000000000e+00 -2.386951711637799463e+02 -3.179408620114751329e+02 -1.457109012273221160e+05 -6.814603348610840820e+12 -3.688618947371657249e-06 -4.568733025788784004e-06 8.111094819206491482e-07
1.000000000000000000e+00 -1.732359077057274135e+02 -3.338392121757347581e+02 -1.469460392709182343e+05 -6.930622803440449219e+12 -2.699752275684214751e-06 -4.837852472174148544e-06 7.099963788548580181e-07
1.000000000000000000e+00 -1.033038016197123312e+02 -3.410130429807016981e+02 -1.481811899507262860e+05 -7.047622764153752930e+12 -1.623444690768701144e-06 -4.983350765880157469e-06 6.249048235325478941e-07
1.000000000000000000e+00 -3.074761948587412519e+01 -3.393270845936153819e+02 -1.494163543005451793e+05 -7.165603359964064453e+12 -4.872341819285365506e-07 -5.000046582728120723e-06 5.646982113619910076e-07
1.000000000000000000e+00 4.260764105990459427e+01 -3.288039889401832738e+02 -1.506515331042191247e+05 -7.284564699191299805e+12 6.807523689059765058e-07 -4.885038854079689223e-06 5.354292461390862927e-07
1.000000000000000000e+00 1.147982544177526876e+02 -3.096958697196199068e+02 -1.518867267306155991e+05 -7.404506852181396484e+12 1.849197179732943802e-06 -4.638874521652491471e-06 5.399865201400915558e-07
1.000000000000000000e+00 1.839268321452122734e+02 -2.825859748183957549e+02 -1.531219349710343231e+05 -7.525429833679578125e+12 2.986830755361607475e-06 -4.267223607224718866e-06 5.779604158866065301e-07
1.000000000000000000e+00 2.482840768171228092e+02 -2.481821253743937632e+02 -1.543571573207076290e+05 -7.647333628433356445e+12 4.064468433335011647e-06 -3.777936555971867826e-06 6.454957838963779688e-07
1.000000000000000000e+00 3.061841183238083204e+02 -2.073741987049637032e+02 -1.555923930200600298e+05 -7.770218194139687500e+12 5.052416394859357352e-06 -3.182002161448480112e-06 7.355862595687902670e-07
1.000000000000000000e+00 3.561618619600349120e+02 -1.613093337757918562e+02 -1.568276408532836358e+05 -7.894083440156830078e+12 5.923769314297700957e-06 -2.494821603142527627e-06 8.391282778362289565e-07
1.000000000000000000e+00 3.970659798421687583e+02 -1.111665174128771696e+02 -1.580628992939463060e+05 -8.018929240469597656e+12 6.656113788871456441e-06 -1.732851446879788995e-06 9.458473037201522555e-07
1.000000000000000000e+00 4.278765038092868735e+02 -5.821133915445592066e+01 -1.592981666069136991e+05 -8.144755442880058594e+12 7.228652226339176611e-06 -9.144832535622483091e-07 1.044970254397616153e-06
1.000000000000000000e+00 4.478817949547267858e+02 -3.857590809925612430e+00 -1.605334407148780883e+05 -8.271561854425633789e+12 7.625301836173387603e-06 -6.107156672598172820e-08 1.126937835095076152e-06
1.000000000000000000e+00 4.567354331863867287e+02 5.056233046113203500e+01 -1.617687195914945623e+05 -8.399348280847166016e+12 7.835872636020135734e-06 8.066386360894624592e-07 1.184336364070736378e-06
1.000000000000000000e+00 4.542523557984389981e+02 1.037328780101567247e+02 -1.630040011473211925e+05 -8.528114514856044922e+12 7.852782489967093853e-06 1.667523953894845931e-06 1.211586057081400610e-06
1.000000000000000000e+00 4.405677285971881361e+02 1.542965039689960349e+02 -1.642392830599473091e+05 -8.657860317974427734e+12 7.673930079769429347e-06 2.499139596973901106e-06 1.206176925218239767e-06
1.000000000000000000e+00 4.161618874036275884e+02 2.010754052922303856e+02 -1.654745631040339940e+05 -8.788585454669374023e+12 7.303342413428347560e-06 3.281312439429198105e-06 1.169365231907020410e-06
1.000000000000000000e+00 3.816406531984457047e+02 2.429902633164134329e+02 -1.667098391974198166e+05 -8.920289697671769531e+12 6.747516858119153121e-06 3.994914540795137231e-06 1.104989012606769471e-06
1.000000000000000000e+00 3.378860002413042025e+02 2.789999454112863191e+02 -1.679451093186122307e+05 -9.052972819648875000e+12 6.018186947611727633e-06 4.620924457510674658e-06 1.019471299674308010e-06
1.000000000000000000e+00 2.860573131556990916e+02 3.083100943507729994e+02 -1.691803716669551504e+05 -9.186634610839417969e+12 5.132525845928116060e-06 5.143930686685833821e-06 9.214939043799819466e-07
1.000000000000000000e+00 2.273639904349421670e+02 3.302740484349295116e+02 -1.704156246456397057e+05 -9.321274878070683594e+12 4.109218255688124718e-06 5.550616851102475833e-06 8.203451246657500075e-07
1.000000000000000000e+00 1.632166549813820779e+02 3.443317539685849624e+02 -1.716508666966846795e+05 -9.456893427383712891e+12 2.971245854545507988e-06 5.828817589651390525e-06 7.256127718493083329e-07
1.000000000000000000e+00 9.521096800389219084e+01 3.502050043400886921e+02 -1.728860966503921663e+05 -9.593490102970105469e+12 1.745722321059665470e-06 5.970900112565130496e-06 6.466627001295152505e-07
1.000000000000000000e+00 2.489893062529589329e+01 3.477819327119137256e+02 -1.741213137423317821e+05 -9.731064790609884766e+12 4.597912958934385496e-07 5.971952447620012592e-06 5.909990213031179205e-07
1.000000000000000000e+00 -4.605551071374821248e+01 3.370566048701125510e+02 -1.753565173075710190e+05 -9.869617384858984375e+12 -8.565084054124922033e-07 5.828840110676203359e-06 5.637575459568379065e-07
1.000000000000000000e+00 -1.159072378820990963e+02 3.183123881637766885e+02 -1.765917070524719602e+05 -1.000914782025438477e+13 -2.170745835291059749e-06 5.543464041544031319e-06 5.676609157993461299e-07
1.000000000000000000e+00 -1.830556394456619671e+02 2.919909848189481067e+02 -1.778268829891681380e+05 -1.014965606530657812e+13 -3.452300921050998817e-06 5.120640042922469628e-06 6.024449749977025631e-07
1.000000000000000000e+00 -2.458844444079647076e+02 2.586323522130114725e+02 -1.790620453724699328e+05 -1.029114211645940430e+13 -4.669417543408632762e-06 4.567134270351817549e-06 6.646337151840617081e-07
1.000000000000000000e+00 -3.028055831359943113e+02 2.190469173633480011e+02 -1.802971949085643573e+05 -1.043360602320656250e+13 -5.790031994730877049e-06 3.894785143838327527e-06 7.481850452963862021e-07
1.000000000000000000e+00 -3.524778405573952114e+02 1.741686975678904048e+02 -1.815323326312520076e+05 -1.057704787545881641e+13 -6.786001050498916926e-06 3.118038558598164024e-06 8.452603901573544472e-07
1.000000000000000000e+00 -3.936417631537320290e+02 1.249933150278821756e+02 -1.827674596665496065e+05 -1.072146777722500977e+13 -7.630063618607958706e-06 2.252905892838706874e-06 9.463699744880196025e-07
1.000000000000000000e+00 -4.251731518674813515e+02 7.273835270776113759e+01 -1.840025774947819009e+05 -1.086686587793494531e+13 -8.296938183947557381e-06 1.319911330930964673e-06 1.041327057810674785e-06
1.000000000000000000e+00 -4.462888202083037186e+02 1.867956783997094306e+01 -1.852376879505799443e+05 -1.101324237384366602e+13 -8.767453567457168389e-06 3.412349964020693976e-07 1.120742450696718860e-06
1.000000000000000000e+00 -4.563722908426724416e+02 -3.591467389953389500e+01 -1.864727929292441695e+05 -1.116059747428696680e+13 -9.025325185718765050e-06 -6.604573719914344013e-07 1.176367844095149652e-06
1.000000000000000000e+00 -4.550289956153421258e+02 -8.963527621875580564e+01 -1.877078946318473609e+05 -1.130893143145548633e+13 -9.058363110421535869e-06 -1.659276982898633218e-06 1.202161733981887262e-06
1.000000000000000000e+00 -4.422701835634872509e+02 -1.411116386766925359e+02 -1.889429953177035204e+05 -1.145824451158431641e+13 -8.862302558862579399e-06 -2.629365863104471052e-06 1.195571837904272732e-06
1.000000000000000000e+00 -4.183196236624422113e+02 -1.890778079121419921e+02 -1.901780971781779372e+05 -1.160853697977848047e+13 -8.437170996451835020e-06 -3.546160969451015192e-06 1.156821139662343138e-06
1.000000000000000000e+00 -3.836588469875053988e+02 -2.322332583390339096e+02 -1.914132025550956023e+05 -1.175980912658017773e+13 -7.788345731795689637e-06 -4.383829897415981895e-06 1.089024953948665109e-06
1.000000000000000000e+00 -3.391797692580021817e+02 -2.694303854518719845e+02 -1.926483137854269007e+05 -1.191206124935813867e+13 -6.929840959817530946e-06 -5.118811931216415428e-06 9.989864790932666521e-07
1.000000000000000000e+00 -2.859617988325335318e+02 -2.997307938343642491e+02 -1.938834329246387933e+05 -1.206529361785693359e+13 -5.879993368721461273e-06 -5.730987401967916610e-06 8.957912802395005650e-07
1.000000000000000000e+00 -2.252984119746567444e+02 -3.222656499628648703e+02 -1.951185618971530348e+05 -1.221950649192631250e+13 -4.662134861186041412e-06 -6.201117954303243221e-06 7.896481527844941754e-07
1.000000000000000000e+00 -1.588154909078930643e+02 -3.364184117993901282e+02 -1.963537024017017684e+05 -1.237470010907236914e+13 -3.307197044637287411e-06 -6.514427272250264863e-06 6.915156582799372024e-07
1.000000000000000000e+00 -8.821706460221041368e+01 -3.418562412336941634e+02 -1.975888557002009184e+05 -1.253087465678409766e+13 -1.848600916182062860e-06 -6.661366802120171885e-06 6.114786747771509567e-07
1.000000000000000000e+00 -1.529675573529272725e+01 -3.383778310699110534e+02 -1.988240229065341991e+05 -1.268803030765951172e+13 -3.225494485892719234e-07 -6.634804770944931035e-06 5.575755783655475443e-07
1.000000000000000000e+00 5.796848984645449576e+01 -3.260788327070761738e+02 -2.000592047244623827e+05 -1.284616718516023633e+13 1.229925029953777015e-06 -6.433370077727347910e-06 5.354327891591680024e-07
1.000000000000000000e+00 1.296905634816033057e+02 -3.053482138504732006e+02 -2.012944012486286811e+05 -1.300528533627225781e+13 2.768650831092239668e-06 -6.061560841954101568e-06 5.474349498674989359e-07
1.000000000000000000e+00 1.980558261653125101e+02 -2.766972237601301572e+02 -2.025296123504147399e+05 -1.316538477925604102e+13 4.254066446673226128e-06 -5.526506971342744607e-06 5.922656745038213641e-07
1.000000000000000000e+00 2.612368039779999549e+02 -2.409043762725466422e+02 -2.037648374983605463e+05 -1.332646547927185352e+13 5.645361011313878544e-06 -4.840958070168938656e-06 6.652937005280957391e-07
1.000000000000000000e+00 3.176596228090650698e+02 -1.989796019784275529e+02 -2.050000757169078279e+05 -1.348852734135346484e+13 6.906279533057506370e-06 -4.022721515630537945e-06 7.592705205072936196e-07
1.000000000000000000e+00 3.659647601644817883e+02 -1.519793325372723700e+02 -2.062353258023832168e+05 -1.365157023724101367e+13 8.004430537914010481e-06 -3.091042518647514759e-06 8.647110774028218783e-07
1.000000000000000000e+00 4.049077468744230259e+02 -1.011394379921486291e+02 -2.074705862162193516e+05 -1.381559399025555859e+13 8.909241578574992245e-06 -2.069352419529900342e-06 9.707994128354316354e-07
1.000000000000000000e+00 4.336046006119004801e+02 -4.782080149787284995e+01 -2.087058550097278203e+05 -1.398059836389272656e+13 9.597467045136094272e-06 -9.842578172458750524e-07 1.067298152143097536e-06
1.000000000000000000e+00 4.514557906407601990e+02 6.677008237184255179e+00 -2.099411302536335425e+05 -1.414658311808372070e+13 1.005173137936092100e-05 1.382409889630015347e-07 1.145151254974172861e-06
1.000000000000000000e+00 4.580314511618532265e+02 6.098195432417475104e+01 -2.111764099046035553e+05 -1.431354799117878711e+13 1.025814462869042310e-05 1.270001195609361124e-06 1.196695363648790739e-06
1.000000000000000000e+00 4.532912962969499517e+02 1.137084992739032145e+02 -2.124116916742017202e+05 -1.448149268162653516e+13 1.021136765704402122e-05 2.381928575257019456e-06 1.217244652224629485e-06
1.000000000000000000e+00 4.374737597633251198e+02 1.636337914276579681e+02 -2.136469733977579745e+05 -1.465041689759103906e+13 9.912355483460616240e-06 3.447681409521246124e-06 1.205297905741411377e-06
1.000000000000000000e+00 4.109712862627853269e+02 2.095538979312173353e+02 -2.148822528644923586e+05 -1.482032033401000781e+13 9.365697864230110737e-06 4.440722972442336279e-06 1.162113873877041090e-06
1.000000000000000000e+00 3.745313853431762823e+02 2.503404475034686811e+02 -2.161175278951734363e+05 -1.499120268318571680e+13 8.584328395274343703e-06 5.335540298730089309e-06 1.092407770565164877e-06
1.000000000000000000e+00 3.291203014290244937e+02 2.851006840170863939e+02 -2.173527966284757422e+05 -1.516306367486409570e+13 7.586614553754508239e-06 6.111120972608785532e-06 1.003380766571097884e-06
1.000000000000000000e+00 2.757962881993618680e+02 3.130207031929530217e+02 -2.185880572855833452e+05 -1.533590304446493359e+13 6.393563198229042565e-06 6.747717344009421569e-06 9.033419621382248296e-07
1.000000000000000000e+00 2.159004622877181987e+02 3.334198748032242179e+02 -2.198233081580556463e+05 -1.550972053169678906e+13 5.033330252926739377e-06 7.228074372113992935e-06 8.019245527323773155e-07
1.000000000000000000e+00 1.509039626374772638e+02 3.458934902816682211e+02 -2.210585478917610599e+05 -1.568451592112739258e+13 3.537822765610205634e-06 7.540620607382253434e-06 7.090990553726928855e-07
1.000000000000000000e+00 8.228433696586608903e+01 3.501436179311476735e+02 -2.222937754043635214e+05 -1.586028903181403906e+13 1.939869840763255586e-06 7.675928237334649486e-06 6.335571543071282864e-07
1.000000000000000000e+00 1.171185754846060334e+01 3.460339755418968366e+02 -2.235289898052416684e+05 -1.603703970689051172e+13 2.776436543845254924e-07 7.627987748088399414e-06 5.823987611762335486e-07
1.000000000000000000e+00 -5.911468883040931388e+01 3.337155894935357310e+02 -2.247641906648597214e+05 -1.621476785319270898e+13 -1.409128646469370527e-06 7.397091741569740917e-06 5.605965351213127017e-07
1.000000000000000000e+00 -1.285862999562331765e+02 3.134464315465745017e+02 -2.259993777017116954e+05 -1.639347339767002930e+13 -3.081981718377915031e-06 6.985990043123222218e-06 5.701606204226106155e-07
1.000000000000000000e+00 -1.949996390929350980e+02 2.856480612640664276e+02 -2.272345508696904581e+05 -1.657315630071663086e+13 -4.699333739101223552e-06 6.401224165873956845e-06 6.100242231667517485e-07
1.000000000000000000e+00 -2.567304712433279974e+02 2.510141429144459835e+02 -2.284697106541477842e+05 -1.675381660052518945e+13 -6.220627054432123478e-06 5.655671970739210397e-06 6.763787743701919101e-07
1.000000000000000000e+00 -3.123446802669818680e+02 2.103191375250487454e+02 -2.297048578000990383e+05 -1.693545437511648633e+13 -7.609084526595849250e-06 4.764379649924466841e-06 7.629134306716787523e-07
1.000000000000000000e+00 -3.604148394435987939e+02 1.644752130887764849e+02 -2.309399932661158673e+05 -1.711806973653350781e+13 -8.827341493560494215e-06 3.745907040630268871e-06 8.611020160873391641e-07
1.000000000000000000e+00 -3.997008131207372799e+02 1.146224688465532608e+02 -2.321751183675012144e+05 -1.730166285302675195e+13 -9.841897157335781980e-06 2.624477314552767882e-06 9.613474592311496894e-07
1.000000000000000000e+00 -4.292485596316216174e+02 6.192652415533480337e+01 -2.334102346331156441e+05 -1.748623392901623828e+13 -1.062568303933207224e-05 1.425456565498491847e-06 1.053849447772297625e-06
1.000000000000000000e+00 -4.482035137734847012e+02 7.632729558052997909e+00 -2.346453437859599071e+05 -1.767178320301329688e+13 -1.115360635355511394e-05 1.766237919825459270e-07 1.128926246495679260e-06
1.000000000000000000e+00 -4.559930339423823966e+02 -4.686246456582367159e+01 -2.358804479809968907e+05 -1.785831098440068750e+13 -1.140717928212977714e-05 -1.090120377726882873e-06 1.178774701824239575e-06
1.000000000000000000e+00 -4.524034361870114935e+02 -1.002234898581166931e+02 -2.371155493634841405e+05 -1.804581758791818750e+13 -1.137664076544587308e-05 -2.343618647538616267e-06 1.198536099114961027e-06
1.000000000000000000e+00 -4.373821373398155288e+02 -1.511247088679275805e+02 -2.383506500738243631e+05 -1.823430333436626562e+13 -1.105619012777669066e-05 -3.552296492779762271e-06 1.185677293079706053e-06
1.000000000000000000e+00 -4.112121404767086119e+02 -1.981946492860417379e+02 -2.395857524756833154e+05 -1.842376858567055078e+13 -1.044852608944445606e-05 -4.682850603662476483e-06 1.140885027168100630e-06
1.000000000000000000e+00 -3.745553344051969020e+02 -2.402314549192170148e+02 -2.408208588744837034e+05 -1.861421370224903516e+13 -9.566172386797968123e-06 -5.705337779562168320e-06 1.068585836312357479e-06
1.000000000000000000e+00 -3.282337113696498250e+02 -2.761488951855726555e+02 -2.420559714955659001e+05 -1.880563903938774219e+13 -8.426109520529569561e-06 -6.591989398188508482e-06 9.757106773629365853e-07
1.000000000000000000e+00 -2.733856702279488218e+02 -3.049266662269268409e+02 -2.432910924938932003e+05 -1.899804494843903906e+13 -7.053912540134848162e-06 -7.316089392234046836e-06 8.715245674227337173e-07
1.000000000000000000e+00 -2.114686531670712100e+02 -3.258177393702985114e+02 -2.445262236943903554e+05 -1.919143173578418750e+13 -5.484026635090355210e-06 -7.857014526449277158e-06 7.669178865176988038e-07
1.000000000000000000e+00 -1.440159914583237821e+02 -3.382779005897855882e+02 -2.457613666016496427e+05 -1.938579966305624609e+13 -3.753638519209752054e-06 -8.198693084232950009e-06 6.724506154690836934e-07
1.000000000000000000e+00 -7.277315934997574232e+01 -3.419086593433753478e+02 -2.469965241811722808e+05 -1.958114922829337891e+13 -1.906295341618733432e-06 -8.328337779668995396e-06 5.976870732803347890e-07
1.000000000000000000e+00 3.331868167695301031e-01 -3.366440974492267060e+02 -2.482316943143961253e+05 -1.977748012880933594e+13 8.771485626985429640e-09 -8.241108364290810151e-06 5.505716389371142647e-07
1.000000000000000000e+00 7.345317794433260872e+01 -3.226507526543796303e+02 -2.494668790325200243e+05 -1.997479271974109766e+13 1.943352571008844616e-06 -7.937851417344617158e-06 5.360515313108771662e-07
1.000000000000000000e+00 1.446845836738239086e+02 -3.002540763438867089e+02 -2.507020785296857357e+05 -2.017308706702553125e+13 3.846877074176456465e-06 -7.423423475217107749e-06 5.555430178145523000e-07
1.000000000000000000e+00 2.121179861727183606e+02 -2.701000153283468990e+02 -2.519372925025472068e+05 -2.037236315675913281e+13 5.667585340615909347e-06 -6.710802470100002449e-06 6.071409710504538857e-07
1.000000000000000000e+00 2.740877479968701778e+02 -2.330223420458934527e+02 -2.531725203031598066e+05 -2.057262091807298828e+13 7.359262644516576184e-06 -5.817970528701897088e-06 6.858217667901577917e-07
1.000000000000000000e+00 3.290301997395642957e+02 -1.899555308925917245e+02 -2.544077610530354432e+05 -2.077386024039308594e+13 8.877572591805094361e-06 -4.765842527357135315e-06 7.835621620385003648e-07
1.000000000000000000e+00 3.755211776922179183e+02 -1.420774645416594808e+02 -2.556430133883348899e+05 -2.097608093071112109e+13 1.018114159804249664e-05 -3.581925225346536726e-06 8.903644718652021803e-07
1.000000000000000000e+00 4.125021539290070223e+02 -9.065426428953534810e+01 -2.568782755860576290e+05 -2.117928273246849609e+13 1.123781072060558380e-05 -2.296534658071746755e-06 9.958574182999703416e-07
1.000000000000000000e+00 4.391101014981223898e+02 -3.695213343761338365e+01 -2.581135458479735244e+05 -2.138346537117700781e+13 1.202021788841514716e-05 -9.406059109036876888e-07 1.089792939564870431e-06
1.000000000000000000e+00 4.546983374929861839e+02 1.762683709091109563e+01 -2.593488221841387567e+05 -2.158862853472778906e+13 1.250649925295287126e-05 4.508333756440937344e-07 1.162988244544965377e-06
1.000000000000000000e+00 4.590319028763016718e+02 7.170721443520203309e+01 -2.605841024153216276e+05 -2.179477187303691016e+13 1.268583044208544683e-05 1.842757375471848834e-06 1.208810284666005708e-06
1.000000000000000000e+00 4.520863638717268032e+02 1.240162309123634827e+02 -2.618193844205326750e+05 -2.200189503889704297e+13 1.255310959254914522e-05 3.202120822340151226e-06 1.223011828325091356e-06
1.000000000000000000e+00 4.340563318536515567e+02 1.732457602865121657e+02 -2.630546659016291960e+05 -2.220999764845891406e+13 1.210933295387284696e-05 4.494340928885099164e-06 1.204244449747339533e-06
1.000000000000000000e+00 4.055251303524958075e+02 2.182114649281963352e+02 -2.642899445920173312e+05 -2.241907931593632422e+13 1.136649401635082478e-05 5.687423836790717566e-06 1.155097094352472863e-06
1.000000000000000000e+00 3.672391815130215491e+02 2.579096612906870405e+02 -2.655252185721276910e+05 -2.262913970750348047e+13 1.034148487182693695e-05 6.753529094815415418e-06 1.080735119558232727e-06
1.000000000000000000e+00 3.201141381451326993e+02 2.913739523093392449e+02 -2.667604858884183341e+05 -2.284017847742855859e+13 9.056376530453090213e-06 7.665308068114812934e-06 9.881360216420880565e-07
1.000000000000000000e+00 2.653870332158215888e+02 3.178273331753290449e+02 -2.679957447062578285e+05 -2.305219529424023828e+13 7.542854197030390694e-06 8.399946715821119650e-06 8.864249918809730465e-07
1.000000000000000000e+00 2.043749684429544118e+02 3.367188581181168843e+02 -2.692309934919328662e+05 -2.326518987265499219e+13 5.835537603249767572e-06 8.940254518616251361e-06 7.854264652640830627e-07
1.000000000000000000e+00 1.384863463942477324e+02 3.475753616204556806e+02 -2.704662308937374619e+05 -2.347916195412498828e+13 3.972355625129813452e-06 9.270847158876587194e-06 6.945600886925986663e-07
1.000000000000000000e+00 6.936108872642093104e+01 3.501475300949631446e+02 -2.717014558244828368e+05 -2.369411132195058984e+13 1.998646475530542837e-06 9.382107866586047567e-06 6.225612821810929203e-07
1.000000000000000000e+00 -1.379732977158113716e+00 3.444279790650401196e+02 -2.729366676337972167e+05 -2.391003783251702734e+13 -3.993788338420191164e-08 9.270810358170809189e-06 5.762597228836176739e-07
1.000000000000000000e+00 -7.211457589764485476e+01 3.304986293084036788e+02 -2.741718657829394797e+05 -2.412694135979397266e+13 -2.096882312978417488e-06 8.936139487543010446e-06 5.598137152810942473e-07
1.000000000000000000e+00 -1.410910164990006876e+02 3.086725318966477403e+02 -2.754070499831243069e+05 -2.434482182023280078e+13 -4.120999206248240681e-06 8.383597638447523701e-06 5.746937952896596668e-07
1.000000000000000000e+00 -2.066809548526474316e+02 2.794944661031641999e+02 -2.766422204818824539e+05 -2.456367922461075000e+13 -6.063830265177888206e-06 7.625161814282493149e-06 6.194880596701459423e-07
1.000000000000000000e+00 -2.673526875648346959e+02 2.435830115067739143e+02 -2.778773777111772215e+05 -2.478351361738909375e+13 -7.878904949892838076e-06 6.675096928409889113e-06 6.897695096396175352e-07
1.000000000000000000e+00 -3.215492828380946548e+02 2.017683595020016583e+02 -2.791125224305838346e+05 -2.500432510309769922e+13 -9.518203418657788948e-06 5.553794085186308833e-06 7.785530679775720022e-07
1.000000000000000000e+00 -3.679448565754141214e+02 1.550748343842631414e+02 -2.803476557758278796e+05 -2.522611385636894531e+13 -1.093975965018577107e-05 4.287416194451781014e-06 8.773447758089175797e-07
1.000000000000000000e+00 -4.054062205766252305e+02 1.045558763097995865e+02 -2.815827789845567895e+05 -2.544888007386037500e+13 -1.210666747619573982e-05 2.903433785319279823e-06 9.764820920043054004e-07
1.000000000000000000e+00 -4.328766688242649820e+02 5.142651618996039531e+01 -2.828178936414454365e+05 -2.567262401915725781e+13 -1.298372108542123121e-05 1.434337580055920190e-06 1.065647613926586110e-06
1.000000000000000000e+00 -4.496275628307192846e+02 -2.973496161117450853e+00 -2.840530017121700803e+05 -2.589734603034314453e+13 -1.354504413490383426e-05 -8.329600149690134076e-08 1.135823084534452676e-06
1.000000000000000000e+00 -4.552032273642834639e+02 -5.735178738459823933e+01 -2.852881052060901420e+05 -2.612304645973550391e+13 -1.377263735423828460e-05 -1.613570744044116720e-06 1.180004130513441175e-06
1.000000000000000000e+00 -4.493020530133473471e+02 -1.103367679671622028e+02 -2.865232062369129853e+05 -2.634972568521678906e+13 -1.365294436655437499e-05 -3.117722445904622105e-06 1.193192439688749872e-06
1.000000000000000000e+00 -4.320145187207805293e+02 -1.605327646804153403e+02 -2.877583071537448559e+05 -2.657738413485577734e+13 -1.318421654488307483e-05 -4.555635243767154456e-06 1.173755284346318409e-06
1.000000000000000000e+00 -4.037405119659421189e+02 -2.066940038215520588e+02 -2.889934101892046165e+05 -2.680602222256121484e+13 -1.237423570979493267e-05 -5.890785468717567992e-06 1.123405819049819672e-06
1.000000000000000000e+00 -3.650564287386927163e+02 -2.475999152272538311e+02 -2.902285176487163990e+05 -2.703564038288644922e+13 -1.123642609678612568e-05 -7.086763902990189335e-06 1.046541934503726815e-06
1.000000000000000000e+00 -3.169303632284820651e+02 -2.821212910822432036e+02 -2.914636318571169977e+05 -2.726623906132835156e+13 -9.796621651687074394e-06 -8.109192760011511391e-06 9.509075155437019999e-07
1.000000000000000000e+00 -2.606021589267338641e+02 -3.093843218570838189e+02 -2.926987547630949994e+05 -2.749781864008177734e+13 -8.089599093058289005e-06 -8.930516265244670029e-06 8.464862772507261457e-07
1.000000000000000000e+00 -1.974292847803998541e+02 -3.286374440924330429e+02 -2.939338881454674411e+05 -2.773037947546977344e+13 -6.154451405541466570e-06 -9.526296463985683074e-06 7.436573288825906213e-07
1.000000000000000000e+00 -1.290766652534538252e+02 -3.393153770359319310e+02 -2.951690336350165890e+05 -2.796392190140779297e+13 -4.040607311218959560e-06 -9.877151697126215183e-06 6.529563405507213965e-07
1.000000000000000000e+00 -5.736035871078674830e+01 -3.411787775580024231e+02 -2.964041924402703298e+05 -2.819844617664112500e+13 -1.803118693738875402e-06 -9.972952258105031545e-06 5.839930348850295462e-07
1.000000000000000000e+00 1.592177534864284816e+01 -3.341603176834584019e+02 -2.976393654251553235e+05 -2.843395249790770312e+13 5.025855258054649861e-07 -9.808500852085977553e-06 5.438933395589367900e-07
1.000000000000000000e+00 8.881547296010943171e+01 -3.184144527339916522e+02 -2.988745531551065505e+05 -2.867044100741840234e+13 2.815176884560677537e-06 -9.385104244605773274e-06 5.368498658576861133e-07
1.000000000000000000e+00 1.593869510107300016e+02 -2.944248953708435010e+02 -3.001097555767363519e+05 -2.890791172996228516e+13 5.072954781609079944e-06 -8.713889163057321564e-06 5.638052723680019003e-07
1.000000000000000000e+00 2.258875985722220037e+02 -2.628247122194579219e+02 -3.013449723454432096e+05 -2.914636463382663672e+13 7.219123203832160364e-06 -7.810656464724952702e-06 6.221981240802910178e-07
1.000000000000000000e+00 2.865755949227431643e+02 -2.244296714374387989e+02 -3.025802028860861319e+05 -2.938579964142731641e+13 9.196187714424467103e-06 -6.696967209201119033e-06 7.060940374985887637e-07
1.000000000000000000e+00 3.398910034276324268e+02 -1.803185696555219977e+02 -3.038154460726467078e+05 -2.962621656592005859e+13 1.095160154435309753e-05 -5.402660686492408065e-06 8.070582787470991818e-07
1.000000000000000000e+00 3.845940072194489403e+02 -1.316339132599993889e+02 -3.050507004903240595e+05 -2.986761516033986719e+13 1.244235689759266335e-05 -3.960018438006505595e-06 9.151898066963919648e-07
1.000000000000000000e+00 4.195672171329318303e+02 -7.960827496948043347e+01 -3.062859645059079048e+05 -3.010999513029234766e+13 1.362877300754090241e-05 -2.404599199388122757e-06 1.019703156469451248e-06
1.000000000000000000e+00 4.439743185396163767e+02 -2.563108475197506664e+01 -3.075212361585748731e+05 -3.035335611153009375e+13 1.447975042071435453e-05 -7.773193654781399353e-07 1.110488890272619814e-06
1.000000000000000000e+00 4.573614123780834575e+02 2.895685081538380956e+01 -3.087565134341134108e+05 -3.059769772300491016e+13 1.497627353444029196e-05 8.817081310454175047e-07 1.179248948415968110e-06
1.000000000000000000e+00 4.594363592150381237e+02 8.283043848261191044e+01 -3.099917942649233155e+05 -3.084301956665601172e+13 1.510440683531454323e-05 2.532197334725442155e-06 1.219274712877685248e-06
1.000000000000000000e+00 4.502101332705935874e+02 1.346150203481617211e+02 -3.112270763528614189e+05 -3.108932119180541797e+13 1.486006653724947861e-05 4.131695272838620614e-06 1.226782653160298993e-06
1.000000000000000000e+00 4.300644874671532989e+02 1.830867947611174316e+02 -3.124623574240523740e+05 -3.133660214535336719e+13 1.425146145174007797e-05 5.641727633300866412e-06 1.201852145516758950e-06
1.000000000000000000e+00 3.995141324962374938e+02 2.271238134655238241e+02 -3.136976354133231798e+05 -3.158486200901442969e+13 1.329142383727592976e-05 7.026374694769850536e-06 1.147192181382240890e-06
1.000000000000000000e+00 3.593385768911989544e+02 2.656375296924039731e+02 -3.149329082142448169e+05 -3.183410034961224609e+13 1.200189995691216859e-05 8.250207385688763373e-06 1.068180430256870098e-06
1.000000000000000000e+00 3.106256774442997539e+02 2.977630456009254658e+02 -3.161681739679179736e+05 -3.208431677752726562e+13 1.041558384650337465e-05 9.284239559063276763e-06 9.728223041178936903e-07
1.000000000000000000e+00 2.545245744955741145e+02 3.227907579424330038e+02 -3.174034309731838875e+05 -3.233551092938362500e+13 8.567802606166575674e-06 1.010392462297107807e-05 8.701271736299637467e-07
1.000000000000000000e+00 1.923762894292689793e+02 3.400958147277804073e+02 -3.186386775919778738e+05 -3.258768244931530469e+13 6.500969821127053881e-06 1.068703342112682404e-05 7.697590512507252768e-07
1.000000000000000000e+00 1.257414560279220552e+02 3.493176465078118440e+02 -3.198739125599581166e+05 -3.284083105299976562e+13 4.265652006304402732e-06 1.101936927197491197e-05 6.815321492331890197e-07
1.000000000000000000e+00 5.614949999880235509e+01 3.502729554928749849e+02 -3.211091349889297853e+05 -3.309495652963934766e+13 1.912170743506889024e-06 1.109217356381044218e-05 6.136791949431691366e-07
1.000000000000000000e+00 -1.476726555363959648e+01 3.428854045140542439e+02 -3.223443441168898717e+05 -3.335005869173145312e+13 -5.048336022788693370e-07 1.089999860996588455e-05 5.723341111269564486e-07
1.000000000000000000e+00 -8.525765106432608320e+01 3.273551138576227686e+02 -3.235795394754731096e+05 -3.360613741034994531e+13 -2.925785821569193571e-06 1.044618159767079428e-05 5.614017994763358589e-07
1.000000000000000000e+00 -1.537031847908065174e+02 3.040545396101642268e+02 -3.248147209918773151e+05 -3.386319263756148828e+13 -5.294764950163344185e-06 9.739677679094482427e-06 5.818443378470505069e-07
1.000000000000000000e+00 -2.184787096931789847e+02 2.734587922068313333e+02 -3.260498887874403736e+05 -3.412122436583587500e+13 -7.554770813748666134e-06 8.792924351396020141e-06 6.314389078416767350e-07
1.000000000000000000e+00 -2.779470192599621896e+02 2.363047156361235182e+02 -3.272850434348781127e+05 -3.438023268285966406e+13 -9.647533496664094922e-06 7.627038461388066092e-06 7.052268861642208975e-07
1.000000000000000000e+00 -3.307083102329733606e+02 1.934703847686912184e+02 -3.285201858684926410e+05 -3.464021775438980078e+13 -1.152219665602341975e-05 6.268071535786864750e-06 7.961794389201756709e-07
1.000000000000000000e+00 -3.754536317785796200e+02 1.459039848778164696e+02 -3.297553170711226994e+05 -3.490117975942078906e+13 -1.313034785555904084e-05 4.744782938664009903e-06 8.953353553271868648e-07
1.000000000000000000e+00 -4.109685763779230001e+02 9.477086590484283590e+01 -3.309904384260226507e+05 -3.516311896514165625e+13 -1.442620765680605590e-05 3.093482659627894507e-06 9.925536526551266647e-07
1.000000000000000000e+00 -4.363748722407752894e+02 4.131675810764851775e+01 -3.322255516658994602e+05 -3.542603571765447656e+13 -1.537520379992180446e-05 1.353682011725271033e-06 1.078155964624717330e-06
1.000000000000000000e+00 -4.509716706657031864e+02 -1.320721324086674997e+01 -3.334606586520790588e+05 -3.568993039608854688e+13 -1.594857848202602482e-05 -4.343233542116194602e-07 1.143376331704227153e-06
1.000000000000000000e+00 -4.542428253166813192e+02 -6.741026108468030031e+01 -3.346957614812827087e+05 -3.595480343605107812e+13 -1.612376293583619560e-05 -2.225018420850733410e-06 1.181181097593650825e-06
1.000000000000000000e+00 -4.460807077262777511e+02 -1.199134736832430690e+02 -3.359308623812769656e+05 -3.622065530805793750e+13 -1.589247222651138993e-05 -3.972604020762301338e-06 1.187744446085992427e-06
1.000000000000000000e+00 -4.266062244359507076e+02 -1.694273686777007981e+02 -3.371659635094536934e+05 -3.648748647445845312e+13 -1.525453696454655569e-05 -5.633582799595444376e-06 1.161964545355507437e-06
1.000000000000000000e+00 -3.961696860427109073e+02 -2.146267906279640840e+02 -3.384010672173431376e+05 -3.675529744661642188e+13 -1.421808415681281196e-05 -7.162638694643367059e-06 1.105604815081580334e-06
1.000000000000000000e+00 -3.555452715678581512e+02 -2.543111381194574392e+02 -3.396361759244265850e+05 -3.702408875816806250e+13 -1.280669199838887083e-05 -8.517981900451405459e-06 1.024358232233640474e-06
1.000000000000000000e+00 -3.057202596028605512e+02 -2.874758328380884222e+02 -3.408712917080117040e+05 -3.729386087555014844e+13 -1.105204796938238801e-05 -9.663827212639003082e-06 9.264964396030076697e-07
1.000000000000000000e+00 -2.478797238876281028e+02 -3.131862320405769538e+02 -3.421064165628957562e+05 -3.756461425366757812e+13 -8.993533129534612210e-06 -1.056625945958271331e-05 8.216640953258168268e-07
1.000000000000000000e+00 -1.835659845690755674e+02 -3.307353421752464442e+02 -3.433415522824553773e+05 -3.783634930935858594e+13 -6.684157727623371316e-06 -1.119861621248757479e-05 7.207265662175348489e-07
1.000000000000000000e+00 -1.144357153638691784e+02 -3.396947562519260373e+02 -3.445767003178938758e+05 -3.810906638946268750e+13 -4.181918953855692346e-06 -1.154335733391180006e-05 6.341799992291251399e-07
1.000000000000000000e+00 -4.222853726259285168e+01 -3.397741928189460054e+02 -3.458118618995785946e+05 -3.838276579639962500e+13 -1.548724039943538747e-06 -1.158744443715956275e-05 5.708722135100544515e-07
1.000000000000000000e+00 3.110057289270644532e+01 -3.309648254170613200e+02 -3.470470378817306482e+05 -3.865744775269404688e+13 1.144681980473103357e-06 -1.132733046639386538e-05 5.375679308250621541e-07
1.000000000000000000e+00 1.036436651704370178e+02 -3.135576134674929563e+02 -3.482822285240124329e+05 -3.893311235065336719e+13 3.828266759687608281e-06 -1.076976071270079990e-05 5.379580357756255286e-07
1.000000000000000000e+00 1.735728881102018022e+02 -2.879808584537655065e+02 -3.495174338167168899e+05 -3.920975962297188281e+13 6.433967282069142712e-06 -9.926356169410594226e-06 5.721043536641357788e-07
1.000000000000000000e+00 2.390150910560697071e+02 -2.549249905129042304e+02 -3.507526534613523982e+05 -3.948738953729136719e+13 8.891077644127389621e-06 -8.818013635578739195e-06 6.366374498534532181e-07
1.000000000000000000e+00 2.983121380166124368e+02 -2.153280235444620700e+02 -3.519878866109799128e+05 -3.976600193638500781e+13 1.113593680564285308e-05 -7.474560491991584537e-06 7.252454444916857409e-07
1.000000000000000000e+00 3.500341983447787015e+02 -1.701958377870035690e+02 -3.532231321759838029e+05 -4.004559660531467969e+13 1.311256727732017445e-05 -5.928645208433782474e-06 8.291308131180461095e-07
1.000000000000000000e+00 3.928419243298571359e+02 -1.207150802612826936e+02 -3.544583887075872044e+05 -4.032617324396416406e+13 1.476764364319972178e-05 -4.219725258676114779e-06 9.377836621563626723e-07
1.000000000000000000e+00 4.257279500336948104e+02 -6.821740022245619173e+01 -3.556936543517446262e+05 -4.060773145508738281e+13 1.605966183151082935e-05 -2.392922706602497909e-06 1.040753288126683109e-06
1.000000000000000000e+00 4.479956941822920271e+02 -1.399597292673559323e+01 -3.569289272956650238e+05 -4.089027084501010156e+13 1.695835419762951817e-05 -4.926542453249526502e-07 1.128432718466845134e-06
1.000000000000000000e+00 4.591020052311014297e+02 4.058166370651002097e+01 -3.581642055299911299e+05 -4.117379096911465625e+13 1.743891599664768800e-05 1.433406658513912593e-06 1.192187114508124950e-06
1.000000000000000000e+00 4.588763548303334687e+02 9.411609241780574564e+01 -3.593994867808475392e+05 -4.145829131538350000e+13 1.749046064271136689e-05 3.335790205592378252e-06 1.226084707332835356e-06
1.000000000000000000e+00 4.474635132725729250e+02 1.453504441126261497e+02 -3.606347688253209344e+05 -4.174377137638450781e+13 1.711407134497310405e-05 5.169414383923265260e-06 1.227480770834952793e-06
1.000000000000000000e+00 4.251520062036696572e+02 1.930484864738553767e+02 -3.618700495011670864e+05 -4.203023065172795312e+13 1.631642420153887662e-05 6.889321146947923564e-06 1.196420578888298270e-06
1.000000000000000000e+00 3.925774210184013100e+02 2.360349550683358757e+02 -3.631053265854727360e+05 -4.231766862002455469e+13 1.511771148270504487e-05 8.452133198093867637e-06 1.136398858812338608e-06
1.000000000000000000e+00 3.506361199083125939e+02 2.733547198248371615e+02 -3.643405981562432135e+05 -4.260608482321336719e+13 1.354853488836411352e-05 9.821810100351740947e-06 1.053716342334753727e-06
1.000000000000000000e+00 3.003092948094990788e+02 3.041381416086627496e+02 -3.655758623618599377e+05 -4.289547881365267969e+13 1.164325482281544518e-05 1.096492814763882587e-05 9.560584318175800488e-07
1.000000000000000000e+00 2.428583934003346769e+02 3.276374992966773902e+02 -3.668111173555576825e+05 -4.318585013897063281e+13 9.447648407122302157e-06 1.185205017637155618e-05 8.528149437278817841e-07
1.000000000000000000e+00 1.797186037893713717e+02 3.433704851658821440e+02 -3.680463617346682004e+05 -4.347719844586012500e+13 7.014935465896009836e-06 1.246300818145752301e-05 7.541517176371070492e-07
1.000000000000000000e+00 1.123259075433086878e+02 3.509726907324230183e+02 -3.692815943319193902e+05 -4.376952343236649219e+13 4.399119033939321270e-06 1.278169283279839398e-05 6.692219897555499166e-07
1.000000000000000000e+00 4.230915549791258456e+01 3.502319877607773719e+02 -3.705168141426327638e+05 -4.406282483150515625e+13 1.662533454193587455e-06 1.279738157144098465e-05 6.058948572824485072e-07
1.000000000000000000e+00 -2.863038069576017008e+01 3.412179939827332191e+02 -3.717520205625440576e+05 -4.435710246865943750e+13 -1.128778102230124952e-06 1.250957779294718312e-05 5.701842662659659674e-07
1.000000000000000000e+00 -9.888561360738792416e+01 3.241221552522255251e+02 -3.729872131936649093e+05 -4.465235621668531250e+13 -3.911606611130783905e-06 1.192230013500110997e-05 5.652802886939665524e-07
1.000000000000000000e+00 -1.667538357596527590e+02 2.992917381767462643e+02 -3.742223918976696441e+05 -4.494858600955404688e+13 -6.618105988252044307e-06 1.104541118420873694e-05 5.913784812855496704e-07
1.000000000000000000e+00 -2.305673804248190208e+02 2.673458601442293912e+02 -3.754575570361458231e+05 -4.524579190128604688e+13 -9.180933265623126055e-06 9.899008622200480571e-06 6.458506585414450403e-07
1.000000000000000000e+00 -2.888524530531624350e+02 2.290028056648577035e+02 -3.766927092473320663e+05 -4.554397401394578906e+13 -1.153961687066451346e-05 8.507175788022256104e-06 7.234249489380189014e-07
1.000000000000000000e+00 -3.401409451891350386e+02 1.851132720785241190e+02 -3.779278492980835726e+05 -4.584313250282498438e+13 -1.363314096875666504e-05 6.899281142412818179e-06 8.163774631667442761e-07
1.000000000000000000e+00 -3.831080867396478311e+02 1.367615452119761414e+02 -3.791629784236232517e+05 -4.614326763964622656e+13 -1.540548447175513858e-05 5.113842100525188272e-06 9.154465976712712802e-07
1.000000000000000000e+00 -4.167205017226997370e+02 8.507932432573916515e+01 -3.803980980630196282e+05 -4.644437974982660156e+13 -1.681168791494814529e-05 3.191683056762247303e-06 1.010845187099320582e-06
