1.000000000000000000e+00 -3.708859881937488581e+02 1.248163612550988688e+02 -3.399442467960139620e+05 -1.468565025636608008e+13 -5.406686904275631484e-06 1.656753506624731977e-06 8.816580674501818094e-07 -1.639789476775521564e+02 -3.180013642360444148e+00 4.539024151722526046e-02 6.759946873247446586e-01 -2.936056023274281657e+01 -3.234779625169704086e+05 1.547258352003451064e+07
1.000000000000000000e+00 -4.039686913525932255e+02 7.070628957692213135e+01 -3.430637764085312374e+05 -1.495641537019395898e+13 -5.942999179100859798e-06 9.471343702858057064e-07 9.805517971368300557e-07 -1.147564420879386660e+02 -2.220286394003263108e+00 7.166044191758911275e-01 4.719735052051797219e-01 -3.871743853570542626e+01 -2.269042572166064638e+05 2.448436186862923205e+08
1.000000000000000000e+00 -4.270820963610928516e+02 1.486090846565376467e+01 -3.461832843956950819e+05 -1.522965193376212695e+13 -6.340164974952964668e-06 2.008769651824202827e-07 1.069875806913260364e-06 -3.007342688479126558e+00 -5.805080169966057857e-02 9.997939975187211115e-01 1.240738878509634567e-02 -1.454150612484535721e+01 -5.960121432728892614e+03 3.423942418381934166e+08
1.000000000000000000e+00 -4.396148865527230782e+02 -4.139921364407064885e+01 -3.493027753834989271e+05 -1.550536030632392188e+13 -6.585026478185220874e-06 -5.646415246419003362e-07 1.140671662480033321e-06 1.109153563174193806e+02 2.136056298786717988e+00 7.415219915776798398e-01 -4.538658458447747401e-01 -2.108131494558758146e+00 2.203272198888629500e+05 2.545330898232893646e+08
1.000000000000000000e+00 -4.410988449489443042e+02 -9.665123758948044497e+01 -3.524222545313709415e+05 -1.578354090958454102e+13 -6.666261479476227913e-06 -1.329993228799720410e-06 1.185331707248399650e-06 1.651569242560805151e+02 3.173334379138475381e+00 8.160461201764418471e-02 -6.742940248303959105e-01 -2.470814024065222370e+01 3.288328737715090392e+05 2.807610668695354462e+07
1.000000000000000000e+00 -4.314404324222651326e+02 -1.494379707207502577e+02 -3.555417275083321729e+05 -1.606419422766103711e+13 -6.578009852980091776e-06 -2.074580182930937395e-06 1.199131874757162632e-06 1.299831488201671164e+02 2.491761357369860708e+00 -6.225187425221158088e-01 -5.294797521647113259e-01 -4.000462907750244312e+01 2.593971215411373705e+05 -2.146714396035172939e+08
1.000000000000000000e+00 -4.108486336110936463e+02 -1.984547567596013380e+02 -3.586611998697598465e+05 -1.634732075228969727e+13 -6.319014367998872181e-06 -2.779230680300046086e-06 1.180444493407004513e-06 2.410056195304737159e+01 4.609450977801574090e-01 -9.895021865364631575e-01 -9.789792474483767493e-02 -1.934613040211766588e+01 4.820617019762448035e+04 -3.420077575330878496e+08
1.000000000000000000e+00 -3.797116249466732825e+02 -2.424049902861428905e+02 -3.617806774683066178e+05 -1.663292102015961133e+13 -5.890909622450085534e-06 -3.424251141870461968e-06 1.130334216569296592e-06 -9.532531146461997196e+01 -1.819010417742255248e+00 -8.206995161115127058e-01 3.867042260736623382e-01 -1.426080188860239684e+00 -1.911079577988187957e+05 -2.843141366207450628e+08
1.000000000000000000e+00 -3.388061787148412805e+02 -2.800779620152811731e+02 -3.649001665469841100e+05 -1.692099562272406836e+13 -5.301618612644511132e-06 -3.990540148485625699e-06 1.053653738872568524e-06 -1.635607551353560325e+02 -3.113961604979812225e+00 -2.075836652616168954e-01 6.619602973688821779e-01 -1.979910530978700933e+01 -3.286566714490992599e+05 -7.207759042577482760e+07
1.000000000000000000e+00 -2.891871871868285666e+02 -3.105273972684573209e+02 -3.680196725014310796e+05 -1.721154509197562305e+13 -4.563869109146676574e-06 -4.462206280000347433e-06 9.583890348862527275e-07 -1.433586299734603529e+02 -2.723124142706331963e+00 5.179088691218967089e-01 5.788615227855145040e-01 -4.006482102671689205e+01 -2.887205759217459126e+05 1.802399174770901501e+08
1.000000000000000000e+00 -2.320458587767643905e+02 -3.329193742576202908e+02 -3.711392003347114078e+05 -1.750456993998772656e+13 -3.693122800625739202e-06 -4.824525238916935612e-06 8.539045446281211556e-07 -4.525648909165401079e+01 -8.577014754637444227e-01 9.629864866154712599e-01 1.823575867504863002e-01 -2.427623020756617578e+01 -9.135305033630294201e+04 3.358969999863498807e+08
1.000000000000000000e+00 -1.688916443799360252e+02 -3.466063268123276089e+02 -3.742587547741273302e+05 -1.780007066847012109e+13 -2.710586252065875484e-06 -5.065089684105527877e-06 7.507762306507242071e-07 7.788186527815241789e+01 1.472670465736183543e+00 8.865596007548302016e-01 -3.128938420284463895e-01 -1.997588915861145065e+00 1.575667595475309063e+05 3.099416456404741406e+08
1.000000000000000000e+00 -1.014042650463667457e+02 -3.512826904561272272e+02 -3.773783395874307607e+05 -1.809804770209064453e+13 -1.641029128484278208e-06 -5.176216168753443305e-06 6.597581687067927708e-07 1.593142353318447988e+02 3.005660855427908285e+00 3.299186339557237391e-01 -6.386589660071883001e-01 -1.496021237801703663e+01 3.230477224607678363e+05 1.156012908659366369e+08
1.000000000000000000e+00 -3.127810256790628785e+01 -3.468105672550986469e+02 -3.804979579430282465e+05 -1.839850141950599609e+13 -5.103590597664394033e-07 -5.152563320382135892e-06 5.900568241482754974e-07 1.546188678523982389e+02 2.910490949343286449e+00 -4.054501622389456994e-01 -6.184545275789498087e-01 -3.888109936628861618e+01 3.142362018399519147e+05 -1.423885097077308893e+08
1.000000000000000000e+00 3.961554241127421960e+01 -3.332789190655432776e+02 -3.836176121682443190e+05 -1.870143212741658984e+13 6.516992830356956480e-07 -4.992120584103761693e-06 5.487948226702120679e-07 6.596640213868039382e+01 1.238931048669088542e+00 -9.212116366462111960e-01 -2.632417172831158503e-01 -2.894724694475121396e+01 1.343680303512279643e+05 -3.242472538040512800e+08
1.000000000000000000e+00 1.093975012550917540e+02 -3.111274702463376229e+02 -3.867373031288079219e+05 -1.900683999624000781e+13 1.814289410245772386e-06 -4.698217384559282864e-06 5.403531672616048469e-07 -5.887142805441319382e+01 -1.103193455330799599e+00 -9.380725045971045617e-01 2.345516287180312298e-01 -3.769214971294590821e+00 -1.201862975905135827e+05 -3.309257264352082610e+08
1.000000000000000000e+00 1.763330290836549352e+02 -2.809434267337278470e+02 -3.898570308358892798e+05 -1.931472511446561328e+13 2.947963742088766045e-06 -4.276642342450806523e-06 5.655830122054516862e-07 -1.523045183768885806e+02 -2.847638417038719894e+00 -4.469812615518372612e-01 6.053523090957710906e-01 -1.050146914956816246e+01 -3.116292568240677356e+05 -1.580368961057909727e+08
1.000000000000000000e+00 2.386708646512560108e+02 -2.435057217726460408e+02 -3.929767947113087866e+05 -1.962508751175552344e+13 4.022068023514401141e-06 -3.736412031662966381e-06 6.218168827162715586e-07 -1.635050904089449944e+02 -3.050215027481678831e+00 2.861283506095690377e-01 6.483965299153064965e-01 -3.653678948489068290e+01 -3.352969414609249798e+05 1.013918257164681554e+08
1.000000000000000000e+00 2.948105549763632212e+02 -1.998807053238263336e+02 -3.960965929466910893e+05 -1.993792709209269531e+13 5.007572364310130359e-06 -3.091367703757037820e-06 7.034000164436755043e-07 -8.601461276524396737e+01 -1.601034546996409347e+00 8.643015001146258092e-01 3.403478349167882722e-01 -3.312113379239256261e+01 -1.767833119094198919e+05 3.069573467256358862e+08
1.000000000000000000e+00 3.434321891054433991e+02 -1.511966435146036645e+02 -3.992164227924695588e+05 -2.025324365822743359e+13 5.879393065398938676e-06 -2.356835300186711655e-06 8.022083674286321162e-07 3.853525225759676687e+01 7.156787337767882562e-01 9.743683898407334842e-01 -1.520252409956848461e-01 -6.647930768659720435e+00 7.937720308576908428e+04 3.468203005693691373e+08
1.000000000000000000e+00 3.833198594655610805e+02 -9.868347668586385169e+01 -4.023362808589258348e+05 -2.057103693872933203e+13 6.613534389396861612e-06 -1.550287780751850943e-06 9.082351198539368625e-07 1.427407054383333502e+02 2.645095355329950770e+00 5.565999343188150483e-01 -5.620371901825598204e-01 -6.707675405346984476e+00 2.946807975639686338e+05 1.985595988538014293e+08
1.000000000000000000e+00 4.135128187186307969e+02 -4.375257684066752972e+01 -4.054561627698987140e+05 -2.089130654976340234e+13 7.189786294071946778e-06 -6.926697591772300444e-07 1.011119763104526570e-06 1.699061195232754073e+02 3.141508518613425949e+00 -1.627345520832529924e-01 -6.675378981412471990e-01 -3.319002350725624240e+01 3.515420594746437273e+05 -5.818242019990715384e+07
1.000000000000000000e+00 4.334027832688909143e+02 1.223633805720465872e+01 -4.085760639653698308e+05 -2.121405207452240234e+13 7.593599976029263653e-06 1.952104544721953428e-07 1.101287591035453550e-06 1.049377257821923735e+02 1.935970454531844354e+00 -7.939128467699926306e-01 -4.113731402581844443e-01 -3.647520863727031326e+01 2.176015891581742035e+05 -2.844768841532813907e+08
1.000000000000000000e+00 4.425355997719050833e+02 6.792718472061935131e+01 -4.116959796614299994e+05 -2.153927305830866406e+13 7.812822148378797640e-06 1.091940380571084460e-06 1.169953100836300126e-06 -1.727069010812125427e+01 -3.179191933766088440e-01 -9.950406679609471450e-01 6.764166689063277893e-02 -1.041097353160965255e+01 -3.589220398940973973e+04 -3.573345463447562456e+08
1.000000000000000000e+00 4.407459529950216393e+02 1.218921390239497811e+02 -4.148159042866423260e+05 -2.186696894822207031e+13 7.840194399001888491e-06 1.974284713270336300e-06 1.210476555832975662e-06 -1.306230323215490898e+02 -2.399213582825545643e+00 -6.572705994807752639e-01 5.100338123475385288e-01 -3.821631817650129825e+00 -2.720621359276696458e+05 -2.365572627724283636e+08
1.000000000000000000e+00 4.282236267924258186e+02 1.728594268198523878e+02 -4.179358322340585873e+05 -2.219713916991878516e+13 7.674733993086724673e-06 2.820858888736007162e-06 1.219601741343903428e-06 -1.735782376934499496e+02 -3.181182800928345156e+00 3.641865902191998572e-02 6.762434635535542471e-01 -2.904679193725429087e+01 -3.623259301156626316e+05 1.313626284340568259e+07
1.000000000000000000e+00 4.052970550877818141e+02 2.196493024363920483e+02 -4.210557581325430074e+05 -2.252978315650620703e+13 7.318063235509099849e-06 3.611171586574134911e-06 1.196761023413581925e-06 -1.225175858506178344e+02 -2.240464578598175827e+00 7.103802192966764961e-01 4.762626406784266631e-01 -3.884650046263701029e+01 -2.563045235488761391e+05 2.567984739454703033e+08
1.000000000000000000e+00 3.725597421911497804e+02 2.610977763605049518e+02 -4.241756765749462065e+05 -2.286490032017278906e+13 6.776801806204540723e-06 4.324417535589703728e-06 1.144379420748419143e-06 -4.713922742628521512e+00 -8.601426933672551289e-02 9.995952233330056558e-01 1.835032134244071397e-02 -1.486475218179436908e+01 -9.883070845270071004e+03 3.621407180058383346e+08
1.000000000000000000e+00 3.309120773473619579e+02 2.962728676796945138e+02 -4.272955824722590623e+05 -2.320249009050691406e+13 6.063510301933144478e-06 4.943095140044165037e-06 1.068040377634497152e-06 1.161897369824934003e+02 2.115467167794907066e+00 7.473211155562795582e-01 -4.494906214693985547e-01 -2.022476987050595643e+00 2.441331415747376159e+05 2.713375896489751339e+08
1.000000000000000000e+00 2.813340524082715319e+02 3.243927163297962011e+02 -4.304154712207242846e+05 -2.354255193403953125e+13 5.192700499137379077e-06 5.451771604225549583e-06 9.749968065493934475e-07 1.745433351246529980e+02 3.170986144845247878e+00 9.015974027306783434e-02 -6.737948247577657535e-01 -2.438149075055255466e+01 3.675442964441077784e+05 3.280671967927182466e+07
1.000000000000000000e+00 2.250115608278654236e+02 3.447483031575515042e+02 -4.335353380893737776e+05 -2.388508528868249609e+13 4.183236655235804349e-06 5.835866195414994243e-06 8.740124646108726645e-07 1.383785414039350883e+02 2.508501964574948673e+00 -6.158507616978077248e-01 -5.330370394445456128e-01 -4.004750573072377051e+01 2.920253436349068070e+05 -2.245799682719971240e+08
1.000000000000000000e+00 1.633595080934940142e+02 3.569074138217504242e+02 -4.366551791746691451e+05 -2.423008966917087891e+13 3.058906001513972510e-06 6.085172170646048378e-06 7.751115976357931276e-07 2.694497100985742222e+01 4.873939134157328490e-01 -9.882508187208318695e-01 -1.035191952291315415e-01 -1.967109619742339532e+01 5.698661123192430387e+04 -3.611653122228111625e+08
1.000000000000000000e+00 9.778996465210209976e+01 3.606157771693130485e+02 -4.397749915248951875e+05 -2.457756468424760156e+13 1.844199572079356180e-06 6.192327791760817384e-06 6.877033312476636559e-07 -9.957227014848490398e+01 -1.797212896750312483e+00 -8.254253260637256506e-01 3.820709230276583823e-01 -1.424976982956999372e+00 -2.110448617886809807e+05 -3.023137513830614090e+08
1.000000000000000000e+00 2.984222051075318660e+01 3.557199714815703260e+02 -4.428947723971855594e+05 -2.492750995680345312e+13 5.667803541375962777e-07 6.151591503238974135e-06 6.198750596464341967e-07 -1.725900369832482113e+02 -3.108405162383917286e+00 -2.156463902478545636e-01 6.607793363030547429e-01 -1.947988032105401857e+01 -3.665990321726546972e+05 -7.915193260078009963e+07
1.000000000000000000e+00 -3.880989021859524257e+01 3.423603744593592069e+02 -4.460145198507866589e+05 -2.527992519195727734e+13 -7.422915391442955392e-07 5.962263633440420046e-06 5.782006235456529727e-07 -1.522708055099807325e+02 -2.736537247528355810e+00 5.108844556254477087e-01 5.817128520299221783e-01 -4.002547184998518759e+01 -3.241376047634198330e+05 1.879226813138857782e+08
1.000000000000000000e+00 -1.065901967178639467e+02 3.208559576525175316e+02 -4.491342327574503142e+05 -2.563481018142251172e+13 -2.052941247407712621e-06 5.626844987319836984e-06 5.666877092624549604e-07 -4.921978784060161871e+01 -8.826515805852757079e-01 9.607595645096537185e-01 1.876604048524022628e-01 -2.458653138149956519e+01 -1.049996045691632316e+05 3.541656040002558827e+08
1.000000000000000000e+00 -1.718862251301245010e+02 2.916270159707588618e+02 -4.522539105400800472e+05 -2.599216477668724219e+13 -3.333546393208385332e-06 5.149781113580037794e-06 5.862718917161918725e-07 8.101457849782916298e+01 1.449704909714971901e+00 8.902853399075766339e-01 -3.080135101729710723e-01 -2.075866732217010568e+00 1.731985436420953483e+05 3.288925372782271504e+08
1.000000000000000000e+00 -2.330561725684906946e+02 2.553777037801378924e+02 -4.553735536927303183e+05 -2.635198895138292188e+13 -4.551049022365528894e-06 4.540769618012216239e-06 6.350463346760832770e-07 1.678449973536941968e+02 2.997048096411460527e+00 3.375582068190842722e-01 -6.368286648899855740e-01 -1.466145355818460416e+01 3.596007448457870050e+05 1.249696606044401675e+08
1.000000000000000000e+00 -2.886579176359392136e+02 2.129636399659160304e+02 -4.584931637333878898e+05 -2.671428280002849219e+13 -5.675438706828726363e-06 3.812562844213999520e-06 7.084652079937722679e-07 1.639285507613742254e+02 2.920860329996102234e+00 -3.980268345539402230e-01 -6.206577898226818268e-01 -3.876512865076419700e+01 3.519621002442500903e+05 -1.476717399544329643e+08
1.000000000000000000e+00 -3.373111834601417058e+02 1.653121301461386849e+02 -4.616127424186384887e+05 -2.707904644995136719e+13 -6.677157613720590066e-06 2.979622163515100065e-06 7.993658884716362598e-07 7.101930719977555384e+01 1.262715452018344120e+00 -9.180198634096461419e-01 -2.682964108211067233e-01 -2.923198949182328477e+01 1.528075665992514696e+05 -3.413219709499536753e+08
1.000000000000000000e+00 -3.777157868649105126e+02 1.135932400425779036e+02 -4.647322924296170822e+05 -2.744628014325529297e+13 -7.527505588778677257e-06 2.061265922824167622e-06 8.986621595031436305e-07 -6.080464821143216625e+01 -1.078799409425931888e+00 -9.408681102815992237e-01 2.293665690104331190e-01 -3.922229110666208829e+00 -1.311083501625760691e+05 -3.505629857746859193e+08
1.000000000000000000e+00 -4.088723268371732047e+02 5.906862715505475592e+01 -4.678518175030522398e+05 -2.781598425606778906e+13 -8.203121376569262791e-06 1.079055750736269166e-06 9.965785259625399092e-07 -1.601788996241755854e+02 -2.835868286330368360e+00 -4.543067599676148816e-01 6.028504436673025602e-01 -1.023345846082298394e+01 -3.461162963676361833e+05 -1.696327408188759685e+08
1.000000000000000000e+00 -4.299368129987122984e+02 3.007144987916101186e+00 -4.709713216783382231e+05 -2.818815921259744531e+13 -8.683247793083305032e-06 5.530030367308223069e-08 1.083138408882027947e-06 -1.730720900136816738e+02 -3.057641630698426649e+00 2.781957240768025419e-01 6.499754243223886396e-01 -3.634722961155575405e+01 -3.747701440893065883e+05 1.040955432767230272e+08
1.000000000000000000e+00 -4.402428813167235262e+02 -5.315662192453179813e+01 -4.740908098942170618e+05 -2.856280555823082812e+13 -8.950287333068299010e-06 -9.840056589767905668e-07 1.149271155421367579e-06 -9.211473097706493718e+01 -1.623937765831361624e+00 8.600751091445592023e-01 3.452159114769510206e-01 -3.336929054704739883e+01 -1.998877992285977234e+05 3.225056412633716464e+08
1.000000000000000000e+00 -4.395056326227831391e+02 -1.079915856015728650e+02 -4.772102874813459930e+05 -2.893992390155205859e+13 -8.994092330086143165e-06 -2.012233618856771452e-06 1.188404884671280661e-06 3.919327483679100510e+01 6.895004286326806842e-01 9.762286853254494856e-01 -1.464619643904907231e-01 -6.873068445196690135e+00 8.522873792498771218e+04 3.668341908259156346e+08
1.000000000000000000e+00 -4.276590537894352906e+02 -1.601569174369558652e+02 -4.803297597781275399e+05 -2.931951486899651953e+13 -8.808871295122713274e-06 -3.003750676929851757e-06 1.196270139446964125e-06 1.498064007990325592e+02 2.629892438074178163e+00 5.636606172294211792e-01 -5.588065487681266319e-01 -6.483037268188145852e+00 3.264526854643092374e+05 2.122517627015565336e+08
1.000000000000000000e+00 -4.048706048640560766e+02 -2.082535860808079633e+02 -4.834492326533587766e+05 -2.970157916910125781e+13 -8.393637720239743378e-06 -3.931172030180024274e-06 1.171246817086641522e-06 1.795747126265739553e+02 3.145859703972369026e+00 -1.542212028616546382e-01 -6.684622560067444708e-01 -3.293100856955199163e+01 3.921466431904158089e+05 -5.819573343397288024e+07
1.000000000000000000e+00 -3.717179569268619730e+02 -2.510050039715503658e+02 -4.865687122640259913e+05 -3.008611756465491016e+13 -7.756053917161469645e-06 -4.768757562704058005e-06 1.115716349098389526e-06 1.120000693395962941e+02 1.957946997674867573e+00 -7.885780424001507249e-01 -4.160433326358766171e-01 -3.667195349774707580e+01 2.450942620361685695e+05 -2.981970005691685081e+08
1.000000000000000000e+00 -3.289972396437382827e+02 -2.873362212151953941e+02 -4.896882042459934601e+05 -3.047313077311384766e+13 -6.908678703063974659e-06 -5.494000620081772098e-06 1.035244670168955859e-06 -1.662090767417657489e+01 -2.899530967505490886e-01 -9.958832465795584010e-01 6.169761665339609791e-02 -1.070131726902565461e+01 -3.644846262441507133e+04 -3.773780553796592355e+08
1.000000000000000000e+00 -2.777198663063946356e+02 -3.162265545444728900e+02 -4.928077141072345548e+05 -3.086261951378950781e+13 -5.869046410192327780e-06 -6.084915041865045737e-06 9.376572292317111568e-07 -1.367392510836725990e+02 -2.380446811787613193e+00 -6.639709547888342778e-01 5.060446762420539590e-01 -3.657691824210620446e+00 -3.004868034895359306e+05 -2.521302919439754784e+08
1.000000000000000000e+00 -2.192565573202785458e+02 -3.368883125090791282e+02 -4.959272470113150193e+05 -3.125458448005078906e+13 -4.662873776674718093e-06 -6.523529033696403446e-06 8.330288042871734891e-07 -1.831699632819218380e+02 -3.182099101724259693e+00 2.740293395468268445e-02 6.764384896287368720e-01 -2.872890924703566995e+01 -4.033595165147167281e+05 1.042746765894654393e+07
1.000000000000000000e+00 -1.551116195078829492e+02 -3.488229392332127077e+02 -4.990468071429050760e+05 -3.164902625748182812e+13 -3.319469728595083027e-06 -6.797121043122225053e-06 7.321182366192721676e-07 -1.304185845393207899e+02 -2.260970833748106479e+00 7.039399566430012412e-01 4.806215219610693867e-01 -3.897292327731936012e+01 -2.877938418782134540e+05 2.684240159331777990e+08
1.000000000000000000e+00 -8.690268665830558348e+01 -3.516617985612758730e+02 -5.021663984455954633e+05 -3.204594541416973438e+13 -1.871388478558051473e-06 -6.895273985017953543e-06 6.450464401334486371e-07 -6.662019389036211159e+00 -1.152548669232462547e-01 9.993047667977857929e-01 2.456468755070036897e-02 -1.520480699454110685e+01 -1.473160287984345450e+04 3.818438567740433216e+08
1.000000000000000000e+00 -1.647823058281824871e+01 -3.453290241450683311e+02 -5.052860239938842715e+05 -3.244534241909729297e+13 -3.570515811137469977e-07 -6.813167290372719039e-06 5.809222446958643839e-07 1.212518060825060786e+02 2.093347659841416686e+00 7.534397287779099894e-01 -4.447901871395547047e-01 -1.937429197397689151e+00 2.686782824093931704e+05 2.884938782110294700e+08
1.000000000000000000e+00 5.433186200593208781e+01 -3.300627973638721642e+02 -5.084056853970226366e+05 -3.284721756166487891e+13 1.184535515040975246e-06 -6.552177589641740584e-06 5.465189293887323565e-07 1.838884422923828481e+02 3.168175232631569305e+00 9.943004856322507079e-02 -6.731972924813999226e-01 -2.402605867294790798e+01 4.083167212471626699e+05 3.815084144713192433e+07
1.000000000000000000e+00 1.237382408170271617e+02 -3.062360932105203233e+02 -5.115253836605370161e+05 -3.325157105788777734e+13 2.714277371191539741e-06 -6.116489728817810117e-06 5.452634878839519337e-07 1.469605681901163337e+02 2.526731197331677503e+00 -6.084550910740315066e-01 -5.369106420609617292e-01 -4.008830906755575541e+01 3.269942336862761877e+05 -2.339437996285907626e+08
1.000000000000000000e+00 1.898840177663010138e+02 -2.744986763173236568e+02 -5.146451188238306786e+05 -3.365840300060017969e+13 4.190630497937124365e-06 -5.516032266348815945e-06 5.772807602199226244e-07 3.012459971483613685e+01 5.168741361145695601e-01 -9.867717298661241587e-01 -1.097847300973744805e-01 -2.003418226907577804e+01 6.716689323506064829e+04 -3.801845052565444112e+08
1.000000000000000000e+00 2.510964349077742952e+02 -2.357644516744421708e+02 -5.177648897107899538e+05 -3.406771332280600391e+13 5.575145967633122167e-06 -4.766390339080174645e-06 6.394812122222475838e-07 -1.035162764522550560e+02 -1.772471591102942279e+00 -8.306883832694933467e-01 3.768118904994336993e-01 -1.430175198900056177e+00 -2.312786227217730775e+05 -3.207072116891365051e+08
1.000000000000000000e+00 3.058890787512675615e+02 -1.910154343637321404e+02 -5.208846944649248617e+05 -3.447950186370605859e+13 6.832642009157649612e-06 -3.884979595487873889e-06 7.255728808496233556e-07 -1.815258007528533710e+02 -3.101829699846868849e+00 -2.247969845123988786e-01 6.593817830315197304e-01 -1.911732119276880226e+01 -4.064024004080296145e+05 -8.696652612901976705e+07
1.000000000000000000e+00 3.528461543300115864e+02 -1.414302242766115967e+02 -5.240045303843704751e+05 -3.489376834402577734e+13 7.928728177042134844e-06 -2.893716343769149137e-06 8.267015273769236179e-07 -1.613619164206264429e+02 -2.751638611799245737e+00 5.028162143581760279e-01 5.849230764723087894e-01 -3.997419835315308489e+01 -3.619996772747812211e+05 1.949216829079786539e+08
1.000000000000000000e+00 3.908576104329005148e+02 -8.835007881457977419e+01 -5.271243934922191547e+05 -3.531051230509900781e+13 8.835167466227445348e-06 -1.818439016024889322e-06 9.329966279859558236e-07 -5.354009360882542268e+01 -9.111335744887268939e-01 9.581327190539797867e-01 1.937138920007371867e-01 -2.494041911790737487e+01 -1.203576484917551861e+05 3.721893801649591327e+08
1.000000000000000000e+00 4.190879266332102020e+02 -3.307805686814883472e+01 -5.302442796285328222e+05 -3.572973325097985156e+13 9.529371110756728436e-06 -6.848487490731634333e-07 1.034337591714086341e-06 8.380979175045767704e+01 1.423351164878519981e+00 8.944699738953248991e-01 -3.024131597609259758e-01 -2.171338392687285790e+00 1.887882470569279976e+05 3.481686768689033985e+08
1.000000000000000000e+00 4.368456871406313553e+02 2.299294180241641783e+01 -5.333641842785944464e+05 -3.615143062443452344e+13 9.991599105678984798e-06 4.788473348994437927e-07 1.120733584933033878e-06 1.762400389932854239e+02 2.987019462529060920e+00 3.462146890657051834e-01 -6.346974817334062324e-01 -1.432383853069024582e+01 3.978035002529377816e+05 1.350371452125542164e+08
1.000000000000000000e+00 4.437959588121480010e+02 7.842107230049415989e+01 -5.364841021093984600e+05 -3.657560374233356250e+13 1.020994256331034249e-05 1.642738057376371941e-06 1.183987844566065306e-06 1.733643074836099913e+02 2.932318396657381143e+00 -3.896280464405063593e-01 -6.230923654745365026e-01 -3.862875113433081253e+01 3.921080380148382974e+05 -1.522789961536391675e+08
1.000000000000000000e+00 4.398950385528553397e+02 1.319090155073770632e+02 -5.396040278359838994e+05 -3.700225191122137500e+13 1.017905229015166381e-05 2.779254689662932107e-06 1.218403723591130857e-06 7.636994907134175037e+01 1.289121009102693893e+00 -9.143918061625175842e-01 -2.739081438932196577e-01 -2.954666468826383152e+01 1.730807656649412238e+05 -3.580983917806824446e+08
1.000000000000000000e+00 4.252484441215869992e+02 1.821663261447938282e+02 -5.427239559377435362e+05 -3.743137438837459375e+13 9.897028571347965211e-06 3.860341955838837011e-06 1.220724989121474617e-06 -6.244390818134257159e+01 -1.051920190311789627e+00 -9.438668822322264784e-01 2.236532824993160973e-01 -4.095491136708649726e+00 -1.418060807152853813e+05 -3.703900093617863059e+08
1.000000000000000000e+00 4.003052017256804334e+02 2.279495331702280225e+02 -5.458438807006431744e+05 -3.786297038672486719e+13 9.370068769722047282e-06 4.858316885345132766e-06 1.191243066056558160e-06 -1.679135107652042223e+02 -2.822940080780622196e+00 -4.621851467570214922e-01 6.001024137441292039e-01 -9.947163950493292717e+00 -3.820912709020946641e+05 -1.817360969290637374e+08
1.000000000000000000e+00 3.657659849712842401e+02 2.682411666650282882e+02 -5.489637970527681755e+05 -3.829703919067140625e+13 8.610534646435975139e-06 5.749734872616407535e-06 1.133399097500156893e-06 -1.826963130729560021e+02 -3.065285092554808521e+00 2.697669273536124068e-01 6.516004315242576173e-01 -3.614167209393774272e+01 -4.165682685289811343e+05 1.062891283480592668e+08
1.000000000000000000e+00 3.224361962877585484e+02 3.020986500868551161e+02 -5.520837000400372781e+05 -3.873358008506029688e+13 7.633642429355463860e-06 6.512269952726027248e-06 1.052554684234042862e-06 -9.839751160326835588e+01 -1.647600975628030540e+00 8.556230048199208182e-01 3.502455345693482602e-01 -3.362327661325011974e+01 -2.248089943003807857e+05 3.377969765390577912e+08
1.000000000000000000e+00 2.714101328479336530e+02 3.286929279764379999e+02 -5.552035846833098913e+05 -3.917259233548818750e+13 6.461917632817862326e-06 7.125597827855351518e-06 9.564831085719060554e-07 3.966580648387133579e+01 6.628462530070355907e-01 9.780481535225742373e-01 -1.407975497900335049e-01 -7.105926199738744842e+00 9.080656841253663879e+04 3.869055422440692782e+08
1.000000000000000000e+00 2.139605473578812962e+02 3.474709277942736207e+02 -5.583234466987593332e+05 -3.961407529042660938e+13 5.122744143143093331e-06 7.575006774872083639e-06 8.547138946141122794e-07 1.567749592092030468e+02 2.614589763621963492e+00 5.706390795061954124e-01 -5.555547102471449783e-01 -6.263850585057197939e+00 3.596228913211544859e+05 2.261912916140537560e+08
1.000000000000000000e+00 1.513917576245771954e+02 3.579912040052587372e+02 -5.614432824509596685e+05 -4.005802837728473438e+13 3.644947017860873270e-06 7.847962718782698827e-06 7.567946335599191789e-07 1.892488628768084595e+02 3.149867078086791228e+00 -1.459306013888223563e-01 -6.693135624827387664e-01 -3.267564663708724737e+01 4.349825371525086812e+05 -5.796003696500020474e+07
1.000000000000000000e+00 8.521946579479094908e+01 3.599633640722356631e+02 -5.645630886364977341e+05 -4.050445105958185938e+13 2.063167018964612132e-06 7.935046345579739130e-06 6.719500218769737108e-07 1.191226977907642492e+02 1.978733455803140862e+00 -7.834427557165014600e-01 -4.204606128939348264e-01 -3.685479640210977692e+01 2.743463812676250236e+05 -3.117853629081231952e+08
1.000000000000000000e+00 1.704653870819502970e+01 3.533939319562637138e+02 -5.676828630187478848e+05 -4.095334294427914844e+13 4.149780178693000479e-07 7.833278320653646169e-06 6.083607836699419798e-07 -1.591459366500294159e+01 -2.638298263267113142e-01 -9.965997070822751880e-01 5.614525893122050693e-02 -1.097515914331998488e+01 -3.672524566937442432e+04 -3.974052941325480342e+08
1.000000000000000000e+00 -5.158150741713252074e+01 3.384097784328025114e+02 -5.708026038179573370e+05 -4.140470369752560938e+13 -1.262592119154248183e-06 7.542364808613553628e-06 5.719124476906915496e-07 -1.428276817749764973e+02 -2.363077751712736152e+00 -6.700663603063508056e-01 5.023526432245112305e-01 -3.512215589893111112e+00 -3.302510865780889289e+05 -2.677277705119117498e+08
1.000000000000000000e+00 -1.189985610596094432e+02 3.152995218978049365e+02 -5.739223096528411843e+05 -4.185853303795016406e+13 -2.928720423878776019e-06 7.065698547210846707e-06 5.659226503361185079e-07 -1.927487542143189216e+02 -3.182703714327341338e+00 1.926595382897550168e-02 6.765672347117117624e-01 -2.843986381879080838e+01 -4.465647520064295968e+05 7.713067181727332063e+06
1.000000000000000000e+00 -1.835540358552650275e+02 2.846424221032905848e+02 -5.770419805035836762e+05 -4.231483087947635938e+13 -4.542076520498643691e-06 6.413361515457845581e-06 5.910032889106107116e-07 -1.382972445584921672e+02 -2.279076372537040207e+00 6.981548775782560057e-01 4.844701071814543902e-01 -3.908044550239033299e+01 -3.210448205878895824e+05 2.800577886052820683e+08
1.000000000000000000e+00 -2.437531271553396834e+02 2.471197088657263237e+02 -5.801616170679823263e+05 -4.277359724178089062e+13 -6.064322484026453197e-06 5.598027942523245656e-06 6.447455270490983970e-07 -8.574828958710204674e+00 -1.410305643932850961e-01 9.989786394749350373e-01 3.004268491202536154e-02 -1.550623478828422286e+01 -1.994505232697356041e+04 4.015222851068359017e+08
1.000000000000000000e+00 -2.980795980189814145e+02 2.035562782386453478e+02 -5.832812206418337300e+05 -4.323483223540595312e+13 -7.455784466069637991e-06 4.635976023533993404e-06 7.218184835829870924e-07 1.263398489616520237e+02 2.073825722457412812e+00 7.587459977723353122e-01 -4.406417390374456899e-01 -1.868250221068863182e+00 2.944461918553232099e+05 3.055665001127310991e+08
1.000000000000000000e+00 -3.451421664079328480e+02 1.550312261871142709e+02 -5.864007934099701233e+05 -4.369853610750597656e+13 -8.679119516210854991e-06 3.549706261227706414e-06 8.147180720976926771e-07 1.932253595708187959e+02 3.165496553857715334e+00 1.075163268062473698e-01 -6.726278901582118941e-01 -2.371483742341049705e+01 4.512153808185118833e+05 4.338483278840026259e+07
1.000000000000000000e+00 -3.838060647637422562e+02 1.026764452611080856e+02 -5.895203382834253134e+05 -4.416470922097407812e+13 -9.702725046057097524e-06 2.363460251257674860e-06 9.144020252169036667e-07 1.554999695092324714e+02 2.542468206876574932e+00 -6.019536795117443884e-01 -5.402546541518702394e-01 -4.011842191541404645e+01 3.638334106243747519e+05 -2.433767464485355318e+08
1.000000000000000000e+00 -4.130135008723006536e+02 4.771520929067200711e+01 -5.926398587234531296e+05 -4.463335203081338281e+13 -1.049634759798600602e-05 1.104145674859080960e-06 1.010613807734802049e-06 3.325544772385288184e+01 5.426717329668387935e-01 -9.854041963839335061e-01 -1.152675727954369095e-01 -2.035259907004879665e+01 7.796252387374413956e+04 -3.991914550889200568e+08
1.000000000000000000e+00 -4.319354966201335628e+02 -8.446708011369384650e+00 -5.957593593889621552e+05 -4.510446518435162500e+13 -1.103501349738628890e-05 -1.964884563680960529e-07 1.093483988602690130e-06 -1.074829552705039930e+02 -1.750511013862815712e+00 -8.352715412868377820e-01 3.721439358696924105e-01 -1.440433385946596978e+00 -2.524711988857135002e+05 -3.390343221501817107e+08
1.000000000000000000e+00 -4.400856961481524650e+02 -6.443445112823813758e+01 -5.988788452295454917e+05 -4.557804938793769531e+13 -1.130210465325137101e-05 -1.506731233988142091e-06 1.154888343849193210e-06 -1.904525326897653201e+02 -3.095740220165149381e+00 -2.329345854092441381e-01 6.580875117052956691e-01 -1.879473703287506936e+01 -4.482357454151364509e+05 -9.473216200025743246e+07
1.000000000000000000e+00 -4.371311120872047127e+02 -1.188698894488681219e+02 -6.019983212599135004e+05 -4.605410537358103125e+13 -1.128470204837120832e-05 -2.794124956334529694e-06 1.188239495922484656e-06 -1.704404229639083042e+02 -2.765059762127672904e+00 4.954972919540936438e-01 5.877761315045249013e-01 -3.992216277441237082e+01 -4.019186660147288349e+05 2.019066375955499113e+08
1.000000000000000000e+00 -4.230395844223542099e+02 -1.702973743318231072e+02 -6.051177932330976473e+05 -4.653263400274626562e+13 -1.097751474349272176e-05 -4.023708965666076561e-06 1.189565173624011704e-06 -5.787941489035298304e+01 -9.371559313624741039e-01 9.556531923168218867e-01 1.992446260013977788e-01 -2.526335226883677620e+01 -1.367520665843583120e+05 3.901699508846157789e+08
1.000000000000000000e+00 -3.981635360218697883e+02 -2.174038900382533370e+02 -6.082372670650341315e+05 -4.701363618032660156e+13 -1.038526563955995134e-05 -5.163200881119231836e-06 1.158597103723490636e-06 8.655150855018636946e+01 1.398684661461968570e+00 8.982999508616225093e-01 -2.971713536507893938e-01 -2.266071568969568073e+00 2.048929254850501893e+05 3.674662315958827734e+08
1.000000000000000000e+00 -3.630306930835629942e+02 -2.589835421866772549e+02 -6.113567486331718974e+05 -4.749711282399667969e+13 -9.517462061548235568e-06 -6.182235754935058906e-06 1.098038462108314851e-06 1.845921527934925166e+02 2.977264910387832142e+00 3.544049637563991828e-01 -6.326245494836566508e-01 -1.400538167921933486e+01 4.378309745120006846e+05 1.452569035201420486e+08
1.000000000000000000e+00 -3.184756098856765334e+02 -2.938711315033884830e+02 -6.144762438427441521e+05 -4.798306487441009375e+13 -8.391978725184372903e-06 -7.050837536083923290e-06 1.013761701775912907e-06 1.828317798552999704e+02 2.943178663645546145e+00 -3.814654858916073366e-01 -6.253999142443127379e-01 -3.849104199411380733e+01 4.344944564254384022e+05 -1.566504118215890825e+08
1.000000000000000000e+00 -2.656844693975068026e+02 -3.211575797103815262e+02 -6.175957580613857135e+05 -4.847149320656250781e+13 -7.036449444590723617e-06 -7.744638772738146831e-06 9.146282796628685910e-07 8.185300929055480879e+01 1.315109451546012220e+00 -9.107332080056448342e-01 -2.794312193967338209e-01 -2.985479199573415698e+01 1.948968834186819149e+05 -3.747185167890749574e+08
1.000000000000000000e+00 -2.059597448705948466e+02 -3.401394059637923988e+02 -6.207152959452721989e+05 -4.896239860023228125e+13 -5.482238076112354953e-06 -8.243812051457639561e-06 8.106193249329853227e-07 -6.390199983576980713e+01 -1.024720945579714826e+00 -9.468150322472271840e-01 2.178719813044416032e-01 -4.275701733817259154e+00 -1.524476654882439470e+05 -3.903149723542221189e+08
1.000000000000000000e+00 -1.408311904611876741e+02 -3.502462486024319901e+02 -6.238348659656378441e+05 -4.945578245485803125e+13 -3.767485530275081315e-06 -8.531429796916738939e-06 7.121919070507824930e-07 -1.755322731328822385e+02 -2.809400489828180802e+00 -4.702570312638735262e-01 5.972244236262033157e-01 -9.656025401242120054e+00 -4.195635893526337459e+05 -1.942315836409211755e+08
1.000000000000000000e+00 -7.206547405048003441e+01 -3.512379805023701920e+02 -6.269544640411449363e+05 -4.995164419653124219e+13 -1.937520675642727133e-06 -8.598370520711813792e-06 6.297671435839836028e-07 -1.923741497893040275e+02 -3.073056155532865041e+00 2.608957532735659557e-01 6.532525766249617227e-01 -3.592080287280955275e+01 -4.607023446490828646e+05 1.079653649546276629e+08
1.000000000000000000e+00 -1.410808535332029212e+00 -3.431245751052149444e+02 -6.300740965502855834e+05 -5.044998491343559375e+13 -3.811911442970759826e-08 -8.441548786249939232e-06 5.719576592095175427e-07 -1.049166330531346176e+02 -1.672772264819311294e+00 8.507903039964208602e-01 3.555957122740249776e-01 -3.389065977697703858e+01 -2.517383392407032079e+05 3.527534645251038671e+08
1.000000000000000000e+00 6.930246973851650694e+01 -3.260770070061677188e+02 -6.331937653387426399e+05 -5.095080498450779688e+13 1.881778233407313424e-06 -8.061864442863535930e-06 5.446481230142283707e-07 3.982774284748019511e+01 6.337944595294489059e-01 9.799459930949865338e-01 -1.346235953940068952e-01 -7.363815615560599603e+00 9.574595657299101003e+04 4.070808077944998145e+08
1.000000000000000000e+00 1.381706165448937895e+02 -3.005993353976058415e+02 -6.363134710599018726e+05 -5.145410460171429688e+13 3.770247945125858599e-06 -7.468576245006303688e-06 5.507931486489140668e-07 1.635370300892579678e+02 2.597470911453455766e+00 5.782986649484771480e-01 -5.519169330874414969e-01 -6.026631911206943748e+00 3.938936797205735347e+05 2.406904360280019045e+08
1.000000000000000000e+00 2.034723582479412869e+02 -2.674139921190842983e+02 -6.394332133415844291e+05 -5.195988379242153906e+13 5.579351309116791211e-06 -6.676640667215252228e-06 5.899690204214172349e-07 1.989599855601225897e+02 3.154087488425234120e+00 -1.366440251736987244e-01 -6.702101096663551916e-01 -3.238602847034265864e+01 4.801260145102350507e+05 -5.698018854263392091e+07
1.000000000000000000e+00 2.635597135983528005e+02 -2.273573306447285916e+02 -6.425529912647826131e+05 -5.246814249351314062e+13 7.262247997532018056e-06 -5.704224330269504190e-06 6.581775350252321982e-07 1.265301951393483364e+02 2.002060246925073894e+00 -7.775742405958789849e-01 -4.254177221523839925e-01 -3.705609768620988831e+01 3.059205880027798121e+05 -3.248629102362633944e+08
1.000000000000000000e+00 3.168634887819039250e+02 -1.815314044414821808e+02 -6.456728026601701276e+05 -5.297888043377610156e+13 8.773397200249539023e-06 -4.576599894264169438e-06 7.484480274075023081e-07 -1.482127194518748681e+01 -2.340695744230519293e-01 -9.973330148311737586e-01 4.981989172885735451e-02 -1.129014245031087249e+01 -3.590239976171289163e+04 -4.174667936685597301e+08
1.000000000000000000e+00 3.621310801591157542e+02 -1.311635591745118461e+02 -6.487926442081931746e+05 -5.349209714544828906e+13 1.007522645386476202e-05 -3.322750986448612844e-06 8.519614877515292490e-07 -1.486414519202928091e+02 -2.343028137285621426e+00 -6.769795381769423415e-01 4.980908219863803832e-01 -3.351584373893718993e+00 -3.607446222614817671e+05 -2.839090308586058021e+08
1.000000000000000000e+00 3.982914828923248365e+02 -7.749834202392761995e+01 -6.519125122688065749e+05 -5.400779209713720312e+13 1.113456961721859579e-05 -1.972697133011432250e-06 9.586009859156429276e-07 -2.023196799985599057e+02 -3.183136891018683023e+00 9.953839388989527137e-03 6.766595682775955467e-01 -2.810665395956236168e+01 -4.919471342381038121e+05 4.182295095036749728e+06
1.000000000000000000e+00 4.244465235999939523e+02 -2.194068977838534806e+01 -6.550324026194389444e+05 -5.452596464892457812e+13 1.192254207067307114e-05 -5.611665117988946731e-07 1.057875642816744122e-06 -1.464354940369448457e+02 -2.299559786750928314e+00 6.914952621700359847e-01 4.888241528832716343e-01 -3.919729836150737157e+01 -3.567348186362412525e+05 2.910932201460683942e+08
1.000000000000000000e+00 4.400819409109814728e+02 3.409494269328614990e+01 -6.581523102655067341e+05 -5.504661401836019531e+13 1.242061374369060938e-05 8.761834795294019137e-07 1.140490069260115774e-06 -1.086335270802501718e+01 -1.702726627068097964e-01 9.985290514039273368e-01 3.625739286049745047e-02 -1.585001572665494862e+01 -2.651430972176322393e+04 4.211345647910373807e+08
1.000000000000000000e+00 4.449012675816633191e+02 8.928282057458774545e+01 -6.612722302396070445e+05 -5.556973941172030469e+13 1.261615532182493856e-05 2.305296931975547500e-06 1.198593207383800450e-06 1.311443967441145730e+02 2.051705475755638108e+00 7.646546174716413180e-01 -4.359411428980364822e-01 -1.796394768386171181e+00 3.206874423563579912e+05 3.231032063257485628e+08
1.000000000000000000e+00 4.388047770675445918e+02 1.422413979532054782e+02 -6.643921569882893236e+05 -5.609533992056428906e+13 1.250198411656410646e-05 3.690024029609225543e-06 1.226501072607152901e-06 2.025109483166762345e+02 3.162274335896547051e+00 1.164940289738118084e-01 -6.719429689784501836e-01 -2.336808779146153370e+01 4.961293997530104243e+05 4.931668313402602822e+07
1.000000000000000000e+00 4.220762176504183003e+02 1.916829760903736144e+02 -6.675120847116423538e+05 -5.662341457702357812e+13 1.208184093090346241e-05 4.995987713330924662e-06 1.222224861462637960e-06 1.642167822400391231e+02 2.559504255070613521e+00 -5.947892220657606810e-01 -5.438746949537431874e-01 -4.014548410257053490e+01 4.030665074691919726e+05 -2.522702296707929671e+08
1.000000000000000000e+00 3.951902808713795707e+02 2.364942223167568898e+02 -6.706320083197756903e+05 -5.715396251585486719e+13 1.136510969672919061e-05 6.192749292276980298e-06 1.186703737214952936e-06 3.666459198563934763e+01 5.703927215344319901e-01 -9.838581987773808990e-01 -1.211591885512135203e-01 -2.069539653701681914e+01 9.016069062984263292e+04 -4.180677051944309473e+08
1.000000000000000000e+00 3.587877211632530816e+02 2.755861367876445911e+02 -6.737519225729213795e+05 -5.768698283000529688e+13 1.036622636123613857e-05 7.249967665745482123e-06 1.123221003331536273e-06 -1.112307785562474010e+02 -1.727199133345187487e+00 -8.400473566322291807e-01 3.671887514778319206e-01 -1.457027427429711253e+00 -2.740343689423210453e+05 -3.576247484933913946e+08
1.000000000000000000e+00 3.138445168210671454e+02 3.080379611885981603e+02 -6.768718222274279688e+05 -5.822247459513431250e+13 9.109700091262174285e-06 8.141217559982850377e-06 1.038134269082309123e-06 -1.993146056769694212e+02 -3.089216780785844829e+00 -2.413310606249125245e-01 6.567009968958734678e-01 -1.846180542074529285e+01 -4.919572398919316474e+05 -1.029307627896399945e+08
1.000000000000000000e+00 2.614607927004713588e+02 3.331581146917463343e+02 -6.799917027538393158e+05 -5.876043699370178906e+13 7.624182542703826972e-06 8.845709946696436569e-06 9.397455966567221074e-07 -1.795965551739407715e+02 -2.778437263926356593e+00 4.880567144918392386e-01 5.906199153253678391e-01 -3.986396837928821668e+01 -4.441124023258451489e+05 2.085493926433481872e+08
1.000000000000000000e+00 2.028391673667338750e+02 3.503284520025284792e+02 -6.831115599040116649e+05 -5.930086924264269531e+13 5.941916612478992404e-06 9.344277560160335253e-06 8.372161241436494265e-07 -6.235296184217207838e+01 -9.628408651262789775e-01 9.531307499340846423e-01 2.047036557203734120e-01 -2.558165495622966645e+01 -1.544746262974997226e+05 4.080339358990924358e+08
1.000000000000000000e+00 1.394416939332660945e+02 3.591429723921934851e+02 -6.862313899073036155e+05 -5.984377062870071875e+13 4.103423380601322313e-06 9.623136318484348746e-06 7.404455274008085955e-07 8.918969330402819651e+01 1.374701567647622413e+00 9.019444304833676984e-01 -2.920747712795130346e-01 -2.363077459124072188e+00 2.213698165437210118e+05 3.868363295698314309e+08
1.000000000000000000e+00 7.276668037291980795e+01 3.594502444180866974e+02 -6.893511900849299273e+05 -6.038914061796005469e+13 2.151078162266401833e-06 9.675156491992456604e-06 6.586442346567696340e-07 1.929051940863162145e+02 2.967805953811987418e+00 3.621454579607393809e-01 -6.306144391009004257e-01 -1.370536119398522068e+01 4.796780361780534149e+05 1.556082764828364551e+08
1.000000000000000000e+00 4.333225967860809824e+00 3.511923081549172139e+02 -6.924709580261869123e+05 -6.093697871519113281e+13 1.286755401289585486e-07 9.495661940589297754e-06 5.992456187927747781e-07 1.923015384155366405e+02 2.953069370307293440e+00 -3.738495708665870443e-01 -6.275014472090506557e-01 -3.835804047117455440e+01 4.790593933575617266e+05 -1.609337852293010950e+08
1.000000000000000000e+00 -6.417169372504608305e+01 3.345398616326276624e+02 -6.955906917660816107e+05 -6.148728449631706250e+13 -1.914169370739879770e-06 9.086158742888450295e-06 5.678089498282982190e-07 8.733941889379542545e+01 1.338757697311737438e+00 -9.073274320388212688e-01 -2.844569448569547743e-01 -3.013373454787223693e+01 2.179797284702236648e+05 -3.913033706087722182e+08
1.000000000000000000e+00 -1.311244796248737714e+02 3.099169263456877275e+02 -6.987103907083616359e+05 -6.204005777409659375e+13 -3.928837608128404715e-06 8.455147404724983292e-06 5.673414557569696088e-07 -6.537081866158298737e+01 -1.000179332033393376e+00 -9.494012654704361287e-01 2.126555765652159979e-01 -4.442447556438785305e+00 -1.634509555076311808e+05 -4.102013490490801334e+08
1.000000000000000000e+00 -1.949738329068707401e+02 2.778333690617278080e+02 -7.018300547437610803e+05 -6.259529844626570312e+13 -5.868017366563100806e-06 7.613687595418917558e-06 5.977031502819161794e-07 -1.831560938607365756e+02 -2.797171314054803570e+00 -4.773978309550996335e-01 5.946249738311985000e-01 -9.400398891576250193e+00 -4.587976364653617493e+05 -2.066445609135332704e+08
1.000000000000000000e+00 -2.541024722712240020e+02 2.390167361214168977e+02 -7.049496845577683998e+05 -6.315300655261105469e+13 -7.681572076401449778e-06 6.579079245120794762e-06 6.557802410117185293e-07 -2.020240651268707381e+02 -3.079682926994869785e+00 2.530667376198148522e-01 6.546614512848571987e-01 -3.572209879935464016e+01 -5.069880210356143652e+05 1.097421329629850239e+08
1.000000000000000000e+00 -3.070632192050418325e+02 1.944181680964479995e+02 -7.080692819243631093e+05 -6.371318233098257031e+13 -9.323664796211275399e-06 5.375158634289350993e-06 7.360221633056441697e-07 -1.113727738430458913e+02 -1.694683507140754886e+00 8.465009153516382945e-01 3.602529744035102843e-01 -3.412098124198257665e+01 -2.800057577157342457e+05 3.677554314847691655e+08
1.000000000000000000e+00 -3.525800601316087182e+02 1.450365249051027945e+02 -7.111888489117511781e+05 -6.427582607804032812e+13 -1.075290440445033892e-05 4.027550636482322861e-06 8.305988178941895839e-07 4.005569440479563070e+01 6.083898399468157248e-01 9.815330569878434330e-01 -1.292247132847931801e-01 -7.592752023004520900e+00 1.008890585410054482e+05 4.271972744720544815e+08
1.000000000000000000e+00 -3.894157525622822504e+02 9.204521051434741707e+01 -7.143083884948870400e+05 -6.484093826162366406e+13 -1.192840468627783386e-05 2.567235035254415551e-06 9.297737771954444185e-07 1.703272768891519036e+02 2.582328332576161678e+00 5.849492318284900128e-01 -5.486991176207719478e-01 -5.823615816310001136e+00 4.297881510814946378e+05 2.550540053844575584e+08
1.000000000000000000e+00 -4.166077422938458881e+02 3.677743988727737445e+01 -7.174279047748886514e+05 -6.540851956435400000e+13 -1.281706835115668387e-05 1.030240087084389618e-06 1.023556622230716757e-06 2.086476992805628186e+02 3.157561866186986421e+00 -1.284861074900482958e-01 -6.709481618300698891e-01 -3.212855927700562120e+01 5.274397100026697153e+05 -5.612535929086470604e+07
1.000000000000000000e+00 -4.334555569852976760e+02 -1.945859943280479598e+01 -7.205474021964096464e+05 -6.597857074477290625e+13 -1.339338122613735215e-05 -5.474605382217087029e-07 1.102642889218623733e-06 1.338890522745045075e+02 2.022533773481000274e+00 -7.723295510209379211e-01 -4.297684826476064757e-01 -3.722927699776988675e+01 3.390719348192056059e+05 -3.379816854539842010e+08
1.000000000000000000e+00 -4.393868727374907053e+02 -7.525920020841320479e+01 -7.236668855388124939e+05 -6.655109263708022656e+13 -1.363543120627112322e-05 -2.126556785253271682e-06 1.158647585926653981e-06 -1.375899769351295099e+01 -2.074681282060985565e-01 -9.979139046615388420e-01 4.416592011074255142e-02 -1.157434155005667620e+01 -3.490757654449812981e+04 -4.374915944404606819e+08
1.000000000000000000e+00 -4.341847796525165109e+02 -1.291601144355529414e+02 -7.267863604252642253e+05 -6.712608624650103125e+13 -1.353207706345956695e-05 -3.665336695335000365e-06 1.185648542703442901e-06 -1.544500343221968990e+02 -2.324705260764817982e+00 -6.831853721858267559e-01 4.941960432558813454e-01 -3.211466311766564274e+00 -3.925596085499578621e+05 -3.000543310983101130e+08
1.000000000000000000e+00 -4.179504490166734740e+02 -1.798259185855058888e+02 -7.299058323684779461e+05 -6.770355257560305469e+13 -1.308201759555704343e-05 -5.125046459659289077e-06 1.180714780795338544e-06 -2.118750488251635886e+02 -3.183291571069411852e+00 1.393880091524468678e-03 6.766926798637042939e-01 -2.779815103808747523e+01 -5.394866521961409599e+05 6.132958722407770110e+05
1.000000000000000000e+00 -3.909563372874251286e+02 -2.259325950523884785e+02 -7.330253072454552166e+05 -6.828349271230616406e+13 -1.228938994828344685e-05 -6.466608140532641783e-06 1.143606396008611424e-06 -1.545964619468125250e+02 -2.318538319534332537e+00 6.852132180993160127e-01 4.928583237230349523e-01 -3.930087771915925288e+01 -3.943504266704729525e+05 3.020314966965098977e+08
1.000000000000000000e+00 -3.538545912436346157e+02 -2.662160057271779579e+02 -7.361447912667250494e+05 -6.886590782557100781e+13 -1.117046307458337162e-05 -7.652019919531761894e-06 1.077908020106735217e-06 -1.323461874668562643e+01 -1.981279240851043510e-01 9.980219913346821681e-01 4.217737317120206358e-02 -1.617921358512978713e+01 -3.382008328899571643e+04 4.407040960512745380e+08
1.000000000000000000e+00 -3.076035095386739613e+02 -2.996543087463583674e+02 -7.392642899086624384e+05 -6.945079896611292188e+13 -9.751560357103817469e-06 -8.649658082659046420e-06 9.905570883060885594e-07 1.358465977548772798e+02 2.030036952506822701e+00 7.703379044404738973e-01 -4.313365362518691293e-01 -1.732602879969988408e+00 3.477691715807931032e+05 3.407746816017098427e+08
1.000000000000000000e+00 -2.532990327211215060e+02 -3.253435227589226884e+02 -7.423838083859608741e+05 -7.003816715264000781e+13 -8.063899776301359102e-06 -9.430817514884461838e-06 8.901439558605196727e-07 2.117618040844650125e+02 3.158821743496841083e+00 1.253932339147112440e-01 -6.712090985452985326e-01 -2.302318069383540688e+01 5.430847773748945910e+05 5.556967319189976156e+07
1.000000000000000000e+00 -1.923590790668052080e+02 -3.425459896012187642e+02 -7.455033517027373891e+05 -7.062801338049907812e+13 -6.149579047848507073e-06 -9.971194161326209143e-06 7.868753500788842669e-07 1.730365255006211385e+02 2.576552367619405981e+00 -5.874834770347316937e-01 -5.474972902946589892e-01 -4.016659163637214647e+01 4.445637942348750657e+05 -2.608168821909577549e+08
1.000000000000000000e+00 -1.264114856131438103e+02 -3.508506934990817854e+02 -7.486229240210222779e+05 -7.122033850068375000e+13 -4.058193546523194937e-06 -1.025567256115201172e-05 6.916633420421684640e-07 4.029966437761505915e+01 5.990011995972913672e-01 -9.821792174037280443e-01 -1.272394124795451220e-01 -2.104978413972556339e+01 1.037224241768398206e+05 -4.368232117337762713e+08
1.000000000000000000e+00 -5.710675258846746516e+01 -3.500284406767528935e+02 -7.517425287040258991e+05 -7.181514322476298438e+13 -1.840940210278818246e-06 -1.027427389566689265e-05 6.143102990651913340e-07 -1.147440828050406196e+02 -1.702483882262968873e+00 -8.450118771425192410e-01 3.619352707176249351e-01 -1.480923496321659094e+00 -2.958523890396032366e+05 -3.764881689807181954e+08
1.000000000000000000e+00 1.371488549799844314e+01 -3.400667558311609469e+02 -7.548621684925273294e+05 -7.241242815555571875e+13 4.439590826444216255e-07 -1.002329526716878668e-05 5.628883058759579301e-07 -2.080875231776563226e+02 -3.081956930203619383e+00 -2.503247767689954495e-01 6.551579531258940881e-01 -1.810517972979000945e+01 -5.374808664733169135e+05 -1.117286479704094976e+08
1.000000000000000000e+00 8.416117004632883436e+01 -3.212985379864088600e+02 -7.579818446796254721e+05 -7.301219362568031250e+13 2.735606751619491670e-06 -9.509249407699569295e-06 5.429744626575634664e-07 -1.888997546901016733e+02 -2.792808090274621069e+00 4.798941266450137411e-01 5.936748683068686638e-01 -3.979409288906689568e+01 -4.887864815175235271e+05 2.145739346352808475e+08
1.000000000000000000e+00 1.524766001022023545e+02 -2.942296535662045471e+02 -7.611015576618786436e+05 -7.361443979842889062e+13 4.976556157622189763e-06 -8.743951429294548447e-06 5.567585817569863618e-07 -6.716240191730035747e+01 -9.912117727013020074e-01 9.502571242800236240e-01 2.107335701172704245e-01 -2.593264506734422525e+01 -1.740938698672346945e+05 4.256397037511700988e+08
1.000000000000000000e+00 2.168753770416248585e+02 -2.595563728709321367e+02 -7.642213073346613673e+05 -7.421916674100498438e+13 7.107428315541329684e-06 -7.745144487461977579e-06 6.028912042241154357e-07 9.147840380369036950e+01 1.347692136607500313e+00 9.059562741033920785e-01 -2.863350634588359145e-01 -2.478006294599649273e+00 2.375439389848436695e+05 4.065147899155809283e+08
1.000000000000000000e+00 2.756830680367734203e+02 -2.182656121433680596e+02 -7.673410921795365866e+05 -7.482637424454892188e+13 9.071553121852549869e-06 -6.539619182025287693e-06 6.768163117907611673e-07 2.010591660172246122e+02 2.956849532276343506e+00 3.708797472842642606e-01 -6.282861101978853835e-01 -1.336801798301139144e+01 5.230172595858545974e+05 1.667128210547963679e+08
1.000000000000000000e+00 3.275054155412807404e+02 -1.714398268776979251e+02 -7.704609097943775123e+05 -7.543606192234132812e+13 1.082062119897772105e-05 -5.157521107432350790e-06 7.712985036562822927e-07 2.019077196878792222e+02 2.964099969703229753e+00 -3.651374696262915664e-01 -6.298451708979815322e-01 -3.820064350257442243e+01 5.261511125132030575e+05 -1.644211603629657328e+08
1.000000000000000000e+00 3.710447663248394292e+02 -1.202654886094650948e+02 -7.735807570879257983e+05 -7.604822924455221875e+13 1.230878163407595162e-05 -3.632665116215892659e-06 8.769013100538821063e-07 9.319217694312671085e+01 1.365699952152374941e+00 -9.033571951196032179e-01 -2.901827010285047970e-01 -3.044976657934210351e+01 2.432770335637593817e+05 -4.074974550985283256e+08
1.000000000000000000e+00 4.052292200749272979e+02 -6.611780815195490391e+01 -7.767006300228738692e+05 -7.666287548479123438e+13 1.349700814631606126e-05 -2.005168118144977369e-06 9.833232297318331381e-07 -6.644476063756357576e+01 -9.720169286244630946e-01 -9.522834982620362876e-01 2.066695686875397731e-01 -4.638550952125074289e+00 -1.737581347394241602e+05 -4.303228439106365442e+08
1.000000000000000000e+00 4.293490402631457528e+02 -1.035580705958670578e+01 -7.798205241529750638e+05 -7.727999982281165625e+13 1.435781180548162244e-05 -3.153241959739235296e-07 1.080630509719452530e-06 -1.905729680142314919e+02 -2.782998468688658189e+00 -4.855041609469766817e-01 5.916123718154064903e-01 -9.112502040980967166e+00 -4.992374086344481329e+05 -2.197771396902461350e+08
1.000000000000000000e+00 4.428502411600978235e+02 4.566435098993842701e+01 -7.829404348488637479e+05 -7.789960138782510938e+13 1.486855306283761693e-05 1.395997683547746792e-06 1.159327508291450172e-06 -2.117570217014776688e+02 -3.086948615677175489e+00 2.441741694872392454e-01 6.562061717282069440e-01 -3.549218156444168670e+01 -5.557042673695005942e+05 1.107259382665765435e+08
1.000000000000000000e+00 4.454478061308087149e+02 1.005076703829907387e+02 -7.860603566790634068e+05 -7.852167913410998438e+13 1.501536235869904050e-05 3.084848116399687465e-06 1.211765874595495151e-06 -1.181352712123006370e+02 -1.719144566532225582e+00 8.416200425793735063e-01 3.654522144335523581e-01 -3.437532800899173679e+01 -3.105590992458945839e+05 3.823177690055483580e+08
1.000000000000000000e+00 4.372302952418382347e+02 1.528630928925325634e+02 -7.891802839851807803e+05 -7.914623195320239062e+13 1.479686023911699391e-05 4.710397464910904259e-06 1.233593957545419475e-06 3.993850304290448605e+01 5.801858826010122261e-01 9.832161577751816761e-01 -1.232309184907372512e-01 -7.850578141521688202e+00 1.051753341643920139e+05 4.474194533163916469e+08
1.000000000000000000e+00 4.184339464640510755e+02 2.015148549678656877e+02 -7.923002115015421296e+05 -7.977325879777340625e+13 1.421673215049624497e-05 6.234125251193707506e-06 1.223058797124623241e-06 1.769173377229944322e+02 2.565604132220193012e+00 5.921632709292553587e-01 -5.451452068971230913e-01 -5.606612036377943475e+00 4.667116442373716854e+05 2.699376395150613785e+08
1.000000000000000000e+00 3.895461182911830065e+02 2.452582447162480150e+02 -7.954201336830594810e+05 -8.040275854730459375e+13 1.328735565313793339e-05 7.617261773755832099e-06 1.181303246913779718e-06 2.183568808294050427e+02 3.161049706290568029e+00 -1.197288481988133535e-01 -6.716890579516157089e-01 -3.184907278903293104e+01 5.770320434030769393e+05 -5.467333821694472432e+07
1.000000000000000000e+00 3.513857927395183083e+02 2.830940127798643857e+02 -7.985400453872774960e+05 -8.103473014540659375e+13 1.203272515990931306e-05 8.826856575618232255e-06 1.112828836096878287e-06 1.414330784925247713e+02 2.043910815991734076e+00 -7.667575920492499808e-01 -4.343112365050897372e-01 -3.740649068631931584e+01 3.744014647939136485e+05 -3.507424793782028556e+08
1.000000000000000000e+00 3.048648853132621070e+02 3.141803371244682239e+02 -8.016599417787800776e+05 -8.166917258193840625e+13 1.048046824437156145e-05 9.834400021537937278e-06 1.024132951614736342e-06 -1.248152797804555547e+01 -1.800638430348480146e-01 -9.984388389748020121e-01 3.834131994028287110e-02 -1.186966195501898724e+01 -3.309836083302073530e+04 -4.575135242010158300e+08
1.000000000000000000e+00 2.510898165205385908e+02 3.377464273854017733e+02 -8.047798179977930849e+05 -8.230608482643985938e+13 8.665413171842079179e-06 1.061320434003031060e-05 9.235197140450984382e-07 -1.601276217504714054e+02 -2.306078740721785092e+00 -6.893875231274022575e-01 4.902367216513210946e-01 -3.075412683689219495e+00 -4.253592355687791714e+05 -3.164439307836468220e+08
1.000000000000000000e+00 1.914253833847482156e+02 3.532772507136899662e+02 -8.078996699250087840e+05 -8.294546598508128125e+13 6.631931855892186600e-06 1.114427416974010517e-05 8.209159085908696972e-07 -2.214153822435531538e+02 -3.183215844841636333e+00 -7.041193977349591293e-03 6.766768091578374555e-01 -2.749214915890919642e+01 -5.891786245464849053e+05 -3.237645092918174341e+06
1.000000000000000000e+00 1.272485308009327554e+02 3.604463499003772426e+02 -8.110194943505031988e+05 -8.358731533841831250e+13 4.425549156227883450e-06 1.141433489948600781e-05 7.259608069646809887e-07 -1.628125867994499174e+02 -2.336673286791751458e+00 6.791072011166278122e-01 4.967131906825131837e-01 -3.939549902586225016e+01 -4.339857317887954996e+05 3.128020197926241159e+08
1.000000000000000000e+00 6.005300637072311076e+01 3.590293199087233234e+02 -8.141392883336484665e+05 -8.423163221254928125e+13 2.096604752923021808e-06 1.141319703740899452e-05 6.472967934540941970e-07 -1.566393286230263548e+01 -2.244211806546543564e-01 9.974727232126696652e-01 4.776539632944659663e-02 -1.649142495398780994e+01 -4.182493505314835784e+04 4.602345611257788539e+08
1.000000000000000000e+00 -8.499537079574205123e+00 3.490791807692903035e+02 -8.172590495209385408e+05 -8.487841604620026562e+13 -2.978777809877682241e-07 1.113941468526596690e-05 5.923803757740759862e-07 1.405205570253266103e+02 2.009820147704497462e+00 7.755490401335360939e-01 -4.270404203860215797e-01 -1.678857369846892045e+00 3.758547315210023662e+05 3.584537778965758681e+08
1.000000000000000000e+00 -7.683026330389999714e+01 3.308413845702701224e+02 -8.203787765423785895e+05 -8.552766647570332812e+13 -2.702899120276320544e-06 1.059773197184877129e-05 5.663147695614856287e-07 2.209985000450660948e+02 3.155456869410283804e+00 1.334882555955704542e-01 -6.704938889456238948e-01 -2.270848012970499852e+01 5.921256790520051727e+05 6.180325740982796997e+07
1.000000000000000000e+00 -1.433335773194691285e+02 3.046674404448015707e+02 -8.234984684909745120e+05 -8.617938322995257812e+13 -5.061670084781210515e-06 9.796422907965675271e-06 5.712894189697030996e-07 1.818234599636996904e+02 2.591670060317261104e+00 -5.808868649357321612e-01 -5.507096782634290921e-01 -4.018012435287331385e+01 4.879975211732091266e+05 -2.694033504767690897e+08
1.000000000000000000e+00 -2.063378250675476977e+02 2.711804411644920947e+02 -8.266181255548569607e+05 -8.683356626504509375e+13 -7.314200670086141018e-06 8.752698569834806307e-06 6.066567476784834090e-07 4.387577991760121421e+01 6.243279709474528483e-01 -9.806217187455876783e-01 -1.326221574172450068e-01 -2.136397317191917367e+01 1.179599007019943092e+05 -4.555696616205818057e+08
1.000000000000000000e+00 -2.643577539698289343e+02 2.311727314074943820e+02 -8.297377489575609798e+05 -8.749021575602823438e+13 -9.406238818619295255e-06 7.489557141248591998e-06 6.690126895229857166e-07 -1.183114695802139238e+02 -1.680638136880474809e+00 -8.493167435260979836e-01 3.572917370368723367e-01 -1.507352357055117498e+00 -3.186228922247547307e+05 -3.952424208447808027e+08
1.000000000000000000e+00 -3.159787146806780243e+02 1.855173734188669812e+02 -8.328573400772387395e+05 -8.814933191456003125e+13 -1.128525936104168465e-05 6.033007841659939091e-06 7.521737610692098735e-07 -2.168664518379790138e+02 -3.075391644217885467e+00 -2.581710877898720224e-01 6.537625276968052068e-01 -1.779411171869183761e+01 -5.850349478076498490e+05 -1.203485269004967064e+08
1.000000000000000000e+00 -3.598279771341154287e+02 1.353220350328741119e+02 -8.359769012720689643e+05 -8.881091516489848438e+13 -1.289948298156358174e-05 4.417143244564539182e-06 8.476576666443332103e-07 -1.981464524469449486e+02 -2.805151434972259938e+00 4.727362221990795144e-01 5.962988262053439126e-01 -3.972771072643217849e+01 -5.354436630981304916e+05 2.207446060442552865e+08
1.000000000000000000e+00 -3.948237174734648534e+02 8.180888508074859544e+01 -8.390964360137734329e+05 -8.947496617626103125e+13 -1.420686352837484440e-05 2.680347086463901635e-06 9.459663848688433625e-07 -7.188437404927108787e+01 -1.015939200304809331e+00 9.476770809385604011e-01 2.159891150641096991e-01 -2.623797311223779616e+01 -1.945802534442823380e+05 4.432700462734764218e+08
1.000000000000000000e+00 -4.200488858298630248e+02 2.622092368883944147e+01 -8.422159481773383450e+05 -9.014148571519806250e+13 -1.517072712875635766e-05 8.622836132497729097e-07 1.037146320940354046e-06 9.383123453324388663e+01 1.323869322880115273e+00 9.094144416482594639e-01 -2.812725298863336665e-01 -2.584287522666669279e+00 2.544176483863574977e+05 4.260939702442994714e+08
1.000000000000000000e+00 -4.347281622765335669e+02 -3.003702557039126120e+01 -8.453354423742997460e+05 -9.081047471879782812e+13 -1.575904705055838150e-05 -9.914360071337340188e-07 1.111640567143658018e-06 2.092215333900817598e+02 2.946929746244286275e+00 3.785869193582832026e-01 -6.261780797485172467e-01 -1.307147841886924233e+01 5.682513431649853010e+05 1.776819995148402452e+08
1.000000000000000000e+00 -4.384639999156615886e+02 -8.553548490067196042e+01 -8.484549237870360957e+05 -9.148193426187246875e+13 -1.595312670817921490e-05 -2.833699420884484175e-06 1.161966828281220871e-06 2.114826832552184044e+02 2.973754893810751643e+00 -3.573100719437816708e-01 -6.318965905591384935e-01 -3.805453210922042473e+01 5.753630213806246174e+05 -1.679794406621332467e+08
1.000000000000000000e+00 -4.310914965681255921e+02 -1.389185989233337466e+02 -8.515743975839085178e+05 -9.215586543263587500e+13 -1.574255253122824544e-05 -4.619145855586183604e-06 1.182720219878260398e-06 9.902201632193782643e+01 1.390049660440522139e+00 -8.996854608306358303e-01 -2.953574791610918404e-01 -3.073368461426463583e+01 2.698551475381258642e+05 -4.236755303216678500e+08
1.000000000000000000e+00 -4.126509290333440276e+02 -1.887731331067939777e+02 -8.546938695645222906e+05 -9.283226947281743750e+13 -1.512434289426426850e-05 -6.299839109597212974e-06 1.170936939560828497e-06 -6.750111294717466137e+01 -9.459733650042061459e-01 -9.548681873107194296e-01 2.011339348169519925e-01 -4.824343949504863893e+00 -1.842639812761331268e+05 -4.504189767407976985e+08
1.000000000000000000e+00 -3.835988145823260425e+02 -2.337774027408746633e+02 -8.578133459830454085e+05 -9.351114774164418750e+13 -1.411084931012181943e-05 -7.830220886447783720e-06 1.127688331053860008e-06 -1.979518561482849464e+02 -2.769479811824163473e+00 -4.930746926584509415e-01 5.887388221243362585e-01 -8.845931433463013249e+00 -5.412755937654540176e+05 -2.329782171573320031e+08
1.000000000000000000e+00 -3.446331481057267183e+02 -2.727959791213586982e+02 -8.609328324919476872e+05 -9.419250148651696875e+13 -1.272358268424009139e-05 -9.170350189728518586e-06 1.057374778483294360e-06 -2.214937671275372963e+02 -3.093655893929427414e+00 2.356477487366749335e-01 6.576321813355940904e-01 -3.526759612931438426e+01 -6.066643929719412699e+05 1.115305975930532664e+08
1.000000000000000000e+00 -2.966503583768920294e+02 -3.047489735301467704e+02 -8.640523346682098927e+05 -9.487633195618493750e+13 -1.099177991843140716e-05 -1.028160665157953702e-05 9.667589314433908271e-07 -1.249926217035617100e+02 -1.742881898158538334e+00 8.367889000373031072e-01 3.704976361360738935e-01 -3.461924316238832233e+01 -3.429243211613062304e+05 3.967103754020398259e+08
1.000000000000000000e+00 -2.409236780099641066e+02 -3.287615221763122122e+02 -8.671718578307956923e+05 -9.556264036021710938e+13 -8.959169616758349045e-06 -1.113178585924611171e-05 8.651989420403475329e-07 3.965633987367064606e+01 5.520399469480874455e-01 9.848135020452954969e-01 -1.172494444413562514e-01 -8.111637037003589512e+00 1.089813648570907681e+05 4.676676688507134318e+08
1.000000000000000000e+00 -1.788943459945219274e+02 -3.442399498234200337e+02 -8.702914065875660162e+05 -9.625142776776028125e+13 -6.676431674900101739e-06 -1.169781235005221805e-05 7.632410882711704247e-07 1.833715032816044186e+02 2.548386073534602225e+00 5.994515784562763905e-01 -5.414863518130681452e-01 -5.390886877006815681e+00 5.047728174549409887e+05 2.851425049687398076e+08
1.000000000000000000e+00 -1.121102865339606467e+02 -3.507274008760301740e+02 -8.734109851153308991e+05 -9.694269516688784375e+13 -4.199012923258044696e-06 -1.196098737667458156e-05 6.712408120221801415e-07 2.280775273377448400e+02 3.164408728131137494e+00 -1.106315181022730076e-01 -6.724025717781356715e-01 -3.155541146067989544e+01 6.288830800615357002e+05 -5.271206430312029272e+07
1.000000000000000000e+00 -4.237658951491937387e+01 -3.480407820308873852e+02 -8.765305968554090941e+05 -9.763644339506831250e+13 -1.592854772024993479e-06 -1.191175909738961842e-05 5.989696324808046581e-07 1.491823012127480297e+02 2.066356614437621531e+00 -7.607993910701469353e-01 -4.390810967588917313e-01 -3.758846558150029438e+01 4.120280865759798326e+05 -3.630976296874955297e+08
1.000000000000000000e+00 2.847833286345427695e+01 -3.363146357755401255e+02 -8.796502437873965828e+05 -9.833267297388459375e+13 1.074255752949375102e-06 -1.155139620580425583e-05 5.542012825797285309e-07 -1.088572623272019513e+01 -1.505304867993421669e-01 -9.989211940567298553e-01 3.206421101618289055e-02 -1.219073718278649743e+01 -3.011534493476927673e+04 -4.775352109039389491e+08
1.000000000000000000e+00 9.867053244339940932e+01 -3.158339262513658241e+02 -8.827699271880866727e+05 -9.903138427351460938e+13 3.735236462984000463e-06 -1.088641771893046206e-05 5.416041832169651196e-07 -1.655513049736965741e+02 -2.285493225806470186e+00 -6.961204659653356108e-01 4.858609898651892189e-01 -2.932369281994391397e+00 -4.587570702842820901e+05 -3.333329934702529311e+08
1.000000000000000000e+00 1.663202572390001990e+02 -2.871523362186028976e+02 -8.858896477178997593e+05 -9.973257752940532812e+13 6.318411015543329469e-06 -9.932776558912261144e-06 5.626465971316451885e-07 -2.309349253602522936e+02 -3.182866345615394721e+00 -1.640796191690391259e-02 6.766027657831937825e-01 -2.715010121502387719e+01 -6.410004381097776350e+05 -7.869861431609635241e+06
1.000000000000000000e+00 2.296910422889058907e+02 -2.511016308703669608e+02 -8.890094045576847857e+05 -1.004362526447888594e+14 8.756559693680635389e-06 -8.716348258956594351e-06 6.154753592086412110e-07 -1.712859929505021626e+02 -2.356857180142100994e+00 6.721893154539430038e-01 5.010035984677616572e-01 -3.949563876238546101e+01 -4.762203229172013816e+05 3.229396860220620036e+08
1.000000000000000000e+00 2.872431152020567993e+02 -2.086046069017097864e+02 -8.921291961911285762e+05 -1.011424093622231406e+14 1.098905835064344038e-05 -7.266584584198877409e-06 6.949096730115294404e-07 -1.850590131913618919e+01 -2.542175131999651616e-01 9.967672056614480525e-01 5.409792925835756744e-02 -1.684688260875418564e+01 -5.153621389603038551e+04 4.796668962360845804e+08
1.000000000000000000e+00 3.374838419036572645e+02 -1.607799908704552649e+02 -8.952490201658556471e+05 -1.018510472064689219e+14 1.295626844371667704e-05 -5.620235830631481432e-06 7.929366378798986546e-07 1.448531967042582380e+02 1.986590193216373645e+00 7.814302629330012184e-01 -4.221040005270955131e-01 -1.623848228467570376e+00 4.040595469865266350e+05 3.766615187726850510e+08
1.000000000000000000e+00 3.791940919352709329e+02 -1.089279609383411014e+02 -8.983688727992580971e+05 -1.025621654136110469e+14 1.460828916141755795e-05 -3.820962321887448634e-06 9.000732836952693492e-07 2.301601495120602010e+02 3.151348855162770857e+00 1.427394602107835697e-01 -6.696207408900431979e-01 -2.234779011001328186e+01 6.430744747426811373e+05 6.891582014160422981e+07
1.000000000000000000e+00 4.114508311958998092e+02 -5.433603023466535831e+01 -9.014887503224810353e+05 -1.032757631882933594e+14 1.590601378121828268e-05 -1.912612116690947246e-06 1.006225158492098604e-06 1.908441641423160036e+02 2.608750523563561075e+00 -5.732951882623860129e-01 -5.543391302802919141e-01 -4.018932669037323535e+01 5.341001636410213541e+05 -2.772463656185501218e+08
1.000000000000000000e+00 4.334591021701932618e+02 1.617730884918722412e+00 -9.046086483626449481e+05 -1.039918395843315469e+14 1.681480988561665491e-05 5.714071859165818287e-08 1.100950136402786281e-06 4.785875726630063554e+01 6.531359050874102623e-01 -9.787685313455920522e-01 -1.387447481767005997e-01 -2.172178567361274304e+01 1.341580593616029364e+05 -4.741099678081306219e+08
1.000000000000000000e+00 4.447592726726908836e+02 5.748818476232372632e+01 -9.077285617212511133e+05 -1.047103934511942188e+14 1.731267239269943076e-05 2.037573490879262506e-06 1.175187641666791902e-06 -1.215270905557989067e+02 -1.655788567165926706e+00 -8.541201165635080583e-01 3.520097149727530739e-01 -1.543362953069132848e+00 -3.412234061698719743e+05 -4.144082588316677809e+08
1.000000000000000000e+00 4.452146175965204407e+02 1.119511115027530082e+02 -9.108484850204432150e+05 -1.054314235803399531e+14 1.738996284637457624e-05 3.981559732175973808e-06 1.222311719839249330e-06 -2.255300072384062275e+02 -3.067799042053999337e+00 -2.669378680978135576e-01 6.521487419916180972e-01 -1.744669723626300240e+01 -6.342774218134362018e+05 -1.297265427489302009e+08
1.000000000000000000e+00 4.348278237521818141e+02 1.636916616765608126e+02 -9.139684129491129424e+05 -1.061549287616747500e+14 1.704243363241189995e-05 5.841662058717107960e-06 1.237931037962553707e-06 -2.075464667530557961e+02 -2.818576768610383532e+00 4.647890016618284603e-01 5.991528021086111044e-01 -3.964851375471016581e+01 -5.846531753837293945e+05 2.262468541548243463e+08
1.000000000000000000e+00 4.139330904394018944e+02 2.114270111626002802e+02 -9.170883397795628989e+05 -1.068809076711571094e+14 1.627887605398945514e-05 7.570949118729256713e-06 1.221010769773608568e-06 -7.690893845843014276e+01 -1.042760192086534365e+00 9.447984372460017655e-01 2.216896357350228719e-01 -2.656845342689227607e+01 -2.170034720762899960e+05 4.606517973832415342e+08
1.000000000000000000e+00 3.831540001730730296e+02 2.540811040131755476e+02 -9.202082603197218850e+05 -1.076093590918505156e+14 1.511967967398443578e-05 9.129293732140337812e-06 1.173810823369980042e-06 9.591361855076978316e+01 1.298321219831945816e+00 9.130403769630901500e-01 -2.758433526081117693e-01 -2.703294267848270760e+00 2.710665253025870188e+05 4.458916447172274590e+08
1.000000000000000000e+00 3.432128669989635910e+02 2.906601088611921568e+02 -9.233281695410837419e+05 -1.083402818287345000e+14 1.358947707995183257e-05 1.047900874406017949e-05 1.100665727699563856e-06 2.172734486402234211e+02 2.936323747095586079e+00 3.866295764707948779e-01 -6.239242285846705593e-01 -1.276324571913471217e+01 6.150449684497875860e+05 1.891206814803927541e+08
1.000000000000000000e+00 2.951147134290278586e+02 3.202717011292028246e+02 -9.264480621631660033e+05 -1.090736746115070938e+14 1.172451910389743870e-05 1.158559463842792773e-05 1.008599799068401912e-06 2.211173616379122109e+02 2.983435608951584328e+00 -3.492592807878096006e-01 -6.339534824619069697e-01 -3.789969252843398806e+01 6.269407665185589576e+05 -1.711178678732206821e+08
1.000000000000000000e+00 2.400833521638013224e+02 3.422853391076358776e+02 -9.295679338022400625e+05 -1.098095363649842812e+14 9.570316027338958331e-06 1.242361879252494393e-05 9.068097441625919211e-07 1.049957947809349150e+02 1.414371245261825560e+00 -8.959377824285682523e-01 -3.005262698572814806e-01 -3.101557584503884613e+01 2.981795701651618583e+05 -4.396707443607611060e+08
1.000000000000000000e+00 1.793704340257843626e+02 3.561939349339763794e+02 -9.326877806700356305e+05 -1.105478661412328438e+14 7.174146564923918537e-06 1.297183729327506941e-05 8.047797641607373940e-07 -6.843287489287580172e+01 -9.203544691466809535e-01 -9.573357027241257144e-01 1.956885727659553043e-01 -5.011198300556488405e+00 -1.946578566061767342e+05 -4.705601500109096169e+08
1.000000000000000000e+00 1.144359646787593050e+02 3.616313235785590905e+02 -9.358075992233606521e+05 -1.112886630385950625e+14 4.592320620336647213e-06 1.321390845794182811e-05 7.119915934020798894e-07 -2.052752986587761086e+02 -2.756303247433564252e+00 -5.003087300842313789e-01 5.859379856130051412e-01 -8.593370349929241314e+00 -5.848491735979780788e+05 -2.463139490704000890e+08
1.000000000000000000e+00 4.686866903305092791e+01 3.585191943484366561e+02 -9.389273868445359403e+05 -1.120319263650384688e+14 1.887112217726471423e-06 1.314386542930922580e-05 6.372720626817113896e-07 -2.312250707066848747e+02 -3.099747528199899183e+00 2.276104565823675596e-01 6.589273102198168752e-01 -3.505225914188577008e+01 -6.598436042488191742e+05 1.122385477409888506e+08
1.000000000000000000e+00 -2.180207216881491661e+01 3.469151650730671577e+02 -9.420471414095546352e+05 -1.127776555384291094e+14 -8.807517359194602357e-07 1.276070316712248500e-05 5.874306451548162058e-07 -1.318469969583597106e+02 -1.764671499019800249e+00 8.322706716429201235e-01 3.751290732305631592e-01 -3.484053080008515479e+01 -3.768548469791151583e+05 4.110666009544439316e+08
1.000000000000000000e+00 -8.992769691560242507e+01 3.270301063399660393e+02 -9.451668613620760152e+05 -1.135258501062642969e+14 -3.644895288621246033e-06 1.206910060006053135e-05 5.669269014202698921e-07 3.939683359465792734e+01 5.264514204394044050e-01 9.861947002034099352e-01 -1.118114533332880967e-01 -8.352169484055274040e+00 1.127877223048278393e+05 4.878731424552943110e+08
1.000000000000000000e+00 -1.558323213116702846e+02 2.993619945436472563e+02 -9.482865463511110283e+05 -1.142765099016160469e+14 -6.336949235282916873e-06 1.108447015022753238e-05 5.776113505096950571e-07 1.898449769818106176e+02 2.532798105695164281e+00 6.059326666843550813e-01 -5.381738934972112309e-01 -5.202121625370964786e+00 5.443712002964011626e+05 3.002369467301393151e+08
1.000000000000000000e+00 -2.179967199598801528e+02 2.645298706329906508e+02 -9.514061968097537756e+05 -1.150296349460430469e+14 -8.894039088188645473e-06 9.826964353453847737e-06 6.183187091779836146e-07 2.377732233710766820e+02 3.167160009531863274e+00 -1.025728344787666391e-01 -6.729869743674825600e-01 -3.129251758077563039e+01 6.828941267569094198e+05 -5.090571330530352145e+07
1.000000000000000000e+00 -2.748811682734449846e+02 2.232906142752658525e+02 -9.545258135293676751e+05 -1.157852253493956094e+14 -1.125163834549807618e-05 8.322174760385808734e-06 6.848735265811435843e-07 1.568495204463828543e+02 2.085916737532065746e+00 -7.555152519390161414e-01 -4.432377253825414698e-01 -3.774350957531711970e+01 4.511977378068885882e+05 -3.755525304100522399e+08
1.000000000000000000e+00 -3.250268638471810050e+02 1.766579504713230051e+02 -9.576453984540007077e+05 -1.165432815045928906e+14 -1.334771983816951277e-05 6.605665822092826368e-06 7.706094944959033871e-07 -9.392692294530725405e+00 -1.247129908921515984e-01 -9.992721135401483323e-01 2.657689191784794527e-02 -1.247373714958588664e+01 -2.706237996685089820e+04 -4.975118143548296094e+08
1.000000000000000000e+00 -3.672332638883241316e+02 1.257212497418246926e+02 -9.607649542344860965e+05 -1.173038039833092031e+14 -1.513011623337695180e-05 4.716333723651404434e-06 8.670466743020113215e-07 -1.710372686707110290e+02 -2.267364204575905262e+00 -7.019471398439445231e-01 4.820074202467571900e-01 -2.812617775474904658e+00 -4.935801789995949948e+05 -3.500379288655922413e+08
