5.400000400356896716e+04 7.476001294595786521e-08 9.999999999999999547e-08
5.400918063218137104e+04 -4.914169791986281564e-08 9.999999999999999547e-08
5.401835719717910251e+04 -1.009265303911438440e-07 9.999999999999999547e-08
5.402753371217031963e+04 -6.326841898348883213e-08 9.999999999999999547e-08
5.403671019233235711e+04 -7.968509118469832777e-08 9.999999999999999547e-08
5.404588665434160794e+04 2.434644872775143725e-08 9.999999999999999547e-08
5.405506311454015668e+04 5.134012286679446512e-08 9.999999999999999547e-08
5.406423959014458524e+04 3.982409825480875047e-08 9.999999999999999547e-08
5.407341609951978171e+04 -1.083321604866098452e-07 9.999999999999999547e-08
5.408259265853793477e+04 1.327416106750370838e-07 9.999999999999999547e-08
5.409176928191640764e+04 -8.318074382883692227e-08 9.999999999999999547e-08
5.410094598356136703e+04 -4.350999520657488378e-08 9.999999999999999547e-08
5.411012277455629373e+04 -1.464292162920142213e-07 9.999999999999999547e-08
5.411929966422160942e+04 -8.270474122180780487e-08 9.999999999999999547e-08
5.412847665940352454e+04 9.087570027512131688e-09 9.999999999999999547e-08
5.413765376264873339e+04 -2.150085024983268651e-09 9.999999999999999547e-08
5.414683097399009421e+04 1.622518829004036311e-07 9.999999999999999547e-08
5.415600829172678641e+04 -4.119235776489741356e-08 9.999999999999999547e-08
5.416518571053918276e+04 -7.621095205486931654e-08 9.999999999999999547e-08
5.417436322233894316e+04 5.304511897383194717e-08 9.999999999999999547e-08
5.418354081715464417e+04 -1.079649993718029390e-07 9.999999999999999547e-08
5.419271848211306497e+04 -1.487058270468056008e-07 9.999999999999999547e-08
5.420189620380011911e+04 -2.115229413814178826e-07 9.999999999999999547e-08
5.421107396814313688e+04 -1.497345641530774920e-08 9.999999999999999547e-08
5.422025175875277637e+04 5.858825235223551860e-09 9.999999999999999547e-08
5.422942955913524929e+04 -1.663548242652926314e-07 9.999999999999999547e-08
5.423860735349043534e+04 -1.440507634518518544e-07 9.999999999999999547e-08
5.424778512591229082e+04 -1.336912834691640023e-07 9.999999999999999547e-08
5.425696286143062025e+04 -1.321923901929353370e-08 9.999999999999999547e-08
5.426614054650268372e+04 -2.332835780518252187e-08 9.999999999999999547e-08
5.427531816721153882e+04 1.101562424120114914e-07 9.999999999999999547e-08
5.428449571207426197e+04 -1.434933548088314075e-08 9.999999999999999547e-08
5.429367317240787816e+04 -1.502594234071824705e-07 9.999999999999999547e-08
5.430285054014376510e+04 -1.094911420259617416e-07 9.999999999999999547e-08
5.431202780957288633e+04 -1.916776190380545683e-07 9.999999999999999547e-08
5.432120497737629194e+04 -1.073105619880718304e-07 9.999999999999999547e-08
5.433038204185635550e+04 1.589017760511527073e-08 9.999999999999999547e-08
5.433955900446643500e+04 -1.459579085836501430e-07 9.999999999999999547e-08
5.434873586967193114e+04 -4.125389783101084619e-07 9.999999999999999547e-08
5.435791264264014899e+04 -1.922133384659083656e-07 9.999999999999999547e-08
5.436708933125810290e+04 -3.281898094681566961e-08 9.999999999999999547e-08
5.437626594651801861e+04 -3.170289657489956912e-07 9.999999999999999547e-08
5.438544250030246621e+04 -1.612941529158543316e-07 9.999999999999999547e-08
5.439461900713959039e+04 -2.153162763656071231e-07 9.999999999999999547e-08
5.440379548271043313e+04 -9.909181265948290328e-08 9.999999999999999547e-08
5.441297194271881744e+04 -6.407323626165530978e-08 9.999999999999999547e-08
5.442214840442880813e+04 -1.145923068763859174e-07 9.999999999999999547e-08
5.443132488595223549e+04 -8.251179233764745426e-08 9.999999999999999547e-08
5.444050140386795829e+04 -1.163179254689466910e-07 9.999999999999999547e-08
5.444967797437861009e+04 4.410943857989143680e-08 9.999999999999999547e-08
5.445885461267370556e+04 -3.448042725256177216e-07 9.999999999999999547e-08
5.446803133106316091e+04 -1.467659750752219726e-07 9.999999999999999547e-08
5.447720814114773384e+04 6.621138973128887751e-08 9.999999999999999547e-08
5.448638505197157065e+04 -1.047533594694677500e-07 9.999999999999999547e-08
5.449556206826856942e+04 -1.876790253744247276e-07 9.999999999999999547e-08
5.450473919299665431e+04 -6.713735901264357432e-08 9.999999999999999547e-08
5.451391642627173860e+04 -1.633299497220467717e-07 9.999999999999999547e-08
5.452309376463407534e+04 -1.121321227210488073e-07 9.999999999999999547e-08
5.453227120262249082e+04 -2.709810378632307367e-08 9.999999999999999547e-08
5.454144873228898359e+04 -5.174981432429467397e-08 9.999999999999999547e-08
5.455062634193480335e+04 1.401760113385418215e-07 9.999999999999999547e-08
5.455980401932277891e+04 7.237801030436585560e-08 9.999999999999999547e-08
5.456898175117210485e+04 1.269920631425138163e-07 9.999999999999999547e-08
5.457815952179483429e+04 4.807921873433620617e-08 9.999999999999999547e-08
5.458733731564434856e+04 -4.955012547628947221e-08 9.999999999999999547e-08
5.459651511648084852e+04 2.144921634833388322e-07 9.999999999999999547e-08
5.460569290749551874e+04 1.883119914693068029e-07 9.999999999999999547e-08
5.461487067376846244e+04 1.355074355962106759e-07 9.999999999999999547e-08
5.462404840072640218e+04 2.104924819773353881e-07 9.999999999999999547e-08
5.463322607372234052e+04 5.470045722357170297e-08 9.999999999999999547e-08
5.464240368015468266e+04 1.838173559970288253e-07 9.999999999999999547e-08
5.465158120932919701e+04 -9.082775648524779418e-09 9.999999999999999547e-08
5.466075865152832557e+04 2.094677630888309861e-07 9.999999999999999547e-08
5.466993600017265999e+04 1.403284094668545296e-07 9.999999999999999547e-08
5.467911325002674857e+04 1.205318253245717599e-07 9.999999999999999547e-08
5.468829039702730370e+04 9.406599449146050163e-08 9.999999999999999547e-08
5.469746744111604494e+04 2.842845803723639349e-07 9.999999999999999547e-08
5.470664438434565091e+04 7.840620293540167016e-08 9.999999999999999547e-08
5.471582123052793759e+04 7.264405933328932051e-08 9.999999999999999547e-08
5.472499798608995479e+04 1.673802151827370282e-07 9.999999999999999547e-08
5.473417465959500987e+04 2.519980342135510303e-07 9.999999999999999547e-08
5.474335126122496149e+04 1.535125437411832793e-07 9.999999999999999547e-08
5.475252780468480341e+04 2.177080831865912366e-07 9.999999999999999547e-08
5.476170430453459267e+04 3.487951113760639010e-08 9.999999999999999547e-08
5.477088077552595496e+04 1.584891792672606247e-07 9.999999999999999547e-08
5.478005723458242574e+04 1.856208412015949769e-07 9.999999999999999547e-08
5.478923369910672773e+04 -2.055949837633517568e-08 9.999999999999999547e-08
5.479841018638839159e+04 1.712393073756675734e-07 9.999999999999999547e-08
5.480758671379865700e+04 2.173286552176504024e-07 9.999999999999999547e-08
5.481676329712734878e+04 1.183647574340592612e-07 9.999999999999999547e-08
5.482593995007139165e+04 1.576402757455322934e-07 9.999999999999999547e-08
5.483511669755037292e+04 1.001907188194382779e-07 9.999999999999999547e-08
5.484429352755833679e+04 9.629186312500941601e-08 9.999999999999999547e-08
5.485347045885871194e+04 -2.015636295835036779e-09 9.999999999999999547e-08
5.486264749688088341e+04 1.303188139444349074e-07 9.999999999999999547e-08
5.487182464354690455e+04 -2.711299005038292205e-08 9.999999999999999547e-08
5.488100189776194020e+04 -4.867654510913886210e-08 9.999999999999999547e-08
5.489017925682257192e+04 9.056382910679574497e-08 9.999999999999999547e-08
5.489935671434736287e+04 2.438107360540602769e-08 9.999999999999999547e-08
5.490853426057127945e+04 1.147222464273269734e-09 9.999999999999999547e-08
5.491771188478649856e+04 6.622606128961709156e-08 9.999999999999999547e-08
5.492688957457161450e+04 -1.298601133987893807e-08 9.999999999999999547e-08
5.493606731523420603e+04 1.521742399747719645e-07 9.999999999999999547e-08
5.494524509216180741e+04 2.939342578778333046e-09 9.999999999999999547e-08
5.495442288901799475e+04 1.049097790361339194e-07 9.999999999999999547e-08
5.496360068874134595e+04 -8.541389814354589301e-08 9.999999999999999547e-08
5.497277847635907528e+04 1.168964604402739826e-08 9.999999999999999547e-08
5.498195623645751039e+04 -5.429871488794230614e-08 9.999999999999999547e-08
5.499113395361156290e+04 -4.489232796168627904e-08 9.999999999999999547e-08
5.500031161449705542e+04 -2.416725603981677503e-08 9.999999999999999547e-08
5.500948920661735610e+04 5.497372036507802603e-08 9.999999999999999547e-08
5.501866671888047131e+04 1.584657047739354822e-07 9.999999999999999547e-08
5.502784414340630610e+04 -1.818914319862562049e-07 9.999999999999999547e-08
5.503702147310335567e+04 -4.913332439632914927e-08 9.999999999999999547e-08
5.504619870219126460e+04 -6.831466210776142883e-08 9.999999999999999547e-08
5.505537582891605416e+04 -2.257057539595899876e-08 9.999999999999999547e-08
5.506455285295629437e+04 -3.431328989783110170e-08 9.999999999999999547e-08
5.507372977632848051e+04 -9.723721317707281088e-08 9.999999999999999547e-08
5.508290660425106034e+04 -5.030858063013878158e-08 9.999999999999999547e-08
5.509208334280801500e+04 -5.208529918682807745e-08 9.999999999999999547e-08
5.510126000075069169e+04 2.554613847382083747e-08 9.999999999999999547e-08
5.511043659014322475e+04 9.357543483582671644e-08 9.999999999999999547e-08
5.511961312406031357e+04 -2.670265200657190682e-07 9.999999999999999547e-08
5.512878961656127649e+04 -7.972048900298679917e-08 9.999999999999999547e-08
5.513796608418762480e+04 -8.231596639668322735e-08 9.999999999999999547e-08
5.514714254315592552e+04 -1.319780748678915797e-07 9.999999999999999547e-08
5.515631901075439964e+04 6.061814797139403120e-08 9.999999999999999547e-08
5.516549550525236555e+04 -1.680522552158760215e-08 9.999999999999999547e-08
5.517467204275952099e+04 -2.830649380226539630e-07 9.999999999999999547e-08
5.518384863861577469e+04 -2.148004243747870327e-07 9.999999999999999547e-08
5.519302530754158943e+04 -1.594431461760202035e-07 9.999999999999999547e-08
5.520220206178029184e+04 -1.282070549660766668e-07 9.999999999999999547e-08
5.521137891122533620e+04 5.550357116960055748e-08 9.999999999999999547e-08
5.522055586393919657e+04 -1.372310080431489922e-07 9.999999999999999547e-08
5.522973292372573633e+04 -6.527076070042119451e-09 9.999999999999999547e-08
5.523891009175149520e+04 -1.735052837555711883e-07 9.999999999999999547e-08
5.524808736770871474e+04 -1.386727999722071313e-07 9.999999999999999547e-08
5.525726474713064817e+04 -1.370390324916387252e-07 9.999999999999999547e-08
5.526644222295102372e+04 1.113219839613238344e-08 9.999999999999999547e-08
5.527561978607637866e+04 -5.566850882832636596e-08 9.999999999999999547e-08
5.528479742463028379e+04 -1.515915007073764160e-07 9.999999999999999547e-08
5.529397512553335400e+04 -1.322238413620335141e-07 9.999999999999999547e-08
5.530315287516751414e+04 -9.973744710821708341e-08 9.999999999999999547e-08
5.531233065755514690e+04 -1.325750999389841667e-07 9.999999999999999547e-08
5.532150845605112409e+04 -2.119414887346621436e-07 9.999999999999999547e-08
5.533068625516557222e+04 -2.479968504831119174e-07 9.999999999999999547e-08
5.533986403858666745e+04 -3.391286370833660933e-08 9.999999999999999547e-08
5.534904179118700267e+04 -1.668521256808996580e-07 9.999999999999999547e-08
5.535821949874236452e+04 9.369259259672082091e-08 9.999999999999999547e-08
5.536739714695691509e+04 2.402446559936745047e-07 9.999999999999999547e-08
5.537657472371299082e+04 -9.383461399702372031e-08 9.999999999999999547e-08
5.538575221956806490e+04 -4.870272489468257472e-08 9.999999999999999547e-08
5.539492962587177317e+04 5.083536758387090745e-08 9.999999999999999547e-08
5.540410693570088188e+04 1.400244290920093292e-07 9.999999999999999547e-08
5.541328414502531086e+04 -1.292434785375410263e-08 9.999999999999999547e-08
5.542246125117698102e+04 1.740539889439170133e-08 9.999999999999999547e-08
5.543163825470932352e+04 1.025064346448176393e-07 9.999999999999999547e-08
5.544081515922155813e+04 -9.473530454122179845e-08 9.999999999999999547e-08
5.544999196876776841e+04 1.312104009656117532e-07 9.999999999999999547e-08
5.545916869028493238e+04 1.780228777117326250e-07 9.999999999999999547e-08
5.546834533398570784e+04 3.653091311559955609e-08 9.999999999999999547e-08
5.547752191126903926e+04 -5.436227816194920545e-09 9.999999999999999547e-08
5.548669843570053490e+04 9.986898943744478456e-08 9.999999999999999547e-08
5.549587492252505763e+04 -7.449012855698167016e-08 9.999999999999999547e-08
5.550505138694621564e+04 -1.195392128154899141e-07 9.999999999999999547e-08
5.551422784602454340e+04 -2.005532533957152117e-07 9.999999999999999547e-08
5.552340431815772899e+04 9.650274709461879083e-08 9.999999999999999547e-08
5.553258081997349655e+04 1.981932359053565775e-07 9.999999999999999547e-08
5.554175736787747155e+04 2.708350698137375264e-07 9.999999999999999547e-08
5.555093397751629527e+04 2.093068053586838739e-07 9.999999999999999547e-08
5.556011066244478570e+04 -6.113595772064373187e-09 9.999999999999999547e-08
5.556928743494972878e+04 5.783078090847997917e-08 9.999999999999999547e-08
5.557846430515436077e+04 3.254301573367675184e-09 9.999999999999999547e-08
5.558764127888200164e+04 1.003531651759913723e-07 9.999999999999999547e-08
5.559681835988855164e+04 2.274836208341006322e-07 9.999999999999999547e-08
5.560599555011675693e+04 1.067088699300593226e-07 9.999999999999999547e-08
5.561517284715692949e+04 1.340332660428223647e-07 9.999999999999999547e-08
5.562435024654859444e+04 4.309153301993749430e-08 9.999999999999999547e-08
5.563352774107766163e+04 -4.643820529316807834e-09 9.999999999999999547e-08
5.564270531991111056e+04 1.958965716352307203e-07 9.999999999999999547e-08
5.565188297196220810e+04 9.753324872416183530e-08 9.999999999999999547e-08
5.566106068436739588e+04 2.876609425120075397e-07 9.999999999999999547e-08
5.567023844183438632e+04 2.441069687725795384e-07 9.999999999999999547e-08
5.567941622854331217e+04 9.652069649378327321e-08 9.999999999999999547e-08
5.568859402887064061e+04 7.073694282892192181e-08 9.999999999999999547e-08
5.569777182596736384e+04 6.681519950350105400e-08 9.999999999999999547e-08
5.570694960456011904e+04 3.053457955876771870e-07 9.999999999999999547e-08
5.571612734985670977e+04 1.018889552743581958e-07 9.999999999999999547e-08
5.572530504632367956e+04 -8.613384940285576879e-08 9.999999999999999547e-08
5.573448268106555770e+04 9.395615497542909703e-09 9.999999999999999547e-08
5.574366024293848750e+04 4.340629162251064703e-08 9.999999999999999547e-08
5.575283772151957237e+04 1.282365405042017462e-07 9.999999999999999547e-08
5.576201510910846264e+04 1.529956325354204489e-07 9.999999999999999547e-08
5.577119239945702429e+04 9.726898890966863007e-08 9.999999999999999547e-08
5.578036958798702835e+04 4.551378582935287560e-08 9.999999999999999547e-08
5.578954667366596550e+04 -5.405480917680785610e-08 9.999999999999999547e-08
5.579872365776786319e+04 5.231078243050268990e-08 9.999999999999999547e-08
5.580790054262064950e+04 -1.686367597222284948e-07 9.999999999999999547e-08
5.581707733394307434e+04 -5.084963907385252089e-08 9.999999999999999547e-08
5.582625403953302157e+04 -5.574365583439771570e-08 9.999999999999999547e-08
