5.400000645526234439e+04 8.106339780854545113e-08 9.999999999999999547e-08
5.400918346901197219e+04 1.511721955891002756e-08 9.999999999999999547e-08
5.401836034897905483e+04 -1.043081285863635981e-07 9.999999999999999547e-08
5.402753710074735136e+04 -1.430542632264009809e-07 9.999999999999999547e-08
5.403671373269016476e+04 -2.593825862472097100e-08 9.999999999999999547e-08
5.404589025717806362e+04 -7.233895528141681588e-08 9.999999999999999547e-08
5.405506668872298178e+04 -1.402019889422395397e-07 9.999999999999999547e-08
5.406424304385793948e+04 -8.308126315430451055e-08 9.999999999999999547e-08
5.407341934360304731e+04 -1.401933469212175233e-07 9.999999999999999547e-08
5.408259560955294000e+04 -1.065629753824535882e-07 9.999999999999999547e-08
5.409177186339569744e+04 -3.300888770986858590e-09 9.999999999999999547e-08
5.410094812851576717e+04 -1.627942811620277500e-07 9.999999999999999547e-08
5.411012442742776329e+04 -1.913177404014905030e-08 9.999999999999999547e-08
5.411930078187798063e+04 -2.310538638904433642e-07 9.999999999999999547e-08
5.412847721305844607e+04 -1.179100555212501421e-07 9.999999999999999547e-08
5.413765373880899278e+04 -2.429299435060427056e-07 9.999999999999999547e-08
5.414683037358937145e+04 4.480380887774255066e-08 9.999999999999999547e-08
5.415600713037331298e+04 -7.652775979135480616e-08 9.999999999999999547e-08
5.416518401858174184e+04 -4.190471751632999118e-07 9.999999999999999547e-08
5.417436104307432106e+04 2.470428537434971721e-08 9.999999999999999547e-08
5.418353820635596639e+04 -2.527057801389047039e-07 9.999999999999999547e-08
5.419271550603028300e+04 -2.060495955104714818e-07 9.999999999999999547e-08
5.420189293644705322e+04 -3.552299316255355783e-08 9.999999999999999547e-08
5.421107049043253937e+04 1.887470637715784511e-08 9.999999999999999547e-08
5.422024815677388688e+04 -1.099270465707524889e-07 9.999999999999999547e-08
5.422942592090776452e+04 7.692497897592222708e-08 9.999999999999999547e-08
5.423860376740874199e+04 -5.092637100020061249e-08 9.999999999999999547e-08
5.424778167860734538e+04 6.006786154398886226e-08 9.999999999999999547e-08
5.425695963534405018e+04 1.921005314068902096e-08 9.999999999999999547e-08
5.426613761888205772e+04 4.524476931643510111e-09 9.999999999999999547e-08
5.427531560847864603e+04 1.821852066638699664e-08 9.999999999999999547e-08
5.428449358287981158e+04 9.315240077892671493e-08 9.999999999999999547e-08
5.429367152338426240e+04 1.130975711439783992e-07 9.999999999999999547e-08
5.430284941079209239e+04 -3.687761585728632155e-08 9.999999999999999547e-08
5.431202722686923516e+04 8.791560551521794237e-08 9.999999999999999547e-08
5.432120495578580449e+04 1.505571789561614163e-07 9.999999999999999547e-08
5.433038258253116510e+04 2.502216530048500982e-07 9.999999999999999547e-08
5.433956009426821402e+04 -5.101360590420827922e-08 9.999999999999999547e-08
5.434873748261473520e+04 2.487617322974642018e-08 9.999999999999999547e-08
5.435791474028821540e+04 -1.158755395265323759e-07 9.999999999999999547e-08
5.436709186259384296e+04 1.367557021783573336e-07 9.999999999999999547e-08
5.437626884965599311e+04 -1.000074728862870431e-07 9.999999999999999547e-08
5.438544570351961738e+04 -5.266456603787071673e-09 9.999999999999999547e-08
5.439462243022223993e+04 4.599539254498512935e-08 9.999999999999999547e-08
5.440379904000214447e+04 -4.939929307851695470e-10 9.999999999999999547e-08
5.441297554470229079e+04 -7.527852087146348294e-08 9.999999999999999547e-08
5.442215195896776277e+04 1.516517012589448948e-07 9.999999999999999547e-08
5.443132830174439732e+04 -9.504981051477692148e-08 9.999999999999999547e-08
5.444050459305982076e+04 1.290657930110093531e-08 9.999999999999999547e-08
5.444968085421516298e+04 1.191794212318192459e-08 9.999999999999999547e-08
5.445885710879811086e+04 3.637734329812202936e-08 9.999999999999999547e-08
5.446803337872396514e+04 3.259536553124907442e-08 9.999999999999999547e-08
5.447720968656421610e+04 -6.031308481268592582e-08 9.999999999999999547e-08
5.448638605513476068e+04 -8.396153979162033274e-08 9.999999999999999547e-08
5.449556250374552474e+04 3.550743833940769899e-08 9.999999999999999547e-08
5.450473904966285045e+04 -8.928735601879381324e-08 9.999999999999999547e-08
5.451391570817072352e+04 1.103799657428788033e-07 9.999999999999999547e-08
5.452309249056627596e+04 8.293053809807379737e-08 9.999999999999999547e-08
5.453226940515697788e+04 9.131472733700209979e-08 9.999999999999999547e-08
5.454144645781745930e+04 1.213447790228636407e-07 9.999999999999999547e-08
5.455062364850368613e+04 1.993456679013048895e-07 9.999999999999999547e-08
5.455980097431875765e+04 1.804946688940205541e-07 9.999999999999999547e-08
5.456897843055603880e+04 2.083123631982441299e-07 9.999999999999999547e-08
5.457815600780638488e+04 -5.152789075783505210e-08 9.999999999999999547e-08
5.458733369446015422e+04 -1.210119852903216251e-08 9.999999999999999547e-08
5.459651147677834524e+04 -3.664961440056169877e-08 9.999999999999999547e-08
5.460568933746169932e+04 1.765011026168020066e-07 9.999999999999999547e-08
5.461486725886476779e+04 2.419494026923144060e-07 9.999999999999999547e-08
5.462404522292933689e+04 9.381612356660319900e-09 9.999999999999999547e-08
5.463322320919337653e+04 7.910501181482517404e-08 9.999999999999999547e-08
5.464240119699113711e+04 1.927063931690678687e-09 9.999999999999999547e-08
5.465157916667723475e+04 -3.709120350084875489e-08 9.999999999999999547e-08
5.466075709781357000e+04 6.508174834651637027e-09 9.999999999999999547e-08
5.466993497217869299e+04 -3.930903813148836251e-08 9.999999999999999547e-08
5.467911277272886946e+04 -1.631435611633896684e-08 9.999999999999999547e-08
5.468829048226488521e+04 6.691012371957944086e-08 9.999999999999999547e-08
5.469746808660511306e+04 8.960078708076190917e-08 9.999999999999999547e-08
5.470664557490532752e+04 8.207991004774507229e-08 9.999999999999999547e-08
5.471582293758950254e+04 3.099735620095988085e-08 9.999999999999999547e-08
5.472500016833133122e+04 1.865444451141378937e-08 9.999999999999999547e-08
5.473417726425435103e+04 2.210977037493658334e-07 9.999999999999999547e-08
5.474335422407777514e+04 3.135881505975004524e-09 9.999999999999999547e-08
5.475253105183370644e+04 -2.768875983139079967e-08 9.999999999999999547e-08
5.476170775508552470e+04 -7.953080882806797644e-08 9.999999999999999547e-08
5.477088434277333727e+04 6.328592707183011605e-08 9.999999999999999547e-08
5.478006082786615298e+04 1.080429476780137858e-07 9.999999999999999547e-08
5.478923722676547186e+04 1.063839462033256674e-09 9.999999999999999547e-08
5.479841355746894260e+04 3.667365369548483644e-08 9.999999999999999547e-08
5.480758984092096944e+04 8.936613020248153468e-08 9.999999999999999547e-08
5.481676609963698138e+04 4.236843847210911923e-08 9.999999999999999547e-08
5.482594235515219043e+04 -2.758195974273429497e-08 9.999999999999999547e-08
5.483511864205611346e+04 -2.110784086312222288e-09 9.999999999999999547e-08
5.484429496088954329e+04 8.042784891809767659e-08 9.999999999999999547e-08
5.485347134377581824e+04 3.034377124343351039e-08 9.999999999999999547e-08
5.486264781040730304e+04 2.248539790866173770e-08 9.999999999999999547e-08
5.487182437799158652e+04 6.531788618143040712e-08 9.999999999999999547e-08
5.488100106002990651e+04 7.334991463043007646e-08 9.999999999999999547e-08
5.489017786810774123e+04 -3.526941032090370091e-08 9.999999999999999547e-08
5.489935481064988562e+04 1.686629211542078646e-07 9.999999999999999547e-08
5.490853189056881820e+04 4.210093063356953893e-08 9.999999999999999547e-08
5.491770910820263089e+04 2.043289241914908213e-07 9.999999999999999547e-08
5.492688646101736231e+04 9.426146223237813673e-08 9.999999999999999547e-08
5.493606394193843153e+04 8.363695281427722466e-08 9.999999999999999547e-08
5.494524154210893175e+04 -6.483765596679938972e-08 9.999999999999999547e-08
5.495441924961815675e+04 5.302666367925897814e-08 9.999999999999999547e-08
5.496359704846193199e+04 6.746207249368654443e-08 9.999999999999999547e-08
5.497277492265870387e+04 -6.883914022160357513e-10 9.999999999999999547e-08
5.498195285472099931e+04 -5.271759436249126257e-08 9.999999999999999547e-08
5.499113082472048700e+04 -5.081291548998835278e-08 9.999999999999999547e-08
5.500030881286308431e+04 -6.042922254552140789e-08 9.999999999999999547e-08
5.500948679917531990e+04 -1.392193887392885121e-08 9.999999999999999547e-08
5.501866476236622111e+04 9.529222337191673412e-09 9.999999999999999547e-08
5.502784268384103780e+04 -9.946763171523618159e-08 9.999999999999999547e-08
5.503702054554490314e+04 -1.473612359367677473e-07 9.999999999999999547e-08
5.504619832879729802e+04 -1.557060942663891371e-07 9.999999999999999547e-08
5.505537601838167029e+04 -1.066277874066811133e-07 9.999999999999999547e-08
5.506455360097160155e+04 1.341157934970772070e-07 9.999999999999999547e-08
5.507373106463951262e+04 1.284776863405567630e-07 9.999999999999999547e-08
5.508290840160540392e+04 1.442872454331141929e-07 9.999999999999999547e-08
5.509208560606298852e+04 -8.015076573279944566e-08 9.999999999999999547e-08
5.510126267433911562e+04 -9.011073569537072885e-08 9.999999999999999547e-08
5.511043960758472531e+04 8.583538322495975185e-09 9.999999999999999547e-08
5.511961641043539566e+04 -1.182234744881489370e-07 9.999999999999999547e-08
5.512879308939304610e+04 -1.285318451154761036e-07 9.999999999999999547e-08
5.513796965568802989e+04 1.148137905687576639e-08 9.999999999999999547e-08
5.514714612271622173e+04 -9.823072600591145613e-08 9.999999999999999547e-08
5.515632250621222920e+04 -1.981714439172910749e-07 9.999999999999999547e-08
5.516549882609523775e+04 -1.147064414078228125e-07 9.999999999999999547e-08
5.517467510339845467e+04 -5.958834575314066663e-08 9.999999999999999547e-08
5.518385135932577396e+04 -2.423293763134520460e-07 9.999999999999999547e-08
5.519302761718775582e+04 -5.833790359319406219e-08 9.999999999999999547e-08
5.520220390004629735e+04 -3.092397759948847843e-07 9.999999999999999547e-08
5.521138022962045943e+04 4.516659828815947140e-08 9.999999999999999547e-08
5.522055662807724730e+04 6.157273884062447536e-08 9.999999999999999547e-08
5.522973311410922179e+04 -6.354058825471076210e-08 9.999999999999999547e-08
5.523890970313231082e+04 -1.814852868432118149e-07 9.999999999999999547e-08
5.524808640971932618e+04 -1.153674338119394846e-07 9.999999999999999547e-08
5.525726324456062139e+04 -3.019657531535242679e-08 9.999999999999999547e-08
5.526644021403403167e+04 -1.335050744052013784e-07 9.999999999999999547e-08
5.527561732175634097e+04 -1.308262233608822233e-07 9.999999999999999547e-08
5.528479456715087872e+04 -1.745014810223685848e-07 9.999999999999999547e-08
5.529397194573257002e+04 1.713485259160216818e-08 9.999999999999999547e-08
5.530314945158432238e+04 -1.245217969562503642e-07 9.999999999999999547e-08
5.531232707476324867e+04 -1.000024468523061386e-07 9.999999999999999547e-08
5.532150480137290288e+04 -8.768515414893701602e-08 9.999999999999999547e-08
5.533068261698061542e+04 6.460044176472027834e-08 9.999999999999999547e-08
5.533986050450694165e+04 -1.218687924796842350e-08 9.999999999999999547e-08
5.534903844544991443e+04 6.368802232405279070e-08 9.999999999999999547e-08
5.535821642120579781e+04 1.217006122017109779e-07 9.999999999999999547e-08
5.536739441110176267e+04 3.231247251387768044e-08 9.999999999999999547e-08
5.537657239394000499e+04 -5.419041032515394795e-08 9.999999999999999547e-08
5.538575035066196142e+04 1.418057884266135086e-07 9.999999999999999547e-08
5.539492826220998541e+04 -9.348554830791309504e-08 9.999999999999999547e-08
5.540410610932736017e+04 -2.268836990416773118e-08 9.999999999999999547e-08
5.541328387559357361e+04 8.376518364235264489e-09 9.999999999999999547e-08
5.542246154518974799e+04 -5.995010739601037090e-08 9.999999999999999547e-08
5.543163910440397012e+04 1.754819061809134385e-08 9.999999999999999547e-08
5.544081654399215040e+04 -5.460477611919034010e-08 9.999999999999999547e-08
5.544999385539750074e+04 3.223069625565235394e-07 9.999999999999999547e-08
5.545917103252382367e+04 2.120100828268711645e-07 9.999999999999999547e-08
5.546834807400897989e+04 3.527238038110889743e-08 9.999999999999999547e-08
5.547752498121999088e+04 -5.929751260477948876e-08 9.999999999999999547e-08
5.548670175847474457e+04 -8.347340231576041112e-09 9.999999999999999547e-08
5.549587841468796978e+04 5.508085766238076342e-08 9.999999999999999547e-08
5.550505496030244831e+04 1.181925908880488633e-07 9.999999999999999547e-08
5.551423140879561834e+04 2.440240999173124855e-08 9.999999999999999547e-08
5.552340777854216867e+04 2.629188060869203880e-07 9.999999999999999547e-08
5.553258408864001103e+04 1.190293922374267555e-08 9.999999999999999547e-08
5.554176035972014506e+04 5.319653360081297300e-08 9.999999999999999547e-08
5.555093661461763259e+04 1.238471548590753602e-07 9.999999999999999547e-08
5.556011287581945362e+04 1.392535407968606014e-07 9.999999999999999547e-08
5.556928916597223724e+04 3.184298849571565769e-07 9.999999999999999547e-08
5.557846550843573641e+04 -8.174625148641331889e-09 9.999999999999999547e-08
5.558764192320467555e+04 5.263935825271576790e-08 9.999999999999999547e-08
5.559681842810047965e+04 6.944724311238733026e-08 9.999999999999999547e-08
5.560599504007554788e+04 1.822019662624555559e-07 9.999999999999999547e-08
5.561517177178624843e+04 7.080902257869887457e-08 9.999999999999999547e-08
5.562434863298031269e+04 -9.099655851731634854e-08 9.999999999999999547e-08
5.563352563049364107e+04 2.326777612438656235e-07 9.999999999999999547e-08
5.564270276592778828e+04 4.163833496731741532e-08 9.999999999999999547e-08
5.565188003795876284e+04 -1.335091980091408469e-07 9.999999999999999547e-08
5.566105744323773979e+04 -1.108852518022734240e-07 9.999999999999999547e-08
5.567023497375888837e+04 -8.564180186006330468e-08 9.999999999999999547e-08
5.567941261840907828e+04 -2.717546514405951180e-08 9.999999999999999547e-08
5.568859036461781216e+04 1.384351370192622993e-07 9.999999999999999547e-08
5.569776819606735808e+04 1.263381625835148115e-07 9.999999999999999547e-08
5.570694609565836436e+04 -6.922439346583063437e-08 9.999999999999999547e-08
5.571612404584671458e+04 -3.398382207356088925e-07 9.999999999999999547e-08
5.572530202613153961e+04 -6.867418688305357567e-08 9.999999999999999547e-08
5.573448001594167727e+04 7.208369247850853253e-08 9.999999999999999547e-08
5.574365799571789830e+04 1.937675848762919979e-07 9.999999999999999547e-08
5.575283594518574682e+04 -1.485468159374845026e-07 9.999999999999999547e-08
5.576201384515075915e+04 5.685385695133418341e-08 9.999999999999999547e-08
5.577119167801985168e+04 3.136851815676143945e-08 9.999999999999999547e-08
5.578036942614994041e+04 8.684957869436856417e-08 9.999999999999999547e-08
5.578954707448159752e+04 -7.740045977644754999e-08 9.999999999999999547e-08
5.579872461138590006e+04 -9.181815840131149112e-08 9.999999999999999547e-08
5.580790202605142986e+04 -1.098307121638267865e-07 9.999999999999999547e-08
5.581707931084943993e+04 1.041548384040744171e-08 9.999999999999999547e-08
5.582625646158882591e+04 -7.538386901911890989e-09 9.999999999999999547e-08
